frame.number,frame.time,frame.time_relative,ip.src,ip.dst,tcp.srcport,tcp.dstport,tcp.seq,tcp.ack,tcp.len,tcp.stream,tcp.flags
"1","2026-08-15T10:06:07.252969900-0500","0.000000000","192.168.0.186","192.168.0.178","25858","25565","0","0","0","0","0x0002"
"2","2026-08-15T10:06:07.253762400-0500","0.000792500","192.168.0.178","192.168.0.186","25565","25858","0","1","0","0","0x0012"
"3","2026-08-15T10:06:07.253850000-0500","0.000880100","192.168.0.186","192.168.0.178","25858","25565","1","1","0","0","0x0010"
"4","2026-08-15T10:06:07.255699200-0500","0.002729300","192.168.0.186","192.168.0.178","25858","25565","1","1","21","0","0x0018"
"5","2026-08-15T10:06:07.255839300-0500","0.002869400","192.168.0.186","192.168.0.178","25858","25565","22","1","24","0","0x0018"
"6","2026-08-15T10:06:07.257076600-0500","0.004106700","192.168.0.178","192.168.0.186","25565","25858","1","22","0","0","0x0010"
"7","2026-08-15T10:06:07.257076600-0500","0.004106700","192.168.0.178","192.168.0.186","25565","25858","1","46","0","0","0x0010"
"8","2026-08-15T10:06:07.302001600-0500","0.049031700","192.168.0.178","192.168.0.186","25565","25858","1","46","4","0","0x0018"
"9","2026-08-15T10:06:07.302183400-0500","0.049213500","192.168.0.178","192.168.0.186","25565","25858","5","46","26","0","0x0018"
"10","2026-08-15T10:06:07.302288400-0500","0.049318500","192.168.0.186","192.168.0.178","25858","25565","46","31","0","0","0x0010"
"11","2026-08-15T10:06:07.303277700-0500","0.050307800","192.168.0.186","192.168.0.178","25858","25565","46","31","3","0","0x0018"
"12","2026-08-15T10:06:07.303385900-0500","0.050416000","192.168.0.186","192.168.0.178","25858","25565","49","31","27","0","0x0018"
"13","2026-08-15T10:06:07.303439900-0500","0.050470000","192.168.0.186","192.168.0.178","25858","25565","76","31","17","0","0x0018"
"14","2026-08-15T10:06:07.304068500-0500","0.051098600","192.168.0.178","192.168.0.186","25565","25858","31","49","0","0","0x0010"
"15","2026-08-15T10:06:07.304068500-0500","0.051098600","192.168.0.178","192.168.0.186","25565","25858","31","76","0","0","0x0010"
"16","2026-08-15T10:06:07.304068500-0500","0.051098600","192.168.0.178","192.168.0.186","25565","25858","31","93","0","0","0x0010"
"17","2026-08-15T10:06:07.304688700-0500","0.051718800","192.168.0.178","192.168.0.186","25565","25858","31","93","25","0","0x0018"
"18","2026-08-15T10:06:07.304688700-0500","0.051718800","192.168.0.178","192.168.0.186","25565","25858","56","93","22","0","0x0018"
"19","2026-08-15T10:06:07.304756200-0500","0.051786300","192.168.0.186","192.168.0.178","25858","25565","93","78","0","0","0x0010"
"20","2026-08-15T10:06:07.304797600-0500","0.051827700","192.168.0.178","192.168.0.186","25565","25858","78","93","26","0","0x0018"
"21","2026-08-15T10:06:07.312838400-0500","0.059868500","192.168.0.186","192.168.0.178","25858","25565","93","104","26","0","0x0018"
"22","2026-08-15T10:06:07.314390600-0500","0.061420700","192.168.0.178","192.168.0.186","25565","25858","104","119","509","0","0x0018"
"23","2026-08-15T10:06:07.315483500-0500","0.062513600","192.168.0.178","192.168.0.186","25565","25858","613","119","166","0","0x0018"
"24","2026-08-15T10:06:07.315483500-0500","0.062513600","192.168.0.178","192.168.0.186","25565","25858","779","119","141","0","0x0018"
"25","2026-08-15T10:06:07.315483500-0500","0.062513600","192.168.0.178","192.168.0.186","25565","25858","920","119","230","0","0x0018"
"26","2026-08-15T10:06:07.315511100-0500","0.062541200","192.168.0.186","192.168.0.178","25858","25565","119","1150","0","0","0x0010"
"27","2026-08-15T10:06:07.315548300-0500","0.062578400","192.168.0.178","192.168.0.186","25565","25858","1150","119","187","0","0x0018"
"28","2026-08-15T10:06:07.315621200-0500","0.062651300","192.168.0.178","192.168.0.186","25565","25858","1337","119","231","0","0x0018"
"29","2026-08-15T10:06:07.315630900-0500","0.062661000","192.168.0.186","192.168.0.178","25858","25565","119","1568","0","0","0x0010"
"30","2026-08-15T10:06:07.315635700-0500","0.062665800","192.168.0.178","192.168.0.186","25565","25858","1568","119","80","0","0x0018"
"31","2026-08-15T10:06:07.315772500-0500","0.062802600","192.168.0.178","192.168.0.186","25565","25858","1648","119","236","0","0x0018"
"32","2026-08-15T10:06:07.315795500-0500","0.062825600","192.168.0.186","192.168.0.178","25858","25565","119","1884","0","0","0x0010"
"33","2026-08-15T10:06:07.315861400-0500","0.062891500","192.168.0.178","192.168.0.186","25565","25858","1884","119","79","0","0x0018"
"34","2026-08-15T10:06:07.315890800-0500","0.062920900","192.168.0.178","192.168.0.186","25565","25858","1963","119","83","0","0x0018"
"35","2026-08-15T10:06:07.315897500-0500","0.062927600","192.168.0.186","192.168.0.178","25858","25565","119","2046","0","0","0x0010"
"36","2026-08-15T10:06:07.316117200-0500","0.063147300","192.168.0.178","192.168.0.186","25565","25858","2046","119","349","0","0x0018"
"37","2026-08-15T10:06:07.316196800-0500","0.063226900","192.168.0.178","192.168.0.186","25565","25858","2395","119","118","0","0x0018"
"38","2026-08-15T10:06:07.316207200-0500","0.063237300","192.168.0.186","192.168.0.178","25858","25565","119","2513","0","0","0x0010"
"39","2026-08-15T10:06:07.316444000-0500","0.063474100","192.168.0.178","192.168.0.186","25565","25858","2513","119","415","0","0x0018"
"40","2026-08-15T10:06:07.316518000-0500","0.063548100","192.168.0.178","192.168.0.186","25565","25858","2928","119","329","0","0x0018"
"41","2026-08-15T10:06:07.316528300-0500","0.063558400","192.168.0.186","192.168.0.178","25858","25565","119","3257","0","0","0x0010"
"42","2026-08-15T10:06:07.316769400-0500","0.063799500","192.168.0.178","192.168.0.186","25565","25858","3257","119","380","0","0x0018"
"43","2026-08-15T10:06:07.316769400-0500","0.063799500","192.168.0.178","192.168.0.186","25565","25858","3637","119","176","0","0x0018"
"44","2026-08-15T10:06:07.316769400-0500","0.063799500","192.168.0.178","192.168.0.186","25565","25858","3813","119","240","0","0x0018"
"45","2026-08-15T10:06:07.316769400-0500","0.063799500","192.168.0.178","192.168.0.186","25565","25858","4053","119","50","0","0x0018"
"46","2026-08-15T10:06:07.316797600-0500","0.063827700","192.168.0.186","192.168.0.178","25858","25565","119","4103","0","0","0x0010"
"47","2026-08-15T10:06:07.316827800-0500","0.063857900","192.168.0.178","192.168.0.186","25565","25858","4103","119","51","0","0x0018"
"48","2026-08-15T10:06:07.316856700-0500","0.063886800","192.168.0.178","192.168.0.186","25565","25858","4154","119","96","0","0x0018"
"49","2026-08-15T10:06:07.316864200-0500","0.063894300","192.168.0.186","192.168.0.178","25858","25565","119","4250","0","0","0x0010"
"50","2026-08-15T10:06:07.318222100-0500","0.065252200","192.168.0.178","192.168.0.186","25565","25858","4250","119","1460","0","0x0010"
"51","2026-08-15T10:06:07.318222100-0500","0.065252200","192.168.0.178","192.168.0.186","25565","25858","5710","119","1460","0","0x0010"
"52","2026-08-15T10:06:07.318248200-0500","0.065278300","192.168.0.186","192.168.0.178","25858","25565","119","7170","0","0","0x0010"
"53","2026-08-15T10:06:07.318414300-0500","0.065444400","192.168.0.178","192.168.0.186","25565","25858","7170","119","1460","0","0x0010"
"54","2026-08-15T10:06:07.318478000-0500","0.065508100","192.168.0.178","192.168.0.186","25565","25858","8630","119","1460","0","0x0010"
"55","2026-08-15T10:06:07.318486800-0500","0.065516900","192.168.0.186","192.168.0.178","25858","25565","119","10090","0","0","0x0010"
"56","2026-08-15T10:06:07.318692300-0500","0.065722400","192.168.0.178","192.168.0.186","25565","25858","10090","119","1460","0","0x0010"
"57","2026-08-15T10:06:07.318692300-0500","0.065722400","192.168.0.178","192.168.0.186","25565","25858","11550","119","1460","0","0x0010"
"58","2026-08-15T10:06:07.318714800-0500","0.065744900","192.168.0.186","192.168.0.178","25858","25565","119","13010","0","0","0x0010"
"59","2026-08-15T10:06:07.318908600-0500","0.065938700","192.168.0.178","192.168.0.186","25565","25858","13010","119","1460","0","0x0010"
"60","2026-08-15T10:06:07.318908600-0500","0.065938700","192.168.0.178","192.168.0.186","25565","25858","14470","119","998","0","0x0018"
"61","2026-08-15T10:06:07.318908600-0500","0.065938700","192.168.0.178","192.168.0.186","25565","25858","15468","119","3","0","0x0018"
"62","2026-08-15T10:06:07.318933500-0500","0.065963600","192.168.0.186","192.168.0.178","25858","25565","119","15471","0","0","0x0010"
"63","2026-08-15T10:06:07.346137300-0500","0.093167400","192.168.0.186","192.168.0.178","25858","25565","119","15471","3","0","0x0018"
"64","2026-08-15T10:06:07.353801700-0500","0.100831800","192.168.0.178","192.168.0.186","25565","25858","15471","122","140","0","0x0018"
"65","2026-08-15T10:06:07.355403500-0500","0.102433600","192.168.0.178","192.168.0.186","25565","25858","15611","122","5","0","0x0018"
"66","2026-08-15T10:06:07.355403500-0500","0.102433600","192.168.0.178","192.168.0.186","25565","25858","15616","122","12","0","0x0018"
"67","2026-08-15T10:06:07.355403500-0500","0.102433600","192.168.0.178","192.168.0.186","25565","25858","15628","122","4","0","0x0018"
"68","2026-08-15T10:06:07.355435300-0500","0.102465400","192.168.0.186","192.168.0.178","25858","25565","122","15632","0","0","0x0010"
"69","2026-08-15T10:06:07.356399500-0500","0.103429600","192.168.0.178","192.168.0.186","25565","25858","15632","122","1407","0","0x0018"
"70","2026-08-15T10:06:07.356399500-0500","0.103429600","192.168.0.178","192.168.0.186","25565","25858","17039","122","8","0","0x0018"
"71","2026-08-15T10:06:07.356399500-0500","0.103429600","192.168.0.178","192.168.0.186","25565","25858","17047","122","11","0","0x0018"
"72","2026-08-15T10:06:07.356399500-0500","0.103429600","192.168.0.178","192.168.0.186","25565","25858","17058","122","83","0","0x0018"
"73","2026-08-15T10:06:07.356399500-0500","0.103429600","192.168.0.178","192.168.0.186","25565","25858","17141","122","108","0","0x0018"
"74","2026-08-15T10:06:07.356399500-0500","0.103429600","192.168.0.178","192.168.0.186","25565","25858","17249","122","52","0","0x0018"
"75","2026-08-15T10:06:07.356433900-0500","0.103464000","192.168.0.186","192.168.0.178","25858","25565","122","17301","0","0","0x0010"
"76","2026-08-15T10:06:07.356489500-0500","0.103519600","192.168.0.178","192.168.0.186","25565","25858","17301","122","52","0","0x0018"
"77","2026-08-15T10:06:07.356933300-0500","0.103963400","192.168.0.178","192.168.0.186","25565","25858","17353","122","216","0","0x0018"
"78","2026-08-15T10:06:07.356933300-0500","0.103963400","192.168.0.178","192.168.0.186","25565","25858","17569","122","35","0","0x0018"
"79","2026-08-15T10:06:07.356933300-0500","0.103963400","192.168.0.178","192.168.0.186","25565","25858","17604","122","63","0","0x0018"
"80","2026-08-15T10:06:07.356952200-0500","0.103982300","192.168.0.186","192.168.0.178","25858","25565","122","17667","0","0","0x0010"
"81","2026-08-15T10:06:07.362883100-0500","0.109913200","192.168.0.178","192.168.0.186","25565","25858","17667","122","4","0","0x0018"
"82","2026-08-15T10:06:07.363204500-0500","0.110234600","192.168.0.178","192.168.0.186","25565","25858","17671","122","4","0","0x0018"
"83","2026-08-15T10:06:07.363204500-0500","0.110234600","192.168.0.178","192.168.0.186","25565","25858","17675","122","13","0","0x0018"
"84","2026-08-15T10:06:07.363228300-0500","0.110258400","192.168.0.186","192.168.0.178","25858","25565","122","17688","0","0","0x0010"
"85","2026-08-15T10:06:07.363281600-0500","0.110311700","192.168.0.178","192.168.0.186","25565","25858","17688","122","42","0","0x0018"
"86","2026-08-15T10:06:07.363281600-0500","0.110311700","192.168.0.178","192.168.0.186","25565","25858","17730","122","20","0","0x0018"
"87","2026-08-15T10:06:07.363290400-0500","0.110320500","192.168.0.186","192.168.0.178","25858","25565","122","17750","0","0","0x0010"
"88","2026-08-15T10:06:07.363328900-0500","0.110359000","192.168.0.178","192.168.0.186","25565","25858","17750","122","15","0","0x0018"
"89","2026-08-15T10:06:07.363333800-0500","0.110363900","192.168.0.186","192.168.0.178","25858","25565","122","17765","0","0","0x0010"
"90","2026-08-15T10:06:07.363407100-0500","0.110437200","192.168.0.178","192.168.0.186","25565","25858","17765","122","8","0","0x0018"
"91","2026-08-15T10:06:07.363638200-0500","0.110668300","192.168.0.178","192.168.0.186","25565","25858","17773","122","8","0","0x0018"
"92","2026-08-15T10:06:07.363638200-0500","0.110668300","192.168.0.178","192.168.0.186","25565","25858","17781","122","4","0","0x0018"
"93","2026-08-15T10:06:07.363656000-0500","0.110686100","192.168.0.186","192.168.0.178","25858","25565","122","17785","0","0","0x0010"
"94","2026-08-15T10:06:07.364030600-0500","0.111060700","192.168.0.178","192.168.0.186","25565","25858","17785","122","202","0","0x0018"
"95","2026-08-15T10:06:07.364030600-0500","0.111060700","192.168.0.178","192.168.0.186","25565","25858","17987","122","8","0","0x0018"
"96","2026-08-15T10:06:07.364051900-0500","0.111082000","192.168.0.186","192.168.0.178","25858","25565","122","17995","0","0","0x0010"
"97","2026-08-15T10:06:07.367794500-0500","0.114824600","192.168.0.178","192.168.0.186","25565","25858","17995","122","556","0","0x0018"
"98","2026-08-15T10:06:07.367823000-0500","0.114853100","192.168.0.186","192.168.0.178","25858","25565","122","18551","0","0","0x0010"
"99","2026-08-15T10:06:07.369686500-0500","0.116716600","192.168.0.178","192.168.0.186","25565","25858","18551","122","334","0","0x0018"
"100","2026-08-15T10:06:07.382441500-0500","0.129471600","192.168.0.186","192.168.0.178","25858","25565","122","18885","4","0","0x0018"
"101","2026-08-15T10:06:07.384842700-0500","0.131872800","192.168.0.186","192.168.0.178","25858","25565","126","18885","36","0","0x0018"
"102","2026-08-15T10:06:07.387438300-0500","0.134468400","192.168.0.186","192.168.0.178","25858","25565","162","18885","3","0","0x0018"
"103","2026-08-15T10:06:07.387502100-0500","0.134532200","192.168.0.178","192.168.0.186","25565","25858","18885","162","0","0","0x0010"
"104","2026-08-15T10:06:07.425926300-0500","0.172956400","192.168.0.186","192.168.0.178","25858","25565","165","18885","3","0","0x0018"
"105","2026-08-15T10:06:07.426628400-0500","0.173658500","192.168.0.178","192.168.0.186","25565","25858","18885","168","0","0","0x0010"
"106","2026-08-15T10:06:07.453857000-0500","0.200887100","192.168.0.178","192.168.0.186","25565","25858","18885","168","116","0","0x0018"
"107","2026-08-15T10:06:07.477495300-0500","0.224525400","192.168.0.186","192.168.0.178","25858","25565","168","19001","3","0","0x0018"
"108","2026-08-15T10:06:07.518714000-0500","0.265744100","192.168.0.178","192.168.0.186","25565","25858","19001","171","0","0","0x0010"
"109","2026-08-15T10:06:07.527750000-0500","0.274780100","192.168.0.186","192.168.0.178","25858","25565","171","19001","3","0","0x0018"
"110","2026-08-15T10:06:07.528584200-0500","0.275614300","192.168.0.178","192.168.0.186","25565","25858","19001","174","0","0","0x0010"
"111","2026-08-15T10:06:07.577418400-0500","0.324448500","192.168.0.186","192.168.0.178","25858","25565","174","19001","3","0","0x0018"
"112","2026-08-15T10:06:07.578326000-0500","0.325356100","192.168.0.178","192.168.0.186","25565","25858","19001","177","0","0","0x0010"
"113","2026-08-15T10:06:07.608527900-0500","0.355558000","192.168.0.178","192.168.0.186","25565","25858","19001","177","1460","0","0x0010"
"114","2026-08-15T10:06:07.608527900-0500","0.355558000","192.168.0.178","192.168.0.186","25565","25858","20461","177","1460","0","0x0010"
"115","2026-08-15T10:06:07.608576400-0500","0.355606500","192.168.0.186","192.168.0.178","25858","25565","177","21921","0","0","0x0010"
"116","2026-08-15T10:06:07.608604300-0500","0.355634400","192.168.0.178","192.168.0.186","25565","25858","21921","177","813","0","0x0018"
"117","2026-08-15T10:06:07.627457200-0500","0.374487300","192.168.0.186","192.168.0.178","25858","25565","177","22734","3","0","0x0018"
"118","2026-08-15T10:06:07.658999100-0500","0.406029200","192.168.0.178","192.168.0.186","25565","25858","22734","180","1460","0","0x0010"
"119","2026-08-15T10:06:07.658999100-0500","0.406029200","192.168.0.178","192.168.0.186","25565","25858","24194","180","1460","0","0x0010"
"120","2026-08-15T10:06:07.658999100-0500","0.406029200","192.168.0.178","192.168.0.186","25565","25858","25654","180","535","0","0x0018"
"121","2026-08-15T10:06:07.659136200-0500","0.406166300","192.168.0.186","192.168.0.178","25858","25565","180","26189","0","0","0x0010"
"122","2026-08-15T10:06:07.677934800-0500","0.424964900","192.168.0.186","192.168.0.178","25858","25565","180","26189","3","0","0x0018"
"123","2026-08-15T10:06:07.704769900-0500","0.451800000","192.168.0.178","192.168.0.186","25565","25858","26189","183","1460","0","0x0010"
"124","2026-08-15T10:06:07.704769900-0500","0.451800000","192.168.0.178","192.168.0.186","25565","25858","27649","183","1460","0","0x0010"
"125","2026-08-15T10:06:07.704845500-0500","0.451875600","192.168.0.186","192.168.0.178","25858","25565","183","29109","0","0","0x0010"
"126","2026-08-15T10:06:07.704896600-0500","0.451926700","192.168.0.178","192.168.0.186","25565","25858","29109","183","1460","0","0x0010"
"127","2026-08-15T10:06:07.705024600-0500","0.452054700","192.168.0.178","192.168.0.186","25565","25858","30569","183","1460","0","0x0010"
"128","2026-08-15T10:06:07.705041000-0500","0.452071100","192.168.0.186","192.168.0.178","25858","25565","183","32029","0","0","0x0010"
"129","2026-08-15T10:06:07.705102000-0500","0.452132100","192.168.0.178","192.168.0.186","25565","25858","32029","183","1460","0","0x0010"
"130","2026-08-15T10:06:07.705371000-0500","0.452401100","192.168.0.178","192.168.0.186","25565","25858","33489","183","1460","0","0x0010"
"131","2026-08-15T10:06:07.705371000-0500","0.452401100","192.168.0.178","192.168.0.186","25565","25858","34949","183","1460","0","0x0010"
"132","2026-08-15T10:06:07.705440500-0500","0.452470600","192.168.0.186","192.168.0.178","25858","25565","183","36409","0","0","0x0010"
"133","2026-08-15T10:06:07.705504400-0500","0.452534500","192.168.0.178","192.168.0.186","25565","25858","36409","183","1460","0","0x0010"
"134","2026-08-15T10:06:07.705517600-0500","0.452547700","192.168.0.186","192.168.0.178","25858","25565","183","37869","0","0","0x0010"
"135","2026-08-15T10:06:07.705729500-0500","0.452759600","192.168.0.178","192.168.0.186","25565","25858","37869","183","1460","0","0x0018"
"136","2026-08-15T10:06:07.705729500-0500","0.452759600","192.168.0.178","192.168.0.186","25565","25858","39329","183","1053","0","0x0018"
"137","2026-08-15T10:06:07.705790700-0500","0.452820800","192.168.0.186","192.168.0.178","25858","25565","183","40382","0","0","0x0010"
"138","2026-08-15T10:06:07.726851700-0500","0.473881800","192.168.0.186","192.168.0.178","25858","25565","183","40382","3","0","0x0018"
"139","2026-08-15T10:06:07.770748800-0500","0.517778900","192.168.0.178","192.168.0.186","25565","25858","40382","186","0","0","0x0010"
"140","2026-08-15T10:06:07.777840800-0500","0.524870900","192.168.0.186","192.168.0.178","25858","25565","186","40382","3","0","0x0018"
"141","2026-08-15T10:06:07.778625400-0500","0.525655500","192.168.0.178","192.168.0.186","25565","25858","40382","189","0","0","0x0010"
"142","2026-08-15T10:06:07.804071300-0500","0.551101400","192.168.0.178","192.168.0.186","25565","25858","40382","189","1460","0","0x0010"
"143","2026-08-15T10:06:07.804071300-0500","0.551101400","192.168.0.178","192.168.0.186","25565","25858","41842","189","1460","0","0x0010"
"144","2026-08-15T10:06:07.804162500-0500","0.551192600","192.168.0.186","192.168.0.178","25858","25565","189","43302","0","0","0x0010"
"145","2026-08-15T10:06:07.804205800-0500","0.551235900","192.168.0.178","192.168.0.186","25565","25858","43302","189","1460","0","0x0010"
"146","2026-08-15T10:06:07.804265000-0500","0.551295100","192.168.0.178","192.168.0.186","25565","25858","44762","189","1460","0","0x0010"
"147","2026-08-15T10:06:07.804274800-0500","0.551304900","192.168.0.186","192.168.0.178","25858","25565","189","46222","0","0","0x0010"
"148","2026-08-15T10:06:07.804542000-0500","0.551572100","192.168.0.178","192.168.0.186","25565","25858","46222","189","1460","0","0x0010"
"149","2026-08-15T10:06:07.804542000-0500","0.551572100","192.168.0.178","192.168.0.186","25565","25858","47682","189","1460","0","0x0010"
"150","2026-08-15T10:06:07.804600400-0500","0.551630500","192.168.0.186","192.168.0.178","25858","25565","189","49142","0","0","0x0010"
"151","2026-08-15T10:06:07.804666200-0500","0.551696300","192.168.0.178","192.168.0.186","25565","25858","49142","189","1460","0","0x0010"
"152","2026-08-15T10:06:07.804913500-0500","0.551943600","192.168.0.178","192.168.0.186","25565","25858","50602","189","1460","0","0x0010"
"153","2026-08-15T10:06:07.804913500-0500","0.551943600","192.168.0.178","192.168.0.186","25565","25858","52062","189","1460","0","0x0018"
"154","2026-08-15T10:06:07.804980700-0500","0.552010800","192.168.0.186","192.168.0.178","25858","25565","189","53522","0","0","0x0010"
"155","2026-08-15T10:06:07.806839100-0500","0.553869200","192.168.0.178","192.168.0.186","25565","25858","53522","189","1460","0","0x0010"
"156","2026-08-15T10:06:07.806839100-0500","0.553869200","192.168.0.178","192.168.0.186","25565","25858","54982","189","1460","0","0x0010"
"157","2026-08-15T10:06:07.806889700-0500","0.553919800","192.168.0.186","192.168.0.178","25858","25565","189","56442","0","0","0x0010"
"158","2026-08-15T10:06:07.806952700-0500","0.553982800","192.168.0.178","192.168.0.186","25565","25858","56442","189","1460","0","0x0010"
"159","2026-08-15T10:06:07.806952700-0500","0.553982800","192.168.0.178","192.168.0.186","25565","25858","57902","189","312","0","0x0018"
"160","2026-08-15T10:06:07.806975800-0500","0.554005900","192.168.0.186","192.168.0.178","25858","25565","189","58214","0","0","0x0010"
"161","2026-08-15T10:06:07.826676700-0500","0.573706800","192.168.0.186","192.168.0.178","25858","25565","189","58214","3","0","0x0018"
"162","2026-08-15T10:06:07.870738400-0500","0.617768500","192.168.0.178","192.168.0.186","25565","25858","58214","192","0","0","0x0010"
"163","2026-08-15T10:06:07.877955500-0500","0.624985600","192.168.0.186","192.168.0.178","25858","25565","192","58214","3","0","0x0018"
"164","2026-08-15T10:06:07.878794900-0500","0.625825000","192.168.0.178","192.168.0.186","25565","25858","58214","195","0","0","0x0010"
"165","2026-08-15T10:06:07.906996300-0500","0.654026400","192.168.0.178","192.168.0.186","25565","25858","58214","195","1460","0","0x0010"
"166","2026-08-15T10:06:07.906996300-0500","0.654026400","192.168.0.178","192.168.0.186","25565","25858","59674","195","1460","0","0x0010"
"167","2026-08-15T10:06:07.907074200-0500","0.654104300","192.168.0.186","192.168.0.178","25858","25565","195","61134","0","0","0x0010"
"168","2026-08-15T10:06:07.907116200-0500","0.654146300","192.168.0.178","192.168.0.186","25565","25858","61134","195","1460","0","0x0010"
"169","2026-08-15T10:06:07.907247200-0500","0.654277300","192.168.0.178","192.168.0.186","25565","25858","62594","195","1460","0","0x0010"
"170","2026-08-15T10:06:07.907257200-0500","0.654287300","192.168.0.186","192.168.0.178","25858","25565","195","64054","0","0","0x0010"
"171","2026-08-15T10:06:07.907319500-0500","0.654349600","192.168.0.178","192.168.0.186","25565","25858","64054","195","1460","0","0x0010"
"172","2026-08-15T10:06:07.907587900-0500","0.654618000","192.168.0.178","192.168.0.186","25565","25858","65514","195","1460","0","0x0010"
"173","2026-08-15T10:06:07.907587900-0500","0.654618000","192.168.0.178","192.168.0.186","25565","25858","66974","195","1460","0","0x0010"
"174","2026-08-15T10:06:07.907654400-0500","0.654684500","192.168.0.186","192.168.0.178","25858","25565","195","68434","0","0","0x0010"
"175","2026-08-15T10:06:07.907723800-0500","0.654753900","192.168.0.178","192.168.0.186","25565","25858","68434","195","1460","0","0x0010"
"176","2026-08-15T10:06:07.907735900-0500","0.654766000","192.168.0.186","192.168.0.178","25858","25565","195","69894","0","0","0x0010"
"177","2026-08-15T10:06:07.907944400-0500","0.654974500","192.168.0.178","192.168.0.186","25565","25858","69894","195","1460","0","0x0018"
"178","2026-08-15T10:06:07.907944400-0500","0.654974500","192.168.0.178","192.168.0.186","25565","25858","71354","195","1460","0","0x0010"
"179","2026-08-15T10:06:07.907993100-0500","0.655023200","192.168.0.186","192.168.0.178","25858","25565","195","72814","0","0","0x0010"
"180","2026-08-15T10:06:07.908067800-0500","0.655097900","192.168.0.178","192.168.0.186","25565","25858","72814","195","1460","0","0x0010"
"181","2026-08-15T10:06:07.908323900-0500","0.655354000","192.168.0.178","192.168.0.186","25565","25858","74274","195","1460","0","0x0010"
"182","2026-08-15T10:06:07.908323900-0500","0.655354000","192.168.0.178","192.168.0.186","25565","25858","75734","195","1460","0","0x0010"
"183","2026-08-15T10:06:07.908394300-0500","0.655424400","192.168.0.186","192.168.0.178","25858","25565","195","77194","0","0","0x0010"
"184","2026-08-15T10:06:07.908484500-0500","0.655514600","192.168.0.178","192.168.0.186","25565","25858","77194","195","298","0","0x0018"
"185","2026-08-15T10:06:07.908496000-0500","0.655526100","192.168.0.186","192.168.0.178","25858","25565","195","77492","0","0","0x0010"
"186","2026-08-15T10:06:07.927153300-0500","0.674183400","192.168.0.186","192.168.0.178","25858","25565","195","77492","3","0","0x0018"
"187","2026-08-15T10:06:07.953441800-0500","0.700471900","192.168.0.178","192.168.0.186","25565","25858","77492","198","25","0","0x0018"
"188","2026-08-15T10:06:07.975621600-0500","0.722651700","192.168.0.186","192.168.0.178","25858","25565","198","77517","3","0","0x0018"
"189","2026-08-15T10:06:07.977711700-0500","0.724741800","192.168.0.186","192.168.0.178","25858","25565","201","77517","36","0","0x0018"
"190","2026-08-15T10:06:07.978619000-0500","0.725649100","192.168.0.178","192.168.0.186","25565","25858","77517","237","0","0","0x0010"
"191","2026-08-15T10:06:07.978831200-0500","0.725861300","192.168.0.186","192.168.0.178","25858","25565","237","77517","3","0","0x0018"
"192","2026-08-15T10:06:07.978990600-0500","0.726020700","192.168.0.178","192.168.0.186","25565","25858","77517","237","53","0","0x0018"
"193","2026-08-15T10:06:07.979070600-0500","0.726100700","192.168.0.178","192.168.0.186","25565","25858","77570","237","53","0","0x0018"
"194","2026-08-15T10:06:07.979086200-0500","0.726116300","192.168.0.186","192.168.0.178","25858","25565","240","77623","0","0","0x0010"
"195","2026-08-15T10:06:08.002741300-0500","0.749771400","192.168.0.178","192.168.0.186","25565","25858","77623","240","12","0","0x0018"
"196","2026-08-15T10:06:08.026749000-0500","0.773779100","192.168.0.186","192.168.0.178","25858","25565","240","77635","4","0","0x0018"
"197","2026-08-15T10:06:08.027878900-0500","0.774909000","192.168.0.186","192.168.0.178","25858","25565","244","77635","3","0","0x0018"
"198","2026-08-15T10:06:08.028531700-0500","0.775561800","192.168.0.178","192.168.0.186","25565","25858","77635","247","0","0","0x0010"
"199","2026-08-15T10:06:08.056163200-0500","0.803193300","192.168.0.178","192.168.0.186","25565","25858","77635","247","1460","0","0x0010"
"200","2026-08-15T10:06:08.056163200-0500","0.803193300","192.168.0.178","192.168.0.186","25565","25858","79095","247","1460","0","0x0010"
"201","2026-08-15T10:06:08.056216900-0500","0.803247000","192.168.0.186","192.168.0.178","25858","25565","247","80555","0","0","0x0010"
"202","2026-08-15T10:06:08.056259900-0500","0.803290000","192.168.0.178","192.168.0.186","25565","25858","80555","247","1460","0","0x0010"
"203","2026-08-15T10:06:08.056492000-0500","0.803522100","192.168.0.178","192.168.0.186","25565","25858","82015","247","1460","0","0x0010"
"204","2026-08-15T10:06:08.056492000-0500","0.803522100","192.168.0.178","192.168.0.186","25565","25858","83475","247","1460","0","0x0010"
"205","2026-08-15T10:06:08.056527900-0500","0.803558000","192.168.0.186","192.168.0.178","25858","25565","247","84935","0","0","0x0010"
"206","2026-08-15T10:06:08.056729900-0500","0.803760000","192.168.0.178","192.168.0.186","25565","25858","84935","247","1460","0","0x0010"
"207","2026-08-15T10:06:08.056729900-0500","0.803760000","192.168.0.178","192.168.0.186","25565","25858","86395","247","1460","0","0x0010"
"208","2026-08-15T10:06:08.056766400-0500","0.803796500","192.168.0.186","192.168.0.178","25858","25565","247","87855","0","0","0x0010"
"209","2026-08-15T10:06:08.056982500-0500","0.804012600","192.168.0.178","192.168.0.186","25565","25858","87855","247","1460","0","0x0010"
"210","2026-08-15T10:06:08.056982500-0500","0.804012600","192.168.0.178","192.168.0.186","25565","25858","89315","247","1460","0","0x0018"
"211","2026-08-15T10:06:08.057024100-0500","0.804054200","192.168.0.186","192.168.0.178","25858","25565","247","90775","0","0","0x0010"
"212","2026-08-15T10:06:08.057091400-0500","0.804121500","192.168.0.178","192.168.0.186","25565","25858","90775","247","1460","0","0x0010"
"213","2026-08-15T10:06:08.057091400-0500","0.804121500","192.168.0.178","192.168.0.186","25565","25858","92235","247","71","0","0x0018"
"214","2026-08-15T10:06:08.057103000-0500","0.804133100","192.168.0.186","192.168.0.178","25858","25565","247","92306","0","0","0x0010"
"215","2026-08-15T10:06:08.076657900-0500","0.823688000","192.168.0.186","192.168.0.178","25858","25565","247","92306","3","0","0x0018"
"216","2026-08-15T10:06:08.107777300-0500","0.854807400","192.168.0.178","192.168.0.186","25565","25858","92306","250","1460","0","0x0010"
"217","2026-08-15T10:06:08.107777300-0500","0.854807400","192.168.0.178","192.168.0.186","25565","25858","93766","250","1460","0","0x0010"
"218","2026-08-15T10:06:08.107875000-0500","0.854905100","192.168.0.186","192.168.0.178","25858","25565","250","95226","0","0","0x0010"
"219","2026-08-15T10:06:08.107922300-0500","0.854952400","192.168.0.178","192.168.0.186","25565","25858","95226","250","1460","0","0x0010"
"220","2026-08-15T10:06:08.107992100-0500","0.855022200","192.168.0.178","192.168.0.186","25565","25858","96686","250","1460","0","0x0010"
"221","2026-08-15T10:06:08.108001900-0500","0.855032000","192.168.0.186","192.168.0.178","25858","25565","250","98146","0","0","0x0010"
"222","2026-08-15T10:06:08.108252500-0500","0.855282600","192.168.0.178","192.168.0.186","25565","25858","98146","250","1460","0","0x0010"
"223","2026-08-15T10:06:08.108252500-0500","0.855282600","192.168.0.178","192.168.0.186","25565","25858","99606","250","1460","0","0x0010"
"224","2026-08-15T10:06:08.108310600-0500","0.855340700","192.168.0.186","192.168.0.178","25858","25565","250","101066","0","0","0x0010"
"225","2026-08-15T10:06:08.108376200-0500","0.855406300","192.168.0.178","192.168.0.186","25565","25858","101066","250","1460","0","0x0010"
"226","2026-08-15T10:06:08.108637000-0500","0.855667100","192.168.0.178","192.168.0.186","25565","25858","102526","250","1460","0","0x0010"
"227","2026-08-15T10:06:08.108637000-0500","0.855667100","192.168.0.178","192.168.0.186","25565","25858","103986","250","1460","0","0x0018"
"228","2026-08-15T10:06:08.108695300-0500","0.855725400","192.168.0.186","192.168.0.178","25858","25565","250","105446","0","0","0x0010"
"229","2026-08-15T10:06:08.110404800-0500","0.857434900","192.168.0.178","192.168.0.186","25565","25858","105446","250","1460","0","0x0010"
"230","2026-08-15T10:06:08.110404800-0500","0.857434900","192.168.0.178","192.168.0.186","25565","25858","106906","250","1460","0","0x0010"
"231","2026-08-15T10:06:08.110462000-0500","0.857492100","192.168.0.186","192.168.0.178","25858","25565","250","108366","0","0","0x0010"
"232","2026-08-15T10:06:08.110494300-0500","0.857524400","192.168.0.178","192.168.0.186","25565","25858","108366","250","895","0","0x0018"
"233","2026-08-15T10:06:08.110508700-0500","0.857538800","192.168.0.186","192.168.0.178","25858","25565","250","109261","0","0","0x0010"
"234","2026-08-15T10:06:08.128713200-0500","0.875743300","192.168.0.186","192.168.0.178","25858","25565","250","109261","3","0","0x0018"
"235","2026-08-15T10:06:08.154483800-0500","0.901513900","192.168.0.178","192.168.0.186","25565","25858","109261","253","1460","0","0x0010"
"236","2026-08-15T10:06:08.154483800-0500","0.901513900","192.168.0.178","192.168.0.186","25565","25858","110721","253","1460","0","0x0010"
"237","2026-08-15T10:06:08.154558000-0500","0.901588100","192.168.0.186","192.168.0.178","25858","25565","253","112181","0","0","0x0010"
"238","2026-08-15T10:06:08.154612800-0500","0.901642900","192.168.0.178","192.168.0.186","25565","25858","112181","253","1460","0","0x0010"
"239","2026-08-15T10:06:08.154736000-0500","0.901766100","192.168.0.178","192.168.0.186","25565","25858","113641","253","1460","0","0x0010"
"240","2026-08-15T10:06:08.154750900-0500","0.901781000","192.168.0.186","192.168.0.178","25858","25565","253","115101","0","0","0x0010"
"241","2026-08-15T10:06:08.154812500-0500","0.901842600","192.168.0.178","192.168.0.186","25565","25858","115101","253","1460","0","0x0010"
"242","2026-08-15T10:06:08.155072300-0500","0.902102400","192.168.0.178","192.168.0.186","25565","25858","116561","253","1460","0","0x0010"
"243","2026-08-15T10:06:08.155072300-0500","0.902102400","192.168.0.178","192.168.0.186","25565","25858","118021","253","1460","0","0x0010"
"244","2026-08-15T10:06:08.155133200-0500","0.902163300","192.168.0.186","192.168.0.178","25858","25565","253","119481","0","0","0x0010"
"245","2026-08-15T10:06:08.155197600-0500","0.902227700","192.168.0.178","192.168.0.186","25565","25858","119481","253","1460","0","0x0010"
"246","2026-08-15T10:06:08.155210300-0500","0.902240400","192.168.0.186","192.168.0.178","25858","25565","253","120941","0","0","0x0010"
"247","2026-08-15T10:06:08.155442400-0500","0.902472500","192.168.0.178","192.168.0.186","25565","25858","120941","253","1460","0","0x0018"
"248","2026-08-15T10:06:08.155442400-0500","0.902472500","192.168.0.178","192.168.0.186","25565","25858","122401","253","1460","0","0x0010"
"249","2026-08-15T10:06:08.155502700-0500","0.902532800","192.168.0.186","192.168.0.178","25858","25565","253","123861","0","0","0x0010"
"250","2026-08-15T10:06:08.155569100-0500","0.902599200","192.168.0.178","192.168.0.186","25565","25858","123861","253","1460","0","0x0010"
"251","2026-08-15T10:06:08.155828900-0500","0.902859000","192.168.0.178","192.168.0.186","25565","25858","125321","253","1460","0","0x0010"
"252","2026-08-15T10:06:08.155828900-0500","0.902859000","192.168.0.178","192.168.0.186","25565","25858","126781","253","1460","0","0x0010"
"253","2026-08-15T10:06:08.155828900-0500","0.902859000","192.168.0.178","192.168.0.186","25565","25858","128241","253","92","0","0x0018"
"254","2026-08-15T10:06:08.155886800-0500","0.902916900","192.168.0.186","192.168.0.178","25858","25565","253","128333","0","0","0x0010"
"255","2026-08-15T10:06:08.178082400-0500","0.925112500","192.168.0.186","192.168.0.178","25858","25565","253","128333","3","0","0x0018"
"256","2026-08-15T10:06:08.204216800-0500","0.951246900","192.168.0.178","192.168.0.186","25565","25858","128333","256","1460","0","0x0010"
"257","2026-08-15T10:06:08.204216800-0500","0.951246900","192.168.0.178","192.168.0.186","25565","25858","129793","256","1460","0","0x0010"
"258","2026-08-15T10:06:08.204293100-0500","0.951323200","192.168.0.186","192.168.0.178","25858","25565","256","131253","0","0","0x0010"
"259","2026-08-15T10:06:08.204343100-0500","0.951373200","192.168.0.178","192.168.0.186","25565","25858","131253","256","1460","0","0x0010"
"260","2026-08-15T10:06:08.204393200-0500","0.951423300","192.168.0.178","192.168.0.186","25565","25858","132713","256","839","0","0x0018"
"261","2026-08-15T10:06:08.204403400-0500","0.951433500","192.168.0.186","192.168.0.178","25858","25565","256","133552","0","0","0x0010"
"262","2026-08-15T10:06:08.228057400-0500","0.975087500","192.168.0.186","192.168.0.178","25858","25565","256","133552","3","0","0x0018"
"263","2026-08-15T10:06:08.260327000-0500","1.007357100","192.168.0.178","192.168.0.186","25565","25858","133552","259","1460","0","0x0010"
"264","2026-08-15T10:06:08.260327000-0500","1.007357100","192.168.0.178","192.168.0.186","25565","25858","135012","259","1460","0","0x0010"
"265","2026-08-15T10:06:08.260407500-0500","1.007437600","192.168.0.186","192.168.0.178","25858","25565","259","136472","0","0","0x0010"
"266","2026-08-15T10:06:08.260512700-0500","1.007542800","192.168.0.178","192.168.0.186","25565","25858","136472","259","1460","0","0x0010"
"267","2026-08-15T10:06:08.260583600-0500","1.007613700","192.168.0.178","192.168.0.186","25565","25858","137932","259","1460","0","0x0010"
"268","2026-08-15T10:06:08.260593100-0500","1.007623200","192.168.0.186","192.168.0.178","25858","25565","259","139392","0","0","0x0010"
"269","2026-08-15T10:06:08.260652100-0500","1.007682200","192.168.0.178","192.168.0.186","25565","25858","139392","259","1460","0","0x0010"
"270","2026-08-15T10:06:08.260920700-0500","1.007950800","192.168.0.178","192.168.0.186","25565","25858","140852","259","1460","0","0x0010"
"271","2026-08-15T10:06:08.260920700-0500","1.007950800","192.168.0.178","192.168.0.186","25565","25858","142312","259","1460","0","0x0010"
"272","2026-08-15T10:06:08.260970200-0500","1.008000300","192.168.0.186","192.168.0.178","25858","25565","259","143772","0","0","0x0010"
"273","2026-08-15T10:06:08.261038800-0500","1.008068900","192.168.0.178","192.168.0.186","25565","25858","143772","259","1460","0","0x0010"
"274","2026-08-15T10:06:08.261050000-0500","1.008080100","192.168.0.186","192.168.0.178","25858","25565","259","145232","0","0","0x0010"
"275","2026-08-15T10:06:08.261095300-0500","1.008125400","192.168.0.178","192.168.0.186","25565","25858","145232","259","538","0","0x0018"
"276","2026-08-15T10:06:08.276869600-0500","1.023899700","192.168.0.186","192.168.0.178","25858","25565","259","145770","3","0","0x0018"
"277","2026-08-15T10:06:08.310745400-0500","1.057775500","192.168.0.178","192.168.0.186","25565","25858","145770","262","1460","0","0x0010"
"278","2026-08-15T10:06:08.310745400-0500","1.057775500","192.168.0.178","192.168.0.186","25565","25858","147230","262","1460","0","0x0010"
"279","2026-08-15T10:06:08.310812100-0500","1.057842200","192.168.0.186","192.168.0.178","25858","25565","262","148690","0","0","0x0010"
"280","2026-08-15T10:06:08.310858600-0500","1.057888700","192.168.0.178","192.168.0.186","25565","25858","148690","262","1460","0","0x0010"
"281","2026-08-15T10:06:08.311090900-0500","1.058121000","192.168.0.178","192.168.0.186","25565","25858","150150","262","1460","0","0x0010"
"282","2026-08-15T10:06:08.311090900-0500","1.058121000","192.168.0.178","192.168.0.186","25565","25858","151610","262","1460","0","0x0010"
"283","2026-08-15T10:06:08.311134000-0500","1.058164100","192.168.0.186","192.168.0.178","25858","25565","262","153070","0","0","0x0010"
"284","2026-08-15T10:06:08.311217300-0500","1.058247400","192.168.0.178","192.168.0.186","25565","25858","153070","262","1460","0","0x0010"
"285","2026-08-15T10:06:08.311227100-0500","1.058257200","192.168.0.186","192.168.0.178","25858","25565","262","154530","0","0","0x0010"
"286","2026-08-15T10:06:08.311427100-0500","1.058457200","192.168.0.178","192.168.0.186","25565","25858","154530","262","1460","0","0x0010"
"287","2026-08-15T10:06:08.311495200-0500","1.058525300","192.168.0.178","192.168.0.186","25565","25858","155990","262","1460","0","0x0010"
"288","2026-08-15T10:06:08.311507100-0500","1.058537200","192.168.0.186","192.168.0.178","25858","25565","262","157450","0","0","0x0010"
"289","2026-08-15T10:06:08.311565800-0500","1.058595900","192.168.0.178","192.168.0.186","25565","25858","157450","262","1460","0","0x0018"
"290","2026-08-15T10:06:08.311821100-0500","1.058851200","192.168.0.178","192.168.0.186","25565","25858","158910","262","1460","0","0x0010"
"291","2026-08-15T10:06:08.311821100-0500","1.058851200","192.168.0.178","192.168.0.186","25565","25858","160370","262","1460","0","0x0010"
"292","2026-08-15T10:06:08.311858400-0500","1.058888500","192.168.0.186","192.168.0.178","25858","25565","262","161830","0","0","0x0010"
"293","2026-08-15T10:06:08.312067900-0500","1.059098000","192.168.0.178","192.168.0.186","25565","25858","161830","262","1460","0","0x0010"
"294","2026-08-15T10:06:08.312067900-0500","1.059098000","192.168.0.178","192.168.0.186","25565","25858","163290","262","1460","0","0x0010"
"295","2026-08-15T10:06:08.312112600-0500","1.059142700","192.168.0.186","192.168.0.178","25858","25565","262","164750","0","0","0x0010"
"296","2026-08-15T10:06:08.312142800-0500","1.059172900","192.168.0.178","192.168.0.186","25565","25858","164750","262","239","0","0x0018"
"297","2026-08-15T10:06:08.312176900-0500","1.059207000","192.168.0.186","192.168.0.178","25858","25565","262","164989","0","0","0x0010"
"298","2026-08-15T10:06:08.312402200-0500","1.059432300","192.168.0.186","192.168.0.178","25858","25565","262","164989","11","0","0x0018"
"299","2026-08-15T10:06:08.328812300-0500","1.075842400","192.168.0.186","192.168.0.178","25858","25565","273","164989","3","0","0x0018"
"300","2026-08-15T10:06:08.329549700-0500","1.076579800","192.168.0.178","192.168.0.186","25565","25858","164989","276","0","0","0x0010"
"301","2026-08-15T10:06:08.354464500-0500","1.101494600","192.168.0.178","192.168.0.186","25565","25858","164989","276","1460","0","0x0010"
"302","2026-08-15T10:06:08.354464500-0500","1.101494600","192.168.0.178","192.168.0.186","25565","25858","166449","276","1460","0","0x0010"
"303","2026-08-15T10:06:08.354533400-0500","1.101563500","192.168.0.186","192.168.0.178","25858","25565","276","167909","0","0","0x0010"
"304","2026-08-15T10:06:08.354589500-0500","1.101619600","192.168.0.178","192.168.0.186","25565","25858","167909","276","1460","0","0x0010"
"305","2026-08-15T10:06:08.354828100-0500","1.101858200","192.168.0.178","192.168.0.186","25565","25858","169369","276","1460","0","0x0010"
"306","2026-08-15T10:06:08.354828100-0500","1.101858200","192.168.0.178","192.168.0.186","25565","25858","170829","276","1460","0","0x0010"
"307","2026-08-15T10:06:08.354894300-0500","1.101924400","192.168.0.186","192.168.0.178","25858","25565","276","172289","0","0","0x0010"
"308","2026-08-15T10:06:08.354934800-0500","1.101964900","192.168.0.178","192.168.0.186","25565","25858","172289","276","1460","0","0x0010"
"309","2026-08-15T10:06:08.354946800-0500","1.101976900","192.168.0.186","192.168.0.178","25858","25565","276","173749","0","0","0x0010"
"310","2026-08-15T10:06:08.355187600-0500","1.102217700","192.168.0.178","192.168.0.186","25565","25858","173749","276","1460","0","0x0010"
"311","2026-08-15T10:06:08.355187600-0500","1.102217700","192.168.0.178","192.168.0.186","25565","25858","175209","276","1460","0","0x0010"
"312","2026-08-15T10:06:08.355247700-0500","1.102277800","192.168.0.186","192.168.0.178","25858","25565","276","176669","0","0","0x0010"
"313","2026-08-15T10:06:08.355314700-0500","1.102344800","192.168.0.178","192.168.0.186","25565","25858","176669","276","1460","0","0x0018"
"314","2026-08-15T10:06:08.355556600-0500","1.102586700","192.168.0.178","192.168.0.186","25565","25858","178129","276","1460","0","0x0010"
"315","2026-08-15T10:06:08.355556600-0500","1.102586700","192.168.0.178","192.168.0.186","25565","25858","179589","276","1460","0","0x0010"
"316","2026-08-15T10:06:08.355630000-0500","1.102660100","192.168.0.186","192.168.0.178","25858","25565","276","181049","0","0","0x0010"
"317","2026-08-15T10:06:08.355719200-0500","1.102749300","192.168.0.178","192.168.0.186","25565","25858","181049","276","312","0","0x0018"
"318","2026-08-15T10:06:08.355731900-0500","1.102762000","192.168.0.186","192.168.0.178","25858","25565","276","181361","0","0","0x0010"
"319","2026-08-15T10:06:08.378098900-0500","1.125129000","192.168.0.186","192.168.0.178","25858","25565","276","181361","3","0","0x0018"
"320","2026-08-15T10:06:08.411165300-0500","1.158195400","192.168.0.178","192.168.0.186","25565","25858","181361","279","1460","0","0x0010"
"321","2026-08-15T10:06:08.411165300-0500","1.158195400","192.168.0.178","192.168.0.186","25565","25858","182821","279","1460","0","0x0010"
"322","2026-08-15T10:06:08.411247500-0500","1.158277600","192.168.0.186","192.168.0.178","25858","25565","279","184281","0","0","0x0010"
"323","2026-08-15T10:06:08.411295700-0500","1.158325800","192.168.0.178","192.168.0.186","25565","25858","184281","279","1460","0","0x0010"
"324","2026-08-15T10:06:08.411421400-0500","1.158451500","192.168.0.178","192.168.0.186","25565","25858","185741","279","1460","0","0x0010"
"325","2026-08-15T10:06:08.411441600-0500","1.158471700","192.168.0.186","192.168.0.178","25858","25565","279","187201","0","0","0x0010"
"326","2026-08-15T10:06:08.411500100-0500","1.158530200","192.168.0.178","192.168.0.186","25565","25858","187201","279","1460","0","0x0010"
"327","2026-08-15T10:06:08.411776800-0500","1.158806900","192.168.0.178","192.168.0.186","25565","25858","188661","279","1460","0","0x0010"
"328","2026-08-15T10:06:08.411776800-0500","1.158806900","192.168.0.178","192.168.0.186","25565","25858","190121","279","1460","0","0x0010"
"329","2026-08-15T10:06:08.411835800-0500","1.158865900","192.168.0.186","192.168.0.178","25858","25565","279","191581","0","0","0x0010"
"330","2026-08-15T10:06:08.411902100-0500","1.158932200","192.168.0.178","192.168.0.186","25565","25858","191581","279","1460","0","0x0010"
"331","2026-08-15T10:06:08.411917200-0500","1.158947300","192.168.0.186","192.168.0.178","25858","25565","279","193041","0","0","0x0010"
"332","2026-08-15T10:06:08.412150000-0500","1.159180100","192.168.0.178","192.168.0.186","25565","25858","193041","279","1460","0","0x0018"
"333","2026-08-15T10:06:08.412150000-0500","1.159180100","192.168.0.178","192.168.0.186","25565","25858","194501","279","1460","0","0x0010"
"334","2026-08-15T10:06:08.412212300-0500","1.159242400","192.168.0.186","192.168.0.178","25858","25565","279","195961","0","0","0x0010"
"335","2026-08-15T10:06:08.412265500-0500","1.159295600","192.168.0.178","192.168.0.186","25565","25858","195961","279","1460","0","0x0010"
"336","2026-08-15T10:06:08.412347800-0500","1.159377900","192.168.0.178","192.168.0.186","25565","25858","197421","279","1354","0","0x0018"
"337","2026-08-15T10:06:08.412361100-0500","1.159391200","192.168.0.186","192.168.0.178","25858","25565","279","198775","0","0","0x0010"
"338","2026-08-15T10:06:08.426738200-0500","1.173768300","192.168.0.186","192.168.0.178","25858","25565","279","198775","3","0","0x0018"
"339","2026-08-15T10:06:08.461333500-0500","1.208363600","192.168.0.178","192.168.0.186","25565","25858","198775","282","1460","0","0x0010"
"340","2026-08-15T10:06:08.461333500-0500","1.208363600","192.168.0.178","192.168.0.186","25565","25858","200235","282","1460","0","0x0010"
"341","2026-08-15T10:06:08.461414000-0500","1.208444100","192.168.0.186","192.168.0.178","25858","25565","282","201695","0","0","0x0010"
"342","2026-08-15T10:06:08.461507900-0500","1.208538000","192.168.0.178","192.168.0.186","25565","25858","201695","282","1460","0","0x0010"
"343","2026-08-15T10:06:08.461507900-0500","1.208538000","192.168.0.178","192.168.0.186","25565","25858","203155","282","423","0","0x0018"
"344","2026-08-15T10:06:08.461532800-0500","1.208562900","192.168.0.186","192.168.0.178","25858","25565","282","203578","0","0","0x0010"
"345","2026-08-15T10:06:08.478710300-0500","1.225740400","192.168.0.186","192.168.0.178","25858","25565","282","203578","3","0","0x0018"
"346","2026-08-15T10:06:08.507365800-0500","1.254395900","192.168.0.178","192.168.0.186","25565","25858","203578","285","239","0","0x0018"
"347","2026-08-15T10:06:08.528192500-0500","1.275222600","192.168.0.186","192.168.0.178","25858","25565","285","203817","3","0","0x0018"
"348","2026-08-15T10:06:08.564363100-0500","1.311393200","192.168.0.178","192.168.0.186","25565","25858","203817","288","1460","0","0x0010"
"349","2026-08-15T10:06:08.564363100-0500","1.311393200","192.168.0.178","192.168.0.186","25565","25858","205277","288","1460","0","0x0010"
"350","2026-08-15T10:06:08.564447400-0500","1.311477500","192.168.0.186","192.168.0.178","25858","25565","288","206737","0","0","0x0010"
"351","2026-08-15T10:06:08.564508300-0500","1.311538400","192.168.0.178","192.168.0.186","25565","25858","206737","288","1460","0","0x0010"
"352","2026-08-15T10:06:08.564569200-0500","1.311599300","192.168.0.178","192.168.0.186","25565","25858","208197","288","1460","0","0x0010"
"353","2026-08-15T10:06:08.564580000-0500","1.311610100","192.168.0.186","192.168.0.178","25858","25565","288","209657","0","0","0x0010"
"354","2026-08-15T10:06:08.564822300-0500","1.311852400","192.168.0.178","192.168.0.186","25565","25858","209657","288","1460","0","0x0010"
"355","2026-08-15T10:06:08.564822300-0500","1.311852400","192.168.0.178","192.168.0.186","25565","25858","211117","288","1460","0","0x0010"
"356","2026-08-15T10:06:08.564883400-0500","1.311913500","192.168.0.186","192.168.0.178","25858","25565","288","212577","0","0","0x0010"
"357","2026-08-15T10:06:08.564952400-0500","1.311982500","192.168.0.178","192.168.0.186","25565","25858","212577","288","1460","0","0x0010"
"358","2026-08-15T10:06:08.565197800-0500","1.312227900","192.168.0.178","192.168.0.186","25565","25858","214037","288","1460","0","0x0010"
"359","2026-08-15T10:06:08.565197800-0500","1.312227900","192.168.0.178","192.168.0.186","25565","25858","215497","288","1460","0","0x0018"
"360","2026-08-15T10:06:08.565258400-0500","1.312288500","192.168.0.186","192.168.0.178","25858","25565","288","216957","0","0","0x0010"
"361","2026-08-15T10:06:08.567169000-0500","1.314199100","192.168.0.178","192.168.0.186","25565","25858","216957","288","1460","0","0x0010"
"362","2026-08-15T10:06:08.567169000-0500","1.314199100","192.168.0.178","192.168.0.186","25565","25858","218417","288","1460","0","0x0010"
"363","2026-08-15T10:06:08.567238200-0500","1.314268300","192.168.0.186","192.168.0.178","25858","25565","288","219877","0","0","0x0010"
"364","2026-08-15T10:06:08.567276000-0500","1.314306100","192.168.0.178","192.168.0.186","25565","25858","219877","288","1211","0","0x0018"
"365","2026-08-15T10:06:08.567302000-0500","1.314332100","192.168.0.186","192.168.0.178","25858","25565","288","221088","0","0","0x0010"
"366","2026-08-15T10:06:08.577734200-0500","1.324764300","192.168.0.186","192.168.0.178","25858","25565","288","221088","3","0","0x0018"
"367","2026-08-15T10:06:08.611402800-0500","1.358432900","192.168.0.178","192.168.0.186","25565","25858","221088","291","1460","0","0x0010"
"368","2026-08-15T10:06:08.611402800-0500","1.358432900","192.168.0.178","192.168.0.186","25565","25858","222548","291","1460","0","0x0010"
"369","2026-08-15T10:06:08.611477400-0500","1.358507500","192.168.0.186","192.168.0.178","25858","25565","291","224008","0","0","0x0010"
"370","2026-08-15T10:06:08.611518300-0500","1.358548400","192.168.0.178","192.168.0.186","25565","25858","224008","291","1460","0","0x0010"
"371","2026-08-15T10:06:08.611735500-0500","1.358765600","192.168.0.178","192.168.0.186","25565","25858","225468","291","1460","0","0x0010"
"372","2026-08-15T10:06:08.611735500-0500","1.358765600","192.168.0.178","192.168.0.186","25565","25858","226928","291","1460","0","0x0010"
"373","2026-08-15T10:06:08.611761500-0500","1.358791600","192.168.0.186","192.168.0.178","25858","25565","291","228388","0","0","0x0010"
"374","2026-08-15T10:06:08.611988800-0500","1.359018900","192.168.0.178","192.168.0.186","25565","25858","228388","291","1460","0","0x0010"
"375","2026-08-15T10:06:08.611988800-0500","1.359018900","192.168.0.178","192.168.0.186","25565","25858","229848","291","1460","0","0x0010"
"376","2026-08-15T10:06:08.612014500-0500","1.359044600","192.168.0.186","192.168.0.178","25858","25565","291","231308","0","0","0x0010"
"377","2026-08-15T10:06:08.612244400-0500","1.359274500","192.168.0.178","192.168.0.186","25565","25858","231308","291","1460","0","0x0010"
"378","2026-08-15T10:06:08.612244400-0500","1.359274500","192.168.0.178","192.168.0.186","25565","25858","232768","291","1460","0","0x0018"
"379","2026-08-15T10:06:08.612270500-0500","1.359300600","192.168.0.186","192.168.0.178","25858","25565","291","234228","0","0","0x0010"
"380","2026-08-15T10:06:08.612366200-0500","1.359396300","192.168.0.178","192.168.0.186","25565","25858","234228","291","1460","0","0x0010"
"381","2026-08-15T10:06:08.612377600-0500","1.359407700","192.168.0.186","192.168.0.178","25858","25565","291","235688","0","0","0x0010"
"382","2026-08-15T10:06:08.612572500-0500","1.359602600","192.168.0.178","192.168.0.186","25565","25858","235688","291","1460","0","0x0010"
"383","2026-08-15T10:06:08.612572500-0500","1.359602600","192.168.0.178","192.168.0.186","25565","25858","237148","291","806","0","0x0018"
"384","2026-08-15T10:06:08.612601800-0500","1.359631900","192.168.0.186","192.168.0.178","25858","25565","291","237954","0","0","0x0010"
"385","2026-08-15T10:06:08.628031900-0500","1.375062000","192.168.0.186","192.168.0.178","25858","25565","291","237954","3","0","0x0018"
"386","2026-08-15T10:06:08.655782500-0500","1.402812600","192.168.0.178","192.168.0.186","25565","25858","237954","294","1460","0","0x0010"
"387","2026-08-15T10:06:08.655782500-0500","1.402812600","192.168.0.178","192.168.0.186","25565","25858","239414","294","1460","0","0x0010"
"388","2026-08-15T10:06:08.655854600-0500","1.402884700","192.168.0.186","192.168.0.178","25858","25565","294","240874","0","0","0x0010"
"389","2026-08-15T10:06:08.655920900-0500","1.402951000","192.168.0.178","192.168.0.186","25565","25858","240874","294","1460","0","0x0010"
"390","2026-08-15T10:06:08.656161300-0500","1.403191400","192.168.0.178","192.168.0.186","25565","25858","242334","294","1460","0","0x0010"
"391","2026-08-15T10:06:08.656161300-0500","1.403191400","192.168.0.178","192.168.0.186","25565","25858","243794","294","1460","0","0x0010"
"392","2026-08-15T10:06:08.656203900-0500","1.403234000","192.168.0.186","192.168.0.178","25858","25565","294","245254","0","0","0x0010"
"393","2026-08-15T10:06:08.656272900-0500","1.403303000","192.168.0.178","192.168.0.186","25565","25858","245254","294","1460","0","0x0010"
"394","2026-08-15T10:06:08.656294300-0500","1.403324400","192.168.0.186","192.168.0.178","25858","25565","294","246714","0","0","0x0010"
"395","2026-08-15T10:06:08.656537100-0500","1.403567200","192.168.0.178","192.168.0.186","25565","25858","246714","294","1460","0","0x0010"
"396","2026-08-15T10:06:08.656537100-0500","1.403567200","192.168.0.178","192.168.0.186","25565","25858","248174","294","1460","0","0x0010"
"397","2026-08-15T10:06:08.656588800-0500","1.403618900","192.168.0.186","192.168.0.178","25858","25565","294","249634","0","0","0x0010"
"398","2026-08-15T10:06:08.656628900-0500","1.403659000","192.168.0.178","192.168.0.186","25565","25858","249634","294","996","0","0x0018"
"399","2026-08-15T10:06:08.677887800-0500","1.424917900","192.168.0.186","192.168.0.178","25858","25565","294","250630","3","0","0x0018"
"400","2026-08-15T10:06:08.708057100-0500","1.455087200","192.168.0.178","192.168.0.186","25565","25858","250630","297","1460","0","0x0010"
"401","2026-08-15T10:06:08.708057100-0500","1.455087200","192.168.0.178","192.168.0.186","25565","25858","252090","297","1460","0","0x0010"
"402","2026-08-15T10:06:08.708122400-0500","1.455152500","192.168.0.186","192.168.0.178","25858","25565","297","253550","0","0","0x0010"
"403","2026-08-15T10:06:08.708172300-0500","1.455202400","192.168.0.178","192.168.0.186","25565","25858","253550","297","1460","0","0x0010"
"404","2026-08-15T10:06:08.708298200-0500","1.455328300","192.168.0.178","192.168.0.186","25565","25858","255010","297","1460","0","0x0010"
"405","2026-08-15T10:06:08.708311500-0500","1.455341600","192.168.0.186","192.168.0.178","25858","25565","297","256470","0","0","0x0010"
"406","2026-08-15T10:06:08.708373400-0500","1.455403500","192.168.0.178","192.168.0.186","25565","25858","256470","297","1460","0","0x0010"
"407","2026-08-15T10:06:08.708725300-0500","1.455755400","192.168.0.178","192.168.0.186","25565","25858","257930","297","1460","0","0x0010"
"408","2026-08-15T10:06:08.708725300-0500","1.455755400","192.168.0.178","192.168.0.186","25565","25858","259390","297","1460","0","0x0010"
"409","2026-08-15T10:06:08.708795200-0500","1.455825300","192.168.0.186","192.168.0.178","25858","25565","297","260850","0","0","0x0010"
"410","2026-08-15T10:06:08.708869000-0500","1.455899100","192.168.0.178","192.168.0.186","25565","25858","260850","297","1460","0","0x0010"
"411","2026-08-15T10:06:08.708869000-0500","1.455899100","192.168.0.178","192.168.0.186","25565","25858","262310","297","1460","0","0x0018"
"412","2026-08-15T10:06:08.708882400-0500","1.455912500","192.168.0.186","192.168.0.178","25858","25565","297","263770","0","0","0x0010"
"413","2026-08-15T10:06:08.709133200-0500","1.456163300","192.168.0.178","192.168.0.186","25565","25858","263770","297","1460","0","0x0010"
"414","2026-08-15T10:06:08.709133200-0500","1.456163300","192.168.0.178","192.168.0.186","25565","25858","265230","297","1460","0","0x0010"
"415","2026-08-15T10:06:08.709179700-0500","1.456209800","192.168.0.186","192.168.0.178","25858","25565","297","266690","0","0","0x0010"
"416","2026-08-15T10:06:08.709250600-0500","1.456280700","192.168.0.178","192.168.0.186","25565","25858","266690","297","1460","0","0x0010"
"417","2026-08-15T10:06:08.709270500-0500","1.456300600","192.168.0.186","192.168.0.178","25858","25565","297","268150","0","0","0x0010"
"418","2026-08-15T10:06:08.709325600-0500","1.456355700","192.168.0.178","192.168.0.186","25565","25858","268150","297","646","0","0x0018"
"419","2026-08-15T10:06:08.727310100-0500","1.474340200","192.168.0.186","192.168.0.178","25858","25565","297","268796","3","0","0x0018"
"420","2026-08-15T10:06:08.755927800-0500","1.502957900","192.168.0.178","192.168.0.186","25565","25858","268796","300","1460","0","0x0010"
"421","2026-08-15T10:06:08.755927800-0500","1.502957900","192.168.0.178","192.168.0.186","25565","25858","270256","300","1460","0","0x0010"
"422","2026-08-15T10:06:08.755983500-0500","1.503013600","192.168.0.186","192.168.0.178","25858","25565","300","271716","0","0","0x0010"
"423","2026-08-15T10:06:08.756030100-0500","1.503060200","192.168.0.178","192.168.0.186","25565","25858","271716","300","1460","0","0x0010"
"424","2026-08-15T10:06:08.756259800-0500","1.503289900","192.168.0.178","192.168.0.186","25565","25858","273176","300","1460","0","0x0010"
"425","2026-08-15T10:06:08.756259800-0500","1.503289900","192.168.0.178","192.168.0.186","25565","25858","274636","300","1460","0","0x0010"
"426","2026-08-15T10:06:08.756298000-0500","1.503328100","192.168.0.186","192.168.0.178","25858","25565","300","276096","0","0","0x0010"
"427","2026-08-15T10:06:08.756521200-0500","1.503551300","192.168.0.178","192.168.0.186","25565","25858","276096","300","1460","0","0x0010"
"428","2026-08-15T10:06:08.756521200-0500","1.503551300","192.168.0.178","192.168.0.186","25565","25858","277556","300","1460","0","0x0010"
"429","2026-08-15T10:06:08.756562100-0500","1.503592200","192.168.0.186","192.168.0.178","25858","25565","300","279016","0","0","0x0010"
"430","2026-08-15T10:06:08.756755800-0500","1.503785900","192.168.0.178","192.168.0.186","25565","25858","279016","300","1460","0","0x0010"
"431","2026-08-15T10:06:08.756755800-0500","1.503785900","192.168.0.178","192.168.0.186","25565","25858","280476","300","1460","0","0x0018"
"432","2026-08-15T10:06:08.756802100-0500","1.503832200","192.168.0.186","192.168.0.178","25858","25565","300","281936","0","0","0x0010"
"433","2026-08-15T10:06:08.756870000-0500","1.503900100","192.168.0.178","192.168.0.186","25565","25858","281936","300","1460","0","0x0010"
"434","2026-08-15T10:06:08.756882000-0500","1.503912100","192.168.0.186","192.168.0.178","25858","25565","300","283396","0","0","0x0010"
"435","2026-08-15T10:06:08.757087600-0500","1.504117700","192.168.0.178","192.168.0.186","25565","25858","283396","300","1460","0","0x0010"
"436","2026-08-15T10:06:08.757155200-0500","1.504185300","192.168.0.178","192.168.0.186","25565","25858","284856","300","1460","0","0x0010"
"437","2026-08-15T10:06:08.757173900-0500","1.504204000","192.168.0.186","192.168.0.178","25858","25565","300","286316","0","0","0x0010"
"438","2026-08-15T10:06:08.757257900-0500","1.504288000","192.168.0.178","192.168.0.186","25565","25858","286316","300","661","0","0x0018"
"439","2026-08-15T10:06:08.777927100-0500","1.524957200","192.168.0.186","192.168.0.178","25858","25565","300","286977","3","0","0x0018"
"440","2026-08-15T10:06:08.805098400-0500","1.552128500","192.168.0.178","192.168.0.186","25565","25858","286977","303","1460","0","0x0010"
"441","2026-08-15T10:06:08.805098400-0500","1.552128500","192.168.0.178","192.168.0.186","25565","25858","288437","303","1460","0","0x0010"
"442","2026-08-15T10:06:08.805169000-0500","1.552199100","192.168.0.186","192.168.0.178","25858","25565","303","289897","0","0","0x0010"
"443","2026-08-15T10:06:08.805221200-0500","1.552251300","192.168.0.178","192.168.0.186","25565","25858","289897","303","1460","0","0x0010"
"444","2026-08-15T10:06:08.805463900-0500","1.552494000","192.168.0.178","192.168.0.186","25565","25858","291357","303","1460","0","0x0010"
"445","2026-08-15T10:06:08.805463900-0500","1.552494000","192.168.0.178","192.168.0.186","25565","25858","292817","303","1460","0","0x0010"
"446","2026-08-15T10:06:08.805518500-0500","1.552548600","192.168.0.186","192.168.0.178","25858","25565","303","294277","0","0","0x0010"
"447","2026-08-15T10:06:08.805589100-0500","1.552619200","192.168.0.178","192.168.0.186","25565","25858","294277","303","1460","0","0x0010"
"448","2026-08-15T10:06:08.805589100-0500","1.552619200","192.168.0.178","192.168.0.186","25565","25858","295737","303","176","0","0x0018"
"449","2026-08-15T10:06:08.805608700-0500","1.552638800","192.168.0.186","192.168.0.178","25858","25565","303","295913","0","0","0x0010"
"450","2026-08-15T10:06:08.828405500-0500","1.575435600","192.168.0.186","192.168.0.178","25858","25565","303","295913","3","0","0x0018"
"451","2026-08-15T10:06:08.843191500-0500","1.590221600","192.168.0.178","192.168.0.186","25565","25858","295913","306","10","0","0x0018"
"452","2026-08-15T10:06:08.853769100-0500","1.600799200","192.168.0.178","192.168.0.186","25565","25858","295923","306","1460","0","0x0010"
"453","2026-08-15T10:06:08.853769100-0500","1.600799200","192.168.0.178","192.168.0.186","25565","25858","297383","306","1460","0","0x0010"
"454","2026-08-15T10:06:08.853833800-0500","1.600863900","192.168.0.186","192.168.0.178","25858","25565","306","298843","0","0","0x0010"
"455","2026-08-15T10:06:08.853897800-0500","1.600927900","192.168.0.178","192.168.0.186","25565","25858","298843","306","1460","0","0x0010"
"456","2026-08-15T10:06:08.853897800-0500","1.600927900","192.168.0.178","192.168.0.186","25565","25858","300303","306","684","0","0x0018"
"457","2026-08-15T10:06:08.853922000-0500","1.600952100","192.168.0.186","192.168.0.178","25858","25565","306","300987","0","0","0x0010"
"458","2026-08-15T10:06:08.876829900-0500","1.623860000","192.168.0.186","192.168.0.178","25858","25565","306","300987","3","0","0x0018"
"459","2026-08-15T10:06:08.906058400-0500","1.653088500","192.168.0.178","192.168.0.186","25565","25858","300987","309","1460","0","0x0010"
"460","2026-08-15T10:06:08.906058400-0500","1.653088500","192.168.0.178","192.168.0.186","25565","25858","302447","309","1460","0","0x0010"
"461","2026-08-15T10:06:08.906149000-0500","1.653179100","192.168.0.186","192.168.0.178","25858","25565","309","303907","0","0","0x0010"
"462","2026-08-15T10:06:08.906237100-0500","1.653267200","192.168.0.178","192.168.0.186","25565","25858","303907","309","1460","0","0x0010"
"463","2026-08-15T10:06:08.906293900-0500","1.653324000","192.168.0.178","192.168.0.186","25565","25858","305367","309","1460","0","0x0010"
"464","2026-08-15T10:06:08.906302900-0500","1.653333000","192.168.0.186","192.168.0.178","25858","25565","309","306827","0","0","0x0010"
"465","2026-08-15T10:06:08.906544500-0500","1.653574600","192.168.0.178","192.168.0.186","25565","25858","306827","309","1460","0","0x0010"
"466","2026-08-15T10:06:08.906544500-0500","1.653574600","192.168.0.178","192.168.0.186","25565","25858","308287","309","1460","0","0x0010"
"467","2026-08-15T10:06:08.906599300-0500","1.653629400","192.168.0.186","192.168.0.178","25858","25565","309","309747","0","0","0x0010"
"468","2026-08-15T10:06:08.906655800-0500","1.653685900","192.168.0.178","192.168.0.186","25565","25858","309747","309","1460","0","0x0010"
"469","2026-08-15T10:06:08.906901700-0500","1.653931800","192.168.0.178","192.168.0.186","25565","25858","311207","309","1460","0","0x0010"
"470","2026-08-15T10:06:08.906901700-0500","1.653931800","192.168.0.178","192.168.0.186","25565","25858","312667","309","1460","0","0x0018"
"471","2026-08-15T10:06:08.906964100-0500","1.653994200","192.168.0.186","192.168.0.178","25858","25565","309","314127","0","0","0x0010"
"472","2026-08-15T10:06:08.908972500-0500","1.656002600","192.168.0.178","192.168.0.186","25565","25858","314127","309","1460","0","0x0010"
"473","2026-08-15T10:06:08.908972500-0500","1.656002600","192.168.0.178","192.168.0.186","25565","25858","315587","309","839","0","0x0018"
"474","2026-08-15T10:06:08.909036400-0500","1.656066500","192.168.0.186","192.168.0.178","25858","25565","309","316426","0","0","0x0010"
"475","2026-08-15T10:06:08.927812200-0500","1.674842300","192.168.0.186","192.168.0.178","25858","25565","309","316426","3","0","0x0018"
"476","2026-08-15T10:06:08.958089400-0500","1.705119500","192.168.0.178","192.168.0.186","25565","25858","316426","312","1460","0","0x0010"
"477","2026-08-15T10:06:08.958089400-0500","1.705119500","192.168.0.178","192.168.0.186","25565","25858","317886","312","1460","0","0x0010"
"478","2026-08-15T10:06:08.958160800-0500","1.705190900","192.168.0.186","192.168.0.178","25858","25565","312","319346","0","0","0x0010"
"479","2026-08-15T10:06:08.958213300-0500","1.705243400","192.168.0.178","192.168.0.186","25565","25858","319346","312","1460","0","0x0010"
"480","2026-08-15T10:06:08.958765700-0500","1.705795800","192.168.0.178","192.168.0.186","25565","25858","320806","312","1460","0","0x0010"
"481","2026-08-15T10:06:08.958765700-0500","1.705795800","192.168.0.178","192.168.0.186","25565","25858","322266","312","1460","0","0x0010"
"482","2026-08-15T10:06:08.958765700-0500","1.705795800","192.168.0.178","192.168.0.186","25565","25858","323726","312","1460","0","0x0010"
"483","2026-08-15T10:06:08.958765700-0500","1.705795800","192.168.0.178","192.168.0.186","25565","25858","325186","312","1460","0","0x0010"
"484","2026-08-15T10:06:08.958844500-0500","1.705874600","192.168.0.186","192.168.0.178","25858","25565","312","326646","0","0","0x0010"
"485","2026-08-15T10:06:08.958920600-0500","1.705950700","192.168.0.178","192.168.0.186","25565","25858","326646","312","1460","0","0x0010"
"486","2026-08-15T10:06:08.958920600-0500","1.705950700","192.168.0.178","192.168.0.186","25565","25858","328106","312","1460","0","0x0018"
"487","2026-08-15T10:06:08.958942400-0500","1.705972500","192.168.0.186","192.168.0.178","25858","25565","312","329566","0","0","0x0010"
"488","2026-08-15T10:06:08.959666000-0500","1.706696100","192.168.0.178","192.168.0.186","25565","25858","329566","312","1460","0","0x0010"
"489","2026-08-15T10:06:08.959666000-0500","1.706696100","192.168.0.178","192.168.0.186","25565","25858","331026","312","1460","0","0x0010"
"490","2026-08-15T10:06:08.959712600-0500","1.706742700","192.168.0.186","192.168.0.178","25858","25565","312","332486","0","0","0x0010"
"491","2026-08-15T10:06:08.959777900-0500","1.706808000","192.168.0.178","192.168.0.186","25565","25858","332486","312","1460","0","0x0010"
"492","2026-08-15T10:06:08.959788500-0500","1.706818600","192.168.0.186","192.168.0.178","25858","25565","312","333946","0","0","0x0010"
"493","2026-08-15T10:06:08.960073500-0500","1.707103600","192.168.0.178","192.168.0.186","25565","25858","333946","312","1392","0","0x0018"
"494","2026-08-15T10:06:08.976605500-0500","1.723635600","192.168.0.186","192.168.0.178","25858","25565","312","335338","28","0","0x0018"
"495","2026-08-15T10:06:08.977256100-0500","1.724286200","192.168.0.186","192.168.0.178","25858","25565","340","335338","3","0","0x0018"
"496","2026-08-15T10:06:08.977938600-0500","1.724968700","192.168.0.178","192.168.0.186","25565","25858","335338","343","0","0","0x0010"
"497","2026-08-15T10:06:09.004035600-0500","1.751065700","192.168.0.178","192.168.0.186","25565","25858","335338","343","1460","0","0x0010"
"498","2026-08-15T10:06:09.004035600-0500","1.751065700","192.168.0.178","192.168.0.186","25565","25858","336798","343","1460","0","0x0010"
"499","2026-08-15T10:06:09.004083100-0500","1.751113200","192.168.0.186","192.168.0.178","25858","25565","343","338258","0","0","0x0010"
"500","2026-08-15T10:06:09.004140900-0500","1.751171000","192.168.0.178","192.168.0.186","25565","25858","338258","343","1460","0","0x0010"
"501","2026-08-15T10:06:09.004374000-0500","1.751404100","192.168.0.178","192.168.0.186","25565","25858","339718","343","1460","0","0x0010"
"502","2026-08-15T10:06:09.004374000-0500","1.751404100","192.168.0.178","192.168.0.186","25565","25858","341178","343","1460","0","0x0010"
"503","2026-08-15T10:06:09.004401400-0500","1.751431500","192.168.0.186","192.168.0.178","25858","25565","343","342638","0","0","0x0010"
"504","2026-08-15T10:06:09.004618900-0500","1.751649000","192.168.0.178","192.168.0.186","25565","25858","342638","343","1460","0","0x0010"
"505","2026-08-15T10:06:09.004618900-0500","1.751649000","192.168.0.178","192.168.0.186","25565","25858","344098","343","1460","0","0x0010"
"506","2026-08-15T10:06:09.004649800-0500","1.751679900","192.168.0.186","192.168.0.178","25858","25565","343","345558","0","0","0x0010"
"507","2026-08-15T10:06:09.004864500-0500","1.751894600","192.168.0.178","192.168.0.186","25565","25858","345558","343","1460","0","0x0010"
"508","2026-08-15T10:06:09.004864500-0500","1.751894600","192.168.0.178","192.168.0.186","25565","25858","347018","343","1460","0","0x0018"
"509","2026-08-15T10:06:09.004890700-0500","1.751920800","192.168.0.186","192.168.0.178","25858","25565","343","348478","0","0","0x0010"
"510","2026-08-15T10:06:09.005114100-0500","1.752144200","192.168.0.178","192.168.0.186","25565","25858","348478","343","1460","0","0x0010"
"511","2026-08-15T10:06:09.005114100-0500","1.752144200","192.168.0.178","192.168.0.186","25565","25858","349938","343","1460","0","0x0010"
"512","2026-08-15T10:06:09.005143600-0500","1.752173700","192.168.0.186","192.168.0.178","25858","25565","343","351398","0","0","0x0010"
"513","2026-08-15T10:06:09.005373200-0500","1.752403300","192.168.0.178","192.168.0.186","25565","25858","351398","343","1460","0","0x0010"
"514","2026-08-15T10:06:09.005373200-0500","1.752403300","192.168.0.178","192.168.0.186","25565","25858","352858","343","1350","0","0x0018"
"515","2026-08-15T10:06:09.005407100-0500","1.752437200","192.168.0.186","192.168.0.178","25858","25565","343","354208","0","0","0x0010"
"516","2026-08-15T10:06:09.009126000-0500","1.756156100","192.168.0.178","192.168.0.186","25565","25858","354208","343","53","0","0x0018"
"517","2026-08-15T10:06:09.009126000-0500","1.756156100","192.168.0.178","192.168.0.186","25565","25858","354261","343","53","0","0x0018"
"518","2026-08-15T10:06:09.009126000-0500","1.756156100","192.168.0.178","192.168.0.186","25565","25858","354314","343","53","0","0x0018"
"519","2026-08-15T10:06:09.009163100-0500","1.756193200","192.168.0.186","192.168.0.178","25858","25565","343","354367","0","0","0x0010"
"520","2026-08-15T10:06:09.028334600-0500","1.775364700","192.168.0.186","192.168.0.178","25858","25565","343","354367","3","0","0x0018"
"521","2026-08-15T10:06:09.054505700-0500","1.801535800","192.168.0.178","192.168.0.186","25565","25858","354367","346","1460","0","0x0010"
"522","2026-08-15T10:06:09.054505700-0500","1.801535800","192.168.0.178","192.168.0.186","25565","25858","355827","346","1460","0","0x0010"
"523","2026-08-15T10:06:09.054577600-0500","1.801607700","192.168.0.186","192.168.0.178","25858","25565","346","357287","0","0","0x0010"
"524","2026-08-15T10:06:09.054626300-0500","1.801656400","192.168.0.178","192.168.0.186","25565","25858","357287","346","1460","0","0x0010"
"525","2026-08-15T10:06:09.054757800-0500","1.801787900","192.168.0.178","192.168.0.186","25565","25858","358747","346","1460","0","0x0010"
"526","2026-08-15T10:06:09.054777400-0500","1.801807500","192.168.0.186","192.168.0.178","25858","25565","346","360207","0","0","0x0010"
"527","2026-08-15T10:06:09.054831300-0500","1.801861400","192.168.0.178","192.168.0.186","25565","25858","360207","346","1460","0","0x0010"
"528","2026-08-15T10:06:09.055103900-0500","1.802134000","192.168.0.178","192.168.0.186","25565","25858","361667","346","1460","0","0x0010"
"529","2026-08-15T10:06:09.055103900-0500","1.802134000","192.168.0.178","192.168.0.186","25565","25858","363127","346","1460","0","0x0010"
"530","2026-08-15T10:06:09.055159200-0500","1.802189300","192.168.0.186","192.168.0.178","25858","25565","346","364587","0","0","0x0010"
"531","2026-08-15T10:06:09.055233300-0500","1.802263400","192.168.0.178","192.168.0.186","25565","25858","364587","346","1460","0","0x0010"
"532","2026-08-15T10:06:09.055245700-0500","1.802275800","192.168.0.186","192.168.0.178","25858","25565","346","366047","0","0","0x0010"
"533","2026-08-15T10:06:09.055454500-0500","1.802484600","192.168.0.178","192.168.0.186","25565","25858","366047","346","1460","0","0x0018"
"534","2026-08-15T10:06:09.055454500-0500","1.802484600","192.168.0.178","192.168.0.186","25565","25858","367507","346","982","0","0x0018"
"535","2026-08-15T10:06:09.055512300-0500","1.802542400","192.168.0.186","192.168.0.178","25858","25565","346","368489","0","0","0x0010"
"536","2026-08-15T10:06:09.078381400-0500","1.825411500","192.168.0.186","192.168.0.178","25858","25565","346","368489","3","0","0x0018"
"537","2026-08-15T10:06:09.106230500-0500","1.853260600","192.168.0.178","192.168.0.186","25565","25858","368489","349","1460","0","0x0010"
"538","2026-08-15T10:06:09.106230500-0500","1.853260600","192.168.0.178","192.168.0.186","25565","25858","369949","349","1460","0","0x0010"
"539","2026-08-15T10:06:09.106297400-0500","1.853327500","192.168.0.186","192.168.0.178","25858","25565","349","371409","0","0","0x0010"
"540","2026-08-15T10:06:09.106348100-0500","1.853378200","192.168.0.178","192.168.0.186","25565","25858","371409","349","1460","0","0x0010"
"541","2026-08-15T10:06:09.106598100-0500","1.853628200","192.168.0.178","192.168.0.186","25565","25858","372869","349","1460","0","0x0010"
"542","2026-08-15T10:06:09.106598100-0500","1.853628200","192.168.0.178","192.168.0.186","25565","25858","374329","349","1460","0","0x0010"
"543","2026-08-15T10:06:09.106657700-0500","1.853687800","192.168.0.186","192.168.0.178","25858","25565","349","375789","0","0","0x0010"
"544","2026-08-15T10:06:09.106719700-0500","1.853749800","192.168.0.178","192.168.0.186","25565","25858","375789","349","1460","0","0x0010"
"545","2026-08-15T10:06:09.106735400-0500","1.853765500","192.168.0.186","192.168.0.178","25858","25565","349","377249","0","0","0x0010"
"546","2026-08-15T10:06:09.106942500-0500","1.853972600","192.168.0.178","192.168.0.186","25565","25858","377249","349","1460","0","0x0010"
"547","2026-08-15T10:06:09.106942500-0500","1.853972600","192.168.0.178","192.168.0.186","25565","25858","378709","349","1460","0","0x0010"
"548","2026-08-15T10:06:09.106996900-0500","1.854027000","192.168.0.186","192.168.0.178","25858","25565","349","380169","0","0","0x0010"
"549","2026-08-15T10:06:09.107057800-0500","1.854087900","192.168.0.178","192.168.0.186","25565","25858","380169","349","1460","0","0x0018"
"550","2026-08-15T10:06:09.107320700-0500","1.854350800","192.168.0.178","192.168.0.186","25565","25858","381629","349","1460","0","0x0010"
"551","2026-08-15T10:06:09.107320700-0500","1.854350800","192.168.0.178","192.168.0.186","25565","25858","383089","349","1460","0","0x0010"
"552","2026-08-15T10:06:09.107378700-0500","1.854408800","192.168.0.186","192.168.0.178","25858","25565","349","384549","0","0","0x0010"
"553","2026-08-15T10:06:09.107424200-0500","1.854454300","192.168.0.178","192.168.0.186","25565","25858","384549","349","1460","0","0x0010"
"554","2026-08-15T10:06:09.107436300-0500","1.854466400","192.168.0.186","192.168.0.178","25858","25565","349","386009","0","0","0x0010"
"555","2026-08-15T10:06:09.107700000-0500","1.854730100","192.168.0.178","192.168.0.186","25565","25858","386009","349","1072","0","0x0018"
"556","2026-08-15T10:06:09.126914100-0500","1.873944200","192.168.0.186","192.168.0.178","25858","25565","349","387081","3","0","0x0018"
"557","2026-08-15T10:06:09.155550700-0500","1.902580800","192.168.0.178","192.168.0.186","25565","25858","387081","352","1460","0","0x0010"
"558","2026-08-15T10:06:09.155550700-0500","1.902580800","192.168.0.178","192.168.0.186","25565","25858","388541","352","1460","0","0x0010"
"559","2026-08-15T10:06:09.155605300-0500","1.902635400","192.168.0.186","192.168.0.178","25858","25565","352","390001","0","0","0x0010"
"560","2026-08-15T10:06:09.155647500-0500","1.902677600","192.168.0.178","192.168.0.186","25565","25858","390001","352","1460","0","0x0010"
"561","2026-08-15T10:06:09.155874400-0500","1.902904500","192.168.0.178","192.168.0.186","25565","25858","391461","352","1460","0","0x0010"
"562","2026-08-15T10:06:09.155874400-0500","1.902904500","192.168.0.178","192.168.0.186","25565","25858","392921","352","1460","0","0x0010"
"563","2026-08-15T10:06:09.155907000-0500","1.902937100","192.168.0.186","192.168.0.178","25858","25565","352","394381","0","0","0x0010"
"564","2026-08-15T10:06:09.156122100-0500","1.903152200","192.168.0.178","192.168.0.186","25565","25858","394381","352","1460","0","0x0010"
"565","2026-08-15T10:06:09.156122100-0500","1.903152200","192.168.0.178","192.168.0.186","25565","25858","395841","352","1460","0","0x0010"
"566","2026-08-15T10:06:09.156151600-0500","1.903181700","192.168.0.186","192.168.0.178","25858","25565","352","397301","0","0","0x0010"
"567","2026-08-15T10:06:09.156351000-0500","1.903381100","192.168.0.178","192.168.0.186","25565","25858","397301","352","1460","0","0x0010"
"568","2026-08-15T10:06:09.156351000-0500","1.903381100","192.168.0.178","192.168.0.186","25565","25858","398761","352","960","0","0x0018"
"569","2026-08-15T10:06:09.156383000-0500","1.903413100","192.168.0.186","192.168.0.178","25858","25565","352","399721","0","0","0x0010"
"570","2026-08-15T10:06:09.157634000-0500","1.904664100","192.168.0.178","192.168.0.186","25565","25858","399721","352","53","0","0x0018"
"571","2026-08-15T10:06:09.157634000-0500","1.904664100","192.168.0.178","192.168.0.186","25565","25858","399774","352","53","0","0x0018"
"572","2026-08-15T10:06:09.157666900-0500","1.904697000","192.168.0.186","192.168.0.178","25858","25565","352","399827","0","0","0x0010"
"573","2026-08-15T10:06:09.157731100-0500","1.904761200","192.168.0.178","192.168.0.186","25565","25858","399827","352","53","0","0x0018"
"574","2026-08-15T10:06:09.157741200-0500","1.904771300","192.168.0.186","192.168.0.178","25858","25565","352","399880","0","0","0x0010"
"575","2026-08-15T10:06:09.178208200-0500","1.925238300","192.168.0.186","192.168.0.178","25858","25565","352","399880","3","0","0x0018"
"576","2026-08-15T10:06:09.194992100-0500","1.942022200","192.168.0.178","192.168.0.186","25565","25858","399880","355","53","0","0x0018"
"577","2026-08-15T10:06:09.195081600-0500","1.942111700","192.168.0.178","192.168.0.186","25565","25858","399933","355","53","0","0x0018"
"578","2026-08-15T10:06:09.195099000-0500","1.942129100","192.168.0.186","192.168.0.178","25858","25565","355","399986","0","0","0x0010"
"579","2026-08-15T10:06:09.206452700-0500","1.953482800","192.168.0.178","192.168.0.186","25565","25858","399986","355","1460","0","0x0010"
"580","2026-08-15T10:06:09.206452700-0500","1.953482800","192.168.0.178","192.168.0.186","25565","25858","401446","355","1460","0","0x0010"
"581","2026-08-15T10:06:09.206508600-0500","1.953538700","192.168.0.186","192.168.0.178","25858","25565","355","402906","0","0","0x0010"
"582","2026-08-15T10:06:09.206567500-0500","1.953597600","192.168.0.178","192.168.0.186","25565","25858","402906","355","1460","0","0x0010"
"583","2026-08-15T10:06:09.206813800-0500","1.953843900","192.168.0.178","192.168.0.186","25565","25858","404366","355","1460","0","0x0010"
"584","2026-08-15T10:06:09.206813800-0500","1.953843900","192.168.0.178","192.168.0.186","25565","25858","405826","355","1460","0","0x0010"
"585","2026-08-15T10:06:09.206874500-0500","1.953904600","192.168.0.186","192.168.0.178","25858","25565","355","407286","0","0","0x0010"
"586","2026-08-15T10:06:09.206943400-0500","1.953973500","192.168.0.178","192.168.0.186","25565","25858","407286","355","1460","0","0x0010"
"587","2026-08-15T10:06:09.206954200-0500","1.953984300","192.168.0.186","192.168.0.178","25858","25565","355","408746","0","0","0x0010"
"588","2026-08-15T10:06:09.207192800-0500","1.954222900","192.168.0.178","192.168.0.186","25565","25858","408746","355","1460","0","0x0010"
"589","2026-08-15T10:06:09.207192800-0500","1.954222900","192.168.0.178","192.168.0.186","25565","25858","410206","355","1460","0","0x0010"
"590","2026-08-15T10:06:09.207235100-0500","1.954265200","192.168.0.186","192.168.0.178","25858","25565","355","411666","0","0","0x0010"
"591","2026-08-15T10:06:09.207319700-0500","1.954349800","192.168.0.178","192.168.0.186","25565","25858","411666","355","1460","0","0x0018"
"592","2026-08-15T10:06:09.210589800-0500","1.957619900","192.168.0.178","192.168.0.186","25565","25858","413126","355","1460","0","0x0010"
"593","2026-08-15T10:06:09.210589800-0500","1.957619900","192.168.0.178","192.168.0.186","25565","25858","414586","355","1460","0","0x0010"
"594","2026-08-15T10:06:09.210589800-0500","1.957619900","192.168.0.178","192.168.0.186","25565","25858","416046","355","992","0","0x0018"
"595","2026-08-15T10:06:09.210647900-0500","1.957678000","192.168.0.186","192.168.0.178","25858","25565","355","417038","0","0","0x0010"
"596","2026-08-15T10:06:09.227159100-0500","1.974189200","192.168.0.186","192.168.0.178","25858","25565","355","417038","3","0","0x0018"
"597","2026-08-15T10:06:09.243898700-0500","1.990928800","192.168.0.178","192.168.0.186","25565","25858","417038","358","53","0","0x0018"
"598","2026-08-15T10:06:09.243898700-0500","1.990928800","192.168.0.178","192.168.0.186","25565","25858","417091","358","53","0","0x0018"
"599","2026-08-15T10:06:09.243940800-0500","1.990970900","192.168.0.186","192.168.0.178","25858","25565","358","417144","0","0","0x0010"
"600","2026-08-15T10:06:09.244205100-0500","1.991235200","192.168.0.178","192.168.0.186","25565","25858","417144","358","53","0","0x0018"
"601","2026-08-15T10:06:09.258753500-0500","2.005783600","192.168.0.178","192.168.0.186","25565","25858","417197","358","1460","0","0x0010"
"602","2026-08-15T10:06:09.258753500-0500","2.005783600","192.168.0.178","192.168.0.186","25565","25858","418657","358","1460","0","0x0010"
"603","2026-08-15T10:06:09.258805400-0500","2.005835500","192.168.0.186","192.168.0.178","25858","25565","358","420117","0","0","0x0010"
"604","2026-08-15T10:06:09.258861000-0500","2.005891100","192.168.0.178","192.168.0.186","25565","25858","420117","358","1460","0","0x0010"
"605","2026-08-15T10:06:09.258874700-0500","2.005904800","192.168.0.186","192.168.0.178","25858","25565","358","421577","0","0","0x0010"
"606","2026-08-15T10:06:09.259092600-0500","2.006122700","192.168.0.178","192.168.0.186","25565","25858","421577","358","1460","0","0x0010"
"607","2026-08-15T10:06:09.259092600-0500","2.006122700","192.168.0.178","192.168.0.186","25565","25858","423037","358","1460","0","0x0010"
"608","2026-08-15T10:06:09.259136400-0500","2.006166500","192.168.0.186","192.168.0.178","25858","25565","358","424497","0","0","0x0010"
"609","2026-08-15T10:06:09.259222600-0500","2.006252700","192.168.0.178","192.168.0.186","25565","25858","424497","358","1460","0","0x0010"
"610","2026-08-15T10:06:09.259469000-0500","2.006499100","192.168.0.178","192.168.0.186","25565","25858","425957","358","1460","0","0x0010"
"611","2026-08-15T10:06:09.259469000-0500","2.006499100","192.168.0.178","192.168.0.186","25565","25858","427417","358","1460","0","0x0010"
"612","2026-08-15T10:06:09.259496000-0500","2.006526100","192.168.0.186","192.168.0.178","25858","25565","358","428877","0","0","0x0010"
"613","2026-08-15T10:06:09.259700100-0500","2.006730200","192.168.0.178","192.168.0.186","25565","25858","428877","358","1460","0","0x0018"
"614","2026-08-15T10:06:09.259700100-0500","2.006730200","192.168.0.178","192.168.0.186","25565","25858","430337","358","1025","0","0x0018"
"615","2026-08-15T10:06:09.259740400-0500","2.006770500","192.168.0.186","192.168.0.178","25858","25565","358","431362","0","0","0x0010"
"616","2026-08-15T10:06:09.278062600-0500","2.025092700","192.168.0.186","192.168.0.178","25858","25565","358","431362","3","0","0x0018"
"617","2026-08-15T10:06:09.308888300-0500","2.055918400","192.168.0.178","192.168.0.186","25565","25858","431362","361","1460","0","0x0010"
"618","2026-08-15T10:06:09.308888300-0500","2.055918400","192.168.0.178","192.168.0.186","25565","25858","432822","361","1460","0","0x0010"
"619","2026-08-15T10:06:09.308888300-0500","2.055918400","192.168.0.178","192.168.0.186","25565","25858","434282","361","1460","0","0x0010"
"620","2026-08-15T10:06:09.308888300-0500","2.055918400","192.168.0.178","192.168.0.186","25565","25858","435742","361","1460","0","0x0010"
"621","2026-08-15T10:06:09.309015500-0500","2.056045600","192.168.0.186","192.168.0.178","25858","25565","361","437202","0","0","0x0010"
"622","2026-08-15T10:06:09.309134000-0500","2.056164100","192.168.0.178","192.168.0.186","25565","25858","437202","361","1460","0","0x0010"
"623","2026-08-15T10:06:09.309134000-0500","2.056164100","192.168.0.178","192.168.0.186","25565","25858","438662","361","1460","0","0x0010"
"624","2026-08-15T10:06:09.309134000-0500","2.056164100","192.168.0.178","192.168.0.186","25565","25858","440122","361","1460","0","0x0010"
"625","2026-08-15T10:06:09.309158700-0500","2.056188800","192.168.0.186","192.168.0.178","25858","25565","361","441582","0","0","0x0010"
"626","2026-08-15T10:06:09.309397100-0500","2.056427200","192.168.0.178","192.168.0.186","25565","25858","441582","361","1460","0","0x0010"
"627","2026-08-15T10:06:09.309397100-0500","2.056427200","192.168.0.178","192.168.0.186","25565","25858","443042","361","1460","0","0x0018"
"628","2026-08-15T10:06:09.309439000-0500","2.056469100","192.168.0.186","192.168.0.178","25858","25565","361","444502","0","0","0x0010"
"629","2026-08-15T10:06:09.309507900-0500","2.056538000","192.168.0.178","192.168.0.186","25565","25858","444502","361","1460","0","0x0010"
"630","2026-08-15T10:06:09.309518600-0500","2.056548700","192.168.0.186","192.168.0.178","25858","25565","361","445962","0","0","0x0010"
"631","2026-08-15T10:06:09.309747700-0500","2.056777800","192.168.0.178","192.168.0.186","25565","25858","445962","361","1460","0","0x0010"
"632","2026-08-15T10:06:09.309747700-0500","2.056777800","192.168.0.178","192.168.0.186","25565","25858","447422","361","1046","0","0x0018"
"633","2026-08-15T10:06:09.309796500-0500","2.056826600","192.168.0.186","192.168.0.178","25858","25565","361","448468","0","0","0x0010"
"634","2026-08-15T10:06:09.328854600-0500","2.075884700","192.168.0.186","192.168.0.178","25858","25565","361","448468","3","0","0x0018"
"635","2026-08-15T10:06:09.354101300-0500","2.101131400","192.168.0.178","192.168.0.186","25565","25858","448468","364","1460","0","0x0010"
"636","2026-08-15T10:06:09.354101300-0500","2.101131400","192.168.0.178","192.168.0.186","25565","25858","449928","364","1460","0","0x0010"
"637","2026-08-15T10:06:09.354176500-0500","2.101206600","192.168.0.186","192.168.0.178","25858","25565","364","451388","0","0","0x0010"
"638","2026-08-15T10:06:09.354234800-0500","2.101264900","192.168.0.178","192.168.0.186","25565","25858","451388","364","1460","0","0x0010"
"639","2026-08-15T10:06:09.354357900-0500","2.101388000","192.168.0.178","192.168.0.186","25565","25858","452848","364","1460","0","0x0010"
"640","2026-08-15T10:06:09.354372100-0500","2.101402200","192.168.0.186","192.168.0.178","25858","25565","364","454308","0","0","0x0010"
"641","2026-08-15T10:06:09.354433600-0500","2.101463700","192.168.0.178","192.168.0.186","25565","25858","454308","364","1460","0","0x0010"
"642","2026-08-15T10:06:09.354703600-0500","2.101733700","192.168.0.178","192.168.0.186","25565","25858","455768","364","1460","0","0x0010"
"643","2026-08-15T10:06:09.354703600-0500","2.101733700","192.168.0.178","192.168.0.186","25565","25858","457228","364","1460","0","0x0010"
"644","2026-08-15T10:06:09.354769100-0500","2.101799200","192.168.0.186","192.168.0.178","25858","25565","364","458688","0","0","0x0010"
"645","2026-08-15T10:06:09.354839500-0500","2.101869600","192.168.0.178","192.168.0.186","25565","25858","458688","364","1460","0","0x0010"
"646","2026-08-15T10:06:09.354849600-0500","2.101879700","192.168.0.186","192.168.0.178","25858","25565","364","460148","0","0","0x0010"
"647","2026-08-15T10:06:09.355087900-0500","2.102118000","192.168.0.178","192.168.0.186","25565","25858","460148","364","1460","0","0x0018"
"648","2026-08-15T10:06:09.355087900-0500","2.102118000","192.168.0.178","192.168.0.186","25565","25858","461608","364","1460","0","0x0010"
"649","2026-08-15T10:06:09.355155100-0500","2.102185200","192.168.0.186","192.168.0.178","25858","25565","364","463068","0","0","0x0010"
"650","2026-08-15T10:06:09.355247900-0500","2.102278000","192.168.0.178","192.168.0.186","25565","25858","463068","364","625","0","0x0018"
"651","2026-08-15T10:06:09.355585800-0500","2.102615900","192.168.0.186","192.168.0.178","25858","25565","364","463693","11","0","0x0018"
"652","2026-08-15T10:06:09.359853500-0500","2.106883600","192.168.0.178","192.168.0.186","25565","25858","463693","375","53","0","0x0018"
"653","2026-08-15T10:06:09.359853500-0500","2.106883600","192.168.0.178","192.168.0.186","25565","25858","463746","375","53","0","0x0018"
"654","2026-08-15T10:06:09.359922800-0500","2.106952900","192.168.0.186","192.168.0.178","25858","25565","375","463799","0","0","0x0010"
"655","2026-08-15T10:06:09.360011500-0500","2.107041600","192.168.0.178","192.168.0.186","25565","25858","463799","375","53","0","0x0018"
"656","2026-08-15T10:06:09.376676000-0500","2.123706100","192.168.0.186","192.168.0.178","25858","25565","375","463852","3","0","0x0018"
"657","2026-08-15T10:06:09.405053100-0500","2.152083200","192.168.0.178","192.168.0.186","25565","25858","463852","378","1460","0","0x0010"
"658","2026-08-15T10:06:09.405053100-0500","2.152083200","192.168.0.178","192.168.0.186","25565","25858","465312","378","1460","0","0x0010"
"659","2026-08-15T10:06:09.405125200-0500","2.152155300","192.168.0.186","192.168.0.178","25858","25565","378","466772","0","0","0x0010"
"660","2026-08-15T10:06:09.405174800-0500","2.152204900","192.168.0.178","192.168.0.186","25565","25858","466772","378","1460","0","0x0010"
"661","2026-08-15T10:06:09.405314200-0500","2.152344300","192.168.0.178","192.168.0.186","25565","25858","468232","378","1460","0","0x0010"
"662","2026-08-15T10:06:09.405328000-0500","2.152358100","192.168.0.186","192.168.0.178","25858","25565","378","469692","0","0","0x0010"
"663","2026-08-15T10:06:09.405387100-0500","2.152417200","192.168.0.178","192.168.0.186","25565","25858","469692","378","1460","0","0x0010"
"664","2026-08-15T10:06:09.405633800-0500","2.152663900","192.168.0.178","192.168.0.186","25565","25858","471152","378","1460","0","0x0010"
"665","2026-08-15T10:06:09.405633800-0500","2.152663900","192.168.0.178","192.168.0.186","25565","25858","472612","378","1460","0","0x0010"
"666","2026-08-15T10:06:09.405690700-0500","2.152720800","192.168.0.186","192.168.0.178","25858","25565","378","474072","0","0","0x0010"
"667","2026-08-15T10:06:09.405752200-0500","2.152782300","192.168.0.178","192.168.0.186","25565","25858","474072","378","1460","0","0x0010"
"668","2026-08-15T10:06:09.405766900-0500","2.152797000","192.168.0.186","192.168.0.178","25858","25565","378","475532","0","0","0x0010"
"669","2026-08-15T10:06:09.406031500-0500","2.153061600","192.168.0.178","192.168.0.186","25565","25858","475532","378","1460","0","0x0018"
"670","2026-08-15T10:06:09.408993800-0500","2.156023900","192.168.0.178","192.168.0.186","25565","25858","476992","378","1460","0","0x0010"
"671","2026-08-15T10:06:09.408993800-0500","2.156023900","192.168.0.178","192.168.0.186","25565","25858","478452","378","1460","0","0x0010"
"672","2026-08-15T10:06:09.409054600-0500","2.156084700","192.168.0.186","192.168.0.178","25858","25565","378","479912","0","0","0x0010"
"673","2026-08-15T10:06:09.409105400-0500","2.156135500","192.168.0.178","192.168.0.186","25565","25858","479912","378","1460","0","0x0010"
"674","2026-08-15T10:06:09.409122400-0500","2.156152500","192.168.0.186","192.168.0.178","25858","25565","378","481372","0","0","0x0010"
"675","2026-08-15T10:06:09.409333800-0500","2.156363900","192.168.0.178","192.168.0.186","25565","25858","481372","378","1460","0","0x0010"
"676","2026-08-15T10:06:09.409333800-0500","2.156363900","192.168.0.178","192.168.0.186","25565","25858","482832","378","1107","0","0x0018"
"677","2026-08-15T10:06:09.409386100-0500","2.156416200","192.168.0.186","192.168.0.178","25858","25565","378","483939","0","0","0x0010"
"678","2026-08-15T10:06:09.428857300-0500","2.175887400","192.168.0.186","192.168.0.178","25858","25565","378","483939","3","0","0x0018"
"679","2026-08-15T10:06:09.455846100-0500","2.202876200","192.168.0.178","192.168.0.186","25565","25858","483939","381","1460","0","0x0010"
"680","2026-08-15T10:06:09.455846100-0500","2.202876200","192.168.0.178","192.168.0.186","25565","25858","485399","381","1460","0","0x0010"
"681","2026-08-15T10:06:09.455926900-0500","2.202957000","192.168.0.186","192.168.0.178","25858","25565","381","486859","0","0","0x0010"
"682","2026-08-15T10:06:09.455986000-0500","2.203016100","192.168.0.178","192.168.0.186","25565","25858","486859","381","1460","0","0x0010"
"683","2026-08-15T10:06:09.456048200-0500","2.203078300","192.168.0.178","192.168.0.186","25565","25858","488319","381","1460","0","0x0010"
"684","2026-08-15T10:06:09.456067000-0500","2.203097100","192.168.0.186","192.168.0.178","25858","25565","381","489779","0","0","0x0010"
"685","2026-08-15T10:06:09.456183400-0500","2.203213500","192.168.0.178","192.168.0.186","25565","25858","489779","381","1460","0","0x0010"
"686","2026-08-15T10:06:09.456254000-0500","2.203284100","192.168.0.178","192.168.0.186","25565","25858","491239","381","1460","0","0x0010"
"687","2026-08-15T10:06:09.456261400-0500","2.203291500","192.168.0.186","192.168.0.178","25858","25565","381","492699","0","0","0x0010"
"688","2026-08-15T10:06:09.456509800-0500","2.203539900","192.168.0.178","192.168.0.186","25565","25858","492699","381","1460","0","0x0010"
"689","2026-08-15T10:06:09.456509800-0500","2.203539900","192.168.0.178","192.168.0.186","25565","25858","494159","381","1460","0","0x0010"
"690","2026-08-15T10:06:09.456563600-0500","2.203593700","192.168.0.186","192.168.0.178","25858","25565","381","495619","0","0","0x0010"
"691","2026-08-15T10:06:09.456632300-0500","2.203662400","192.168.0.178","192.168.0.186","25565","25858","495619","381","1460","0","0x0018"
"692","2026-08-15T10:06:09.458341900-0500","2.205372000","192.168.0.178","192.168.0.186","25565","25858","497079","381","771","0","0x0018"
"693","2026-08-15T10:06:09.458341900-0500","2.205372000","192.168.0.178","192.168.0.186","25565","25858","497850","381","53","0","0x0018"
"694","2026-08-15T10:06:09.458341900-0500","2.205372000","192.168.0.178","192.168.0.186","25565","25858","497903","381","53","0","0x0018"
"695","2026-08-15T10:06:09.458341900-0500","2.205372000","192.168.0.178","192.168.0.186","25565","25858","497956","381","53","0","0x0018"
"696","2026-08-15T10:06:09.458402300-0500","2.205432400","192.168.0.186","192.168.0.178","25858","25565","381","498009","0","0","0x0010"
"697","2026-08-15T10:06:09.478284600-0500","2.225314700","192.168.0.186","192.168.0.178","25858","25565","381","498009","3","0","0x0018"
"698","2026-08-15T10:06:09.493643800-0500","2.240673900","192.168.0.178","192.168.0.186","25565","25858","498009","384","53","0","0x0018"
"699","2026-08-15T10:06:09.493760800-0500","2.240790900","192.168.0.178","192.168.0.186","25565","25858","498062","384","53","0","0x0018"
"700","2026-08-15T10:06:09.493760800-0500","2.240790900","192.168.0.178","192.168.0.186","25565","25858","498115","384","53","0","0x0018"
"701","2026-08-15T10:06:09.493778800-0500","2.240808900","192.168.0.186","192.168.0.178","25858","25565","384","498168","0","0","0x0010"
"702","2026-08-15T10:06:09.505299900-0500","2.252330000","192.168.0.178","192.168.0.186","25565","25858","498168","384","1460","0","0x0010"
"703","2026-08-15T10:06:09.505299900-0500","2.252330000","192.168.0.178","192.168.0.186","25565","25858","499628","384","1460","0","0x0010"
"704","2026-08-15T10:06:09.505356000-0500","2.252386100","192.168.0.186","192.168.0.178","25858","25565","384","501088","0","0","0x0010"
"705","2026-08-15T10:06:09.505422900-0500","2.252453000","192.168.0.178","192.168.0.186","25565","25858","501088","384","1460","0","0x0010"
"706","2026-08-15T10:06:09.505438200-0500","2.252468300","192.168.0.186","192.168.0.178","25858","25565","384","502548","0","0","0x0010"
"707","2026-08-15T10:06:09.505669000-0500","2.252699100","192.168.0.178","192.168.0.186","25565","25858","502548","384","1460","0","0x0010"
"708","2026-08-15T10:06:09.505669000-0500","2.252699100","192.168.0.178","192.168.0.186","25565","25858","504008","384","1460","0","0x0010"
"709","2026-08-15T10:06:09.505729700-0500","2.252759800","192.168.0.186","192.168.0.178","25858","25565","384","505468","0","0","0x0010"
"710","2026-08-15T10:06:09.505784400-0500","2.252814500","192.168.0.178","192.168.0.186","25565","25858","505468","384","1460","0","0x0010"
"711","2026-08-15T10:06:09.506041000-0500","2.253071100","192.168.0.178","192.168.0.186","25565","25858","506928","384","1460","0","0x0010"
"712","2026-08-15T10:06:09.506041000-0500","2.253071100","192.168.0.178","192.168.0.186","25565","25858","508388","384","1460","0","0x0010"
"713","2026-08-15T10:06:09.506093100-0500","2.253123200","192.168.0.186","192.168.0.178","25858","25565","384","509848","0","0","0x0010"
"714","2026-08-15T10:06:09.506158500-0500","2.253188600","192.168.0.178","192.168.0.186","25565","25858","509848","384","1460","0","0x0018"
"715","2026-08-15T10:06:09.506171600-0500","2.253201700","192.168.0.186","192.168.0.178","25858","25565","384","511308","0","0","0x0010"
"716","2026-08-15T10:06:09.506407400-0500","2.253437500","192.168.0.178","192.168.0.186","25565","25858","511308","384","1460","0","0x0010"
"717","2026-08-15T10:06:09.506407400-0500","2.253437500","192.168.0.178","192.168.0.186","25565","25858","512768","384","1460","0","0x0010"
"718","2026-08-15T10:06:09.506462800-0500","2.253492900","192.168.0.186","192.168.0.178","25858","25565","384","514228","0","0","0x0010"
"719","2026-08-15T10:06:09.506530400-0500","2.253560500","192.168.0.178","192.168.0.186","25565","25858","514228","384","1460","0","0x0010"
"720","2026-08-15T10:06:09.506768400-0500","2.253798500","192.168.0.178","192.168.0.186","25565","25858","515688","384","1460","0","0x0010"
"721","2026-08-15T10:06:09.506768400-0500","2.253798500","192.168.0.178","192.168.0.186","25565","25858","517148","384","1460","0","0x0010"
"722","2026-08-15T10:06:09.506832300-0500","2.253862400","192.168.0.186","192.168.0.178","25858","25565","384","518608","0","0","0x0010"
"723","2026-08-15T10:06:09.506922900-0500","2.253953000","192.168.0.178","192.168.0.186","25565","25858","518608","384","588","0","0x0018"
"724","2026-08-15T10:06:09.506943700-0500","2.253973800","192.168.0.186","192.168.0.178","25858","25565","384","519196","0","0","0x0010"
"725","2026-08-15T10:06:09.509595600-0500","2.256625700","192.168.0.178","192.168.0.186","25565","25858","519196","384","53","0","0x0018"
"726","2026-08-15T10:06:09.509595600-0500","2.256625700","192.168.0.178","192.168.0.186","25565","25858","519249","384","53","0","0x0018"
"727","2026-08-15T10:06:09.509595600-0500","2.256625700","192.168.0.178","192.168.0.186","25565","25858","519302","384","53","0","0x0018"
"728","2026-08-15T10:06:09.509647500-0500","2.256677600","192.168.0.186","192.168.0.178","25858","25565","384","519355","0","0","0x0010"
"729","2026-08-15T10:06:09.527252100-0500","2.274282200","192.168.0.186","192.168.0.178","25858","25565","384","519355","3","0","0x0018"
"730","2026-08-15T10:06:09.555676400-0500","2.302706500","192.168.0.178","192.168.0.186","25565","25858","519355","387","1460","0","0x0010"
"731","2026-08-15T10:06:09.555676400-0500","2.302706500","192.168.0.178","192.168.0.186","25565","25858","520815","387","1460","0","0x0010"
"732","2026-08-15T10:06:09.555745200-0500","2.302775300","192.168.0.186","192.168.0.178","25858","25565","387","522275","0","0","0x0010"
"733","2026-08-15T10:06:09.555791800-0500","2.302821900","192.168.0.178","192.168.0.186","25565","25858","522275","387","1460","0","0x0010"
"734","2026-08-15T10:06:09.556033300-0500","2.303063400","192.168.0.178","192.168.0.186","25565","25858","523735","387","1460","0","0x0010"
"735","2026-08-15T10:06:09.556033300-0500","2.303063400","192.168.0.178","192.168.0.186","25565","25858","525195","387","1460","0","0x0010"
"736","2026-08-15T10:06:09.556070400-0500","2.303100500","192.168.0.186","192.168.0.178","25858","25565","387","526655","0","0","0x0010"
"737","2026-08-15T10:06:09.556133100-0500","2.303163200","192.168.0.178","192.168.0.186","25565","25858","526655","387","1460","0","0x0010"
"738","2026-08-15T10:06:09.556145300-0500","2.303175400","192.168.0.186","192.168.0.178","25858","25565","387","528115","0","0","0x0010"
"739","2026-08-15T10:06:09.556386100-0500","2.303416200","192.168.0.178","192.168.0.186","25565","25858","528115","387","1460","0","0x0010"
"740","2026-08-15T10:06:09.556386100-0500","2.303416200","192.168.0.178","192.168.0.186","25565","25858","529575","387","1460","0","0x0010"
"741","2026-08-15T10:06:09.556425800-0500","2.303455900","192.168.0.186","192.168.0.178","25858","25565","387","531035","0","0","0x0010"
"742","2026-08-15T10:06:09.556540900-0500","2.303571000","192.168.0.178","192.168.0.186","25565","25858","531035","387","1460","0","0x0018"
"743","2026-08-15T10:06:09.556540900-0500","2.303571000","192.168.0.178","192.168.0.186","25565","25858","532495","387","191","0","0x0018"
"744","2026-08-15T10:06:09.556557000-0500","2.303587100","192.168.0.186","192.168.0.178","25858","25565","387","532686","0","0","0x0010"
"745","2026-08-15T10:06:09.578187200-0500","2.325217300","192.168.0.186","192.168.0.178","25858","25565","387","532686","3","0","0x0018"
"746","2026-08-15T10:06:09.594041000-0500","2.341071100","192.168.0.178","192.168.0.186","25565","25858","532686","390","53","0","0x0018"
"747","2026-08-15T10:06:09.594041000-0500","2.341071100","192.168.0.178","192.168.0.186","25565","25858","532739","390","53","0","0x0018"
"748","2026-08-15T10:06:09.594041000-0500","2.341071100","192.168.0.178","192.168.0.186","25565","25858","532792","390","53","0","0x0018"
"749","2026-08-15T10:06:09.594106900-0500","2.341137000","192.168.0.186","192.168.0.178","25858","25565","390","532845","0","0","0x0010"
"750","2026-08-15T10:06:09.603809400-0500","2.350839500","192.168.0.178","192.168.0.186","25565","25858","532845","390","1460","0","0x0010"
"751","2026-08-15T10:06:09.603809400-0500","2.350839500","192.168.0.178","192.168.0.186","25565","25858","534305","390","1460","0","0x0010"
"752","2026-08-15T10:06:09.603840900-0500","2.350871000","192.168.0.186","192.168.0.178","25858","25565","390","535765","0","0","0x0010"
"753","2026-08-15T10:06:09.603919800-0500","2.350949900","192.168.0.178","192.168.0.186","25565","25858","535765","390","1460","0","0x0018"
"754","2026-08-15T10:06:09.603932600-0500","2.350962700","192.168.0.186","192.168.0.178","25858","25565","390","537225","0","0","0x0010"
"755","2026-08-15T10:06:09.612593200-0500","2.359623300","192.168.0.178","192.168.0.186","25565","25858","537225","390","53","0","0x0018"
"756","2026-08-15T10:06:09.612593200-0500","2.359623300","192.168.0.178","192.168.0.186","25565","25858","537278","390","53","0","0x0018"
"757","2026-08-15T10:06:09.612593200-0500","2.359623300","192.168.0.178","192.168.0.186","25565","25858","537331","390","53","0","0x0018"
"758","2026-08-15T10:06:09.612627100-0500","2.359657200","192.168.0.186","192.168.0.178","25858","25565","390","537384","0","0","0x0010"
"759","2026-08-15T10:06:09.628245700-0500","2.375275800","192.168.0.186","192.168.0.178","25858","25565","390","537384","3","0","0x0018"
"760","2026-08-15T10:06:09.658169900-0500","2.405200000","192.168.0.178","192.168.0.186","25565","25858","537384","393","1460","0","0x0010"
"761","2026-08-15T10:06:09.658169900-0500","2.405200000","192.168.0.178","192.168.0.186","25565","25858","538844","393","1460","0","0x0010"
"762","2026-08-15T10:06:09.658241600-0500","2.405271700","192.168.0.186","192.168.0.178","25858","25565","393","540304","0","0","0x0010"
"763","2026-08-15T10:06:09.658289400-0500","2.405319500","192.168.0.178","192.168.0.186","25565","25858","540304","393","1460","0","0x0010"
"764","2026-08-15T10:06:09.658364700-0500","2.405394800","192.168.0.178","192.168.0.186","25565","25858","541764","393","1460","0","0x0010"
"765","2026-08-15T10:06:09.658373100-0500","2.405403200","192.168.0.186","192.168.0.178","25858","25565","393","543224","0","0","0x0010"
"766","2026-08-15T10:06:09.658769600-0500","2.405799700","192.168.0.178","192.168.0.186","25565","25858","543224","393","1460","0","0x0010"
"767","2026-08-15T10:06:09.658769600-0500","2.405799700","192.168.0.178","192.168.0.186","25565","25858","544684","393","1460","0","0x0010"
"768","2026-08-15T10:06:09.658769600-0500","2.405799700","192.168.0.178","192.168.0.186","25565","25858","546144","393","1460","0","0x0010"
"769","2026-08-15T10:06:09.658829200-0500","2.405859300","192.168.0.186","192.168.0.178","25858","25565","393","547604","0","0","0x0010"
"770","2026-08-15T10:06:09.658898000-0500","2.405928100","192.168.0.178","192.168.0.186","25565","25858","547604","393","1460","0","0x0010"
"771","2026-08-15T10:06:09.658898000-0500","2.405928100","192.168.0.178","192.168.0.186","25565","25858","549064","393","103","0","0x0018"
"772","2026-08-15T10:06:09.658913000-0500","2.405943100","192.168.0.186","192.168.0.178","25858","25565","393","549167","0","0","0x0010"
"773","2026-08-15T10:06:09.678678600-0500","2.425708700","192.168.0.186","192.168.0.178","25858","25565","393","549167","3","0","0x0018"
"774","2026-08-15T10:06:09.705337700-0500","2.452367800","192.168.0.178","192.168.0.186","25565","25858","549167","396","1460","0","0x0010"
"775","2026-08-15T10:06:09.705337700-0500","2.452367800","192.168.0.178","192.168.0.186","25565","25858","550627","396","1460","0","0x0010"
"776","2026-08-15T10:06:09.705411900-0500","2.452442000","192.168.0.186","192.168.0.178","25858","25565","396","552087","0","0","0x0010"
"777","2026-08-15T10:06:09.705504300-0500","2.452534400","192.168.0.178","192.168.0.186","25565","25858","552087","396","1460","0","0x0010"
"778","2026-08-15T10:06:09.705526000-0500","2.452556100","192.168.0.178","192.168.0.186","25565","25858","553547","396","1460","0","0x0010"
"779","2026-08-15T10:06:09.705534300-0500","2.452564400","192.168.0.186","192.168.0.178","25858","25565","396","555007","0","0","0x0010"
"780","2026-08-15T10:06:09.705779900-0500","2.452810000","192.168.0.178","192.168.0.186","25565","25858","555007","396","1460","0","0x0010"
"781","2026-08-15T10:06:09.705779900-0500","2.452810000","192.168.0.178","192.168.0.186","25565","25858","556467","396","1460","0","0x0010"
"782","2026-08-15T10:06:09.705820500-0500","2.452850600","192.168.0.186","192.168.0.178","25858","25565","396","557927","0","0","0x0010"
"783","2026-08-15T10:06:09.705892900-0500","2.452923000","192.168.0.178","192.168.0.186","25565","25858","557927","396","1460","0","0x0010"
"784","2026-08-15T10:06:09.706128800-0500","2.453158900","192.168.0.178","192.168.0.186","25565","25858","559387","396","1460","0","0x0010"
"785","2026-08-15T10:06:09.706186500-0500","2.453216600","192.168.0.186","192.168.0.178","25858","25565","396","560847","0","0","0x0010"
"786","2026-08-15T10:06:09.706271500-0500","2.453301600","192.168.0.178","192.168.0.186","25565","25858","560847","396","1460","0","0x0018"
"787","2026-08-15T10:06:09.709185400-0500","2.456215500","192.168.0.178","192.168.0.186","25565","25858","562307","396","1460","0","0x0010"
"788","2026-08-15T10:06:09.709185400-0500","2.456215500","192.168.0.178","192.168.0.186","25565","25858","563767","396","1245","0","0x0018"
"789","2026-08-15T10:06:09.709185400-0500","2.456215500","192.168.0.178","192.168.0.186","25565","25858","565012","396","53","0","0x0018"
"790","2026-08-15T10:06:09.709185400-0500","2.456215500","192.168.0.178","192.168.0.186","25565","25858","565065","396","53","0","0x0018"
"791","2026-08-15T10:06:09.709185400-0500","2.456215500","192.168.0.178","192.168.0.186","25565","25858","565118","396","53","0","0x0018"
"792","2026-08-15T10:06:09.709247800-0500","2.456277900","192.168.0.186","192.168.0.178","25858","25565","396","565171","0","0","0x0010"
"793","2026-08-15T10:06:09.727034200-0500","2.474064300","192.168.0.186","192.168.0.178","25858","25565","396","565171","3","0","0x0018"
"794","2026-08-15T10:06:09.756367500-0500","2.503397600","192.168.0.178","192.168.0.186","25565","25858","565171","399","1460","0","0x0010"
"795","2026-08-15T10:06:09.756367500-0500","2.503397600","192.168.0.178","192.168.0.186","25565","25858","566631","399","1460","0","0x0010"
"796","2026-08-15T10:06:09.756422400-0500","2.503452500","192.168.0.186","192.168.0.178","25858","25565","399","568091","0","0","0x0010"
"797","2026-08-15T10:06:09.756477500-0500","2.503507600","192.168.0.178","192.168.0.186","25565","25858","568091","399","1460","0","0x0010"
"798","2026-08-15T10:06:09.756714400-0500","2.503744500","192.168.0.178","192.168.0.186","25565","25858","569551","399","1460","0","0x0010"
"799","2026-08-15T10:06:09.756714400-0500","2.503744500","192.168.0.178","192.168.0.186","25565","25858","571011","399","1460","0","0x0010"
"800","2026-08-15T10:06:09.756734400-0500","2.503764500","192.168.0.186","192.168.0.178","25858","25565","399","572471","0","0","0x0010"
"801","2026-08-15T10:06:09.756949700-0500","2.503979800","192.168.0.178","192.168.0.186","25565","25858","572471","399","1460","0","0x0010"
"802","2026-08-15T10:06:09.756949700-0500","2.503979800","192.168.0.178","192.168.0.186","25565","25858","573931","399","1460","0","0x0010"
"803","2026-08-15T10:06:09.756969200-0500","2.503999300","192.168.0.186","192.168.0.178","25858","25565","399","575391","0","0","0x0010"
"804","2026-08-15T10:06:09.757195200-0500","2.504225300","192.168.0.178","192.168.0.186","25565","25858","575391","399","1460","0","0x0010"
"805","2026-08-15T10:06:09.757195200-0500","2.504225300","192.168.0.178","192.168.0.186","25565","25858","576851","399","1460","0","0x0018"
"806","2026-08-15T10:06:09.757214200-0500","2.504244300","192.168.0.186","192.168.0.178","25858","25565","399","578311","0","0","0x0010"
"807","2026-08-15T10:06:09.757440600-0500","2.504470700","192.168.0.178","192.168.0.186","25565","25858","578311","399","1460","0","0x0010"
"808","2026-08-15T10:06:09.757440600-0500","2.504470700","192.168.0.178","192.168.0.186","25565","25858","579771","399","1460","0","0x0010"
"809","2026-08-15T10:06:09.757460300-0500","2.504490400","192.168.0.186","192.168.0.178","25858","25565","399","581231","0","0","0x0010"
"810","2026-08-15T10:06:09.757513200-0500","2.504543300","192.168.0.178","192.168.0.186","25565","25858","581231","399","892","0","0x0018"
"811","2026-08-15T10:06:09.757520800-0500","2.504550900","192.168.0.186","192.168.0.178","25858","25565","399","582123","0","0","0x0010"
"812","2026-08-15T10:06:09.777110600-0500","2.524140700","192.168.0.186","192.168.0.178","25858","25565","399","582123","3","0","0x0018"
"813","2026-08-15T10:06:09.795386800-0500","2.542416900","192.168.0.178","192.168.0.186","25565","25858","582123","402","53","0","0x0018"
"814","2026-08-15T10:06:09.795447000-0500","2.542477100","192.168.0.178","192.168.0.186","25565","25858","582176","402","53","0","0x0018"
"815","2026-08-15T10:06:09.795458900-0500","2.542489000","192.168.0.186","192.168.0.178","25858","25565","402","582229","0","0","0x0010"
"816","2026-08-15T10:06:09.795755400-0500","2.542785500","192.168.0.178","192.168.0.186","25565","25858","582229","402","53","0","0x0018"
"817","2026-08-15T10:06:09.806488300-0500","2.553518400","192.168.0.178","192.168.0.186","25565","25858","582282","402","1460","0","0x0010"
"818","2026-08-15T10:06:09.806488300-0500","2.553518400","192.168.0.178","192.168.0.186","25565","25858","583742","402","1460","0","0x0010"
"819","2026-08-15T10:06:09.806547700-0500","2.553577800","192.168.0.186","192.168.0.178","25858","25565","402","585202","0","0","0x0010"
"820","2026-08-15T10:06:09.806603600-0500","2.553633700","192.168.0.178","192.168.0.186","25565","25858","585202","402","1460","0","0x0010"
"821","2026-08-15T10:06:09.806618500-0500","2.553648600","192.168.0.186","192.168.0.178","25858","25565","402","586662","0","0","0x0010"
"822","2026-08-15T10:06:09.806850800-0500","2.553880900","192.168.0.178","192.168.0.186","25565","25858","586662","402","1460","0","0x0010"
"823","2026-08-15T10:06:09.806850800-0500","2.553880900","192.168.0.178","192.168.0.186","25565","25858","588122","402","1460","0","0x0010"
"824","2026-08-15T10:06:09.806903100-0500","2.553933200","192.168.0.186","192.168.0.178","25858","25565","402","589582","0","0","0x0010"
"825","2026-08-15T10:06:09.806945300-0500","2.553975400","192.168.0.178","192.168.0.186","25565","25858","589582","402","1460","0","0x0010"
"826","2026-08-15T10:06:09.807224200-0500","2.554254300","192.168.0.178","192.168.0.186","25565","25858","591042","402","1460","0","0x0010"
"827","2026-08-15T10:06:09.807224200-0500","2.554254300","192.168.0.178","192.168.0.186","25565","25858","592502","402","1460","0","0x0010"
"828","2026-08-15T10:06:09.807273300-0500","2.554303400","192.168.0.186","192.168.0.178","25858","25565","402","593962","0","0","0x0010"
"829","2026-08-15T10:06:09.807337600-0500","2.554367700","192.168.0.178","192.168.0.186","25565","25858","593962","402","1460","0","0x0018"
"830","2026-08-15T10:06:09.807347800-0500","2.554377900","192.168.0.186","192.168.0.178","25858","25565","402","595422","0","0","0x0010"
"831","2026-08-15T10:06:09.807583700-0500","2.554613800","192.168.0.178","192.168.0.186","25565","25858","595422","402","1460","0","0x0010"
"832","2026-08-15T10:06:09.807583700-0500","2.554613800","192.168.0.178","192.168.0.186","25565","25858","596882","402","1460","0","0x0010"
"833","2026-08-15T10:06:09.807635500-0500","2.554665600","192.168.0.186","192.168.0.178","25858","25565","402","598342","0","0","0x0010"
"834","2026-08-15T10:06:09.807684300-0500","2.554714400","192.168.0.178","192.168.0.186","25565","25858","598342","402","1460","0","0x0010"
"835","2026-08-15T10:06:09.807936300-0500","2.554966400","192.168.0.178","192.168.0.186","25565","25858","599802","402","1460","0","0x0010"
"836","2026-08-15T10:06:09.807936300-0500","2.554966400","192.168.0.178","192.168.0.186","25565","25858","601262","402","1460","0","0x0010"
"837","2026-08-15T10:06:09.807983300-0500","2.555013400","192.168.0.186","192.168.0.178","25858","25565","402","602722","0","0","0x0010"
"838","2026-08-15T10:06:09.808051200-0500","2.555081300","192.168.0.178","192.168.0.186","25565","25858","602722","402","1302","0","0x0018"
"839","2026-08-15T10:06:09.808075000-0500","2.555105100","192.168.0.186","192.168.0.178","25858","25565","402","604024","0","0","0x0010"
"840","2026-08-15T10:06:09.809320600-0500","2.556350700","192.168.0.178","192.168.0.186","25565","25858","604024","402","53","0","0x0018"
"841","2026-08-15T10:06:09.809320600-0500","2.556350700","192.168.0.178","192.168.0.186","25565","25858","604077","402","53","0","0x0018"
"842","2026-08-15T10:06:09.809320600-0500","2.556350700","192.168.0.178","192.168.0.186","25565","25858","604130","402","53","0","0x0018"
"843","2026-08-15T10:06:09.809368500-0500","2.556398600","192.168.0.186","192.168.0.178","25858","25565","402","604183","0","0","0x0010"
"844","2026-08-15T10:06:09.826915800-0500","2.573945900","192.168.0.186","192.168.0.178","25858","25565","402","604183","3","0","0x0018"
"845","2026-08-15T10:06:09.859313100-0500","2.606343200","192.168.0.178","192.168.0.186","25565","25858","604183","405","1460","0","0x0010"
"846","2026-08-15T10:06:09.859313100-0500","2.606343200","192.168.0.178","192.168.0.186","25565","25858","605643","405","1460","0","0x0010"
"847","2026-08-15T10:06:09.859424300-0500","2.606454400","192.168.0.186","192.168.0.178","25858","25565","405","607103","0","0","0x0010"
"848","2026-08-15T10:06:09.859495800-0500","2.606525900","192.168.0.178","192.168.0.186","25565","25858","607103","405","1460","0","0x0010"
"849","2026-08-15T10:06:09.859495800-0500","2.606525900","192.168.0.178","192.168.0.186","25565","25858","608563","405","1460","0","0x0010"
"850","2026-08-15T10:06:09.859515700-0500","2.606545800","192.168.0.186","192.168.0.178","25858","25565","405","610023","0","0","0x0010"
"851","2026-08-15T10:06:09.859777900-0500","2.606808000","192.168.0.178","192.168.0.186","25565","25858","610023","405","1460","0","0x0010"
"852","2026-08-15T10:06:09.859777900-0500","2.606808000","192.168.0.178","192.168.0.186","25565","25858","611483","405","1460","0","0x0010"
"853","2026-08-15T10:06:09.859818800-0500","2.606848900","192.168.0.186","192.168.0.178","25858","25565","405","612943","0","0","0x0010"
"854","2026-08-15T10:06:09.859885800-0500","2.606915900","192.168.0.178","192.168.0.186","25565","25858","612943","405","1460","0","0x0010"
"855","2026-08-15T10:06:09.860124700-0500","2.607154800","192.168.0.178","192.168.0.186","25565","25858","614403","405","1460","0","0x0010"
"856","2026-08-15T10:06:09.860124700-0500","2.607154800","192.168.0.178","192.168.0.186","25565","25858","615863","405","1402","0","0x0018"
"857","2026-08-15T10:06:09.860172700-0500","2.607202800","192.168.0.186","192.168.0.178","25858","25565","405","617265","0","0","0x0010"
"858","2026-08-15T10:06:09.861285400-0500","2.608315500","192.168.0.178","192.168.0.186","25565","25858","617265","405","159","0","0x0018"
"859","2026-08-15T10:06:09.861322200-0500","2.608352300","192.168.0.186","192.168.0.178","25858","25565","405","617424","0","0","0x0010"
"860","2026-08-15T10:06:09.878670100-0500","2.625700200","192.168.0.186","192.168.0.178","25858","25565","405","617424","3","0","0x0018"
"861","2026-08-15T10:06:09.909767600-0500","2.656797700","192.168.0.178","192.168.0.186","25565","25858","617424","408","1460","0","0x0010"
"862","2026-08-15T10:06:09.909767600-0500","2.656797700","192.168.0.178","192.168.0.186","25565","25858","618884","408","1460","0","0x0010"
"863","2026-08-15T10:06:09.909844800-0500","2.656874900","192.168.0.186","192.168.0.178","25858","25565","408","620344","0","0","0x0010"
"864","2026-08-15T10:06:09.909889700-0500","2.656919800","192.168.0.178","192.168.0.186","25565","25858","620344","408","1460","0","0x0010"
"865","2026-08-15T10:06:09.910016100-0500","2.657046200","192.168.0.178","192.168.0.186","25565","25858","621804","408","1460","0","0x0010"
"866","2026-08-15T10:06:09.910024400-0500","2.657054500","192.168.0.186","192.168.0.178","25858","25565","408","623264","0","0","0x0010"
"867","2026-08-15T10:06:09.910250500-0500","2.657280600","192.168.0.178","192.168.0.186","25565","25858","623264","408","1460","0","0x0010"
"868","2026-08-15T10:06:09.910250500-0500","2.657280600","192.168.0.178","192.168.0.186","25565","25858","624724","408","1460","0","0x0010"
"869","2026-08-15T10:06:09.910295900-0500","2.657326000","192.168.0.186","192.168.0.178","25858","25565","408","626184","0","0","0x0010"
"870","2026-08-15T10:06:09.910361600-0500","2.657391700","192.168.0.178","192.168.0.186","25565","25858","626184","408","1460","0","0x0010"
"871","2026-08-15T10:06:09.910607300-0500","2.657637400","192.168.0.178","192.168.0.186","25565","25858","627644","408","1460","0","0x0010"
"872","2026-08-15T10:06:09.910607300-0500","2.657637400","192.168.0.178","192.168.0.186","25565","25858","629104","408","1460","0","0x0018"
"873","2026-08-15T10:06:09.910646100-0500","2.657676200","192.168.0.186","192.168.0.178","25858","25565","408","630564","0","0","0x0010"
"874","2026-08-15T10:06:09.910712200-0500","2.657742300","192.168.0.178","192.168.0.186","25565","25858","630564","408","1460","0","0x0010"
"875","2026-08-15T10:06:09.910722200-0500","2.657752300","192.168.0.186","192.168.0.178","25858","25565","408","632024","0","0","0x0010"
"876","2026-08-15T10:06:09.910932700-0500","2.657962800","192.168.0.178","192.168.0.186","25565","25858","632024","408","1460","0","0x0010"
"877","2026-08-15T10:06:09.911012300-0500","2.658042400","192.168.0.178","192.168.0.186","25565","25858","633484","408","1460","0","0x0010"
"878","2026-08-15T10:06:09.911012300-0500","2.658042400","192.168.0.178","192.168.0.186","25565","25858","634944","408","604","0","0x0018"
"879","2026-08-15T10:06:09.911012300-0500","2.658042400","192.168.0.178","192.168.0.186","25565","25858","635548","408","53","0","0x0018"
"880","2026-08-15T10:06:09.911048100-0500","2.658078200","192.168.0.186","192.168.0.178","25858","25565","408","635601","0","0","0x0010"
"881","2026-08-15T10:06:09.911132000-0500","2.658162100","192.168.0.178","192.168.0.186","25565","25858","635601","408","106","0","0x0018"
"882","2026-08-15T10:06:09.926843700-0500","2.673873800","192.168.0.186","192.168.0.178","25858","25565","408","635707","3","0","0x0018"
"883","2026-08-15T10:06:09.943745300-0500","2.690775400","192.168.0.178","192.168.0.186","25565","25858","635707","411","53","0","0x0018"
"884","2026-08-15T10:06:09.943745300-0500","2.690775400","192.168.0.178","192.168.0.186","25565","25858","635760","411","53","0","0x0018"
"885","2026-08-15T10:06:09.943745300-0500","2.690775400","192.168.0.178","192.168.0.186","25565","25858","635813","411","53","0","0x0018"
"886","2026-08-15T10:06:09.943786400-0500","2.690816500","192.168.0.186","192.168.0.178","25858","25565","411","635866","0","0","0x0010"
"887","2026-08-15T10:06:09.955323600-0500","2.702353700","192.168.0.178","192.168.0.186","25565","25858","635866","411","1460","0","0x0010"
"888","2026-08-15T10:06:09.955323600-0500","2.702353700","192.168.0.178","192.168.0.186","25565","25858","637326","411","1460","0","0x0010"
"889","2026-08-15T10:06:09.955364100-0500","2.702394200","192.168.0.186","192.168.0.178","25858","25565","411","638786","0","0","0x0010"
"890","2026-08-15T10:06:09.955422400-0500","2.702452500","192.168.0.178","192.168.0.186","25565","25858","638786","411","1460","0","0x0010"
"891","2026-08-15T10:06:09.955433200-0500","2.702463300","192.168.0.186","192.168.0.178","25858","25565","411","640246","0","0","0x0010"
"892","2026-08-15T10:06:09.955642600-0500","2.702672700","192.168.0.178","192.168.0.186","25565","25858","640246","411","1460","0","0x0010"
"893","2026-08-15T10:06:09.955702800-0500","2.702732900","192.168.0.178","192.168.0.186","25565","25858","641706","411","1460","0","0x0010"
"894","2026-08-15T10:06:09.955716600-0500","2.702746700","192.168.0.186","192.168.0.178","25858","25565","411","643166","0","0","0x0010"
"895","2026-08-15T10:06:09.955826500-0500","2.702856600","192.168.0.178","192.168.0.186","25565","25858","643166","411","1460","0","0x0010"
"896","2026-08-15T10:06:09.956067500-0500","2.703097600","192.168.0.178","192.168.0.186","25565","25858","644626","411","1460","0","0x0010"
"897","2026-08-15T10:06:09.956067500-0500","2.703097600","192.168.0.178","192.168.0.186","25565","25858","646086","411","1460","0","0x0010"
"898","2026-08-15T10:06:09.956101700-0500","2.703131800","192.168.0.186","192.168.0.178","25858","25565","411","647546","0","0","0x0010"
"899","2026-08-15T10:06:09.956160700-0500","2.703190800","192.168.0.178","192.168.0.186","25565","25858","647546","411","1460","0","0x0018"
"900","2026-08-15T10:06:09.956168500-0500","2.703198600","192.168.0.186","192.168.0.178","25858","25565","411","649006","0","0","0x0010"
"901","2026-08-15T10:06:09.956386100-0500","2.703416200","192.168.0.178","192.168.0.186","25565","25858","649006","411","1460","0","0x0010"
"902","2026-08-15T10:06:09.956447500-0500","2.703477600","192.168.0.178","192.168.0.186","25565","25858","650466","411","1460","0","0x0010"
"903","2026-08-15T10:06:09.956457600-0500","2.703487700","192.168.0.186","192.168.0.178","25858","25565","411","651926","0","0","0x0010"
"904","2026-08-15T10:06:09.956544900-0500","2.703575000","192.168.0.178","192.168.0.186","25565","25858","651926","411","1460","0","0x0010"
"905","2026-08-15T10:06:09.956544900-0500","2.703575000","192.168.0.178","192.168.0.186","25565","25858","653386","411","108","0","0x0018"
"906","2026-08-15T10:06:09.956553800-0500","2.703583900","192.168.0.186","192.168.0.178","25858","25565","411","653494","0","0","0x0010"
"907","2026-08-15T10:06:09.976690900-0500","2.723721000","192.168.0.186","192.168.0.178","25858","25565","411","653494","28","0","0x0018"
"908","2026-08-15T10:06:09.978146500-0500","2.725176600","192.168.0.186","192.168.0.178","25858","25565","439","653494","3","0","0x0018"
"909","2026-08-15T10:06:09.978836900-0500","2.725867000","192.168.0.178","192.168.0.186","25565","25858","653494","442","0","0","0x0010"
"910","2026-08-15T10:06:09.995152400-0500","2.742182500","192.168.0.178","192.168.0.186","25565","25858","653494","442","53","0","0x0018"
"911","2026-08-15T10:06:09.995152400-0500","2.742182500","192.168.0.178","192.168.0.186","25565","25858","653547","442","53","0","0x0018"
"912","2026-08-15T10:06:09.995209000-0500","2.742239100","192.168.0.186","192.168.0.178","25858","25565","442","653600","0","0","0x0010"
"913","2026-08-15T10:06:09.995259600-0500","2.742289700","192.168.0.178","192.168.0.186","25565","25858","653600","442","53","0","0x0018"
"914","2026-08-15T10:06:10.010517800-0500","2.757547900","192.168.0.178","192.168.0.186","25565","25858","653653","442","1460","0","0x0010"
"915","2026-08-15T10:06:10.010517800-0500","2.757547900","192.168.0.178","192.168.0.186","25565","25858","655113","442","1460","0","0x0010"
"916","2026-08-15T10:06:10.010574900-0500","2.757605000","192.168.0.186","192.168.0.178","25858","25565","442","656573","0","0","0x0010"
"917","2026-08-15T10:06:10.010625500-0500","2.757655600","192.168.0.178","192.168.0.186","25565","25858","656573","442","1460","0","0x0010"
"918","2026-08-15T10:06:10.010640900-0500","2.757671000","192.168.0.186","192.168.0.178","25858","25565","442","658033","0","0","0x0010"
"919","2026-08-15T10:06:10.010872100-0500","2.757902200","192.168.0.178","192.168.0.186","25565","25858","658033","442","1460","0","0x0010"
"920","2026-08-15T10:06:10.010872100-0500","2.757902200","192.168.0.178","192.168.0.186","25565","25858","659493","442","1460","0","0x0010"
"921","2026-08-15T10:06:10.010912000-0500","2.757942100","192.168.0.186","192.168.0.178","25858","25565","442","660953","0","0","0x0010"
"922","2026-08-15T10:06:10.010977800-0500","2.758007900","192.168.0.178","192.168.0.186","25565","25858","660953","442","1460","0","0x0010"
"923","2026-08-15T10:06:10.011248700-0500","2.758278800","192.168.0.178","192.168.0.186","25565","25858","662413","442","1460","0","0x0010"
"924","2026-08-15T10:06:10.011248700-0500","2.758278800","192.168.0.178","192.168.0.186","25565","25858","663873","442","1460","0","0x0010"
"925","2026-08-15T10:06:10.011310500-0500","2.758340600","192.168.0.186","192.168.0.178","25858","25565","442","665333","0","0","0x0010"
"926","2026-08-15T10:06:10.011362500-0500","2.758392600","192.168.0.178","192.168.0.186","25565","25858","665333","442","1460","0","0x0018"
"927","2026-08-15T10:06:10.011377600-0500","2.758407700","192.168.0.186","192.168.0.178","25858","25565","442","666793","0","0","0x0010"
"928","2026-08-15T10:06:10.011599100-0500","2.758629200","192.168.0.178","192.168.0.186","25565","25858","666793","442","1460","0","0x0010"
"929","2026-08-15T10:06:10.011599100-0500","2.758629200","192.168.0.178","192.168.0.186","25565","25858","668253","442","1460","0","0x0010"
"930","2026-08-15T10:06:10.011651200-0500","2.758681300","192.168.0.186","192.168.0.178","25858","25565","442","669713","0","0","0x0010"
"931","2026-08-15T10:06:10.011697600-0500","2.758727700","192.168.0.178","192.168.0.186","25565","25858","669713","442","776","0","0x0018"
"932","2026-08-15T10:06:10.011697600-0500","2.758727700","192.168.0.178","192.168.0.186","25565","25858","670489","442","53","0","0x0018"
"933","2026-08-15T10:06:10.011697600-0500","2.758727700","192.168.0.178","192.168.0.186","25565","25858","670542","442","53","0","0x0018"
"934","2026-08-15T10:06:10.011697600-0500","2.758727700","192.168.0.178","192.168.0.186","25565","25858","670595","442","53","0","0x0018"
"935","2026-08-15T10:06:10.011731400-0500","2.758761500","192.168.0.186","192.168.0.178","25858","25565","442","670648","0","0","0x0010"
"936","2026-08-15T10:06:10.029049600-0500","2.776079700","192.168.0.186","192.168.0.178","25858","25565","442","670648","3","0","0x0018"
"937","2026-08-15T10:06:10.055974100-0500","2.803004200","192.168.0.178","192.168.0.186","25565","25858","670648","445","1460","0","0x0010"
"938","2026-08-15T10:06:10.055974100-0500","2.803004200","192.168.0.178","192.168.0.186","25565","25858","672108","445","1460","0","0x0010"
"939","2026-08-15T10:06:10.056040200-0500","2.803070300","192.168.0.186","192.168.0.178","25858","25565","445","673568","0","0","0x0010"
"940","2026-08-15T10:06:10.056090900-0500","2.803121000","192.168.0.178","192.168.0.186","25565","25858","673568","445","1460","0","0x0010"
"941","2026-08-15T10:06:10.056221600-0500","2.803251700","192.168.0.178","192.168.0.186","25565","25858","675028","445","1460","0","0x0010"
"942","2026-08-15T10:06:10.056230700-0500","2.803260800","192.168.0.186","192.168.0.178","25858","25565","445","676488","0","0","0x0010"
"943","2026-08-15T10:06:10.056290400-0500","2.803320500","192.168.0.178","192.168.0.186","25565","25858","676488","445","1460","0","0x0010"
"944","2026-08-15T10:06:10.056568300-0500","2.803598400","192.168.0.178","192.168.0.186","25565","25858","677948","445","1460","0","0x0010"
"945","2026-08-15T10:06:10.056568300-0500","2.803598400","192.168.0.178","192.168.0.186","25565","25858","679408","445","1460","0","0x0010"
"946","2026-08-15T10:06:10.056568300-0500","2.803598400","192.168.0.178","192.168.0.186","25565","25858","680868","445","251","0","0x0018"
"947","2026-08-15T10:06:10.056628500-0500","2.803658600","192.168.0.186","192.168.0.178","25858","25565","445","681119","0","0","0x0010"
"948","2026-08-15T10:06:10.057603300-0500","2.804633400","192.168.0.178","192.168.0.186","25565","25858","681119","445","53","0","0x0018"
"949","2026-08-15T10:06:10.057603300-0500","2.804633400","192.168.0.178","192.168.0.186","25565","25858","681172","445","53","0","0x0018"
"950","2026-08-15T10:06:10.057603300-0500","2.804633400","192.168.0.178","192.168.0.186","25565","25858","681225","445","53","0","0x0018"
"951","2026-08-15T10:06:10.057653500-0500","2.804683600","192.168.0.186","192.168.0.178","25858","25565","445","681278","0","0","0x0010"
"952","2026-08-15T10:06:10.077125800-0500","2.824155900","192.168.0.186","192.168.0.178","25858","25565","445","681278","3","0","0x0018"
"953","2026-08-15T10:06:10.106730000-0500","2.853760100","192.168.0.178","192.168.0.186","25565","25858","681278","448","1460","0","0x0010"
"954","2026-08-15T10:06:10.106730000-0500","2.853760100","192.168.0.178","192.168.0.186","25565","25858","682738","448","1460","0","0x0010"
"955","2026-08-15T10:06:10.106811800-0500","2.853841900","192.168.0.186","192.168.0.178","25858","25565","448","684198","0","0","0x0010"
"956","2026-08-15T10:06:10.106903800-0500","2.853933900","192.168.0.178","192.168.0.186","25565","25858","684198","448","1460","0","0x0010"
"957","2026-08-15T10:06:10.106957900-0500","2.853988000","192.168.0.178","192.168.0.186","25565","25858","685658","448","1460","0","0x0010"
"958","2026-08-15T10:06:10.106966200-0500","2.853996300","192.168.0.186","192.168.0.178","25858","25565","448","687118","0","0","0x0010"
"959","2026-08-15T10:06:10.107212100-0500","2.854242200","192.168.0.178","192.168.0.186","25565","25858","687118","448","1460","0","0x0010"
"960","2026-08-15T10:06:10.107212100-0500","2.854242200","192.168.0.178","192.168.0.186","25565","25858","688578","448","1460","0","0x0010"
"961","2026-08-15T10:06:10.107261500-0500","2.854291600","192.168.0.186","192.168.0.178","25858","25565","448","690038","0","0","0x0010"
"962","2026-08-15T10:06:10.107326300-0500","2.854356400","192.168.0.178","192.168.0.186","25565","25858","690038","448","1460","0","0x0010"
"963","2026-08-15T10:06:10.107573600-0500","2.854603700","192.168.0.178","192.168.0.186","25565","25858","691498","448","1460","0","0x0010"
"964","2026-08-15T10:06:10.107573600-0500","2.854603700","192.168.0.178","192.168.0.186","25565","25858","692958","448","1460","0","0x0018"
"965","2026-08-15T10:06:10.107625300-0500","2.854655400","192.168.0.186","192.168.0.178","25858","25565","448","694418","0","0","0x0010"
"966","2026-08-15T10:06:10.107690800-0500","2.854720900","192.168.0.178","192.168.0.186","25565","25858","694418","448","1460","0","0x0010"
"967","2026-08-15T10:06:10.107709400-0500","2.854739500","192.168.0.186","192.168.0.178","25858","25565","448","695878","0","0","0x0010"
"968","2026-08-15T10:06:10.107927600-0500","2.854957700","192.168.0.178","192.168.0.186","25565","25858","695878","448","1460","0","0x0010"
"969","2026-08-15T10:06:10.107927600-0500","2.854957700","192.168.0.178","192.168.0.186","25565","25858","697338","448","1097","0","0x0018"
"970","2026-08-15T10:06:10.107986600-0500","2.855016700","192.168.0.186","192.168.0.178","25858","25565","448","698435","0","0","0x0010"
"971","2026-08-15T10:06:10.109217600-0500","2.856247700","192.168.0.178","192.168.0.186","25565","25858","698435","448","53","0","0x0018"
"972","2026-08-15T10:06:10.109217600-0500","2.856247700","192.168.0.178","192.168.0.186","25565","25858","698488","448","53","0","0x0018"
"973","2026-08-15T10:06:10.109217600-0500","2.856247700","192.168.0.178","192.168.0.186","25565","25858","698541","448","53","0","0x0018"
"974","2026-08-15T10:06:10.109271300-0500","2.856301400","192.168.0.186","192.168.0.178","25858","25565","448","698594","0","0","0x0010"
"975","2026-08-15T10:06:10.128293500-0500","2.875323600","192.168.0.186","192.168.0.178","25858","25565","448","698594","3","0","0x0018"
"976","2026-08-15T10:06:10.144595800-0500","2.891625900","192.168.0.178","192.168.0.186","25565","25858","698594","451","53","0","0x0018"
"977","2026-08-15T10:06:10.145612400-0500","2.892642500","192.168.0.178","192.168.0.186","25565","25858","698647","451","53","0","0x0018"
"978","2026-08-15T10:06:10.145642200-0500","2.892672300","192.168.0.186","192.168.0.178","25858","25565","451","698700","0","0","0x0010"
"979","2026-08-15T10:06:10.145697900-0500","2.892728000","192.168.0.178","192.168.0.186","25565","25858","698700","451","53","0","0x0018"
"980","2026-08-15T10:06:10.164217100-0500","2.911247200","192.168.0.178","192.168.0.186","25565","25858","698753","451","1460","0","0x0010"
"981","2026-08-15T10:06:10.164217100-0500","2.911247200","192.168.0.178","192.168.0.186","25565","25858","700213","451","1460","0","0x0010"
"982","2026-08-15T10:06:10.164276700-0500","2.911306800","192.168.0.186","192.168.0.178","25858","25565","451","701673","0","0","0x0010"
"983","2026-08-15T10:06:10.164341900-0500","2.911372000","192.168.0.178","192.168.0.186","25565","25858","701673","451","1460","0","0x0010"
"984","2026-08-15T10:06:10.164357400-0500","2.911387500","192.168.0.186","192.168.0.178","25858","25565","451","703133","0","0","0x0010"
"985","2026-08-15T10:06:10.164587100-0500","2.911617200","192.168.0.178","192.168.0.186","25565","25858","703133","451","1460","0","0x0010"
"986","2026-08-15T10:06:10.164587100-0500","2.911617200","192.168.0.178","192.168.0.186","25565","25858","704593","451","1460","0","0x0010"
"987","2026-08-15T10:06:10.164641800-0500","2.911671900","192.168.0.186","192.168.0.178","25858","25565","451","706053","0","0","0x0010"
"988","2026-08-15T10:06:10.164700800-0500","2.911730900","192.168.0.178","192.168.0.186","25565","25858","706053","451","1460","0","0x0010"
"989","2026-08-15T10:06:10.164944600-0500","2.911974700","192.168.0.178","192.168.0.186","25565","25858","707513","451","1460","0","0x0010"
"990","2026-08-15T10:06:10.164944600-0500","2.911974700","192.168.0.178","192.168.0.186","25565","25858","708973","451","1460","0","0x0010"
"991","2026-08-15T10:06:10.164995600-0500","2.912025700","192.168.0.186","192.168.0.178","25858","25565","451","710433","0","0","0x0010"
"992","2026-08-15T10:06:10.165061800-0500","2.912091900","192.168.0.178","192.168.0.186","25565","25858","710433","451","1460","0","0x0018"
"993","2026-08-15T10:06:10.165072300-0500","2.912102400","192.168.0.186","192.168.0.178","25858","25565","451","711893","0","0","0x0010"
"994","2026-08-15T10:06:10.165327500-0500","2.912357600","192.168.0.178","192.168.0.186","25565","25858","711893","451","1460","0","0x0010"
"995","2026-08-15T10:06:10.165327500-0500","2.912357600","192.168.0.178","192.168.0.186","25565","25858","713353","451","1460","0","0x0010"
"996","2026-08-15T10:06:10.165398300-0500","2.912428400","192.168.0.186","192.168.0.178","25858","25565","451","714813","0","0","0x0010"
"997","2026-08-15T10:06:10.165482500-0500","2.912512600","192.168.0.178","192.168.0.186","25565","25858","714813","451","856","0","0x0018"
"998","2026-08-15T10:06:10.176795400-0500","2.923825500","192.168.0.186","192.168.0.178","25858","25565","451","715669","3","0","0x0018"
"999","2026-08-15T10:06:10.204761100-0500","2.951791200","192.168.0.178","192.168.0.186","25565","25858","715669","454","1460","0","0x0010"
"1000","2026-08-15T10:06:10.204761100-0500","2.951791200","192.168.0.178","192.168.0.186","25565","25858","717129","454","1460","0","0x0010"
"1001","2026-08-15T10:06:10.204823300-0500","2.951853400","192.168.0.186","192.168.0.178","25858","25565","454","718589","0","0","0x0010"
"1002","2026-08-15T10:06:10.204872600-0500","2.951902700","192.168.0.178","192.168.0.186","25565","25858","718589","454","1460","0","0x0010"
"1003","2026-08-15T10:06:10.205112800-0500","2.952142900","192.168.0.178","192.168.0.186","25565","25858","720049","454","1460","0","0x0010"
"1004","2026-08-15T10:06:10.205112800-0500","2.952142900","192.168.0.178","192.168.0.186","25565","25858","721509","454","1460","0","0x0010"
"1005","2026-08-15T10:06:10.205152900-0500","2.952183000","192.168.0.186","192.168.0.178","25858","25565","454","722969","0","0","0x0010"
"1006","2026-08-15T10:06:10.205212800-0500","2.952242900","192.168.0.178","192.168.0.186","25565","25858","722969","454","1460","0","0x0010"
"1007","2026-08-15T10:06:10.205221600-0500","2.952251700","192.168.0.186","192.168.0.178","25858","25565","454","724429","0","0","0x0010"
"1008","2026-08-15T10:06:10.205430800-0500","2.952460900","192.168.0.178","192.168.0.186","25565","25858","724429","454","1460","0","0x0010"
"1009","2026-08-15T10:06:10.205501400-0500","2.952531500","192.168.0.178","192.168.0.186","25565","25858","725889","454","1460","0","0x0010"
"1010","2026-08-15T10:06:10.205516900-0500","2.952547000","192.168.0.186","192.168.0.178","25858","25565","454","727349","0","0","0x0010"
"1011","2026-08-15T10:06:10.205578000-0500","2.952608100","192.168.0.178","192.168.0.186","25565","25858","727349","454","1460","0","0x0018"
"1012","2026-08-15T10:06:10.205844600-0500","2.952874700","192.168.0.178","192.168.0.186","25565","25858","728809","454","1460","0","0x0010"
"1013","2026-08-15T10:06:10.205844600-0500","2.952874700","192.168.0.178","192.168.0.186","25565","25858","730269","454","1460","0","0x0010"
"1014","2026-08-15T10:06:10.205889000-0500","2.952919100","192.168.0.186","192.168.0.178","25858","25565","454","731729","0","0","0x0010"
"1015","2026-08-15T10:06:10.205952800-0500","2.952982900","192.168.0.178","192.168.0.186","25565","25858","731729","454","1460","0","0x0010"
"1016","2026-08-15T10:06:10.205962600-0500","2.952992700","192.168.0.186","192.168.0.178","25858","25565","454","733189","0","0","0x0010"
"1017","2026-08-15T10:06:10.206173800-0500","2.953203900","192.168.0.178","192.168.0.186","25565","25858","733189","454","1460","0","0x0010"
"1018","2026-08-15T10:06:10.206173800-0500","2.953203900","192.168.0.178","192.168.0.186","25565","25858","734649","454","604","0","0x0018"
"1019","2026-08-15T10:06:10.206228500-0500","2.953258600","192.168.0.186","192.168.0.178","25858","25565","454","735253","0","0","0x0010"
"1020","2026-08-15T10:06:10.208341900-0500","2.955372000","192.168.0.178","192.168.0.186","25565","25858","735253","454","53","0","0x0018"
"1021","2026-08-15T10:06:10.208341900-0500","2.955372000","192.168.0.178","192.168.0.186","25565","25858","735306","454","53","0","0x0018"
"1022","2026-08-15T10:06:10.208391900-0500","2.955422000","192.168.0.186","192.168.0.178","25858","25565","454","735359","0","0","0x0010"
"1023","2026-08-15T10:06:10.208429200-0500","2.955459300","192.168.0.178","192.168.0.186","25565","25858","735359","454","53","0","0x0018"
"1024","2026-08-15T10:06:10.228171500-0500","2.975201600","192.168.0.186","192.168.0.178","25858","25565","454","735412","3","0","0x0018"
"1025","2026-08-15T10:06:10.257736000-0500","3.004766100","192.168.0.178","192.168.0.186","25565","25858","735412","457","1460","0","0x0010"
"1026","2026-08-15T10:06:10.257736000-0500","3.004766100","192.168.0.178","192.168.0.186","25565","25858","736872","457","1460","0","0x0010"
"1027","2026-08-15T10:06:10.257805200-0500","3.004835300","192.168.0.186","192.168.0.178","25858","25565","457","738332","0","0","0x0010"
"1028","2026-08-15T10:06:10.257857300-0500","3.004887400","192.168.0.178","192.168.0.186","25565","25858","738332","457","1460","0","0x0010"
"1029","2026-08-15T10:06:10.258093800-0500","3.005123900","192.168.0.178","192.168.0.186","25565","25858","739792","457","1460","0","0x0010"
"1030","2026-08-15T10:06:10.258093800-0500","3.005123900","192.168.0.178","192.168.0.186","25565","25858","741252","457","1460","0","0x0010"
"1031","2026-08-15T10:06:10.258155400-0500","3.005185500","192.168.0.186","192.168.0.178","25858","25565","457","742712","0","0","0x0010"
"1032","2026-08-15T10:06:10.258223500-0500","3.005253600","192.168.0.178","192.168.0.186","25565","25858","742712","457","1460","0","0x0010"
"1033","2026-08-15T10:06:10.258234300-0500","3.005264400","192.168.0.186","192.168.0.178","25858","25565","457","744172","0","0","0x0010"
"1034","2026-08-15T10:06:10.258311400-0500","3.005341500","192.168.0.178","192.168.0.186","25565","25858","744172","457","1460","0","0x0010"
"1035","2026-08-15T10:06:10.258862400-0500","3.005892500","192.168.0.178","192.168.0.186","25565","25858","745632","457","1460","0","0x0010"
"1036","2026-08-15T10:06:10.258862400-0500","3.005892500","192.168.0.178","192.168.0.186","25565","25858","747092","457","1460","0","0x0018"
"1037","2026-08-15T10:06:10.258862400-0500","3.005892500","192.168.0.178","192.168.0.186","25565","25858","748552","457","603","0","0x0018"
"1038","2026-08-15T10:06:10.258862400-0500","3.005892500","192.168.0.178","192.168.0.186","25565","25858","749155","457","53","0","0x0018"
"1039","2026-08-15T10:06:10.258862400-0500","3.005892500","192.168.0.178","192.168.0.186","25565","25858","749208","457","53","0","0x0018"
"1040","2026-08-15T10:06:10.258862400-0500","3.005892500","192.168.0.178","192.168.0.186","25565","25858","749261","457","53","0","0x0018"
"1041","2026-08-15T10:06:10.258941100-0500","3.005971200","192.168.0.186","192.168.0.178","25858","25565","457","749314","0","0","0x0010"
"1042","2026-08-15T10:06:10.278365900-0500","3.025396000","192.168.0.186","192.168.0.178","25858","25565","457","749314","3","0","0x0018"
"1043","2026-08-15T10:06:10.293573700-0500","3.040603800","192.168.0.178","192.168.0.186","25565","25858","749314","460","53","0","0x0018"
"1044","2026-08-15T10:06:10.293573700-0500","3.040603800","192.168.0.178","192.168.0.186","25565","25858","749367","460","53","0","0x0018"
"1045","2026-08-15T10:06:10.293639400-0500","3.040669500","192.168.0.186","192.168.0.178","25858","25565","460","749420","0","0","0x0010"
"1046","2026-08-15T10:06:10.293708400-0500","3.040738500","192.168.0.178","192.168.0.186","25565","25858","749420","460","53","0","0x0018"
"1047","2026-08-15T10:06:10.308886700-0500","3.055916800","192.168.0.178","192.168.0.186","25565","25858","749473","460","1460","0","0x0010"
"1048","2026-08-15T10:06:10.308886700-0500","3.055916800","192.168.0.178","192.168.0.186","25565","25858","750933","460","1460","0","0x0010"
"1049","2026-08-15T10:06:10.308886700-0500","3.055916800","192.168.0.178","192.168.0.186","25565","25858","752393","460","1460","0","0x0010"
"1050","2026-08-15T10:06:10.308969000-0500","3.055999100","192.168.0.186","192.168.0.178","25858","25565","460","753853","0","0","0x0010"
"1051","2026-08-15T10:06:10.309031600-0500","3.056061700","192.168.0.178","192.168.0.186","25565","25858","753853","460","1460","0","0x0010"
"1052","2026-08-15T10:06:10.309281500-0500","3.056311600","192.168.0.178","192.168.0.186","25565","25858","755313","460","1460","0","0x0010"
"1053","2026-08-15T10:06:10.309281500-0500","3.056311600","192.168.0.178","192.168.0.186","25565","25858","756773","460","1460","0","0x0010"
"1054","2026-08-15T10:06:10.309325700-0500","3.056355800","192.168.0.186","192.168.0.178","25858","25565","460","758233","0","0","0x0010"
"1055","2026-08-15T10:06:10.309386900-0500","3.056417000","192.168.0.178","192.168.0.186","25565","25858","758233","460","1460","0","0x0010"
"1056","2026-08-15T10:06:10.309408500-0500","3.056438600","192.168.0.186","192.168.0.178","25858","25565","460","759693","0","0","0x0010"
"1057","2026-08-15T10:06:10.309634100-0500","3.056664200","192.168.0.178","192.168.0.186","25565","25858","759693","460","1460","0","0x0010"
"1058","2026-08-15T10:06:10.309634100-0500","3.056664200","192.168.0.178","192.168.0.186","25565","25858","761153","460","1460","0","0x0018"
"1059","2026-08-15T10:06:10.309684500-0500","3.056714600","192.168.0.186","192.168.0.178","25858","25565","460","762613","0","0","0x0010"
"1060","2026-08-15T10:06:10.309763300-0500","3.056793400","192.168.0.178","192.168.0.186","25565","25858","762613","460","1460","0","0x0010"
"1061","2026-08-15T10:06:10.310011300-0500","3.057041400","192.168.0.178","192.168.0.186","25565","25858","764073","460","1460","0","0x0010"
"1062","2026-08-15T10:06:10.310011300-0500","3.057041400","192.168.0.178","192.168.0.186","25565","25858","765533","460","1460","0","0x0010"
"1063","2026-08-15T10:06:10.310049200-0500","3.057079300","192.168.0.186","192.168.0.178","25858","25565","460","766993","0","0","0x0010"
"1064","2026-08-15T10:06:10.310113800-0500","3.057143900","192.168.0.178","192.168.0.186","25565","25858","766993","460","1460","0","0x0010"
"1065","2026-08-15T10:06:10.310123200-0500","3.057153300","192.168.0.186","192.168.0.178","25858","25565","460","768453","0","0","0x0010"
"1066","2026-08-15T10:06:10.310179300-0500","3.057209400","192.168.0.178","192.168.0.186","25565","25858","768453","460","714","0","0x0018"
"1067","2026-08-15T10:06:10.310179300-0500","3.057209400","192.168.0.178","192.168.0.186","25565","25858","769167","460","53","0","0x0018"
"1068","2026-08-15T10:06:10.310179300-0500","3.057209400","192.168.0.178","192.168.0.186","25565","25858","769220","460","53","0","0x0018"
"1069","2026-08-15T10:06:10.310179300-0500","3.057209400","192.168.0.178","192.168.0.186","25565","25858","769273","460","53","0","0x0018"
"1070","2026-08-15T10:06:10.310196600-0500","3.057226700","192.168.0.186","192.168.0.178","25858","25565","460","769326","0","0","0x0010"
"1071","2026-08-15T10:06:10.327100100-0500","3.074130200","192.168.0.186","192.168.0.178","25858","25565","460","769326","3","0","0x0018"
"1072","2026-08-15T10:06:10.357737500-0500","3.104767600","192.168.0.178","192.168.0.186","25565","25858","769326","463","1460","0","0x0010"
"1073","2026-08-15T10:06:10.357737500-0500","3.104767600","192.168.0.178","192.168.0.186","25565","25858","770786","463","1460","0","0x0010"
"1074","2026-08-15T10:06:10.357807400-0500","3.104837500","192.168.0.186","192.168.0.178","25858","25565","463","772246","0","0","0x0010"
"1075","2026-08-15T10:06:10.357861200-0500","3.104891300","192.168.0.178","192.168.0.186","25565","25858","772246","463","1460","0","0x0010"
"1076","2026-08-15T10:06:10.357958600-0500","3.104988700","192.168.0.178","192.168.0.186","25565","25858","773706","463","1460","0","0x0010"
"1077","2026-08-15T10:06:10.357971200-0500","3.105001300","192.168.0.186","192.168.0.178","25858","25565","463","775166","0","0","0x0010"
"1078","2026-08-15T10:06:10.358205400-0500","3.105235500","192.168.0.178","192.168.0.186","25565","25858","775166","463","1460","0","0x0010"
"1079","2026-08-15T10:06:10.358205400-0500","3.105235500","192.168.0.178","192.168.0.186","25565","25858","776626","463","1460","0","0x0010"
"1080","2026-08-15T10:06:10.358255600-0500","3.105285700","192.168.0.186","192.168.0.178","25858","25565","463","778086","0","0","0x0010"
"1081","2026-08-15T10:06:10.358321000-0500","3.105351100","192.168.0.178","192.168.0.186","25565","25858","778086","463","1460","0","0x0010"
"1082","2026-08-15T10:06:10.358592800-0500","3.105622900","192.168.0.178","192.168.0.186","25565","25858","779546","463","1460","0","0x0010"
"1083","2026-08-15T10:06:10.358592800-0500","3.105622900","192.168.0.178","192.168.0.186","25565","25858","781006","463","1460","0","0x0018"
"1084","2026-08-15T10:06:10.358643800-0500","3.105673900","192.168.0.186","192.168.0.178","25858","25565","463","782466","0","0","0x0010"
"1085","2026-08-15T10:06:10.359386400-0500","3.106416500","192.168.0.178","192.168.0.186","25565","25858","782466","463","1460","0","0x0010"
"1086","2026-08-15T10:06:10.359386400-0500","3.106416500","192.168.0.178","192.168.0.186","25565","25858","783926","463","934","0","0x0018"
"1087","2026-08-15T10:06:10.359436400-0500","3.106466500","192.168.0.186","192.168.0.178","25858","25565","463","784860","0","0","0x0010"
"1088","2026-08-15T10:06:10.359951200-0500","3.106981300","192.168.0.186","192.168.0.178","25858","25565","463","784860","11","0","0x0018"
"1089","2026-08-15T10:06:10.362263900-0500","3.109294000","192.168.0.178","192.168.0.186","25565","25858","784860","474","53","0","0x0018"
"1090","2026-08-15T10:06:10.362990800-0500","3.110020900","192.168.0.178","192.168.0.186","25565","25858","784913","474","53","0","0x0018"
"1091","2026-08-15T10:06:10.363020300-0500","3.110050400","192.168.0.186","192.168.0.178","25858","25565","474","784966","0","0","0x0010"
"1092","2026-08-15T10:06:10.363245600-0500","3.110275700","192.168.0.178","192.168.0.186","25565","25858","784966","474","53","0","0x0018"
"1093","2026-08-15T10:06:10.378467600-0500","3.125497700","192.168.0.186","192.168.0.178","25858","25565","474","785019","3","0","0x0018"
"1094","2026-08-15T10:06:10.394701700-0500","3.141731800","192.168.0.178","192.168.0.186","25565","25858","785019","477","53","0","0x0018"
"1095","2026-08-15T10:06:10.394701700-0500","3.141731800","192.168.0.178","192.168.0.186","25565","25858","785072","477","53","0","0x0018"
"1096","2026-08-15T10:06:10.394758100-0500","3.141788200","192.168.0.186","192.168.0.178","25858","25565","477","785125","0","0","0x0010"
"1097","2026-08-15T10:06:10.394805300-0500","3.141835400","192.168.0.178","192.168.0.186","25565","25858","785125","477","53","0","0x0018"
"1098","2026-08-15T10:06:10.407167800-0500","3.154197900","192.168.0.178","192.168.0.186","25565","25858","785178","477","1460","0","0x0010"
"1099","2026-08-15T10:06:10.407167800-0500","3.154197900","192.168.0.178","192.168.0.186","25565","25858","786638","477","1460","0","0x0010"
"1100","2026-08-15T10:06:10.407231100-0500","3.154261200","192.168.0.186","192.168.0.178","25858","25565","477","788098","0","0","0x0010"
"1101","2026-08-15T10:06:10.407391600-0500","3.154421700","192.168.0.178","192.168.0.186","25565","25858","788098","477","1460","0","0x0010"
"1102","2026-08-15T10:06:10.407391600-0500","3.154421700","192.168.0.178","192.168.0.186","25565","25858","789558","477","1460","0","0x0010"
"1103","2026-08-15T10:06:10.407410500-0500","3.154440600","192.168.0.186","192.168.0.178","25858","25565","477","791018","0","0","0x0010"
"1104","2026-08-15T10:06:10.407523700-0500","3.154553800","192.168.0.178","192.168.0.186","25565","25858","791018","477","1460","0","0x0010"
"1105","2026-08-15T10:06:10.407540100-0500","3.154570200","192.168.0.186","192.168.0.178","25858","25565","477","792478","0","0","0x0010"
"1106","2026-08-15T10:06:10.407603000-0500","3.154633100","192.168.0.178","192.168.0.186","25565","25858","792478","477","1460","0","0x0010"
"1107","2026-08-15T10:06:10.407878900-0500","3.154909000","192.168.0.178","192.168.0.186","25565","25858","793938","477","1460","0","0x0010"
"1108","2026-08-15T10:06:10.407878900-0500","3.154909000","192.168.0.178","192.168.0.186","25565","25858","795398","477","1460","0","0x0010"
"1109","2026-08-15T10:06:10.407929100-0500","3.154959200","192.168.0.186","192.168.0.178","25858","25565","477","796858","0","0","0x0010"
"1110","2026-08-15T10:06:10.407995600-0500","3.155025700","192.168.0.178","192.168.0.186","25565","25858","796858","477","1460","0","0x0018"
"1111","2026-08-15T10:06:10.408006200-0500","3.155036300","192.168.0.186","192.168.0.178","25858","25565","477","798318","0","0","0x0010"
"1112","2026-08-15T10:06:10.409946800-0500","3.156976900","192.168.0.178","192.168.0.186","25565","25858","798318","477","1460","0","0x0010"
"1113","2026-08-15T10:06:10.409946800-0500","3.156976900","192.168.0.178","192.168.0.186","25565","25858","799778","477","1460","0","0x0010"
"1114","2026-08-15T10:06:10.409998600-0500","3.157028700","192.168.0.186","192.168.0.178","25858","25565","477","801238","0","0","0x0010"
"1115","2026-08-15T10:06:10.410048800-0500","3.157078900","192.168.0.178","192.168.0.186","25565","25858","801238","477","1460","0","0x0010"
"1116","2026-08-15T10:06:10.410254500-0500","3.157284600","192.168.0.178","192.168.0.186","25565","25858","802698","477","1460","0","0x0010"
"1117","2026-08-15T10:06:10.410254500-0500","3.157284600","192.168.0.178","192.168.0.186","25565","25858","804158","477","317","0","0x0018"
"1118","2026-08-15T10:06:10.410282700-0500","3.157312800","192.168.0.186","192.168.0.178","25858","25565","477","804475","0","0","0x0010"
"1119","2026-08-15T10:06:10.428700700-0500","3.175730800","192.168.0.186","192.168.0.178","25858","25565","477","804475","3","0","0x0018"
"1120","2026-08-15T10:06:10.454561800-0500","3.201591900","192.168.0.178","192.168.0.186","25565","25858","804475","480","1460","0","0x0010"
"1121","2026-08-15T10:06:10.454561800-0500","3.201591900","192.168.0.178","192.168.0.186","25565","25858","805935","480","1460","0","0x0010"
"1122","2026-08-15T10:06:10.454627600-0500","3.201657700","192.168.0.186","192.168.0.178","25858","25565","480","807395","0","0","0x0010"
"1123","2026-08-15T10:06:10.454684200-0500","3.201714300","192.168.0.178","192.168.0.186","25565","25858","807395","480","1460","0","0x0010"
"1124","2026-08-15T10:06:10.454935500-0500","3.201965600","192.168.0.178","192.168.0.186","25565","25858","808855","480","1460","0","0x0010"
"1125","2026-08-15T10:06:10.454935500-0500","3.201965600","192.168.0.178","192.168.0.186","25565","25858","810315","480","1460","0","0x0010"
"1126","2026-08-15T10:06:10.454987400-0500","3.202017500","192.168.0.186","192.168.0.178","25858","25565","480","811775","0","0","0x0010"
"1127","2026-08-15T10:06:10.455048300-0500","3.202078400","192.168.0.178","192.168.0.186","25565","25858","811775","480","1460","0","0x0010"
"1128","2026-08-15T10:06:10.455063900-0500","3.202094000","192.168.0.186","192.168.0.178","25858","25565","480","813235","0","0","0x0010"
"1129","2026-08-15T10:06:10.455294800-0500","3.202324900","192.168.0.178","192.168.0.186","25565","25858","813235","480","1460","0","0x0010"
"1130","2026-08-15T10:06:10.455294800-0500","3.202324900","192.168.0.178","192.168.0.186","25565","25858","814695","480","1460","0","0x0010"
"1131","2026-08-15T10:06:10.455340900-0500","3.202371000","192.168.0.186","192.168.0.178","25858","25565","480","816155","0","0","0x0010"
"1132","2026-08-15T10:06:10.455421000-0500","3.202451100","192.168.0.178","192.168.0.186","25565","25858","816155","480","1412","0","0x0018"
"1133","2026-08-15T10:06:10.459750800-0500","3.206780900","192.168.0.178","192.168.0.186","25565","25858","817567","480","53","0","0x0018"
"1134","2026-08-15T10:06:10.459750800-0500","3.206780900","192.168.0.178","192.168.0.186","25565","25858","817620","480","106","0","0x0018"
"1135","2026-08-15T10:06:10.459792700-0500","3.206822800","192.168.0.186","192.168.0.178","25858","25565","480","817726","0","0","0x0010"
"1136","2026-08-15T10:06:10.476886200-0500","3.223916300","192.168.0.186","192.168.0.178","25858","25565","480","817726","3","0","0x0018"
"1137","2026-08-15T10:06:10.493949200-0500","3.240979300","192.168.0.178","192.168.0.186","25565","25858","817726","483","53","0","0x0018"
"1138","2026-08-15T10:06:10.493949200-0500","3.240979300","192.168.0.178","192.168.0.186","25565","25858","817779","483","106","0","0x0018"
"1139","2026-08-15T10:06:10.493992300-0500","3.241022400","192.168.0.186","192.168.0.178","25858","25565","483","817885","0","0","0x0010"
"1140","2026-08-15T10:06:10.509169000-0500","3.256199100","192.168.0.178","192.168.0.186","25565","25858","817885","483","1460","0","0x0010"
"1141","2026-08-15T10:06:10.509169000-0500","3.256199100","192.168.0.178","192.168.0.186","25565","25858","819345","483","1460","0","0x0010"
"1142","2026-08-15T10:06:10.509223000-0500","3.256253100","192.168.0.186","192.168.0.178","25858","25565","483","820805","0","0","0x0010"
"1143","2026-08-15T10:06:10.509260200-0500","3.256290300","192.168.0.178","192.168.0.186","25565","25858","820805","483","1460","0","0x0010"
"1144","2026-08-15T10:06:10.509475800-0500","3.256505900","192.168.0.178","192.168.0.186","25565","25858","822265","483","1460","0","0x0010"
"1145","2026-08-15T10:06:10.509475800-0500","3.256505900","192.168.0.178","192.168.0.186","25565","25858","823725","483","1460","0","0x0010"
"1146","2026-08-15T10:06:10.509497800-0500","3.256527900","192.168.0.186","192.168.0.178","25858","25565","483","825185","0","0","0x0010"
"1147","2026-08-15T10:06:10.509717000-0500","3.256747100","192.168.0.178","192.168.0.186","25565","25858","825185","483","1460","0","0x0010"
"1148","2026-08-15T10:06:10.509717000-0500","3.256747100","192.168.0.178","192.168.0.186","25565","25858","826645","483","1460","0","0x0010"
"1149","2026-08-15T10:06:10.509734600-0500","3.256764700","192.168.0.186","192.168.0.178","25858","25565","483","828105","0","0","0x0010"
"1150","2026-08-15T10:06:10.509949200-0500","3.256979300","192.168.0.178","192.168.0.186","25565","25858","828105","483","1460","0","0x0010"
"1151","2026-08-15T10:06:10.509970400-0500","3.257000500","192.168.0.186","192.168.0.178","25858","25565","483","829565","0","0","0x0010"
"1152","2026-08-15T10:06:10.510020600-0500","3.257050700","192.168.0.178","192.168.0.186","25565","25858","829565","483","1460","0","0x0018"
"1153","2026-08-15T10:06:10.510190100-0500","3.257220200","192.168.0.178","192.168.0.186","25565","25858","831025","483","1460","0","0x0010"
"1154","2026-08-15T10:06:10.510207700-0500","3.257237800","192.168.0.186","192.168.0.178","25858","25565","483","832485","0","0","0x0010"
"1155","2026-08-15T10:06:10.510243400-0500","3.257273500","192.168.0.178","192.168.0.186","25565","25858","832485","483","1460","0","0x0010"
"1156","2026-08-15T10:06:10.510417700-0500","3.257447800","192.168.0.178","192.168.0.186","25565","25858","833945","483","1460","0","0x0010"
"1157","2026-08-15T10:06:10.510417700-0500","3.257447800","192.168.0.178","192.168.0.186","25565","25858","835405","483","1007","0","0x0018"
"1158","2026-08-15T10:06:10.510417700-0500","3.257447800","192.168.0.178","192.168.0.186","25565","25858","836412","483","53","0","0x0018"
"1159","2026-08-15T10:06:10.510439500-0500","3.257469600","192.168.0.186","192.168.0.178","25858","25565","483","836465","0","0","0x0010"
"1160","2026-08-15T10:06:10.510475800-0500","3.257505900","192.168.0.178","192.168.0.186","25565","25858","836465","483","106","0","0x0018"
"1161","2026-08-15T10:06:10.527276000-0500","3.274306100","192.168.0.186","192.168.0.178","25858","25565","483","836571","3","0","0x0018"
"1162","2026-08-15T10:06:10.559994000-0500","3.307024100","192.168.0.178","192.168.0.186","25565","25858","836571","486","1460","0","0x0010"
"1163","2026-08-15T10:06:10.559994000-0500","3.307024100","192.168.0.178","192.168.0.186","25565","25858","838031","486","1460","0","0x0010"
"1164","2026-08-15T10:06:10.560074700-0500","3.307104800","192.168.0.186","192.168.0.178","25858","25565","486","839491","0","0","0x0010"
"1165","2026-08-15T10:06:10.560170600-0500","3.307200700","192.168.0.178","192.168.0.186","25565","25858","839491","486","1460","0","0x0010"
"1166","2026-08-15T10:06:10.560193400-0500","3.307223500","192.168.0.178","192.168.0.186","25565","25858","840951","486","1460","0","0x0010"
"1167","2026-08-15T10:06:10.560201200-0500","3.307231300","192.168.0.186","192.168.0.178","25858","25565","486","842411","0","0","0x0010"
"1168","2026-08-15T10:06:10.560417800-0500","3.307447900","192.168.0.178","192.168.0.186","25565","25858","842411","486","1460","0","0x0010"
"1169","2026-08-15T10:06:10.560527500-0500","3.307557600","192.168.0.178","192.168.0.186","25565","25858","843871","486","1460","0","0x0010"
"1170","2026-08-15T10:06:10.560552300-0500","3.307582400","192.168.0.186","192.168.0.178","25858","25565","486","845331","0","0","0x0010"
"1171","2026-08-15T10:06:10.560590000-0500","3.307620100","192.168.0.178","192.168.0.186","25565","25858","845331","486","1460","0","0x0010"
"1172","2026-08-15T10:06:10.560838500-0500","3.307868600","192.168.0.178","192.168.0.186","25565","25858","846791","486","1460","0","0x0010"
"1173","2026-08-15T10:06:10.560838500-0500","3.307868600","192.168.0.178","192.168.0.186","25565","25858","848251","486","1460","0","0x0018"
"1174","2026-08-15T10:06:10.560891300-0500","3.307921400","192.168.0.186","192.168.0.178","25858","25565","486","849711","0","0","0x0010"
"1175","2026-08-15T10:06:10.560928900-0500","3.307959000","192.168.0.178","192.168.0.186","25565","25858","849711","486","1460","0","0x0010"
"1176","2026-08-15T10:06:10.560945100-0500","3.307975200","192.168.0.186","192.168.0.178","25858","25565","486","851171","0","0","0x0010"
"1177","2026-08-15T10:06:10.561200100-0500","3.308230200","192.168.0.178","192.168.0.186","25565","25858","851171","486","1414","0","0x0018"
"1178","2026-08-15T10:06:10.577005800-0500","3.324035900","192.168.0.186","192.168.0.178","25858","25565","486","852585","3","0","0x0018"
"1179","2026-08-15T10:06:10.593328500-0500","3.340358600","192.168.0.178","192.168.0.186","25565","25858","852585","489","53","0","0x0018"
"1180","2026-08-15T10:06:10.593328500-0500","3.340358600","192.168.0.178","192.168.0.186","25565","25858","852638","489","106","0","0x0018"
"1181","2026-08-15T10:06:10.593384700-0500","3.340414800","192.168.0.186","192.168.0.178","25858","25565","489","852744","0","0","0x0010"
"1182","2026-08-15T10:06:10.610148200-0500","3.357178300","192.168.0.178","192.168.0.186","25565","25858","852744","489","1460","0","0x0010"
"1183","2026-08-15T10:06:10.610148200-0500","3.357178300","192.168.0.178","192.168.0.186","25565","25858","854204","489","1460","0","0x0010"
"1184","2026-08-15T10:06:10.610190400-0500","3.357220500","192.168.0.186","192.168.0.178","25858","25565","489","855664","0","0","0x0010"
"1185","2026-08-15T10:06:10.610243400-0500","3.357273500","192.168.0.178","192.168.0.186","25565","25858","855664","489","1460","0","0x0010"
"1186","2026-08-15T10:06:10.610473200-0500","3.357503300","192.168.0.178","192.168.0.186","25565","25858","857124","489","1460","0","0x0010"
"1187","2026-08-15T10:06:10.610473200-0500","3.357503300","192.168.0.178","192.168.0.186","25565","25858","858584","489","1460","0","0x0010"
"1188","2026-08-15T10:06:10.610499800-0500","3.357529900","192.168.0.186","192.168.0.178","25858","25565","489","860044","0","0","0x0010"
"1189","2026-08-15T10:06:10.610719700-0500","3.357749800","192.168.0.178","192.168.0.186","25565","25858","860044","489","1460","0","0x0010"
"1190","2026-08-15T10:06:10.610719700-0500","3.357749800","192.168.0.178","192.168.0.186","25565","25858","861504","489","1460","0","0x0010"
"1191","2026-08-15T10:06:10.610745900-0500","3.357776000","192.168.0.186","192.168.0.178","25858","25565","489","862964","0","0","0x0010"
"1192","2026-08-15T10:06:10.610967100-0500","3.357997200","192.168.0.178","192.168.0.186","25565","25858","862964","489","1460","0","0x0010"
"1193","2026-08-15T10:06:10.610967100-0500","3.357997200","192.168.0.178","192.168.0.186","25565","25858","864424","489","1460","0","0x0018"
"1194","2026-08-15T10:06:10.610993100-0500","3.358023200","192.168.0.186","192.168.0.178","25858","25565","489","865884","0","0","0x0010"
"1195","2026-08-15T10:06:10.611209400-0500","3.358239500","192.168.0.178","192.168.0.186","25565","25858","865884","489","1460","0","0x0010"
"1196","2026-08-15T10:06:10.611209400-0500","3.358239500","192.168.0.178","192.168.0.186","25565","25858","867344","489","1460","0","0x0010"
"1197","2026-08-15T10:06:10.611235600-0500","3.358265700","192.168.0.186","192.168.0.178","25858","25565","489","868804","0","0","0x0010"
"1198","2026-08-15T10:06:10.611481700-0500","3.358511800","192.168.0.178","192.168.0.186","25565","25858","868804","489","1221","0","0x0018"
"1199","2026-08-15T10:06:10.611481700-0500","3.358511800","192.168.0.178","192.168.0.186","25565","25858","870025","489","53","0","0x0018"
"1200","2026-08-15T10:06:10.611481700-0500","3.358511800","192.168.0.178","192.168.0.186","25565","25858","870078","489","53","0","0x0018"
"1201","2026-08-15T10:06:10.611481700-0500","3.358511800","192.168.0.178","192.168.0.186","25565","25858","870131","489","53","0","0x0018"
"1202","2026-08-15T10:06:10.611512500-0500","3.358542600","192.168.0.186","192.168.0.178","25858","25565","489","870184","0","0","0x0010"
"1203","2026-08-15T10:06:10.627430000-0500","3.374460100","192.168.0.186","192.168.0.178","25858","25565","489","870184","3","0","0x0018"
"1204","2026-08-15T10:06:10.655635100-0500","3.402665200","192.168.0.178","192.168.0.186","25565","25858","870184","492","1460","0","0x0010"
"1205","2026-08-15T10:06:10.655635100-0500","3.402665200","192.168.0.178","192.168.0.186","25565","25858","871644","492","1460","0","0x0010"
"1206","2026-08-15T10:06:10.655706500-0500","3.402736600","192.168.0.186","192.168.0.178","25858","25565","492","873104","0","0","0x0010"
"1207","2026-08-15T10:06:10.655750500-0500","3.402780600","192.168.0.178","192.168.0.186","25565","25858","873104","492","1460","0","0x0010"
"1208","2026-08-15T10:06:10.655820900-0500","3.402851000","192.168.0.178","192.168.0.186","25565","25858","874564","492","1460","0","0x0010"
"1209","2026-08-15T10:06:10.655829200-0500","3.402859300","192.168.0.186","192.168.0.178","25858","25565","492","876024","0","0","0x0010"
"1210","2026-08-15T10:06:10.656088200-0500","3.403118300","192.168.0.178","192.168.0.186","25565","25858","876024","492","1460","0","0x0010"
"1211","2026-08-15T10:06:10.656088200-0500","3.403118300","192.168.0.178","192.168.0.186","25565","25858","877484","492","1460","0","0x0010"
"1212","2026-08-15T10:06:10.656139700-0500","3.403169800","192.168.0.186","192.168.0.178","25858","25565","492","878944","0","0","0x0010"
"1213","2026-08-15T10:06:10.656204200-0500","3.403234300","192.168.0.178","192.168.0.186","25565","25858","878944","492","1460","0","0x0010"
"1214","2026-08-15T10:06:10.656464900-0500","3.403495000","192.168.0.178","192.168.0.186","25565","25858","880404","492","1460","0","0x0010"
"1215","2026-08-15T10:06:10.656464900-0500","3.403495000","192.168.0.178","192.168.0.186","25565","25858","881864","492","1460","0","0x0018"
"1216","2026-08-15T10:06:10.656516600-0500","3.403546700","192.168.0.186","192.168.0.178","25858","25565","492","883324","0","0","0x0010"
"1217","2026-08-15T10:06:10.659301700-0500","3.406331800","192.168.0.178","192.168.0.186","25565","25858","883324","492","163","0","0x0018"
"1218","2026-08-15T10:06:10.659301700-0500","3.406331800","192.168.0.178","192.168.0.186","25565","25858","883487","492","53","0","0x0018"
"1219","2026-08-15T10:06:10.659301700-0500","3.406331800","192.168.0.178","192.168.0.186","25565","25858","883540","492","53","0","0x0018"
"1220","2026-08-15T10:06:10.659301700-0500","3.406331800","192.168.0.178","192.168.0.186","25565","25858","883593","492","53","0","0x0018"
"1221","2026-08-15T10:06:10.659354800-0500","3.406384900","192.168.0.186","192.168.0.178","25858","25565","492","883646","0","0","0x0010"
"1222","2026-08-15T10:06:10.677270100-0500","3.424300200","192.168.0.186","192.168.0.178","25858","25565","492","883646","3","0","0x0018"
"1223","2026-08-15T10:06:10.694334500-0500","3.441364600","192.168.0.178","192.168.0.186","25565","25858","883646","495","53","0","0x0018"
"1224","2026-08-15T10:06:10.694334500-0500","3.441364600","192.168.0.178","192.168.0.186","25565","25858","883699","495","106","0","0x0018"
"1225","2026-08-15T10:06:10.694384200-0500","3.441414300","192.168.0.186","192.168.0.178","25858","25565","495","883805","0","0","0x0010"
"1226","2026-08-15T10:06:10.705779100-0500","3.452809200","192.168.0.178","192.168.0.186","25565","25858","883805","495","1460","0","0x0010"
"1227","2026-08-15T10:06:10.705779100-0500","3.452809200","192.168.0.178","192.168.0.186","25565","25858","885265","495","1460","0","0x0010"
"1228","2026-08-15T10:06:10.705838900-0500","3.452869000","192.168.0.186","192.168.0.178","25858","25565","495","886725","0","0","0x0010"
"1229","2026-08-15T10:06:10.705895000-0500","3.452925100","192.168.0.178","192.168.0.186","25565","25858","886725","495","1460","0","0x0010"
"1230","2026-08-15T10:06:10.706128900-0500","3.453159000","192.168.0.178","192.168.0.186","25565","25858","888185","495","1460","0","0x0010"
"1231","2026-08-15T10:06:10.706128900-0500","3.453159000","192.168.0.178","192.168.0.186","25565","25858","889645","495","1460","0","0x0010"
"1232","2026-08-15T10:06:10.706181300-0500","3.453211400","192.168.0.186","192.168.0.178","25858","25565","495","891105","0","0","0x0010"
"1233","2026-08-15T10:06:10.706250700-0500","3.453280800","192.168.0.178","192.168.0.186","25565","25858","891105","495","1460","0","0x0010"
"1234","2026-08-15T10:06:10.706261700-0500","3.453291800","192.168.0.186","192.168.0.178","25858","25565","495","892565","0","0","0x0010"
"1235","2026-08-15T10:06:10.706507700-0500","3.453537800","192.168.0.178","192.168.0.186","25565","25858","892565","495","1460","0","0x0010"
"1236","2026-08-15T10:06:10.706507700-0500","3.453537800","192.168.0.178","192.168.0.186","25565","25858","894025","495","1460","0","0x0010"
"1237","2026-08-15T10:06:10.706548500-0500","3.453578600","192.168.0.186","192.168.0.178","25858","25565","495","895485","0","0","0x0010"
"1238","2026-08-15T10:06:10.706614900-0500","3.453645000","192.168.0.178","192.168.0.186","25565","25858","895485","495","1460","0","0x0018"
"1239","2026-08-15T10:06:10.708222300-0500","3.455252400","192.168.0.178","192.168.0.186","25565","25858","896945","495","1460","0","0x0010"
"1240","2026-08-15T10:06:10.708222300-0500","3.455252400","192.168.0.178","192.168.0.186","25565","25858","898405","495","1460","0","0x0010"
"1241","2026-08-15T10:06:10.708273200-0500","3.455303300","192.168.0.186","192.168.0.178","25858","25565","495","899865","0","0","0x0010"
"1242","2026-08-15T10:06:10.708332400-0500","3.455362500","192.168.0.178","192.168.0.186","25565","25858","899865","495","1460","0","0x0010"
"1243","2026-08-15T10:06:10.708346400-0500","3.455376500","192.168.0.186","192.168.0.178","25858","25565","495","901325","0","0","0x0010"
"1244","2026-08-15T10:06:10.708387000-0500","3.455417100","192.168.0.178","192.168.0.186","25565","25858","901325","495","1017","0","0x0018"
"1245","2026-08-15T10:06:10.727112800-0500","3.474142900","192.168.0.186","192.168.0.178","25858","25565","495","902342","3","0","0x0018"
"1246","2026-08-15T10:06:10.761166400-0500","3.508196500","192.168.0.178","192.168.0.186","25565","25858","902342","498","1460","0","0x0010"
"1247","2026-08-15T10:06:10.761166400-0500","3.508196500","192.168.0.178","192.168.0.186","25565","25858","903802","498","1460","0","0x0010"
"1248","2026-08-15T10:06:10.761233200-0500","3.508263300","192.168.0.186","192.168.0.178","25858","25565","498","905262","0","0","0x0010"
"1249","2026-08-15T10:06:10.761281800-0500","3.508311900","192.168.0.178","192.168.0.186","25565","25858","905262","498","1460","0","0x0010"
"1250","2026-08-15T10:06:10.761516700-0500","3.508546800","192.168.0.178","192.168.0.186","25565","25858","906722","498","1460","0","0x0010"
"1251","2026-08-15T10:06:10.761516700-0500","3.508546800","192.168.0.178","192.168.0.186","25565","25858","908182","498","1460","0","0x0010"
"1252","2026-08-15T10:06:10.761557500-0500","3.508587600","192.168.0.186","192.168.0.178","25858","25565","498","909642","0","0","0x0010"
"1253","2026-08-15T10:06:10.761761600-0500","3.508791700","192.168.0.178","192.168.0.186","25565","25858","909642","498","1460","0","0x0010"
"1254","2026-08-15T10:06:10.761761600-0500","3.508791700","192.168.0.178","192.168.0.186","25565","25858","911102","498","1460","0","0x0010"
"1255","2026-08-15T10:06:10.761802300-0500","3.508832400","192.168.0.186","192.168.0.178","25858","25565","498","912562","0","0","0x0010"
"1256","2026-08-15T10:06:10.761865100-0500","3.508895200","192.168.0.178","192.168.0.186","25565","25858","912562","498","1460","0","0x0010"
"1257","2026-08-15T10:06:10.761877400-0500","3.508907500","192.168.0.186","192.168.0.178","25858","25565","498","914022","0","0","0x0010"
"1258","2026-08-15T10:06:10.762111200-0500","3.509141300","192.168.0.178","192.168.0.186","25565","25858","914022","498","1460","0","0x0018"
"1259","2026-08-15T10:06:10.763265300-0500","3.510295400","192.168.0.178","192.168.0.186","25565","25858","915482","498","1460","0","0x0010"
"1260","2026-08-15T10:06:10.763265300-0500","3.510295400","192.168.0.178","192.168.0.186","25565","25858","916942","498","1460","0","0x0010"
"1261","2026-08-15T10:06:10.763315500-0500","3.510345600","192.168.0.186","192.168.0.178","25858","25565","498","918402","0","0","0x0010"
"1262","2026-08-15T10:06:10.763381900-0500","3.510412000","192.168.0.178","192.168.0.186","25565","25858","918402","498","1460","0","0x0010"
"1263","2026-08-15T10:06:10.763391800-0500","3.510421900","192.168.0.186","192.168.0.178","25858","25565","498","919862","0","0","0x0010"
"1264","2026-08-15T10:06:10.763632300-0500","3.510662400","192.168.0.178","192.168.0.186","25565","25858","919862","498","1460","0","0x0010"
"1265","2026-08-15T10:06:10.763632300-0500","3.510662400","192.168.0.178","192.168.0.186","25565","25858","921322","498","1037","0","0x0018"
"1266","2026-08-15T10:06:10.763632300-0500","3.510662400","192.168.0.178","192.168.0.186","25565","25858","922359","498","53","0","0x0018"
"1267","2026-08-15T10:06:10.763632300-0500","3.510662400","192.168.0.178","192.168.0.186","25565","25858","922412","498","53","0","0x0018"
"1268","2026-08-15T10:06:10.763632300-0500","3.510662400","192.168.0.178","192.168.0.186","25565","25858","922465","498","53","0","0x0018"
"1269","2026-08-15T10:06:10.763685000-0500","3.510715100","192.168.0.186","192.168.0.178","25858","25565","498","922518","0","0","0x0010"
"1270","2026-08-15T10:06:10.778846200-0500","3.525876300","192.168.0.186","192.168.0.178","25858","25565","498","922518","3","0","0x0018"
"1271","2026-08-15T10:06:10.794173700-0500","3.541203800","192.168.0.178","192.168.0.186","25565","25858","922518","501","53","0","0x0018"
"1272","2026-08-15T10:06:10.794173700-0500","3.541203800","192.168.0.178","192.168.0.186","25565","25858","922571","501","53","0","0x0018"
"1273","2026-08-15T10:06:10.794173700-0500","3.541203800","192.168.0.178","192.168.0.186","25565","25858","922624","501","53","0","0x0018"
"1274","2026-08-15T10:06:10.794225000-0500","3.541255100","192.168.0.186","192.168.0.178","25858","25565","501","922677","0","0","0x0010"
"1275","2026-08-15T10:06:10.811876200-0500","3.558906300","192.168.0.178","192.168.0.186","25565","25858","922677","501","1460","0","0x0010"
"1276","2026-08-15T10:06:10.811876200-0500","3.558906300","192.168.0.178","192.168.0.186","25565","25858","924137","501","1460","0","0x0010"
"1277","2026-08-15T10:06:10.811929900-0500","3.558960000","192.168.0.186","192.168.0.178","25858","25565","501","925597","0","0","0x0010"
"1278","2026-08-15T10:06:10.811977800-0500","3.559007900","192.168.0.178","192.168.0.186","25565","25858","925597","501","1460","0","0x0010"
"1279","2026-08-15T10:06:10.811991300-0500","3.559021400","192.168.0.186","192.168.0.178","25858","25565","501","927057","0","0","0x0010"
"1280","2026-08-15T10:06:10.812214800-0500","3.559244900","192.168.0.178","192.168.0.186","25565","25858","927057","501","1460","0","0x0010"
"1281","2026-08-15T10:06:10.812214800-0500","3.559244900","192.168.0.178","192.168.0.186","25565","25858","928517","501","1460","0","0x0010"
"1282","2026-08-15T10:06:10.812321400-0500","3.559351500","192.168.0.186","192.168.0.178","25858","25565","501","929977","0","0","0x0010"
"1283","2026-08-15T10:06:10.812354400-0500","3.559384500","192.168.0.178","192.168.0.186","25565","25858","929977","501","1460","0","0x0010"
"1284","2026-08-15T10:06:10.812579200-0500","3.559609300","192.168.0.178","192.168.0.186","25565","25858","931437","501","1460","0","0x0010"
"1285","2026-08-15T10:06:10.812579200-0500","3.559609300","192.168.0.178","192.168.0.186","25565","25858","932897","501","1460","0","0x0010"
"1286","2026-08-15T10:06:10.812618000-0500","3.559648100","192.168.0.186","192.168.0.178","25858","25565","501","934357","0","0","0x0010"
"1287","2026-08-15T10:06:10.812734000-0500","3.559764100","192.168.0.178","192.168.0.186","25565","25858","934357","501","1460","0","0x0018"
"1288","2026-08-15T10:06:10.812750100-0500","3.559780200","192.168.0.186","192.168.0.178","25858","25565","501","935817","0","0","0x0010"
"1289","2026-08-15T10:06:10.812812900-0500","3.559843000","192.168.0.178","192.168.0.186","25565","25858","935817","501","1460","0","0x0010"
"1290","2026-08-15T10:06:10.813071700-0500","3.560101800","192.168.0.178","192.168.0.186","25565","25858","937277","501","1460","0","0x0010"
"1291","2026-08-15T10:06:10.813071700-0500","3.560101800","192.168.0.178","192.168.0.186","25565","25858","938737","501","1460","0","0x0010"
"1292","2026-08-15T10:06:10.813112200-0500","3.560142300","192.168.0.186","192.168.0.178","25858","25565","501","940197","0","0","0x0010"
"1293","2026-08-15T10:06:10.813145700-0500","3.560175800","192.168.0.178","192.168.0.186","25565","25858","940197","501","341","0","0x0018"
"1294","2026-08-15T10:06:10.813145700-0500","3.560175800","192.168.0.178","192.168.0.186","25565","25858","940538","501","53","0","0x0018"
"1295","2026-08-15T10:06:10.813145700-0500","3.560175800","192.168.0.178","192.168.0.186","25565","25858","940591","501","53","0","0x0018"
"1296","2026-08-15T10:06:10.813145700-0500","3.560175800","192.168.0.178","192.168.0.186","25565","25858","940644","501","53","0","0x0018"
"1297","2026-08-15T10:06:10.813162600-0500","3.560192700","192.168.0.186","192.168.0.178","25858","25565","501","940697","0","0","0x0010"
"1298","2026-08-15T10:06:10.826922200-0500","3.573952300","192.168.0.186","192.168.0.178","25858","25565","501","940697","3","0","0x0018"
"1299","2026-08-15T10:06:10.870633800-0500","3.617663900","192.168.0.178","192.168.0.186","25565","25858","940697","504","0","0","0x0010"
"1300","2026-08-15T10:06:10.873080100-0500","3.620110200","192.168.0.178","192.168.0.186","25565","25858","940697","504","1460","0","0x0010"
"1301","2026-08-15T10:06:10.873080100-0500","3.620110200","192.168.0.178","192.168.0.186","25565","25858","942157","504","1460","0","0x0010"
"1302","2026-08-15T10:06:10.873144100-0500","3.620174200","192.168.0.186","192.168.0.178","25858","25565","504","943617","0","0","0x0010"
"1303","2026-08-15T10:06:10.873201500-0500","3.620231600","192.168.0.178","192.168.0.186","25565","25858","943617","504","1460","0","0x0010"
"1304","2026-08-15T10:06:10.873449500-0500","3.620479600","192.168.0.178","192.168.0.186","25565","25858","945077","504","1460","0","0x0010"
"1305","2026-08-15T10:06:10.873449500-0500","3.620479600","192.168.0.178","192.168.0.186","25565","25858","946537","504","1460","0","0x0010"
"1306","2026-08-15T10:06:10.873498300-0500","3.620528400","192.168.0.186","192.168.0.178","25858","25565","504","947997","0","0","0x0010"
"1307","2026-08-15T10:06:10.873585100-0500","3.620615200","192.168.0.178","192.168.0.186","25565","25858","947997","504","1460","0","0x0010"
"1308","2026-08-15T10:06:10.873603100-0500","3.620633200","192.168.0.186","192.168.0.178","25858","25565","504","949457","0","0","0x0010"
"1309","2026-08-15T10:06:10.873683500-0500","3.620713600","192.168.0.178","192.168.0.186","25565","25858","949457","504","1460","0","0x0010"
"1310","2026-08-15T10:06:10.873906500-0500","3.620936600","192.168.0.178","192.168.0.186","25565","25858","950917","504","1460","0","0x0010"
"1311","2026-08-15T10:06:10.873906500-0500","3.620936600","192.168.0.178","192.168.0.186","25565","25858","952377","504","748","0","0x0018"
"1312","2026-08-15T10:06:10.873951900-0500","3.620982000","192.168.0.186","192.168.0.178","25858","25565","504","953125","0","0","0x0010"
"1313","2026-08-15T10:06:10.878582900-0500","3.625613000","192.168.0.186","192.168.0.178","25858","25565","504","953125","3","0","0x0018"
"1314","2026-08-15T10:06:10.879194900-0500","3.626225000","192.168.0.178","192.168.0.186","25565","25858","953125","507","0","0","0x0010"
"1315","2026-08-15T10:06:10.906677100-0500","3.653707200","192.168.0.178","192.168.0.186","25565","25858","953125","507","1460","0","0x0010"
"1316","2026-08-15T10:06:10.906677100-0500","3.653707200","192.168.0.178","192.168.0.186","25565","25858","954585","507","1460","0","0x0010"
"1317","2026-08-15T10:06:10.906740500-0500","3.653770600","192.168.0.186","192.168.0.178","25858","25565","507","956045","0","0","0x0010"
"1318","2026-08-15T10:06:10.906792100-0500","3.653822200","192.168.0.178","192.168.0.186","25565","25858","956045","507","1460","0","0x0010"
"1319","2026-08-15T10:06:10.906918100-0500","3.653948200","192.168.0.178","192.168.0.186","25565","25858","957505","507","1460","0","0x0010"
"1320","2026-08-15T10:06:10.906926800-0500","3.653956900","192.168.0.186","192.168.0.178","25858","25565","507","958965","0","0","0x0010"
"1321","2026-08-15T10:06:10.906991600-0500","3.654021700","192.168.0.178","192.168.0.186","25565","25858","958965","507","1460","0","0x0010"
"1322","2026-08-15T10:06:10.907269900-0500","3.654300000","192.168.0.178","192.168.0.186","25565","25858","960425","507","1460","0","0x0010"
"1323","2026-08-15T10:06:10.907269900-0500","3.654300000","192.168.0.178","192.168.0.186","25565","25858","961885","507","1460","0","0x0010"
"1324","2026-08-15T10:06:10.907320200-0500","3.654350300","192.168.0.186","192.168.0.178","25858","25565","507","963345","0","0","0x0010"
"1325","2026-08-15T10:06:10.907384800-0500","3.654414900","192.168.0.178","192.168.0.186","25565","25858","963345","507","1460","0","0x0010"
"1326","2026-08-15T10:06:10.907400700-0500","3.654430800","192.168.0.186","192.168.0.178","25858","25565","507","964805","0","0","0x0010"
"1327","2026-08-15T10:06:10.907599200-0500","3.654629300","192.168.0.178","192.168.0.186","25565","25858","964805","507","1460","0","0x0018"
"1328","2026-08-15T10:06:10.907662900-0500","3.654693000","192.168.0.178","192.168.0.186","25565","25858","966265","507","1460","0","0x0010"
"1329","2026-08-15T10:06:10.907688300-0500","3.654718400","192.168.0.186","192.168.0.178","25858","25565","507","967725","0","0","0x0010"
"1330","2026-08-15T10:06:10.907754200-0500","3.654784300","192.168.0.178","192.168.0.186","25565","25858","967725","507","1460","0","0x0010"
"1331","2026-08-15T10:06:10.908000700-0500","3.655030800","192.168.0.178","192.168.0.186","25565","25858","969185","507","1460","0","0x0010"
"1332","2026-08-15T10:06:10.908000700-0500","3.655030800","192.168.0.178","192.168.0.186","25565","25858","970645","507","1460","0","0x0010"
"1333","2026-08-15T10:06:10.908052600-0500","3.655082700","192.168.0.186","192.168.0.178","25858","25565","507","972105","0","0","0x0010"
"1334","2026-08-15T10:06:10.908115900-0500","3.655146000","192.168.0.178","192.168.0.186","25565","25858","972105","507","1460","0","0x0010"
"1335","2026-08-15T10:06:10.908115900-0500","3.655146000","192.168.0.178","192.168.0.186","25565","25858","973565","507","96","0","0x0018"
"1336","2026-08-15T10:06:10.908115900-0500","3.655146000","192.168.0.178","192.168.0.186","25565","25858","973661","507","53","0","0x0018"
"1337","2026-08-15T10:06:10.908148500-0500","3.655178600","192.168.0.186","192.168.0.178","25858","25565","507","973714","0","0","0x0010"
"1338","2026-08-15T10:06:10.908234600-0500","3.655264700","192.168.0.178","192.168.0.186","25565","25858","973714","507","53","0","0x0018"
"1339","2026-08-15T10:06:10.908234600-0500","3.655264700","192.168.0.178","192.168.0.186","25565","25858","973767","507","53","0","0x0018"
"1340","2026-08-15T10:06:10.908244900-0500","3.655275000","192.168.0.186","192.168.0.178","25858","25565","507","973820","0","0","0x0010"
"1341","2026-08-15T10:06:10.928267600-0500","3.675297700","192.168.0.186","192.168.0.178","25858","25565","507","973820","3","0","0x0018"
"1342","2026-08-15T10:06:10.944583800-0500","3.691613900","192.168.0.178","192.168.0.186","25565","25858","973820","510","53","0","0x0018"
"1343","2026-08-15T10:06:10.944583800-0500","3.691613900","192.168.0.178","192.168.0.186","25565","25858","973873","510","106","0","0x0018"
"1344","2026-08-15T10:06:10.944644100-0500","3.691674200","192.168.0.186","192.168.0.178","25858","25565","510","973979","0","0","0x0010"
"1345","2026-08-15T10:06:10.955823200-0500","3.702853300","192.168.0.178","192.168.0.186","25565","25858","973979","510","1460","0","0x0010"
"1346","2026-08-15T10:06:10.955823200-0500","3.702853300","192.168.0.178","192.168.0.186","25565","25858","975439","510","1460","0","0x0010"
"1347","2026-08-15T10:06:10.955874700-0500","3.702904800","192.168.0.186","192.168.0.178","25858","25565","510","976899","0","0","0x0010"
"1348","2026-08-15T10:06:10.955933600-0500","3.702963700","192.168.0.178","192.168.0.186","25565","25858","976899","510","1460","0","0x0010"
"1349","2026-08-15T10:06:10.956172100-0500","3.703202200","192.168.0.178","192.168.0.186","25565","25858","978359","510","1460","0","0x0010"
"1350","2026-08-15T10:06:10.956172100-0500","3.703202200","192.168.0.178","192.168.0.186","25565","25858","979819","510","1460","0","0x0010"
"1351","2026-08-15T10:06:10.956233200-0500","3.703263300","192.168.0.186","192.168.0.178","25858","25565","510","981279","0","0","0x0010"
"1352","2026-08-15T10:06:10.956275300-0500","3.703305400","192.168.0.178","192.168.0.186","25565","25858","981279","510","1460","0","0x0010"
"1353","2026-08-15T10:06:10.956290300-0500","3.703320400","192.168.0.186","192.168.0.178","25858","25565","510","982739","0","0","0x0010"
"1354","2026-08-15T10:06:10.956537400-0500","3.703567500","192.168.0.178","192.168.0.186","25565","25858","982739","510","1460","0","0x0010"
"1355","2026-08-15T10:06:10.956537400-0500","3.703567500","192.168.0.178","192.168.0.186","25565","25858","984199","510","1460","0","0x0010"
"1356","2026-08-15T10:06:10.956589700-0500","3.703619800","192.168.0.186","192.168.0.178","25858","25565","510","985659","0","0","0x0010"
"1357","2026-08-15T10:06:10.956656000-0500","3.703686100","192.168.0.178","192.168.0.186","25565","25858","985659","510","1460","0","0x0018"
"1358","2026-08-15T10:06:10.956904100-0500","3.703934200","192.168.0.178","192.168.0.186","25565","25858","987119","510","1460","0","0x0010"
"1359","2026-08-15T10:06:10.956904100-0500","3.703934200","192.168.0.178","192.168.0.186","25565","25858","988579","510","1090","0","0x0018"
"1360","2026-08-15T10:06:10.956960800-0500","3.703990900","192.168.0.186","192.168.0.178","25858","25565","510","989669","0","0","0x0010"
"1361","2026-08-15T10:06:10.960608300-0500","3.707638400","192.168.0.178","192.168.0.186","25565","25858","989669","510","53","0","0x0018"
"1362","2026-08-15T10:06:10.960608300-0500","3.707638400","192.168.0.178","192.168.0.186","25565","25858","989722","510","106","0","0x0018"
"1363","2026-08-15T10:06:10.960680000-0500","3.707710100","192.168.0.186","192.168.0.178","25858","25565","510","989828","0","0","0x0010"
"1364","2026-08-15T10:06:10.975924000-0500","3.722954100","192.168.0.186","192.168.0.178","25858","25565","510","989828","28","0","0x0018"
"1365","2026-08-15T10:06:10.976662800-0500","3.723692900","192.168.0.186","192.168.0.178","25858","25565","538","989828","3","0","0x0018"
"1366","2026-08-15T10:06:10.977260600-0500","3.724290700","192.168.0.178","192.168.0.186","25565","25858","989828","541","0","0","0x0010"
"1367","2026-08-15T10:06:10.993976100-0500","3.741006200","192.168.0.178","192.168.0.186","25565","25858","989828","541","53","0","0x0018"
"1368","2026-08-15T10:06:10.993976100-0500","3.741006200","192.168.0.178","192.168.0.186","25565","25858","989881","541","53","0","0x0018"
"1369","2026-08-15T10:06:10.994013900-0500","3.741044000","192.168.0.186","192.168.0.178","25858","25565","541","989934","0","0","0x0010"
"1370","2026-08-15T10:06:10.994047500-0500","3.741077600","192.168.0.178","192.168.0.186","25565","25858","989934","541","53","0","0x0018"
"1371","2026-08-15T10:06:11.006691800-0500","3.753721900","192.168.0.178","192.168.0.186","25565","25858","989987","541","1460","0","0x0010"
"1372","2026-08-15T10:06:11.006691800-0500","3.753721900","192.168.0.178","192.168.0.186","25565","25858","991447","541","1460","0","0x0010"
"1373","2026-08-15T10:06:11.006736600-0500","3.753766700","192.168.0.186","192.168.0.178","25858","25565","541","992907","0","0","0x0010"
"1374","2026-08-15T10:06:11.006799100-0500","3.753829200","192.168.0.178","192.168.0.186","25565","25858","992907","541","1460","0","0x0010"
"1375","2026-08-15T10:06:11.006811500-0500","3.753841600","192.168.0.186","192.168.0.178","25858","25565","541","994367","0","0","0x0010"
"1376","2026-08-15T10:06:11.007041400-0500","3.754071500","192.168.0.178","192.168.0.186","25565","25858","994367","541","1460","0","0x0010"
"1377","2026-08-15T10:06:11.007041400-0500","3.754071500","192.168.0.178","192.168.0.186","25565","25858","995827","541","1460","0","0x0010"
"1378","2026-08-15T10:06:11.007089000-0500","3.754119100","192.168.0.186","192.168.0.178","25858","25565","541","997287","0","0","0x0010"
"1379","2026-08-15T10:06:11.007156600-0500","3.754186700","192.168.0.178","192.168.0.186","25565","25858","997287","541","1460","0","0x0010"
"1380","2026-08-15T10:06:11.007414400-0500","3.754444500","192.168.0.178","192.168.0.186","25565","25858","998747","541","1460","0","0x0010"
"1381","2026-08-15T10:06:11.007414400-0500","3.754444500","192.168.0.178","192.168.0.186","25565","25858","1000207","541","1460","0","0x0010"
"1382","2026-08-15T10:06:11.007457600-0500","3.754487700","192.168.0.186","192.168.0.178","25858","25565","541","1001667","0","0","0x0010"
"1383","2026-08-15T10:06:11.007523100-0500","3.754553200","192.168.0.178","192.168.0.186","25565","25858","1001667","541","1460","0","0x0018"
"1384","2026-08-15T10:06:11.007532900-0500","3.754563000","192.168.0.186","192.168.0.178","25858","25565","541","1003127","0","0","0x0010"
"1385","2026-08-15T10:06:11.007781800-0500","3.754811900","192.168.0.178","192.168.0.186","25565","25858","1003127","541","1460","0","0x0010"
"1386","2026-08-15T10:06:11.007781800-0500","3.754811900","192.168.0.178","192.168.0.186","25565","25858","1004587","541","1460","0","0x0010"
"1387","2026-08-15T10:06:11.007833500-0500","3.754863600","192.168.0.186","192.168.0.178","25858","25565","541","1006047","0","0","0x0010"
"1388","2026-08-15T10:06:11.007886000-0500","3.754916100","192.168.0.178","192.168.0.186","25565","25858","1006047","541","887","0","0x0018"
"1389","2026-08-15T10:06:11.009310500-0500","3.756340600","192.168.0.178","192.168.0.186","25565","25858","1006934","541","53","0","0x0018"
"1390","2026-08-15T10:06:11.009310500-0500","3.756340600","192.168.0.178","192.168.0.186","25565","25858","1006987","541","53","0","0x0018"
"1391","2026-08-15T10:06:11.009310500-0500","3.756340600","192.168.0.178","192.168.0.186","25565","25858","1007040","541","53","0","0x0018"
"1392","2026-08-15T10:06:11.009358600-0500","3.756388700","192.168.0.186","192.168.0.178","25858","25565","541","1007093","0","0","0x0010"
"1393","2026-08-15T10:06:11.027904300-0500","3.774934400","192.168.0.186","192.168.0.178","25858","25565","541","1007093","3","0","0x0018"
"1394","2026-08-15T10:06:11.058793800-0500","3.805823900","192.168.0.178","192.168.0.186","25565","25858","1007093","544","1460","0","0x0010"
"1395","2026-08-15T10:06:11.058793800-0500","3.805823900","192.168.0.178","192.168.0.186","25565","25858","1008553","544","1460","0","0x0010"
"1396","2026-08-15T10:06:11.058852300-0500","3.805882400","192.168.0.186","192.168.0.178","25858","25565","544","1010013","0","0","0x0010"
"1397","2026-08-15T10:06:11.058890000-0500","3.805920100","192.168.0.178","192.168.0.186","25565","25858","1010013","544","1460","0","0x0010"
"1398","2026-08-15T10:06:11.059100600-0500","3.806130700","192.168.0.178","192.168.0.186","25565","25858","1011473","544","1460","0","0x0010"
"1399","2026-08-15T10:06:11.059100600-0500","3.806130700","192.168.0.178","192.168.0.186","25565","25858","1012933","544","1460","0","0x0010"
"1400","2026-08-15T10:06:11.059122900-0500","3.806153000","192.168.0.186","192.168.0.178","25858","25565","544","1014393","0","0","0x0010"
"1401","2026-08-15T10:06:11.059369000-0500","3.806399100","192.168.0.178","192.168.0.186","25565","25858","1014393","544","1460","0","0x0010"
"1402","2026-08-15T10:06:11.059369000-0500","3.806399100","192.168.0.178","192.168.0.186","25565","25858","1015853","544","1460","0","0x0010"
"1403","2026-08-15T10:06:11.059387400-0500","3.806417500","192.168.0.186","192.168.0.178","25858","25565","544","1017313","0","0","0x0010"
"1404","2026-08-15T10:06:11.059621400-0500","3.806651500","192.168.0.178","192.168.0.186","25565","25858","1017313","544","1460","0","0x0010"
"1405","2026-08-15T10:06:11.059621400-0500","3.806651500","192.168.0.178","192.168.0.186","25565","25858","1018773","544","277","0","0x0018"
"1406","2026-08-15T10:06:11.059643100-0500","3.806673200","192.168.0.186","192.168.0.178","25858","25565","544","1019050","0","0","0x0010"
"1407","2026-08-15T10:06:11.060756400-0500","3.807786500","192.168.0.178","192.168.0.186","25565","25858","1019050","544","53","0","0x0018"
"1408","2026-08-15T10:06:11.060756400-0500","3.807786500","192.168.0.178","192.168.0.186","25565","25858","1019103","544","106","0","0x0018"
"1409","2026-08-15T10:06:11.060777300-0500","3.807807400","192.168.0.186","192.168.0.178","25858","25565","544","1019209","0","0","0x0010"
"1410","2026-08-15T10:06:11.077173100-0500","3.824203200","192.168.0.186","192.168.0.178","25858","25565","544","1019209","3","0","0x0018"
"1411","2026-08-15T10:06:11.106551200-0500","3.853581300","192.168.0.178","192.168.0.186","25565","25858","1019209","547","1460","0","0x0010"
"1412","2026-08-15T10:06:11.106551200-0500","3.853581300","192.168.0.178","192.168.0.186","25565","25858","1020669","547","1460","0","0x0010"
"1413","2026-08-15T10:06:11.106613300-0500","3.853643400","192.168.0.186","192.168.0.178","25858","25565","547","1022129","0","0","0x0010"
"1414","2026-08-15T10:06:11.106660300-0500","3.853690400","192.168.0.178","192.168.0.186","25565","25858","1022129","547","1460","0","0x0010"
"1415","2026-08-15T10:06:11.106888600-0500","3.853918700","192.168.0.178","192.168.0.186","25565","25858","1023589","547","1460","0","0x0010"
"1416","2026-08-15T10:06:11.106888600-0500","3.853918700","192.168.0.178","192.168.0.186","25565","25858","1025049","547","1460","0","0x0010"
"1417","2026-08-15T10:06:11.106932200-0500","3.853962300","192.168.0.186","192.168.0.178","25858","25565","547","1026509","0","0","0x0010"
"1418","2026-08-15T10:06:11.106997400-0500","3.854027500","192.168.0.178","192.168.0.186","25565","25858","1026509","547","1460","0","0x0010"
"1419","2026-08-15T10:06:11.107009600-0500","3.854039700","192.168.0.186","192.168.0.178","25858","25565","547","1027969","0","0","0x0010"
"1420","2026-08-15T10:06:11.107245700-0500","3.854275800","192.168.0.178","192.168.0.186","25565","25858","1027969","547","1460","0","0x0010"
"1421","2026-08-15T10:06:11.107245700-0500","3.854275800","192.168.0.178","192.168.0.186","25565","25858","1029429","547","1460","0","0x0010"
"1422","2026-08-15T10:06:11.107291900-0500","3.854322000","192.168.0.186","192.168.0.178","25858","25565","547","1030889","0","0","0x0010"
"1423","2026-08-15T10:06:11.107364300-0500","3.854394400","192.168.0.178","192.168.0.186","25565","25858","1030889","547","1460","0","0x0018"
"1424","2026-08-15T10:06:11.110604300-0500","3.857634400","192.168.0.178","192.168.0.186","25565","25858","1032349","547","1460","0","0x0010"
"1425","2026-08-15T10:06:11.110604300-0500","3.857634400","192.168.0.178","192.168.0.186","25565","25858","1033809","547","1460","0","0x0010"
"1426","2026-08-15T10:06:11.110630900-0500","3.857661000","192.168.0.186","192.168.0.178","25858","25565","547","1035269","0","0","0x0010"
"1427","2026-08-15T10:06:11.110698200-0500","3.857728300","192.168.0.178","192.168.0.186","25565","25858","1035269","547","1317","0","0x0018"
"1428","2026-08-15T10:06:11.110698200-0500","3.857728300","192.168.0.178","192.168.0.186","25565","25858","1036586","547","53","0","0x0018"
"1429","2026-08-15T10:06:11.110698200-0500","3.857728300","192.168.0.178","192.168.0.186","25565","25858","1036639","547","53","0","0x0018"
"1430","2026-08-15T10:06:11.110698200-0500","3.857728300","192.168.0.178","192.168.0.186","25565","25858","1036692","547","53","0","0x0018"
"1431","2026-08-15T10:06:11.110710100-0500","3.857740200","192.168.0.186","192.168.0.178","25858","25565","547","1036745","0","0","0x0010"
"1432","2026-08-15T10:06:11.128557000-0500","3.875587100","192.168.0.186","192.168.0.178","25858","25565","547","1036745","3","0","0x0018"
"1433","2026-08-15T10:06:11.144175600-0500","3.891205700","192.168.0.178","192.168.0.186","25565","25858","1036745","550","53","0","0x0018"
"1434","2026-08-15T10:06:11.144175600-0500","3.891205700","192.168.0.178","192.168.0.186","25565","25858","1036798","550","106","0","0x0018"
"1435","2026-08-15T10:06:11.144245000-0500","3.891275100","192.168.0.186","192.168.0.178","25858","25565","550","1036904","0","0","0x0010"
"1436","2026-08-15T10:06:11.161695000-0500","3.908725100","192.168.0.178","192.168.0.186","25565","25858","1036904","550","1460","0","0x0010"
"1437","2026-08-15T10:06:11.161695000-0500","3.908725100","192.168.0.178","192.168.0.186","25565","25858","1038364","550","1460","0","0x0010"
"1438","2026-08-15T10:06:11.161755200-0500","3.908785300","192.168.0.186","192.168.0.178","25858","25565","550","1039824","0","0","0x0010"
"1439","2026-08-15T10:06:11.161807000-0500","3.908837100","192.168.0.178","192.168.0.186","25565","25858","1039824","550","1460","0","0x0010"
"1440","2026-08-15T10:06:11.162052400-0500","3.909082500","192.168.0.178","192.168.0.186","25565","25858","1041284","550","1460","0","0x0010"
"1441","2026-08-15T10:06:11.162052400-0500","3.909082500","192.168.0.178","192.168.0.186","25565","25858","1042744","550","1460","0","0x0010"
"1442","2026-08-15T10:06:11.162102200-0500","3.909132300","192.168.0.186","192.168.0.178","25858","25565","550","1044204","0","0","0x0010"
"1443","2026-08-15T10:06:11.162183200-0500","3.909213300","192.168.0.178","192.168.0.186","25565","25858","1044204","550","1460","0","0x0010"
"1444","2026-08-15T10:06:11.162200700-0500","3.909230800","192.168.0.186","192.168.0.178","25858","25565","550","1045664","0","0","0x0010"
"1445","2026-08-15T10:06:11.162413600-0500","3.909443700","192.168.0.178","192.168.0.186","25565","25858","1045664","550","1460","0","0x0010"
"1446","2026-08-15T10:06:11.162413600-0500","3.909443700","192.168.0.178","192.168.0.186","25565","25858","1047124","550","1460","0","0x0010"
"1447","2026-08-15T10:06:11.162467300-0500","3.909497400","192.168.0.186","192.168.0.178","25858","25565","550","1048584","0","0","0x0010"
"1448","2026-08-15T10:06:11.162518800-0500","3.909548900","192.168.0.178","192.168.0.186","25565","25858","1048584","550","1460","0","0x0018"
"1449","2026-08-15T10:06:11.162802000-0500","3.909832100","192.168.0.178","192.168.0.186","25565","25858","1050044","550","1460","0","0x0010"
"1450","2026-08-15T10:06:11.162802000-0500","3.909832100","192.168.0.178","192.168.0.186","25565","25858","1051504","550","1460","0","0x0010"
"1451","2026-08-15T10:06:11.162842300-0500","3.909872400","192.168.0.186","192.168.0.178","25858","25565","550","1052964","0","0","0x0010"
"1452","2026-08-15T10:06:11.162923900-0500","3.909954000","192.168.0.178","192.168.0.186","25565","25858","1052964","550","1460","0","0x0010"
"1453","2026-08-15T10:06:11.162934800-0500","3.909964900","192.168.0.186","192.168.0.178","25858","25565","550","1054424","0","0","0x0010"
"1454","2026-08-15T10:06:11.162979300-0500","3.910009400","192.168.0.178","192.168.0.186","25565","25858","1054424","550","673","0","0x0018"
"1455","2026-08-15T10:06:11.164578600-0500","3.911608700","192.168.0.178","192.168.0.186","25565","25858","1055097","550","53","0","0x0018"
"1456","2026-08-15T10:06:11.164578600-0500","3.911608700","192.168.0.178","192.168.0.186","25565","25858","1055150","550","106","0","0x0018"
"1457","2026-08-15T10:06:11.164620600-0500","3.911650700","192.168.0.186","192.168.0.178","25858","25565","550","1055256","0","0","0x0010"
"1458","2026-08-15T10:06:11.177325600-0500","3.924355700","192.168.0.186","192.168.0.178","25858","25565","550","1055256","3","0","0x0018"
"1459","2026-08-15T10:06:11.208678200-0500","3.955708300","192.168.0.178","192.168.0.186","25565","25858","1055256","553","1460","0","0x0010"
"1460","2026-08-15T10:06:11.208678200-0500","3.955708300","192.168.0.178","192.168.0.186","25565","25858","1056716","553","1460","0","0x0010"
"1461","2026-08-15T10:06:11.208678200-0500","3.955708300","192.168.0.178","192.168.0.186","25565","25858","1058176","553","1460","0","0x0010"
"1462","2026-08-15T10:06:11.208678200-0500","3.955708300","192.168.0.178","192.168.0.186","25565","25858","1059636","553","1460","0","0x0010"
"1463","2026-08-15T10:06:11.208678200-0500","3.955708300","192.168.0.178","192.168.0.186","25565","25858","1061096","553","1460","0","0x0010"
"1464","2026-08-15T10:06:11.208815500-0500","3.955845600","192.168.0.186","192.168.0.178","25858","25565","553","1062556","0","0","0x0010"
"1465","2026-08-15T10:06:11.208887900-0500","3.955918000","192.168.0.178","192.168.0.186","25565","25858","1062556","553","1460","0","0x0010"
"1466","2026-08-15T10:06:11.208887900-0500","3.955918000","192.168.0.178","192.168.0.186","25565","25858","1064016","553","1460","0","0x0010"
"1467","2026-08-15T10:06:11.208898600-0500","3.955928700","192.168.0.186","192.168.0.178","25858","25565","553","1065476","0","0","0x0010"
"1468","2026-08-15T10:06:11.209134000-0500","3.956164100","192.168.0.178","192.168.0.186","25565","25858","1065476","553","1460","0","0x0010"
"1469","2026-08-15T10:06:11.209134000-0500","3.956164100","192.168.0.178","192.168.0.186","25565","25858","1066936","553","1460","0","0x0018"
"1470","2026-08-15T10:06:11.209160900-0500","3.956191000","192.168.0.186","192.168.0.178","25858","25565","553","1068396","0","0","0x0010"
"1471","2026-08-15T10:06:11.209345900-0500","3.956376000","192.168.0.178","192.168.0.186","25565","25858","1068396","553","1460","0","0x0010"
"1472","2026-08-15T10:06:11.209376900-0500","3.956407000","192.168.0.186","192.168.0.178","25858","25565","553","1069856","0","0","0x0010"
"1473","2026-08-15T10:06:11.209420200-0500","3.956450300","192.168.0.178","192.168.0.186","25565","25858","1069856","553","1460","0","0x0010"
"1474","2026-08-15T10:06:11.209632600-0500","3.956662700","192.168.0.178","192.168.0.186","25565","25858","1071316","553","1460","0","0x0010"
"1475","2026-08-15T10:06:11.209632600-0500","3.956662700","192.168.0.178","192.168.0.186","25565","25858","1072776","553","1460","0","0x0010"
"1476","2026-08-15T10:06:11.209664500-0500","3.956694600","192.168.0.186","192.168.0.178","25858","25565","553","1074236","0","0","0x0010"
"1477","2026-08-15T10:06:11.209727600-0500","3.956757700","192.168.0.178","192.168.0.186","25565","25858","1074236","553","731","0","0x0018"
"1478","2026-08-15T10:06:11.209727600-0500","3.956757700","192.168.0.178","192.168.0.186","25565","25858","1074967","553","53","0","0x0018"
"1479","2026-08-15T10:06:11.209727600-0500","3.956757700","192.168.0.178","192.168.0.186","25565","25858","1075020","553","53","0","0x0018"
"1480","2026-08-15T10:06:11.209727600-0500","3.956757700","192.168.0.178","192.168.0.186","25565","25858","1075073","553","53","0","0x0018"
"1481","2026-08-15T10:06:11.209743400-0500","3.956773500","192.168.0.186","192.168.0.178","25858","25565","553","1075126","0","0","0x0010"
"1482","2026-08-15T10:06:11.229160400-0500","3.976190500","192.168.0.186","192.168.0.178","25858","25565","553","1075126","3","0","0x0018"
"1483","2026-08-15T10:06:11.244221200-0500","3.991251300","192.168.0.178","192.168.0.186","25565","25858","1075126","556","53","0","0x0018"
"1484","2026-08-15T10:06:11.244221200-0500","3.991251300","192.168.0.178","192.168.0.186","25565","25858","1075179","556","53","0","0x0018"
"1485","2026-08-15T10:06:11.244294400-0500","3.991324500","192.168.0.186","192.168.0.178","25858","25565","556","1075232","0","0","0x0010"
"1486","2026-08-15T10:06:11.244382100-0500","3.991412200","192.168.0.178","192.168.0.186","25565","25858","1075232","556","53","0","0x0018"
"1487","2026-08-15T10:06:11.256580800-0500","4.003610900","192.168.0.178","192.168.0.186","25565","25858","1075285","556","1460","0","0x0010"
"1488","2026-08-15T10:06:11.256580800-0500","4.003610900","192.168.0.178","192.168.0.186","25565","25858","1076745","556","1460","0","0x0010"
"1489","2026-08-15T10:06:11.256641800-0500","4.003671900","192.168.0.186","192.168.0.178","25858","25565","556","1078205","0","0","0x0010"
"1490","2026-08-15T10:06:11.256694700-0500","4.003724800","192.168.0.178","192.168.0.186","25565","25858","1078205","556","1460","0","0x0010"
"1491","2026-08-15T10:06:11.256711400-0500","4.003741500","192.168.0.186","192.168.0.178","25858","25565","556","1079665","0","0","0x0010"
"1492","2026-08-15T10:06:11.256935800-0500","4.003965900","192.168.0.178","192.168.0.186","25565","25858","1079665","556","1460","0","0x0010"
"1493","2026-08-15T10:06:11.256935800-0500","4.003965900","192.168.0.178","192.168.0.186","25565","25858","1081125","556","1460","0","0x0010"
"1494","2026-08-15T10:06:11.256988100-0500","4.004018200","192.168.0.186","192.168.0.178","25858","25565","556","1082585","0","0","0x0010"
"1495","2026-08-15T10:06:11.257073700-0500","4.004103800","192.168.0.178","192.168.0.186","25565","25858","1082585","556","1460","0","0x0010"
"1496","2026-08-15T10:06:11.257315600-0500","4.004345700","192.168.0.178","192.168.0.186","25565","25858","1084045","556","1460","0","0x0010"
"1497","2026-08-15T10:06:11.257315600-0500","4.004345700","192.168.0.178","192.168.0.186","25565","25858","1085505","556","1460","0","0x0010"
"1498","2026-08-15T10:06:11.257354100-0500","4.004384200","192.168.0.186","192.168.0.178","25858","25565","556","1086965","0","0","0x0010"
"1499","2026-08-15T10:06:11.257418800-0500","4.004448900","192.168.0.178","192.168.0.186","25565","25858","1086965","556","1460","0","0x0018"
"1500","2026-08-15T10:06:11.257429500-0500","4.004459600","192.168.0.186","192.168.0.178","25858","25565","556","1088425","0","0","0x0010"
"1501","2026-08-15T10:06:11.257675900-0500","4.004706000","192.168.0.178","192.168.0.186","25565","25858","1088425","556","1460","0","0x0010"
"1502","2026-08-15T10:06:11.257675900-0500","4.004706000","192.168.0.178","192.168.0.186","25565","25858","1089885","556","69","0","0x0018"
"1503","2026-08-15T10:06:11.257675900-0500","4.004706000","192.168.0.178","192.168.0.186","25565","25858","1089954","556","53","0","0x0018"
"1504","2026-08-15T10:06:11.257675900-0500","4.004706000","192.168.0.178","192.168.0.186","25565","25858","1090007","556","53","0","0x0018"
"1505","2026-08-15T10:06:11.257675900-0500","4.004706000","192.168.0.178","192.168.0.186","25565","25858","1090060","556","53","0","0x0018"
"1506","2026-08-15T10:06:11.257734300-0500","4.004764400","192.168.0.186","192.168.0.178","25858","25565","556","1090113","0","0","0x0010"
"1507","2026-08-15T10:06:11.278445600-0500","4.025475700","192.168.0.186","192.168.0.178","25858","25565","556","1090113","3","0","0x0018"
"1508","2026-08-15T10:06:11.294005000-0500","4.041035100","192.168.0.178","192.168.0.186","25565","25858","1090113","559","53","0","0x0018"
"1509","2026-08-15T10:06:11.294005000-0500","4.041035100","192.168.0.178","192.168.0.186","25565","25858","1090166","559","106","0","0x0018"
"1510","2026-08-15T10:06:11.294073700-0500","4.041103800","192.168.0.186","192.168.0.178","25858","25565","559","1090272","0","0","0x0010"
"1511","2026-08-15T10:06:11.312028000-0500","4.059058100","192.168.0.178","192.168.0.186","25565","25858","1090272","559","1460","0","0x0010"
"1512","2026-08-15T10:06:11.312028000-0500","4.059058100","192.168.0.178","192.168.0.186","25565","25858","1091732","559","1460","0","0x0010"
"1513","2026-08-15T10:06:11.312088100-0500","4.059118200","192.168.0.186","192.168.0.178","25858","25565","559","1093192","0","0","0x0010"
"1514","2026-08-15T10:06:11.312141200-0500","4.059171300","192.168.0.178","192.168.0.186","25565","25858","1093192","559","1460","0","0x0010"
"1515","2026-08-15T10:06:11.312230600-0500","4.059260700","192.168.0.178","192.168.0.186","25565","25858","1094652","559","1460","0","0x0010"
"1516","2026-08-15T10:06:11.312242800-0500","4.059272900","192.168.0.186","192.168.0.178","25858","25565","559","1096112","0","0","0x0010"
"1517","2026-08-15T10:06:11.312445300-0500","4.059475400","192.168.0.178","192.168.0.186","25565","25858","1096112","559","1460","0","0x0010"
"1518","2026-08-15T10:06:11.312520400-0500","4.059550500","192.168.0.178","192.168.0.186","25565","25858","1097572","559","1460","0","0x0010"
"1519","2026-08-15T10:06:11.312535300-0500","4.059565400","192.168.0.186","192.168.0.178","25858","25565","559","1099032","0","0","0x0010"
"1520","2026-08-15T10:06:11.312598500-0500","4.059628600","192.168.0.178","192.168.0.186","25565","25858","1099032","559","1460","0","0x0010"
"1521","2026-08-15T10:06:11.312872600-0500","4.059902700","192.168.0.178","192.168.0.186","25565","25858","1100492","559","1460","0","0x0010"
"1522","2026-08-15T10:06:11.312872600-0500","4.059902700","192.168.0.178","192.168.0.186","25565","25858","1101952","559","1460","0","0x0018"
"1523","2026-08-15T10:06:11.312925300-0500","4.059955400","192.168.0.186","192.168.0.178","25858","25565","559","1103412","0","0","0x0010"
"1524","2026-08-15T10:06:11.313003300-0500","4.060033400","192.168.0.178","192.168.0.186","25565","25858","1103412","559","1460","0","0x0010"
"1525","2026-08-15T10:06:11.313019100-0500","4.060049200","192.168.0.186","192.168.0.178","25858","25565","559","1104872","0","0","0x0010"
"1526","2026-08-15T10:06:11.313134200-0500","4.060164300","192.168.0.178","192.168.0.186","25565","25858","1104872","559","1460","0","0x0010"
"1527","2026-08-15T10:06:11.313343900-0500","4.060374000","192.168.0.178","192.168.0.186","25565","25858","1106332","559","1460","0","0x0010"
"1528","2026-08-15T10:06:11.313343900-0500","4.060374000","192.168.0.178","192.168.0.186","25565","25858","1107792","559","893","0","0x0018"
"1529","2026-08-15T10:06:11.313343900-0500","4.060374000","192.168.0.178","192.168.0.186","25565","25858","1108685","559","53","0","0x0018"
"1530","2026-08-15T10:06:11.313343900-0500","4.060374000","192.168.0.178","192.168.0.186","25565","25858","1108738","559","53","0","0x0018"
"1531","2026-08-15T10:06:11.313343900-0500","4.060374000","192.168.0.178","192.168.0.186","25565","25858","1108791","559","53","0","0x0018"
"1532","2026-08-15T10:06:11.313404700-0500","4.060434800","192.168.0.186","192.168.0.178","25858","25565","559","1108844","0","0","0x0010"
"1533","2026-08-15T10:06:11.327205100-0500","4.074235200","192.168.0.186","192.168.0.178","25858","25565","559","1108844","3","0","0x0018"
"1534","2026-08-15T10:06:11.344689600-0500","4.091719700","192.168.0.178","192.168.0.186","25565","25858","1108844","562","53","0","0x0018"
"1535","2026-08-15T10:06:11.344689600-0500","4.091719700","192.168.0.178","192.168.0.186","25565","25858","1108897","562","106","0","0x0018"
"1536","2026-08-15T10:06:11.344733700-0500","4.091763800","192.168.0.186","192.168.0.178","25858","25565","562","1109003","0","0","0x0010"
"1537","2026-08-15T10:06:11.354309700-0500","4.101339800","192.168.0.178","192.168.0.186","25565","25858","1109003","562","1460","0","0x0010"
"1538","2026-08-15T10:06:11.354309700-0500","4.101339800","192.168.0.178","192.168.0.186","25565","25858","1110463","562","1460","0","0x0010"
"1539","2026-08-15T10:06:11.354343800-0500","4.101373900","192.168.0.186","192.168.0.178","25858","25565","562","1111923","0","0","0x0010"
"1540","2026-08-15T10:06:11.354399400-0500","4.101429500","192.168.0.178","192.168.0.186","25565","25858","1111923","562","1460","0","0x0010"
"1541","2026-08-15T10:06:11.354639000-0500","4.101669100","192.168.0.178","192.168.0.186","25565","25858","1113383","562","1460","0","0x0010"
"1542","2026-08-15T10:06:11.354639000-0500","4.101669100","192.168.0.178","192.168.0.186","25565","25858","1114843","562","1460","0","0x0010"
"1543","2026-08-15T10:06:11.354666800-0500","4.101696900","192.168.0.186","192.168.0.178","25858","25565","562","1116303","0","0","0x0010"
"1544","2026-08-15T10:06:11.354878400-0500","4.101908500","192.168.0.178","192.168.0.186","25565","25858","1116303","562","1460","0","0x0010"
"1545","2026-08-15T10:06:11.354878400-0500","4.101908500","192.168.0.178","192.168.0.186","25565","25858","1117763","562","1460","0","0x0010"
"1546","2026-08-15T10:06:11.354906500-0500","4.101936600","192.168.0.186","192.168.0.178","25858","25565","562","1119223","0","0","0x0010"
"1547","2026-08-15T10:06:11.355090400-0500","4.102120500","192.168.0.178","192.168.0.186","25565","25858","1119223","562","1460","0","0x0010"
"1548","2026-08-15T10:06:11.355117500-0500","4.102147600","192.168.0.186","192.168.0.178","25858","25565","562","1120683","0","0","0x0010"
"1549","2026-08-15T10:06:11.355158400-0500","4.102188500","192.168.0.178","192.168.0.186","25565","25858","1120683","562","1460","0","0x0018"
"1550","2026-08-15T10:06:11.356681900-0500","4.103712000","192.168.0.178","192.168.0.186","25565","25858","1122143","562","1460","0","0x0010"
"1551","2026-08-15T10:06:11.356681900-0500","4.103712000","192.168.0.178","192.168.0.186","25565","25858","1123603","562","1460","0","0x0010"
"1552","2026-08-15T10:06:11.356715700-0500","4.103745800","192.168.0.186","192.168.0.178","25858","25565","562","1125063","0","0","0x0010"
"1553","2026-08-15T10:06:11.356757000-0500","4.103787100","192.168.0.178","192.168.0.186","25565","25858","1125063","562","809","0","0x0018"
"1554","2026-08-15T10:06:11.356767100-0500","4.103797200","192.168.0.186","192.168.0.178","25858","25565","562","1125872","0","0","0x0010"
"1555","2026-08-15T10:06:11.378036900-0500","4.125067000","192.168.0.186","192.168.0.178","25858","25565","562","1125872","3","0","0x0018"
"1556","2026-08-15T10:06:11.394595900-0500","4.141626000","192.168.0.178","192.168.0.186","25565","25858","1125872","565","53","0","0x0018"
"1557","2026-08-15T10:06:11.394595900-0500","4.141626000","192.168.0.178","192.168.0.186","25565","25858","1125925","565","53","0","0x0018"
"1558","2026-08-15T10:06:11.394595900-0500","4.141626000","192.168.0.178","192.168.0.186","25565","25858","1125978","565","53","0","0x0018"
"1559","2026-08-15T10:06:11.394648700-0500","4.141678800","192.168.0.186","192.168.0.178","25858","25565","565","1126031","0","0","0x0010"
"1560","2026-08-15T10:06:11.407999700-0500","4.155029800","192.168.0.178","192.168.0.186","25565","25858","1126031","565","1460","0","0x0010"
"1561","2026-08-15T10:06:11.407999700-0500","4.155029800","192.168.0.178","192.168.0.186","25565","25858","1127491","565","1460","0","0x0010"
"1562","2026-08-15T10:06:11.408065500-0500","4.155095600","192.168.0.186","192.168.0.178","25858","25565","565","1128951","0","0","0x0010"
"1563","2026-08-15T10:06:11.408115300-0500","4.155145400","192.168.0.178","192.168.0.186","25565","25858","1128951","565","1460","0","0x0010"
"1564","2026-08-15T10:06:11.408130600-0500","4.155160700","192.168.0.186","192.168.0.178","25858","25565","565","1130411","0","0","0x0010"
"1565","2026-08-15T10:06:11.408353900-0500","4.155384000","192.168.0.178","192.168.0.186","25565","25858","1130411","565","1460","0","0x0010"
"1566","2026-08-15T10:06:11.408353900-0500","4.155384000","192.168.0.178","192.168.0.186","25565","25858","1131871","565","1460","0","0x0010"
"1567","2026-08-15T10:06:11.408403200-0500","4.155433300","192.168.0.186","192.168.0.178","25858","25565","565","1133331","0","0","0x0010"
"1568","2026-08-15T10:06:11.408447300-0500","4.155477400","192.168.0.178","192.168.0.186","25565","25858","1133331","565","1460","0","0x0010"
"1569","2026-08-15T10:06:11.408863500-0500","4.155893600","192.168.0.178","192.168.0.186","25565","25858","1134791","565","1460","0","0x0010"
"1570","2026-08-15T10:06:11.408863500-0500","4.155893600","192.168.0.178","192.168.0.186","25565","25858","1136251","565","1460","0","0x0010"
"1571","2026-08-15T10:06:11.408863500-0500","4.155893600","192.168.0.178","192.168.0.186","25565","25858","1137711","565","1460","0","0x0018"
"1572","2026-08-15T10:06:11.408915900-0500","4.155946000","192.168.0.186","192.168.0.178","25858","25565","565","1139171","0","0","0x0010"
"1573","2026-08-15T10:06:11.408978500-0500","4.156008600","192.168.0.178","192.168.0.186","25565","25858","1139171","565","1460","0","0x0010"
"1574","2026-08-15T10:06:11.409218000-0500","4.156248100","192.168.0.178","192.168.0.186","25565","25858","1140631","565","1460","0","0x0010"
"1575","2026-08-15T10:06:11.409218000-0500","4.156248100","192.168.0.178","192.168.0.186","25565","25858","1142091","565","1460","0","0x0010"
"1576","2026-08-15T10:06:11.409257000-0500","4.156287100","192.168.0.186","192.168.0.178","25858","25565","565","1143551","0","0","0x0010"
"1577","2026-08-15T10:06:11.409322600-0500","4.156352700","192.168.0.178","192.168.0.186","25565","25858","1143551","565","1460","0","0x0010"
"1578","2026-08-15T10:06:11.409332700-0500","4.156362800","192.168.0.186","192.168.0.178","25858","25565","565","1145011","0","0","0x0010"
"1579","2026-08-15T10:06:11.409489000-0500","4.156519100","192.168.0.178","192.168.0.186","25565","25858","1145011","565","1460","0","0x0010"
"1580","2026-08-15T10:06:11.409489000-0500","4.156519100","192.168.0.178","192.168.0.186","25565","25858","1146471","565","648","0","0x0018"
"1581","2026-08-15T10:06:11.409489000-0500","4.156519100","192.168.0.178","192.168.0.186","25565","25858","1147119","565","53","0","0x0018"
"1582","2026-08-15T10:06:11.409524900-0500","4.156555000","192.168.0.186","192.168.0.178","25858","25565","565","1147172","0","0","0x0010"
"1583","2026-08-15T10:06:11.409606600-0500","4.156636700","192.168.0.178","192.168.0.186","25565","25858","1147172","565","53","0","0x0018"
"1584","2026-08-15T10:06:11.409606600-0500","4.156636700","192.168.0.178","192.168.0.186","25565","25858","1147225","565","53","0","0x0018"
"1585","2026-08-15T10:06:11.409616100-0500","4.156646200","192.168.0.186","192.168.0.178","25858","25565","565","1147278","0","0","0x0010"
"1586","2026-08-15T10:06:11.410143800-0500","4.157173900","192.168.0.186","192.168.0.178","25858","25565","565","1147278","11","0","0x0018"
"1587","2026-08-15T10:06:11.429585100-0500","4.176615200","192.168.0.186","192.168.0.178","25858","25565","576","1147278","3","0","0x0018"
"1588","2026-08-15T10:06:11.430272800-0500","4.177302900","192.168.0.178","192.168.0.186","25565","25858","1147278","579","0","0","0x0010"
"1589","2026-08-15T10:06:11.443068900-0500","4.190099000","192.168.0.178","192.168.0.186","25565","25858","1147278","579","53","0","0x0018"
"1590","2026-08-15T10:06:11.443068900-0500","4.190099000","192.168.0.178","192.168.0.186","25565","25858","1147331","579","53","0","0x0018"
"1591","2026-08-15T10:06:11.443125600-0500","4.190155700","192.168.0.186","192.168.0.178","25858","25565","579","1147384","0","0","0x0010"
"1592","2026-08-15T10:06:11.443170100-0500","4.190200200","192.168.0.178","192.168.0.186","25565","25858","1147384","579","53","0","0x0018"
"1593","2026-08-15T10:06:11.454558400-0500","4.201588500","192.168.0.178","192.168.0.186","25565","25858","1147437","579","1460","0","0x0010"
"1594","2026-08-15T10:06:11.454558400-0500","4.201588500","192.168.0.178","192.168.0.186","25565","25858","1148897","579","1460","0","0x0010"
"1595","2026-08-15T10:06:11.454614300-0500","4.201644400","192.168.0.186","192.168.0.178","25858","25565","579","1150357","0","0","0x0010"
"1596","2026-08-15T10:06:11.454665600-0500","4.201695700","192.168.0.178","192.168.0.186","25565","25858","1150357","579","1460","0","0x0010"
"1597","2026-08-15T10:06:11.454676500-0500","4.201706600","192.168.0.186","192.168.0.178","25858","25565","579","1151817","0","0","0x0010"
"1598","2026-08-15T10:06:11.454912700-0500","4.201942800","192.168.0.178","192.168.0.186","25565","25858","1151817","579","1460","0","0x0010"
"1599","2026-08-15T10:06:11.454912700-0500","4.201942800","192.168.0.178","192.168.0.186","25565","25858","1153277","579","1460","0","0x0010"
"1600","2026-08-15T10:06:11.454962200-0500","4.201992300","192.168.0.186","192.168.0.178","25858","25565","579","1154737","0","0","0x0010"
"1601","2026-08-15T10:06:11.455012900-0500","4.202043000","192.168.0.178","192.168.0.186","25565","25858","1154737","579","1460","0","0x0010"
"1602","2026-08-15T10:06:11.455290600-0500","4.202320700","192.168.0.178","192.168.0.186","25565","25858","1156197","579","1460","0","0x0010"
"1603","2026-08-15T10:06:11.455290600-0500","4.202320700","192.168.0.178","192.168.0.186","25565","25858","1157657","579","1460","0","0x0010"
"1604","2026-08-15T10:06:11.455331000-0500","4.202361100","192.168.0.186","192.168.0.178","25858","25565","579","1159117","0","0","0x0010"
"1605","2026-08-15T10:06:11.455399600-0500","4.202429700","192.168.0.178","192.168.0.186","25565","25858","1159117","579","1460","0","0x0018"
"1606","2026-08-15T10:06:11.455421700-0500","4.202451800","192.168.0.186","192.168.0.178","25858","25565","579","1160577","0","0","0x0010"
"1607","2026-08-15T10:06:11.457113300-0500","4.204143400","192.168.0.178","192.168.0.186","25565","25858","1160577","579","547","0","0x0018"
"1608","2026-08-15T10:06:11.462047800-0500","4.209077900","192.168.0.178","192.168.0.186","25565","25858","1161124","579","76","0","0x0018"
"1609","2026-08-15T10:06:11.462086000-0500","4.209116100","192.168.0.186","192.168.0.178","25858","25565","579","1161200","0","0","0x0010"
"1610","2026-08-15T10:06:11.464566900-0500","4.211597000","192.168.0.178","192.168.0.186","25565","25858","1161200","579","5","0","0x0018"
"1611","2026-08-15T10:06:11.464566900-0500","4.211597000","192.168.0.178","192.168.0.186","25565","25858","1161205","579","53","0","0x0018"
"1612","2026-08-15T10:06:11.464592400-0500","4.211622500","192.168.0.186","192.168.0.178","25858","25565","579","1161258","0","0","0x0010"
"1613","2026-08-15T10:06:11.464844300-0500","4.211874400","192.168.0.178","192.168.0.186","25565","25858","1161258","579","53","0","0x0018"
"1614","2026-08-15T10:06:11.465162500-0500","4.212192600","192.168.0.178","192.168.0.186","25565","25858","1161311","579","53","0","0x0018"
"1615","2026-08-15T10:06:11.465184200-0500","4.212214300","192.168.0.186","192.168.0.178","25858","25565","579","1161364","0","0","0x0010"
"1616","2026-08-15T10:06:11.477239200-0500","4.224269300","192.168.0.186","192.168.0.178","25858","25565","579","1161364","3","0","0x0018"
"1617","2026-08-15T10:06:11.493721200-0500","4.240751300","192.168.0.178","192.168.0.186","25565","25858","1161364","582","53","0","0x0018"
"1618","2026-08-15T10:06:11.493721200-0500","4.240751300","192.168.0.178","192.168.0.186","25565","25858","1161417","582","106","0","0x0018"
"1619","2026-08-15T10:06:11.493779300-0500","4.240809400","192.168.0.186","192.168.0.178","25858","25565","582","1161523","0","0","0x0010"
"1620","2026-08-15T10:06:11.507573900-0500","4.254604000","192.168.0.178","192.168.0.186","25565","25858","1161523","582","1460","0","0x0010"
"1621","2026-08-15T10:06:11.507573900-0500","4.254604000","192.168.0.178","192.168.0.186","25565","25858","1162983","582","1460","0","0x0010"
"1622","2026-08-15T10:06:11.507630500-0500","4.254660600","192.168.0.186","192.168.0.178","25858","25565","582","1164443","0","0","0x0010"
"1623","2026-08-15T10:06:11.507681300-0500","4.254711400","192.168.0.178","192.168.0.186","25565","25858","1164443","582","1460","0","0x0010"
"1624","2026-08-15T10:06:11.507927400-0500","4.254957500","192.168.0.178","192.168.0.186","25565","25858","1165903","582","1460","0","0x0010"
"1625","2026-08-15T10:06:11.507927400-0500","4.254957500","192.168.0.178","192.168.0.186","25565","25858","1167363","582","1460","0","0x0010"
"1626","2026-08-15T10:06:11.507976500-0500","4.255006600","192.168.0.186","192.168.0.178","25858","25565","582","1168823","0","0","0x0010"
"1627","2026-08-15T10:06:11.508063600-0500","4.255093700","192.168.0.178","192.168.0.186","25565","25858","1168823","582","1460","0","0x0010"
"1628","2026-08-15T10:06:11.508074200-0500","4.255104300","192.168.0.186","192.168.0.178","25858","25565","582","1170283","0","0","0x0010"
"1629","2026-08-15T10:06:11.508278500-0500","4.255308600","192.168.0.178","192.168.0.186","25565","25858","1170283","582","1460","0","0x0010"
"1630","2026-08-15T10:06:11.508278500-0500","4.255308600","192.168.0.178","192.168.0.186","25565","25858","1171743","582","1460","0","0x0010"
"1631","2026-08-15T10:06:11.508330300-0500","4.255360400","192.168.0.186","192.168.0.178","25858","25565","582","1173203","0","0","0x0010"
"1632","2026-08-15T10:06:11.508397200-0500","4.255427300","192.168.0.178","192.168.0.186","25565","25858","1173203","582","1460","0","0x0018"
"1633","2026-08-15T10:06:11.508997200-0500","4.256027300","192.168.0.178","192.168.0.186","25565","25858","1174663","582","1460","0","0x0010"
"1634","2026-08-15T10:06:11.508997200-0500","4.256027300","192.168.0.178","192.168.0.186","25565","25858","1176123","582","1460","0","0x0010"
"1635","2026-08-15T10:06:11.508997200-0500","4.256027300","192.168.0.178","192.168.0.186","25565","25858","1177583","582","1460","0","0x0010"
"1636","2026-08-15T10:06:11.508997200-0500","4.256027300","192.168.0.178","192.168.0.186","25565","25858","1179043","582","791","0","0x0018"
"1637","2026-08-15T10:06:11.508997200-0500","4.256027300","192.168.0.178","192.168.0.186","25565","25858","1179834","582","53","0","0x0018"
"1638","2026-08-15T10:06:11.508997200-0500","4.256027300","192.168.0.178","192.168.0.186","25565","25858","1179887","582","53","0","0x0018"
"1639","2026-08-15T10:06:11.508997200-0500","4.256027300","192.168.0.178","192.168.0.186","25565","25858","1179940","582","53","0","0x0018"
"1640","2026-08-15T10:06:11.509088300-0500","4.256118400","192.168.0.186","192.168.0.178","25858","25565","582","1179993","0","0","0x0010"
"1641","2026-08-15T10:06:11.528902900-0500","4.275933000","192.168.0.186","192.168.0.178","25858","25565","582","1179993","3","0","0x0018"
"1642","2026-08-15T10:06:11.561827800-0500","4.308857900","192.168.0.178","192.168.0.186","25565","25858","1179993","585","1460","0","0x0010"
"1643","2026-08-15T10:06:11.561827800-0500","4.308857900","192.168.0.178","192.168.0.186","25565","25858","1181453","585","1460","0","0x0010"
"1644","2026-08-15T10:06:11.561901200-0500","4.308931300","192.168.0.186","192.168.0.178","25858","25565","585","1182913","0","0","0x0010"
"1645","2026-08-15T10:06:11.561961800-0500","4.308991900","192.168.0.178","192.168.0.186","25565","25858","1182913","585","1460","0","0x0010"
"1646","2026-08-15T10:06:11.562019000-0500","4.309049100","192.168.0.178","192.168.0.186","25565","25858","1184373","585","1460","0","0x0010"
"1647","2026-08-15T10:06:11.562031400-0500","4.309061500","192.168.0.186","192.168.0.178","25858","25565","585","1185833","0","0","0x0010"
"1648","2026-08-15T10:06:11.562250900-0500","4.309281000","192.168.0.178","192.168.0.186","25565","25858","1185833","585","1460","0","0x0010"
"1649","2026-08-15T10:06:11.562327100-0500","4.309357200","192.168.0.178","192.168.0.186","25565","25858","1187293","585","1460","0","0x0010"
"1650","2026-08-15T10:06:11.562350600-0500","4.309380700","192.168.0.186","192.168.0.178","25858","25565","585","1188753","0","0","0x0010"
"1651","2026-08-15T10:06:11.562409900-0500","4.309440000","192.168.0.178","192.168.0.186","25565","25858","1188753","585","1460","0","0x0010"
"1652","2026-08-15T10:06:11.562655400-0500","4.309685500","192.168.0.178","192.168.0.186","25565","25858","1190213","585","1460","0","0x0010"
"1653","2026-08-15T10:06:11.562655400-0500","4.309685500","192.168.0.178","192.168.0.186","25565","25858","1191673","585","1460","0","0x0018"
"1654","2026-08-15T10:06:11.562705400-0500","4.309735500","192.168.0.186","192.168.0.178","25858","25565","585","1193133","0","0","0x0010"
"1655","2026-08-15T10:06:11.562808600-0500","4.309838700","192.168.0.178","192.168.0.186","25565","25858","1193133","585","1460","0","0x0010"
"1656","2026-08-15T10:06:11.562821300-0500","4.309851400","192.168.0.186","192.168.0.178","25858","25565","585","1194593","0","0","0x0010"
"1657","2026-08-15T10:06:11.562878900-0500","4.309909000","192.168.0.178","192.168.0.186","25565","25858","1194593","585","1460","0","0x0010"
"1658","2026-08-15T10:06:11.563157100-0500","4.310187200","192.168.0.178","192.168.0.186","25565","25858","1196053","585","1460","0","0x0010"
"1659","2026-08-15T10:06:11.563157100-0500","4.310187200","192.168.0.178","192.168.0.186","25565","25858","1197513","585","1460","0","0x0010"
"1660","2026-08-15T10:06:11.563208200-0500","4.310238300","192.168.0.186","192.168.0.178","25858","25565","585","1198973","0","0","0x0010"
"1661","2026-08-15T10:06:11.563272800-0500","4.310302900","192.168.0.178","192.168.0.186","25565","25858","1198973","585","1460","0","0x0010"
"1662","2026-08-15T10:06:11.563283600-0500","4.310313700","192.168.0.186","192.168.0.178","25858","25565","585","1200433","0","0","0x0010"
"1663","2026-08-15T10:06:11.563332100-0500","4.310362200","192.168.0.178","192.168.0.186","25565","25858","1200433","585","536","0","0x0018"
"1664","2026-08-15T10:06:11.563332100-0500","4.310362200","192.168.0.178","192.168.0.186","25565","25858","1200969","585","53","0","0x0018"
"1665","2026-08-15T10:06:11.563332100-0500","4.310362200","192.168.0.178","192.168.0.186","25565","25858","1201022","585","106","0","0x0018"
"1666","2026-08-15T10:06:11.563350500-0500","4.310380600","192.168.0.186","192.168.0.178","25858","25565","585","1201128","0","0","0x0010"
"1667","2026-08-15T10:06:11.579129600-0500","4.326159700","192.168.0.186","192.168.0.178","25858","25565","585","1201128","3","0","0x0018"
"1668","2026-08-15T10:06:11.594446100-0500","4.341476200","192.168.0.178","192.168.0.186","25565","25858","1201128","588","53","0","0x0018"
"1669","2026-08-15T10:06:11.594446100-0500","4.341476200","192.168.0.178","192.168.0.186","25565","25858","1201181","588","106","0","0x0018"
"1670","2026-08-15T10:06:11.594505200-0500","4.341535300","192.168.0.186","192.168.0.178","25858","25565","588","1201287","0","0","0x0010"
"1671","2026-08-15T10:06:11.613618400-0500","4.360648500","192.168.0.178","192.168.0.186","25565","25858","1201287","588","1460","0","0x0010"
"1672","2026-08-15T10:06:11.613618400-0500","4.360648500","192.168.0.178","192.168.0.186","25565","25858","1202747","588","1460","0","0x0010"
"1673","2026-08-15T10:06:11.613651200-0500","4.360681300","192.168.0.186","192.168.0.178","25858","25565","588","1204207","0","0","0x0010"
"1674","2026-08-15T10:06:11.613862500-0500","4.360892600","192.168.0.178","192.168.0.186","25565","25858","1204207","588","1460","0","0x0010"
"1675","2026-08-15T10:06:11.613862500-0500","4.360892600","192.168.0.178","192.168.0.186","25565","25858","1205667","588","1460","0","0x0010"
"1676","2026-08-15T10:06:11.613880200-0500","4.360910300","192.168.0.186","192.168.0.178","25858","25565","588","1207127","0","0","0x0010"
"1677","2026-08-15T10:06:11.614074700-0500","4.361104800","192.168.0.178","192.168.0.186","25565","25858","1207127","588","1460","0","0x0010"
"1678","2026-08-15T10:06:11.614132900-0500","4.361163000","192.168.0.178","192.168.0.186","25565","25858","1208587","588","1460","0","0x0010"
"1679","2026-08-15T10:06:11.614140000-0500","4.361170100","192.168.0.186","192.168.0.178","25858","25565","588","1210047","0","0","0x0010"
"1680","2026-08-15T10:06:11.614353000-0500","4.361383100","192.168.0.178","192.168.0.186","25565","25858","1210047","588","1460","0","0x0010"
"1681","2026-08-15T10:06:11.614353000-0500","4.361383100","192.168.0.178","192.168.0.186","25565","25858","1211507","588","1460","0","0x0010"
"1682","2026-08-15T10:06:11.614373600-0500","4.361403700","192.168.0.186","192.168.0.178","25858","25565","588","1212967","0","0","0x0010"
"1683","2026-08-15T10:06:11.614572200-0500","4.361602300","192.168.0.178","192.168.0.186","25565","25858","1212967","588","1460","0","0x0018"
"1684","2026-08-15T10:06:11.614621100-0500","4.361651200","192.168.0.178","192.168.0.186","25565","25858","1214427","588","1460","0","0x0010"
"1685","2026-08-15T10:06:11.614626400-0500","4.361656500","192.168.0.186","192.168.0.178","25858","25565","588","1215887","0","0","0x0010"
"1686","2026-08-15T10:06:11.614805100-0500","4.361835200","192.168.0.178","192.168.0.186","25565","25858","1215887","588","1460","0","0x0010"
"1687","2026-08-15T10:06:11.614870800-0500","4.361900900","192.168.0.178","192.168.0.186","25565","25858","1217347","588","1460","0","0x0010"
"1688","2026-08-15T10:06:11.614882300-0500","4.361912400","192.168.0.186","192.168.0.178","25858","25565","588","1218807","0","0","0x0010"
"1689","2026-08-15T10:06:11.614888500-0500","4.361918600","192.168.0.178","192.168.0.186","25565","25858","1218807","588","511","0","0x0018"
"1690","2026-08-15T10:06:11.616595800-0500","4.363625900","192.168.0.178","192.168.0.186","25565","25858","1219318","588","159","0","0x0018"
"1691","2026-08-15T10:06:11.616613900-0500","4.363644000","192.168.0.186","192.168.0.178","25858","25565","588","1219477","0","0","0x0010"
"1692","2026-08-15T10:06:11.627335300-0500","4.374365400","192.168.0.186","192.168.0.178","25858","25565","588","1219477","3","0","0x0018"
"1693","2026-08-15T10:06:11.644573700-0500","4.391603800","192.168.0.178","192.168.0.186","25565","25858","1219477","591","78","0","0x0018"
"1694","2026-08-15T10:06:11.644933500-0500","4.391963600","192.168.0.178","192.168.0.186","25565","25858","1219555","591","5","0","0x0018"
"1695","2026-08-15T10:06:11.644953900-0500","4.391984000","192.168.0.186","192.168.0.178","25858","25565","591","1219560","0","0","0x0010"
"1696","2026-08-15T10:06:11.664402400-0500","4.411432500","192.168.0.178","192.168.0.186","25565","25858","1219560","591","1460","0","0x0010"
"1697","2026-08-15T10:06:11.664402400-0500","4.411432500","192.168.0.178","192.168.0.186","25565","25858","1221020","591","1460","0","0x0010"
"1698","2026-08-15T10:06:11.664436200-0500","4.411466300","192.168.0.186","192.168.0.178","25858","25565","591","1222480","0","0","0x0010"
"1699","2026-08-15T10:06:11.664498100-0500","4.411528200","192.168.0.178","192.168.0.186","25565","25858","1222480","591","1460","0","0x0010"
"1700","2026-08-15T10:06:11.664744400-0500","4.411774500","192.168.0.178","192.168.0.186","25565","25858","1223940","591","1460","0","0x0010"
"1701","2026-08-15T10:06:11.664744400-0500","4.411774500","192.168.0.178","192.168.0.186","25565","25858","1225400","591","1460","0","0x0010"
"1702","2026-08-15T10:06:11.664764700-0500","4.411794800","192.168.0.186","192.168.0.178","25858","25565","591","1226860","0","0","0x0010"
"1703","2026-08-15T10:06:11.664985800-0500","4.412015900","192.168.0.178","192.168.0.186","25565","25858","1226860","591","1460","0","0x0010"
"1704","2026-08-15T10:06:11.664985800-0500","4.412015900","192.168.0.178","192.168.0.186","25565","25858","1228320","591","1460","0","0x0010"
"1705","2026-08-15T10:06:11.665009800-0500","4.412039900","192.168.0.186","192.168.0.178","25858","25565","591","1229780","0","0","0x0010"
"1706","2026-08-15T10:06:11.665224300-0500","4.412254400","192.168.0.178","192.168.0.186","25565","25858","1229780","591","1460","0","0x0010"
"1707","2026-08-15T10:06:11.665245500-0500","4.412275600","192.168.0.186","192.168.0.178","25858","25565","591","1231240","0","0","0x0010"
"1708","2026-08-15T10:06:11.665282400-0500","4.412312500","192.168.0.178","192.168.0.186","25565","25858","1231240","591","1460","0","0x0018"
"1709","2026-08-15T10:06:11.665282400-0500","4.412312500","192.168.0.178","192.168.0.186","25565","25858","1232700","591","223","0","0x0018"
"1710","2026-08-15T10:06:11.665282400-0500","4.412312500","192.168.0.178","192.168.0.186","25565","25858","1232923","591","53","0","0x0018"
"1711","2026-08-15T10:06:11.665282400-0500","4.412312500","192.168.0.178","192.168.0.186","25565","25858","1232976","591","53","0","0x0018"
"1712","2026-08-15T10:06:11.665282400-0500","4.412312500","192.168.0.178","192.168.0.186","25565","25858","1233029","591","53","0","0x0018"
"1713","2026-08-15T10:06:11.665294500-0500","4.412324600","192.168.0.186","192.168.0.178","25858","25565","591","1233082","0","0","0x0010"
"1714","2026-08-15T10:06:11.678127000-0500","4.425157100","192.168.0.186","192.168.0.178","25858","25565","591","1233082","3","0","0x0018"
"1715","2026-08-15T10:06:11.693438700-0500","4.440468800","192.168.0.178","192.168.0.186","25565","25858","1233082","594","53","0","0x0018"
"1716","2026-08-15T10:06:11.693537500-0500","4.440567600","192.168.0.178","192.168.0.186","25565","25858","1233135","594","53","0","0x0018"
"1717","2026-08-15T10:06:11.693537500-0500","4.440567600","192.168.0.178","192.168.0.186","25565","25858","1233188","594","53","0","0x0018"
"1718","2026-08-15T10:06:11.693551900-0500","4.440582000","192.168.0.186","192.168.0.178","25858","25565","594","1233241","0","0","0x0010"
"1719","2026-08-15T10:06:11.719105100-0500","4.466135200","192.168.0.178","192.168.0.186","25565","25858","1233241","594","1460","0","0x0010"
"1720","2026-08-15T10:06:11.719105100-0500","4.466135200","192.168.0.178","192.168.0.186","25565","25858","1234701","594","1460","0","0x0010"
"1721","2026-08-15T10:06:11.719168000-0500","4.466198100","192.168.0.186","192.168.0.178","25858","25565","594","1236161","0","0","0x0010"
"1722","2026-08-15T10:06:11.719235600-0500","4.466265700","192.168.0.178","192.168.0.186","25565","25858","1236161","594","1460","0","0x0010"
"1723","2026-08-15T10:06:11.719246800-0500","4.466276900","192.168.0.186","192.168.0.178","25858","25565","594","1237621","0","0","0x0010"
"1724","2026-08-15T10:06:11.719483300-0500","4.466513400","192.168.0.178","192.168.0.186","25565","25858","1237621","594","1460","0","0x0010"
"1725","2026-08-15T10:06:11.719483300-0500","4.466513400","192.168.0.178","192.168.0.186","25565","25858","1239081","594","1460","0","0x0010"
"1726","2026-08-15T10:06:11.719532200-0500","4.466562300","192.168.0.186","192.168.0.178","25858","25565","594","1240541","0","0","0x0010"
"1727","2026-08-15T10:06:11.719600800-0500","4.466630900","192.168.0.178","192.168.0.186","25565","25858","1240541","594","1460","0","0x0010"
"1728","2026-08-15T10:06:11.719841300-0500","4.466871400","192.168.0.178","192.168.0.186","25565","25858","1242001","594","1460","0","0x0010"
"1729","2026-08-15T10:06:11.719841300-0500","4.466871400","192.168.0.178","192.168.0.186","25565","25858","1243461","594","1460","0","0x0010"
"1730","2026-08-15T10:06:11.719899500-0500","4.466929600","192.168.0.186","192.168.0.178","25858","25565","594","1244921","0","0","0x0010"
"1731","2026-08-15T10:06:11.719939500-0500","4.466969600","192.168.0.178","192.168.0.186","25565","25858","1244921","594","1460","0","0x0018"
"1732","2026-08-15T10:06:11.719950900-0500","4.466981000","192.168.0.186","192.168.0.178","25858","25565","594","1246381","0","0","0x0010"
"1733","2026-08-15T10:06:11.720197000-0500","4.467227100","192.168.0.178","192.168.0.186","25565","25858","1246381","594","1460","0","0x0010"
"1734","2026-08-15T10:06:11.720197000-0500","4.467227100","192.168.0.178","192.168.0.186","25565","25858","1247841","594","1460","0","0x0010"
"1735","2026-08-15T10:06:11.720237500-0500","4.467267600","192.168.0.186","192.168.0.178","25858","25565","594","1249301","0","0","0x0010"
"1736","2026-08-15T10:06:11.720316400-0500","4.467346500","192.168.0.178","192.168.0.186","25565","25858","1249301","594","1460","0","0x0010"
"1737","2026-08-15T10:06:11.720316400-0500","4.467346500","192.168.0.178","192.168.0.186","25565","25858","1250761","594","116","0","0x0018"
"1738","2026-08-15T10:06:11.720341400-0500","4.467371500","192.168.0.186","192.168.0.178","25858","25565","594","1250877","0","0","0x0010"
"1739","2026-08-15T10:06:11.721789800-0500","4.468819900","192.168.0.178","192.168.0.186","25565","25858","1250877","594","53","0","0x0018"
"1740","2026-08-15T10:06:11.721789800-0500","4.468819900","192.168.0.178","192.168.0.186","25565","25858","1250930","594","53","0","0x0018"
"1741","2026-08-15T10:06:11.721789800-0500","4.468819900","192.168.0.178","192.168.0.186","25565","25858","1250983","594","53","0","0x0018"
"1742","2026-08-15T10:06:11.721846500-0500","4.468876600","192.168.0.186","192.168.0.178","25858","25565","594","1251036","0","0","0x0010"
"1743","2026-08-15T10:06:11.728485700-0500","4.475515800","192.168.0.186","192.168.0.178","25858","25565","594","1251036","3","0","0x0018"
"1744","2026-08-15T10:06:11.744461300-0500","4.491491400","192.168.0.178","192.168.0.186","25565","25858","1251036","597","53","0","0x0018"
"1745","2026-08-15T10:06:11.744461300-0500","4.491491400","192.168.0.178","192.168.0.186","25565","25858","1251089","597","106","0","0x0018"
"1746","2026-08-15T10:06:11.744504500-0500","4.491534600","192.168.0.186","192.168.0.178","25858","25565","597","1251195","0","0","0x0010"
"1747","2026-08-15T10:06:11.759852100-0500","4.506882200","192.168.0.178","192.168.0.186","25565","25858","1251195","597","1460","0","0x0010"
"1748","2026-08-15T10:06:11.759852100-0500","4.506882200","192.168.0.178","192.168.0.186","25565","25858","1252655","597","1460","0","0x0010"
"1749","2026-08-15T10:06:11.759904500-0500","4.506934600","192.168.0.186","192.168.0.178","25858","25565","597","1254115","0","0","0x0010"
"1750","2026-08-15T10:06:11.759954900-0500","4.506985000","192.168.0.178","192.168.0.186","25565","25858","1254115","597","1460","0","0x0010"
"1751","2026-08-15T10:06:11.760193900-0500","4.507224000","192.168.0.178","192.168.0.186","25565","25858","1255575","597","1460","0","0x0010"
"1752","2026-08-15T10:06:11.760193900-0500","4.507224000","192.168.0.178","192.168.0.186","25565","25858","1257035","597","1460","0","0x0010"
"1753","2026-08-15T10:06:11.760230200-0500","4.507260300","192.168.0.186","192.168.0.178","25858","25565","597","1258495","0","0","0x0010"
"1754","2026-08-15T10:06:11.760439400-0500","4.507469500","192.168.0.178","192.168.0.186","25565","25858","1258495","597","1460","0","0x0010"
"1755","2026-08-15T10:06:11.760439400-0500","4.507469500","192.168.0.178","192.168.0.186","25565","25858","1259955","597","1460","0","0x0010"
"1756","2026-08-15T10:06:11.760481100-0500","4.507511200","192.168.0.186","192.168.0.178","25858","25565","597","1261415","0","0","0x0010"
"1757","2026-08-15T10:06:11.760546900-0500","4.507577000","192.168.0.178","192.168.0.186","25565","25858","1261415","597","1460","0","0x0010"
"1758","2026-08-15T10:06:11.760557000-0500","4.507587100","192.168.0.186","192.168.0.178","25858","25565","597","1262875","0","0","0x0010"
"1759","2026-08-15T10:06:11.760762000-0500","4.507792100","192.168.0.178","192.168.0.186","25565","25858","1262875","597","1460","0","0x0018"
"1760","2026-08-15T10:06:11.760829400-0500","4.507859500","192.168.0.178","192.168.0.186","25565","25858","1264335","597","1460","0","0x0010"
"1761","2026-08-15T10:06:11.760841800-0500","4.507871900","192.168.0.186","192.168.0.178","25858","25565","597","1265795","0","0","0x0010"
"1762","2026-08-15T10:06:11.760932000-0500","4.507962100","192.168.0.178","192.168.0.186","25565","25858","1265795","597","1460","0","0x0010"
"1763","2026-08-15T10:06:11.761188300-0500","4.508218400","192.168.0.178","192.168.0.186","25565","25858","1267255","597","1460","0","0x0010"
"1764","2026-08-15T10:06:11.761188300-0500","4.508218400","192.168.0.178","192.168.0.186","25565","25858","1268715","597","1460","0","0x0010"
"1765","2026-08-15T10:06:11.761231000-0500","4.508261100","192.168.0.186","192.168.0.178","25858","25565","597","1270175","0","0","0x0010"
"1766","2026-08-15T10:06:11.761285700-0500","4.508315800","192.168.0.178","192.168.0.186","25565","25858","1270175","597","1258","0","0x0018"
"1767","2026-08-15T10:06:11.761303400-0500","4.508333500","192.168.0.186","192.168.0.178","25858","25565","597","1271433","0","0","0x0010"
"1768","2026-08-15T10:06:11.763656400-0500","4.510686500","192.168.0.178","192.168.0.186","25565","25858","1271433","597","53","0","0x0018"
"1769","2026-08-15T10:06:11.763656400-0500","4.510686500","192.168.0.178","192.168.0.186","25565","25858","1271486","597","106","0","0x0018"
"1770","2026-08-15T10:06:11.763695400-0500","4.510725500","192.168.0.186","192.168.0.178","25858","25565","597","1271592","0","0","0x0010"
"1771","2026-08-15T10:06:11.776905600-0500","4.523935700","192.168.0.186","192.168.0.178","25858","25565","597","1271592","3","0","0x0018"
"1772","2026-08-15T10:06:11.794980100-0500","4.542010200","192.168.0.178","192.168.0.186","25565","25858","1271592","600","53","0","0x0018"
"1773","2026-08-15T10:06:11.794980100-0500","4.542010200","192.168.0.178","192.168.0.186","25565","25858","1271645","600","106","0","0x0018"
"1774","2026-08-15T10:06:11.795023400-0500","4.542053500","192.168.0.186","192.168.0.178","25858","25565","600","1271751","0","0","0x0010"
"1775","2026-08-15T10:06:11.811652500-0500","4.558682600","192.168.0.178","192.168.0.186","25565","25858","1271751","600","1460","0","0x0010"
"1776","2026-08-15T10:06:11.811652500-0500","4.558682600","192.168.0.178","192.168.0.186","25565","25858","1273211","600","1460","0","0x0010"
"1777","2026-08-15T10:06:11.811697500-0500","4.558727600","192.168.0.186","192.168.0.178","25858","25565","600","1274671","0","0","0x0010"
"1778","2026-08-15T10:06:11.811755400-0500","4.558785500","192.168.0.178","192.168.0.186","25565","25858","1274671","600","1460","0","0x0010"
"1779","2026-08-15T10:06:11.812001800-0500","4.559031900","192.168.0.178","192.168.0.186","25565","25858","1276131","600","1460","0","0x0010"
"1780","2026-08-15T10:06:11.812001800-0500","4.559031900","192.168.0.178","192.168.0.186","25565","25858","1277591","600","1460","0","0x0010"
"1781","2026-08-15T10:06:11.812030400-0500","4.559060500","192.168.0.186","192.168.0.178","25858","25565","600","1279051","0","0","0x0010"
"1782","2026-08-15T10:06:11.812276900-0500","4.559307000","192.168.0.178","192.168.0.186","25565","25858","1279051","600","1460","0","0x0010"
"1783","2026-08-15T10:06:11.812311300-0500","4.559341400","192.168.0.186","192.168.0.178","25858","25565","600","1280511","0","0","0x0010"
"1784","2026-08-15T10:06:11.812347800-0500","4.559377900","192.168.0.178","192.168.0.186","25565","25858","1280511","600","1460","0","0x0010"
"1785","2026-08-15T10:06:11.812362100-0500","4.559392200","192.168.0.178","192.168.0.186","25565","25858","1281971","600","1460","0","0x0010"
"1786","2026-08-15T10:06:11.812367100-0500","4.559397200","192.168.0.186","192.168.0.178","25858","25565","600","1283431","0","0","0x0010"
"1787","2026-08-15T10:06:11.812579800-0500","4.559609900","192.168.0.178","192.168.0.186","25565","25858","1283431","600","1460","0","0x0018"
"1788","2026-08-15T10:06:11.812640500-0500","4.559670600","192.168.0.178","192.168.0.186","25565","25858","1284891","600","1460","0","0x0010"
"1789","2026-08-15T10:06:11.812648800-0500","4.559678900","192.168.0.186","192.168.0.178","25858","25565","600","1286351","0","0","0x0010"
"1790","2026-08-15T10:06:11.812899000-0500","4.559929100","192.168.0.178","192.168.0.186","25565","25858","1286351","600","1460","0","0x0010"
"1791","2026-08-15T10:06:11.812899000-0500","4.559929100","192.168.0.178","192.168.0.186","25565","25858","1287811","600","43","0","0x0018"
"1792","2026-08-15T10:06:11.812899000-0500","4.559929100","192.168.0.178","192.168.0.186","25565","25858","1287854","600","53","0","0x0018"
"1793","2026-08-15T10:06:11.812899000-0500","4.559929100","192.168.0.178","192.168.0.186","25565","25858","1287907","600","53","0","0x0018"
"1794","2026-08-15T10:06:11.812899000-0500","4.559929100","192.168.0.178","192.168.0.186","25565","25858","1287960","600","53","0","0x0018"
"1795","2026-08-15T10:06:11.812930400-0500","4.559960500","192.168.0.186","192.168.0.178","25858","25565","600","1288013","0","0","0x0010"
"1796","2026-08-15T10:06:11.828128400-0500","4.575158500","192.168.0.186","192.168.0.178","25858","25565","600","1288013","3","0","0x0018"
"1797","2026-08-15T10:06:11.844218300-0500","4.591248400","192.168.0.178","192.168.0.186","25565","25858","1288013","603","53","0","0x0018"
"1798","2026-08-15T10:06:11.844218300-0500","4.591248400","192.168.0.178","192.168.0.186","25565","25858","1288066","603","106","0","0x0018"
"1799","2026-08-15T10:06:11.844264700-0500","4.591294800","192.168.0.186","192.168.0.178","25858","25565","603","1288172","0","0","0x0010"
"1800","2026-08-15T10:06:11.860628400-0500","4.607658500","192.168.0.178","192.168.0.186","25565","25858","1288172","603","1460","0","0x0010"
"1801","2026-08-15T10:06:11.860628400-0500","4.607658500","192.168.0.178","192.168.0.186","25565","25858","1289632","603","1460","0","0x0010"
"1802","2026-08-15T10:06:11.860689800-0500","4.607719900","192.168.0.186","192.168.0.178","25858","25565","603","1291092","0","0","0x0010"
"1803","2026-08-15T10:06:11.860741000-0500","4.607771100","192.168.0.178","192.168.0.186","25565","25858","1291092","603","1460","0","0x0010"
"1804","2026-08-15T10:06:11.860872100-0500","4.607902200","192.168.0.178","192.168.0.186","25565","25858","1292552","603","1460","0","0x0010"
"1805","2026-08-15T10:06:11.860885500-0500","4.607915600","192.168.0.186","192.168.0.178","25858","25565","603","1294012","0","0","0x0010"
"1806","2026-08-15T10:06:11.860946700-0500","4.607976800","192.168.0.178","192.168.0.186","25565","25858","1294012","603","1460","0","0x0010"
"1807","2026-08-15T10:06:11.861214000-0500","4.608244100","192.168.0.178","192.168.0.186","25565","25858","1295472","603","1460","0","0x0010"
"1808","2026-08-15T10:06:11.861214000-0500","4.608244100","192.168.0.178","192.168.0.186","25565","25858","1296932","603","1460","0","0x0010"
"1809","2026-08-15T10:06:11.861262600-0500","4.608292700","192.168.0.186","192.168.0.178","25858","25565","603","1298392","0","0","0x0010"
"1810","2026-08-15T10:06:11.861328600-0500","4.608358700","192.168.0.178","192.168.0.186","25565","25858","1298392","603","1460","0","0x0010"
"1811","2026-08-15T10:06:11.861346800-0500","4.608376900","192.168.0.186","192.168.0.178","25858","25565","603","1299852","0","0","0x0010"
"1812","2026-08-15T10:06:11.861608300-0500","4.608638400","192.168.0.178","192.168.0.186","25565","25858","1299852","603","1460","0","0x0018"
"1813","2026-08-15T10:06:11.861608300-0500","4.608638400","192.168.0.178","192.168.0.186","25565","25858","1301312","603","1460","0","0x0010"
"1814","2026-08-15T10:06:11.861608300-0500","4.608638400","192.168.0.178","192.168.0.186","25565","25858","1302772","603","132","0","0x0018"
"1815","2026-08-15T10:06:11.861608300-0500","4.608638400","192.168.0.178","192.168.0.186","25565","25858","1302904","603","53","0","0x0018"
"1816","2026-08-15T10:06:11.861608300-0500","4.608638400","192.168.0.178","192.168.0.186","25565","25858","1302957","603","53","0","0x0018"
"1817","2026-08-15T10:06:11.861608300-0500","4.608638400","192.168.0.178","192.168.0.186","25565","25858","1303010","603","53","0","0x0018"
"1818","2026-08-15T10:06:11.861659500-0500","4.608689600","192.168.0.186","192.168.0.178","25858","25565","603","1303063","0","0","0x0010"
"1819","2026-08-15T10:06:11.877545000-0500","4.624575100","192.168.0.186","192.168.0.178","25858","25565","603","1303063","3","0","0x0018"
"1820","2026-08-15T10:06:11.894663000-0500","4.641693100","192.168.0.178","192.168.0.186","25565","25858","1303063","606","53","0","0x0018"
"1821","2026-08-15T10:06:11.894663000-0500","4.641693100","192.168.0.178","192.168.0.186","25565","25858","1303116","606","106","0","0x0018"
"1822","2026-08-15T10:06:11.894717800-0500","4.641747900","192.168.0.186","192.168.0.178","25858","25565","606","1303222","0","0","0x0010"
"1823","2026-08-15T10:06:11.928580700-0500","4.675610800","192.168.0.186","192.168.0.178","25858","25565","606","1303222","3","0","0x0018"
"1824","2026-08-15T10:06:11.970816600-0500","4.717846700","192.168.0.178","192.168.0.186","25565","25858","1303222","609","0","0","0x0010"
"1825","2026-08-15T10:06:11.976657200-0500","4.723687300","192.168.0.186","192.168.0.178","25858","25565","609","1303222","28","0","0x0018"
"1826","2026-08-15T10:06:11.978384300-0500","4.725414400","192.168.0.186","192.168.0.178","25858","25565","637","1303222","3","0","0x0018"
"1827","2026-08-15T10:06:12.012330100-0500","4.759360200","192.168.0.178","192.168.0.186","25565","25858","1303222","640","0","0","0x0010"
"1828","2026-08-15T10:06:12.028598600-0500","4.775628700","192.168.0.186","192.168.0.178","25858","25565","640","1303222","3","0","0x0018"
"1829","2026-08-15T10:06:12.029406500-0500","4.776436600","192.168.0.178","192.168.0.186","25565","25858","1303222","643","0","0","0x0010"
"1830","2026-08-15T10:06:12.062058700-0500","4.809088800","192.168.0.178","192.168.0.186","25565","25858","1303222","643","1460","0","0x0010"
"1831","2026-08-15T10:06:12.062058700-0500","4.809088800","192.168.0.178","192.168.0.186","25565","25858","1304682","643","1460","0","0x0010"
"1832","2026-08-15T10:06:12.062127600-0500","4.809157700","192.168.0.186","192.168.0.178","25858","25565","643","1306142","0","0","0x0010"
"1833","2026-08-15T10:06:12.062173800-0500","4.809203900","192.168.0.178","192.168.0.186","25565","25858","1306142","643","1460","0","0x0010"
"1834","2026-08-15T10:06:12.062250500-0500","4.809280600","192.168.0.178","192.168.0.186","25565","25858","1307602","643","1460","0","0x0010"
"1835","2026-08-15T10:06:12.062267600-0500","4.809297700","192.168.0.186","192.168.0.178","25858","25565","643","1309062","0","0","0x0010"
"1836","2026-08-15T10:06:12.062508200-0500","4.809538300","192.168.0.178","192.168.0.186","25565","25858","1309062","643","1460","0","0x0010"
"1837","2026-08-15T10:06:12.062508200-0500","4.809538300","192.168.0.178","192.168.0.186","25565","25858","1310522","643","1460","0","0x0010"
"1838","2026-08-15T10:06:12.062558200-0500","4.809588300","192.168.0.186","192.168.0.178","25858","25565","643","1311982","0","0","0x0010"
"1839","2026-08-15T10:06:12.062625100-0500","4.809655200","192.168.0.178","192.168.0.186","25565","25858","1311982","643","1460","0","0x0010"
"1840","2026-08-15T10:06:12.062889400-0500","4.809919500","192.168.0.178","192.168.0.186","25565","25858","1313442","643","1460","0","0x0010"
"1841","2026-08-15T10:06:12.062889400-0500","4.809919500","192.168.0.178","192.168.0.186","25565","25858","1314902","643","1460","0","0x0018"
"1842","2026-08-15T10:06:12.062942900-0500","4.809973000","192.168.0.186","192.168.0.178","25858","25565","643","1316362","0","0","0x0010"
"1843","2026-08-15T10:06:12.063175800-0500","4.810205900","192.168.0.178","192.168.0.186","25565","25858","1316362","643","1460","0","0x0010"
"1844","2026-08-15T10:06:12.063175800-0500","4.810205900","192.168.0.178","192.168.0.186","25565","25858","1317822","643","1460","0","0x0010"
"1845","2026-08-15T10:06:12.063214400-0500","4.810244500","192.168.0.186","192.168.0.178","25858","25565","643","1319282","0","0","0x0010"
"1846","2026-08-15T10:06:12.063322500-0500","4.810352600","192.168.0.178","192.168.0.186","25565","25858","1319282","643","1460","0","0x0010"
"1847","2026-08-15T10:06:12.063343500-0500","4.810373600","192.168.0.186","192.168.0.178","25858","25565","643","1320742","0","0","0x0010"
"1848","2026-08-15T10:06:12.063400700-0500","4.810430800","192.168.0.178","192.168.0.186","25565","25858","1320742","643","1310","0","0x0018"
"1849","2026-08-15T10:06:12.063400700-0500","4.810430800","192.168.0.178","192.168.0.186","25565","25858","1322052","643","53","0","0x0018"
"1850","2026-08-15T10:06:12.063400700-0500","4.810430800","192.168.0.178","192.168.0.186","25565","25858","1322105","643","106","0","0x0018"
"1851","2026-08-15T10:06:12.063423700-0500","4.810453800","192.168.0.186","192.168.0.178","25858","25565","643","1322211","0","0","0x0010"
"1852","2026-08-15T10:06:12.063460400-0500","4.810490500","192.168.0.178","192.168.0.186","25565","25858","1322211","643","159","0","0x0018"
"1853","2026-08-15T10:06:12.063460400-0500","4.810490500","192.168.0.178","192.168.0.186","25565","25858","1322370","643","53","0","0x0018"
"1854","2026-08-15T10:06:12.063460400-0500","4.810490500","192.168.0.178","192.168.0.186","25565","25858","1322423","643","53","0","0x0018"
"1855","2026-08-15T10:06:12.063460400-0500","4.810490500","192.168.0.178","192.168.0.186","25565","25858","1322476","643","53","0","0x0018"
"1856","2026-08-15T10:06:12.063471800-0500","4.810501900","192.168.0.186","192.168.0.178","25858","25565","643","1322529","0","0","0x0010"
"1857","2026-08-15T10:06:12.063683700-0500","4.810713800","192.168.0.178","192.168.0.186","25565","25858","1322529","643","636","0","0x0018"
"1858","2026-08-15T10:06:12.063727000-0500","4.810757100","192.168.0.186","192.168.0.178","25858","25565","643","1323165","0","0","0x0010"
"1859","2026-08-15T10:06:12.072518900-0500","4.819549000","192.168.0.178","192.168.0.186","25565","25858","1323165","643","1460","0","0x0010"
"1860","2026-08-15T10:06:12.072518900-0500","4.819549000","192.168.0.178","192.168.0.186","25565","25858","1324625","643","1460","0","0x0010"
"1861","2026-08-15T10:06:12.072567800-0500","4.819597900","192.168.0.186","192.168.0.178","25858","25565","643","1326085","0","0","0x0010"
"1862","2026-08-15T10:06:12.072600600-0500","4.819630700","192.168.0.178","192.168.0.186","25565","25858","1326085","643","1460","0","0x0010"
"1863","2026-08-15T10:06:12.072855400-0500","4.819885500","192.168.0.178","192.168.0.186","25565","25858","1327545","643","1460","0","0x0010"
"1864","2026-08-15T10:06:12.072855400-0500","4.819885500","192.168.0.178","192.168.0.186","25565","25858","1329005","643","1460","0","0x0010"
"1865","2026-08-15T10:06:12.072899900-0500","4.819930000","192.168.0.186","192.168.0.178","25858","25565","643","1330465","0","0","0x0010"
"1866","2026-08-15T10:06:12.073108600-0500","4.820138700","192.168.0.178","192.168.0.186","25565","25858","1330465","643","1460","0","0x0010"
"1867","2026-08-15T10:06:12.073108600-0500","4.820138700","192.168.0.178","192.168.0.186","25565","25858","1331925","643","1460","0","0x0010"
"1868","2026-08-15T10:06:12.073141500-0500","4.820171600","192.168.0.186","192.168.0.178","25858","25565","643","1333385","0","0","0x0010"
"1869","2026-08-15T10:06:12.073214100-0500","4.820244200","192.168.0.178","192.168.0.186","25565","25858","1333385","643","1460","0","0x0010"
"1870","2026-08-15T10:06:12.073222000-0500","4.820252100","192.168.0.186","192.168.0.178","25858","25565","643","1334845","0","0","0x0010"
"1871","2026-08-15T10:06:12.073374400-0500","4.820404500","192.168.0.178","192.168.0.186","25565","25858","1334845","643","1460","0","0x0010"
"1872","2026-08-15T10:06:12.073460900-0500","4.820491000","192.168.0.178","192.168.0.186","25565","25858","1336305","643","1460","0","0x0018"
"1873","2026-08-15T10:06:12.073475000-0500","4.820505100","192.168.0.186","192.168.0.178","25858","25565","643","1337765","0","0","0x0010"
"1874","2026-08-15T10:06:12.073711500-0500","4.820741600","192.168.0.178","192.168.0.186","25565","25858","1337765","643","1460","0","0x0010"
"1875","2026-08-15T10:06:12.073711500-0500","4.820741600","192.168.0.178","192.168.0.186","25565","25858","1339225","643","1460","0","0x0010"
"1876","2026-08-15T10:06:12.073745400-0500","4.820775500","192.168.0.186","192.168.0.178","25858","25565","643","1340685","0","0","0x0010"
"1877","2026-08-15T10:06:12.073983100-0500","4.821013200","192.168.0.178","192.168.0.186","25565","25858","1340685","643","1460","0","0x0010"
"1878","2026-08-15T10:06:12.073983100-0500","4.821013200","192.168.0.178","192.168.0.186","25565","25858","1342145","643","1460","0","0x0010"
"1879","2026-08-15T10:06:12.074017700-0500","4.821047800","192.168.0.186","192.168.0.178","25858","25565","643","1343605","0","0","0x0010"
"1880","2026-08-15T10:06:12.074077300-0500","4.821107400","192.168.0.178","192.168.0.186","25565","25858","1343605","643","1460","0","0x0010"
"1881","2026-08-15T10:06:12.074325800-0500","4.821355900","192.168.0.178","192.168.0.186","25565","25858","1345065","643","1460","0","0x0010"
"1882","2026-08-15T10:06:12.074325800-0500","4.821355900","192.168.0.178","192.168.0.186","25565","25858","1346525","643","1460","0","0x0010"
"1883","2026-08-15T10:06:12.074357600-0500","4.821387700","192.168.0.186","192.168.0.178","25858","25565","643","1347985","0","0","0x0010"
"1884","2026-08-15T10:06:12.074575400-0500","4.821605500","192.168.0.178","192.168.0.186","25565","25858","1347985","643","1460","0","0x0010"
"1885","2026-08-15T10:06:12.074575400-0500","4.821605500","192.168.0.178","192.168.0.186","25565","25858","1349445","643","1460","0","0x0010"
"1886","2026-08-15T10:06:12.074604300-0500","4.821634400","192.168.0.186","192.168.0.178","25858","25565","643","1350905","0","0","0x0010"
"1887","2026-08-15T10:06:12.074859000-0500","4.821889100","192.168.0.178","192.168.0.186","25565","25858","1350905","643","1460","0","0x0018"
"1888","2026-08-15T10:06:12.074886700-0500","4.821916800","192.168.0.186","192.168.0.178","25858","25565","643","1352365","0","0","0x0010"
"1889","2026-08-15T10:06:12.076634100-0500","4.823664200","192.168.0.178","192.168.0.186","25565","25858","1352365","643","1460","0","0x0010"
"1890","2026-08-15T10:06:12.076634100-0500","4.823664200","192.168.0.178","192.168.0.186","25565","25858","1353825","643","1460","0","0x0018"
"1891","2026-08-15T10:06:12.076654200-0500","4.823684300","192.168.0.186","192.168.0.178","25858","25565","643","1355285","0","0","0x0010"
"1892","2026-08-15T10:06:12.076713800-0500","4.823743900","192.168.0.178","192.168.0.186","25565","25858","1355285","643","1460","0","0x0010"
"1893","2026-08-15T10:06:12.076923200-0500","4.823953300","192.168.0.178","192.168.0.186","25565","25858","1356745","643","1460","0","0x0010"
"1894","2026-08-15T10:06:12.076937200-0500","4.823967300","192.168.0.186","192.168.0.178","25858","25565","643","1358205","0","0","0x0010"
"1895","2026-08-15T10:06:12.076978300-0500","4.824008400","192.168.0.178","192.168.0.186","25565","25858","1358205","643","1460","0","0x0010"
"1896","2026-08-15T10:06:12.077118300-0500","4.824148400","192.168.0.178","192.168.0.186","25565","25858","1359665","643","1460","0","0x0010"
"1897","2026-08-15T10:06:12.077132300-0500","4.824162400","192.168.0.186","192.168.0.178","25858","25565","643","1361125","0","0","0x0010"
"1898","2026-08-15T10:06:12.077245500-0500","4.824275600","192.168.0.178","192.168.0.186","25565","25858","1361125","643","1460","0","0x0010"
"1899","2026-08-15T10:06:12.077360700-0500","4.824390800","192.168.0.178","192.168.0.186","25565","25858","1362585","643","1460","0","0x0010"
"1900","2026-08-15T10:06:12.077364800-0500","4.824394900","192.168.0.186","192.168.0.178","25858","25565","643","1364045","0","0","0x0010"
"1901","2026-08-15T10:06:12.077447400-0500","4.824477500","192.168.0.178","192.168.0.186","25565","25858","1364045","643","1460","0","0x0018"
"1902","2026-08-15T10:06:12.077585700-0500","4.824615800","192.168.0.186","192.168.0.178","25858","25565","643","1365505","3","0","0x0018"
"1903","2026-08-15T10:06:12.077607600-0500","4.824637700","192.168.0.178","192.168.0.186","25565","25858","1365505","643","1460","0","0x0010"
"1904","2026-08-15T10:06:12.077614300-0500","4.824644400","192.168.0.186","192.168.0.178","25858","25565","646","1366965","0","0","0x0010"
"1905","2026-08-15T10:06:12.077692300-0500","4.824722400","192.168.0.178","192.168.0.186","25565","25858","1366965","643","1460","0","0x0010"
"1906","2026-08-15T10:06:12.077696500-0500","4.824726600","192.168.0.186","192.168.0.178","25858","25565","646","1368425","0","0","0x0010"
"1907","2026-08-15T10:06:12.077851700-0500","4.824881800","192.168.0.178","192.168.0.186","25565","25858","1368425","643","1460","0","0x0010"
"1908","2026-08-15T10:06:12.077855000-0500","4.824885100","192.168.0.186","192.168.0.178","25858","25565","646","1369885","0","0","0x0010"
"1909","2026-08-15T10:06:12.077939600-0500","4.824969700","192.168.0.178","192.168.0.186","25565","25858","1369885","643","1460","0","0x0010"
"1910","2026-08-15T10:06:12.077942400-0500","4.824972500","192.168.0.186","192.168.0.178","25858","25565","646","1371345","0","0","0x0010"
"1911","2026-08-15T10:06:12.078099800-0500","4.825129900","192.168.0.178","192.168.0.186","25565","25858","1371345","643","1460","0","0x0010"
"1912","2026-08-15T10:06:12.078103100-0500","4.825133200","192.168.0.186","192.168.0.178","25858","25565","646","1372805","0","0","0x0010"
"1913","2026-08-15T10:06:12.078188700-0500","4.825218800","192.168.0.178","192.168.0.186","25565","25858","1372805","643","1460","0","0x0010"
"1914","2026-08-15T10:06:12.078191900-0500","4.825222000","192.168.0.186","192.168.0.178","25858","25565","646","1374265","0","0","0x0010"
"1915","2026-08-15T10:06:12.078332100-0500","4.825362200","192.168.0.178","192.168.0.186","25565","25858","1374265","643","1460","0","0x0010"
"1916","2026-08-15T10:06:12.078335100-0500","4.825365200","192.168.0.186","192.168.0.178","25858","25565","646","1375725","0","0","0x0010"
"1917","2026-08-15T10:06:12.078429200-0500","4.825459300","192.168.0.178","192.168.0.186","25565","25858","1375725","643","1460","0","0x0010"
"1918","2026-08-15T10:06:12.078433000-0500","4.825463100","192.168.0.186","192.168.0.178","25858","25565","646","1377185","0","0","0x0010"
"1919","2026-08-15T10:06:12.078529500-0500","4.825559600","192.168.0.178","192.168.0.186","25565","25858","1377185","643","1189","0","0x0018"
"1920","2026-08-15T10:06:12.079186700-0500","4.826216800","192.168.0.178","192.168.0.186","25565","25858","1378374","643","1460","0","0x0010"
"1921","2026-08-15T10:06:12.079192800-0500","4.826222900","192.168.0.186","192.168.0.178","25858","25565","646","1379834","0","0","0x0010"
"1922","2026-08-15T10:06:12.079245700-0500","4.826275800","192.168.0.178","192.168.0.186","25565","25858","1379834","643","1460","0","0x0010"
"1923","2026-08-15T10:06:12.079252500-0500","4.826282600","192.168.0.186","192.168.0.178","25858","25565","646","1381294","0","0","0x0010"
"1924","2026-08-15T10:06:12.079353600-0500","4.826383700","192.168.0.178","192.168.0.186","25565","25858","1381294","643","1385","0","0x0018"
"1925","2026-08-15T10:06:12.079360000-0500","4.826390100","192.168.0.186","192.168.0.178","25858","25565","646","1382679","0","0","0x0010"
"1926","2026-08-15T10:06:12.081252200-0500","4.828282300","192.168.0.178","192.168.0.186","25565","25858","1382679","646","603","0","0x0018"
"1927","2026-08-15T10:06:12.093614100-0500","4.840644200","192.168.0.178","192.168.0.186","25565","25858","1383282","646","53","0","0x0018"
"1928","2026-08-15T10:06:12.093630600-0500","4.840660700","192.168.0.186","192.168.0.178","25858","25565","646","1383335","0","0","0x0010"
"1929","2026-08-15T10:06:12.093706000-0500","4.840736100","192.168.0.178","192.168.0.186","25565","25858","1383335","646","53","0","0x0018"
"1930","2026-08-15T10:06:12.094661300-0500","4.841691400","192.168.0.178","192.168.0.186","25565","25858","1383388","646","53","0","0x0018"
"1931","2026-08-15T10:06:12.094670400-0500","4.841700500","192.168.0.186","192.168.0.178","25858","25565","646","1383441","0","0","0x0010"
"1932","2026-08-15T10:06:12.108088200-0500","4.855118300","192.168.0.178","192.168.0.186","25565","25858","1383441","646","1460","0","0x0010"
"1933","2026-08-15T10:06:12.108123200-0500","4.855153300","192.168.0.178","192.168.0.186","25565","25858","1384901","646","1460","0","0x0010"
"1934","2026-08-15T10:06:12.108127600-0500","4.855157700","192.168.0.186","192.168.0.178","25858","25565","646","1386361","0","0","0x0010"
"1935","2026-08-15T10:06:12.108289000-0500","4.855319100","192.168.0.178","192.168.0.186","25565","25858","1386361","646","1460","0","0x0010"
"1936","2026-08-15T10:06:12.108754900-0500","4.855785000","192.168.0.178","192.168.0.186","25565","25858","1387821","646","1460","0","0x0010"
"1937","2026-08-15T10:06:12.108754900-0500","4.855785000","192.168.0.178","192.168.0.186","25565","25858","1389281","646","1460","0","0x0010"
"1938","2026-08-15T10:06:12.108754900-0500","4.855785000","192.168.0.178","192.168.0.186","25565","25858","1390741","646","1460","0","0x0010"
"1939","2026-08-15T10:06:12.108754900-0500","4.855785000","192.168.0.178","192.168.0.186","25565","25858","1392201","646","1365","0","0x0018"
"1940","2026-08-15T10:06:12.108754900-0500","4.855785000","192.168.0.178","192.168.0.186","25565","25858","1393566","646","53","0","0x0018"
"1941","2026-08-15T10:06:12.108754900-0500","4.855785000","192.168.0.178","192.168.0.186","25565","25858","1393619","646","53","0","0x0018"
"1942","2026-08-15T10:06:12.108811100-0500","4.855841200","192.168.0.186","192.168.0.178","25858","25565","646","1393672","0","0","0x0010"
"1943","2026-08-15T10:06:12.108894800-0500","4.855924900","192.168.0.178","192.168.0.186","25565","25858","1393672","646","53","0","0x0018"
"1944","2026-08-15T10:06:12.108899900-0500","4.855930000","192.168.0.186","192.168.0.178","25858","25565","646","1393725","0","0","0x0010"
"1945","2026-08-15T10:06:12.127065600-0500","4.874095700","192.168.0.186","192.168.0.178","25858","25565","646","1393725","3","0","0x0018"
"1946","2026-08-15T10:06:12.144320400-0500","4.891350500","192.168.0.178","192.168.0.186","25565","25858","1393725","649","53","0","0x0018"
"1947","2026-08-15T10:06:12.144320400-0500","4.891350500","192.168.0.178","192.168.0.186","25565","25858","1393778","649","106","0","0x0018"
"1948","2026-08-15T10:06:12.144368300-0500","4.891398400","192.168.0.186","192.168.0.178","25858","25565","649","1393884","0","0","0x0010"
"1949","2026-08-15T10:06:12.154579400-0500","4.901609500","192.168.0.178","192.168.0.186","25565","25858","1393884","649","1460","0","0x0010"
"1950","2026-08-15T10:06:12.154579400-0500","4.901609500","192.168.0.178","192.168.0.186","25565","25858","1395344","649","1460","0","0x0010"
"1951","2026-08-15T10:06:12.154613100-0500","4.901643200","192.168.0.186","192.168.0.178","25858","25565","649","1396804","0","0","0x0010"
"1952","2026-08-15T10:06:12.154671500-0500","4.901701600","192.168.0.178","192.168.0.186","25565","25858","1396804","649","1460","0","0x0010"
"1953","2026-08-15T10:06:12.154920400-0500","4.901950500","192.168.0.178","192.168.0.186","25565","25858","1398264","649","1460","0","0x0010"
"1954","2026-08-15T10:06:12.154920400-0500","4.901950500","192.168.0.178","192.168.0.186","25565","25858","1399724","649","1460","0","0x0010"
"1955","2026-08-15T10:06:12.154938500-0500","4.901968600","192.168.0.186","192.168.0.178","25858","25565","649","1401184","0","0","0x0010"
"1956","2026-08-15T10:06:12.155157800-0500","4.902187900","192.168.0.178","192.168.0.186","25565","25858","1401184","649","1460","0","0x0010"
"1957","2026-08-15T10:06:12.155174800-0500","4.902204900","192.168.0.186","192.168.0.178","25858","25565","649","1402644","0","0","0x0010"
"1958","2026-08-15T10:06:12.155218900-0500","4.902249000","192.168.0.178","192.168.0.186","25565","25858","1402644","649","1460","0","0x0010"
"1959","2026-08-15T10:06:12.155385700-0500","4.902415800","192.168.0.178","192.168.0.186","25565","25858","1404104","649","1460","0","0x0010"
"1960","2026-08-15T10:06:12.155402700-0500","4.902432800","192.168.0.186","192.168.0.178","25858","25565","649","1405564","0","0","0x0010"
"1961","2026-08-15T10:06:12.155439100-0500","4.902469200","192.168.0.178","192.168.0.186","25565","25858","1405564","649","1460","0","0x0010"
"1962","2026-08-15T10:06:12.155572600-0500","4.902602700","192.168.0.178","192.168.0.186","25565","25858","1407024","649","1460","0","0x0010"
"1963","2026-08-15T10:06:12.155590400-0500","4.902620500","192.168.0.186","192.168.0.178","25858","25565","649","1408484","0","0","0x0010"
"1964","2026-08-15T10:06:12.155657800-0500","4.902687900","192.168.0.178","192.168.0.186","25565","25858","1408484","649","1460","0","0x0018"
"1965","2026-08-15T10:06:12.155904900-0500","4.902935000","192.168.0.178","192.168.0.186","25565","25858","1409944","649","1460","0","0x0010"
"1966","2026-08-15T10:06:12.155904900-0500","4.902935000","192.168.0.178","192.168.0.186","25565","25858","1411404","649","1460","0","0x0010"
"1967","2026-08-15T10:06:12.155925900-0500","4.902956000","192.168.0.186","192.168.0.178","25858","25565","649","1412864","0","0","0x0010"
"1968","2026-08-15T10:06:12.155958300-0500","4.902988400","192.168.0.178","192.168.0.186","25565","25858","1412864","649","193","0","0x0018"
"1969","2026-08-15T10:06:12.155962800-0500","4.902992900","192.168.0.186","192.168.0.178","25858","25565","649","1413057","0","0","0x0010"
"1970","2026-08-15T10:06:12.159060300-0500","4.906090400","192.168.0.178","192.168.0.186","25565","25858","1413057","649","53","0","0x0018"
"1971","2026-08-15T10:06:12.159060300-0500","4.906090400","192.168.0.178","192.168.0.186","25565","25858","1413110","649","106","0","0x0018"
"1972","2026-08-15T10:06:12.159079600-0500","4.906109700","192.168.0.186","192.168.0.178","25858","25565","649","1413216","0","0","0x0010"
"1973","2026-08-15T10:06:12.176801700-0500","4.923831800","192.168.0.186","192.168.0.178","25858","25565","649","1413216","3","0","0x0018"
"1974","2026-08-15T10:06:12.192973300-0500","4.940003400","192.168.0.178","192.168.0.186","25565","25858","1413216","652","53","0","0x0018"
"1975","2026-08-15T10:06:12.192973300-0500","4.940003400","192.168.0.178","192.168.0.186","25565","25858","1413269","652","106","0","0x0018"
"1976","2026-08-15T10:06:12.193019200-0500","4.940049300","192.168.0.186","192.168.0.178","25858","25565","652","1413375","0","0","0x0010"
"1977","2026-08-15T10:06:12.205310800-0500","4.952340900","192.168.0.178","192.168.0.186","25565","25858","1413375","652","1460","0","0x0010"
"1978","2026-08-15T10:06:12.205310800-0500","4.952340900","192.168.0.178","192.168.0.186","25565","25858","1414835","652","1460","0","0x0010"
"1979","2026-08-15T10:06:12.205347000-0500","4.952377100","192.168.0.186","192.168.0.178","25858","25565","652","1416295","0","0","0x0010"
"1980","2026-08-15T10:06:12.205410100-0500","4.952440200","192.168.0.178","192.168.0.186","25565","25858","1416295","652","1460","0","0x0010"
"1981","2026-08-15T10:06:12.205654200-0500","4.952684300","192.168.0.178","192.168.0.186","25565","25858","1417755","652","1460","0","0x0010"
"1982","2026-08-15T10:06:12.205654200-0500","4.952684300","192.168.0.178","192.168.0.186","25565","25858","1419215","652","1460","0","0x0010"
"1983","2026-08-15T10:06:12.205678600-0500","4.952708700","192.168.0.186","192.168.0.178","25858","25565","652","1420675","0","0","0x0010"
"1984","2026-08-15T10:06:12.205892200-0500","4.952922300","192.168.0.178","192.168.0.186","25565","25858","1420675","652","1460","0","0x0010"
"1985","2026-08-15T10:06:12.205916600-0500","4.952946700","192.168.0.186","192.168.0.178","25858","25565","652","1422135","0","0","0x0010"
"1986","2026-08-15T10:06:12.205968900-0500","4.952999000","192.168.0.178","192.168.0.186","25565","25858","1422135","652","1460","0","0x0010"
"1987","2026-08-15T10:06:12.206143500-0500","4.953173600","192.168.0.178","192.168.0.186","25565","25858","1423595","652","1460","0","0x0010"
"1988","2026-08-15T10:06:12.206143500-0500","4.953173600","192.168.0.178","192.168.0.186","25565","25858","1425055","652","1460","0","0x0010"
"1989","2026-08-15T10:06:12.206169000-0500","4.953199100","192.168.0.186","192.168.0.178","25858","25565","652","1426515","0","0","0x0010"
"1990","2026-08-15T10:06:12.206390600-0500","4.953420700","192.168.0.178","192.168.0.186","25565","25858","1426515","652","1460","0","0x0010"
"1991","2026-08-15T10:06:12.206390600-0500","4.953420700","192.168.0.178","192.168.0.186","25565","25858","1427975","652","1460","0","0x0018"
"1992","2026-08-15T10:06:12.206425200-0500","4.953455300","192.168.0.186","192.168.0.178","25858","25565","652","1429435","0","0","0x0010"
"1993","2026-08-15T10:06:12.206481000-0500","4.953511100","192.168.0.178","192.168.0.186","25565","25858","1429435","652","1011","0","0x0018"
"1994","2026-08-15T10:06:12.206489200-0500","4.953519300","192.168.0.186","192.168.0.178","25858","25565","652","1430446","0","0","0x0010"
"1995","2026-08-15T10:06:12.207847100-0500","4.954877200","192.168.0.178","192.168.0.186","25565","25858","1430446","652","53","0","0x0018"
"1996","2026-08-15T10:06:12.207847100-0500","4.954877200","192.168.0.178","192.168.0.186","25565","25858","1430499","652","106","0","0x0018"
"1997","2026-08-15T10:06:12.207875000-0500","4.954905100","192.168.0.186","192.168.0.178","25858","25565","652","1430605","0","0","0x0010"
"1998","2026-08-15T10:06:12.227145100-0500","4.974175200","192.168.0.186","192.168.0.178","25858","25565","652","1430605","3","0","0x0018"
"1999","2026-08-15T10:06:12.244610200-0500","4.991640300","192.168.0.178","192.168.0.186","25565","25858","1430605","655","53","0","0x0018"
"2000","2026-08-15T10:06:12.244610200-0500","4.991640300","192.168.0.178","192.168.0.186","25565","25858","1430658","655","106","0","0x0018"
"2001","2026-08-15T10:06:12.244665400-0500","4.991695500","192.168.0.186","192.168.0.178","25858","25565","655","1430764","0","0","0x0010"
"2002","2026-08-15T10:06:12.254563000-0500","5.001593100","192.168.0.178","192.168.0.186","25565","25858","1430764","655","1460","0","0x0010"
"2003","2026-08-15T10:06:12.254563000-0500","5.001593100","192.168.0.178","192.168.0.186","25565","25858","1432224","655","1460","0","0x0010"
"2004","2026-08-15T10:06:12.254605600-0500","5.001635700","192.168.0.186","192.168.0.178","25858","25565","655","1433684","0","0","0x0010"
"2005","2026-08-15T10:06:12.254667400-0500","5.001697500","192.168.0.178","192.168.0.186","25565","25858","1433684","655","1460","0","0x0010"
"2006","2026-08-15T10:06:12.254937600-0500","5.001967700","192.168.0.178","192.168.0.186","25565","25858","1435144","655","1460","0","0x0010"
"2007","2026-08-15T10:06:12.254937600-0500","5.001967700","192.168.0.178","192.168.0.186","25565","25858","1436604","655","1460","0","0x0010"
"2008","2026-08-15T10:06:12.254977400-0500","5.002007500","192.168.0.186","192.168.0.178","25858","25565","655","1438064","0","0","0x0010"
"2009","2026-08-15T10:06:12.255039000-0500","5.002069100","192.168.0.178","192.168.0.186","25565","25858","1438064","655","1460","0","0x0010"
"2010","2026-08-15T10:06:12.255051400-0500","5.002081500","192.168.0.186","192.168.0.178","25858","25565","655","1439524","0","0","0x0010"
"2011","2026-08-15T10:06:12.255283300-0500","5.002313400","192.168.0.178","192.168.0.186","25565","25858","1439524","655","1460","0","0x0010"
"2012","2026-08-15T10:06:12.255283300-0500","5.002313400","192.168.0.178","192.168.0.186","25565","25858","1440984","655","1460","0","0x0010"
"2013","2026-08-15T10:06:12.255318200-0500","5.002348300","192.168.0.186","192.168.0.178","25858","25565","655","1442444","0","0","0x0010"
"2014","2026-08-15T10:06:12.255433200-0500","5.002463300","192.168.0.178","192.168.0.186","25565","25858","1442444","655","1460","0","0x0010"
"2015","2026-08-15T10:06:12.255433200-0500","5.002463300","192.168.0.178","192.168.0.186","25565","25858","1443904","655","120","0","0x0018"
"2016","2026-08-15T10:06:12.255458900-0500","5.002489000","192.168.0.186","192.168.0.178","25858","25565","655","1444024","0","0","0x0010"
"2017","2026-08-15T10:06:12.257211900-0500","5.004242000","192.168.0.178","192.168.0.186","25565","25858","1444024","655","53","0","0x0018"
"2018","2026-08-15T10:06:12.257211900-0500","5.004242000","192.168.0.178","192.168.0.186","25565","25858","1444077","655","106","0","0x0018"
"2019","2026-08-15T10:06:12.257253400-0500","5.004283500","192.168.0.186","192.168.0.178","25858","25565","655","1444183","0","0","0x0010"
"2020","2026-08-15T10:06:12.278272500-0500","5.025302600","192.168.0.186","192.168.0.178","25858","25565","655","1444183","3","0","0x0018"
"2021","2026-08-15T10:06:12.294033100-0500","5.041063200","192.168.0.178","192.168.0.186","25565","25858","1444183","658","53","0","0x0018"
"2022","2026-08-15T10:06:12.294270100-0500","5.041300200","192.168.0.178","192.168.0.186","25565","25858","1444236","658","53","0","0x0018"
"2023","2026-08-15T10:06:12.294270100-0500","5.041300200","192.168.0.178","192.168.0.186","25565","25858","1444289","658","53","0","0x0018"
"2024","2026-08-15T10:06:12.294322400-0500","5.041352500","192.168.0.186","192.168.0.178","25858","25565","658","1444342","0","0","0x0010"
"2025","2026-08-15T10:06:12.307265200-0500","5.054295300","192.168.0.178","192.168.0.186","25565","25858","1444342","658","1460","0","0x0010"
"2026","2026-08-15T10:06:12.307265200-0500","5.054295300","192.168.0.178","192.168.0.186","25565","25858","1445802","658","1460","0","0x0010"
"2027","2026-08-15T10:06:12.307323700-0500","5.054353800","192.168.0.186","192.168.0.178","25858","25565","658","1447262","0","0","0x0010"
"2028","2026-08-15T10:06:12.307379100-0500","5.054409200","192.168.0.178","192.168.0.186","25565","25858","1447262","658","1460","0","0x0010"
"2029","2026-08-15T10:06:12.307394800-0500","5.054424900","192.168.0.186","192.168.0.178","25858","25565","658","1448722","0","0","0x0010"
"2030","2026-08-15T10:06:12.307623800-0500","5.054653900","192.168.0.178","192.168.0.186","25565","25858","1448722","658","1460","0","0x0010"
"2031","2026-08-15T10:06:12.307623800-0500","5.054653900","192.168.0.178","192.168.0.186","25565","25858","1450182","658","1460","0","0x0010"
"2032","2026-08-15T10:06:12.307663100-0500","5.054693200","192.168.0.186","192.168.0.178","25858","25565","658","1451642","0","0","0x0010"
"2033","2026-08-15T10:06:12.307724700-0500","5.054754800","192.168.0.178","192.168.0.186","25565","25858","1451642","658","1460","0","0x0010"
"2034","2026-08-15T10:06:12.308004200-0500","5.055034300","192.168.0.178","192.168.0.186","25565","25858","1453102","658","1460","0","0x0010"
"2035","2026-08-15T10:06:12.308004200-0500","5.055034300","192.168.0.178","192.168.0.186","25565","25858","1454562","658","1460","0","0x0010"
"2036","2026-08-15T10:06:12.308056900-0500","5.055087000","192.168.0.186","192.168.0.178","25858","25565","658","1456022","0","0","0x0010"
"2037","2026-08-15T10:06:12.308115700-0500","5.055145800","192.168.0.178","192.168.0.186","25565","25858","1456022","658","1460","0","0x0010"
"2038","2026-08-15T10:06:12.308126400-0500","5.055156500","192.168.0.186","192.168.0.178","25858","25565","658","1457482","0","0","0x0010"
"2039","2026-08-15T10:06:12.308360300-0500","5.055390400","192.168.0.178","192.168.0.186","25565","25858","1457482","658","1460","0","0x0010"
"2040","2026-08-15T10:06:12.308360300-0500","5.055390400","192.168.0.178","192.168.0.186","25565","25858","1458942","658","1460","0","0x0018"
"2041","2026-08-15T10:06:12.308428100-0500","5.055458200","192.168.0.186","192.168.0.178","25858","25565","658","1460402","0","0","0x0010"
"2042","2026-08-15T10:06:12.308529800-0500","5.055559900","192.168.0.178","192.168.0.186","25565","25858","1460402","658","367","0","0x0018"
"2043","2026-08-15T10:06:12.308529800-0500","5.055559900","192.168.0.178","192.168.0.186","25565","25858","1460769","658","53","0","0x0018"
"2044","2026-08-15T10:06:12.308529800-0500","5.055559900","192.168.0.178","192.168.0.186","25565","25858","1460822","658","53","0","0x0018"
"2045","2026-08-15T10:06:12.308529800-0500","5.055559900","192.168.0.178","192.168.0.186","25565","25858","1460875","658","53","0","0x0018"
"2046","2026-08-15T10:06:12.308546600-0500","5.055576700","192.168.0.186","192.168.0.178","25858","25565","658","1460928","0","0","0x0010"
"2047","2026-08-15T10:06:12.327290600-0500","5.074320700","192.168.0.186","192.168.0.178","25858","25565","658","1460928","3","0","0x0018"
"2048","2026-08-15T10:06:12.343732000-0500","5.090762100","192.168.0.178","192.168.0.186","25565","25858","1460928","661","53","0","0x0018"
"2049","2026-08-15T10:06:12.343732000-0500","5.090762100","192.168.0.178","192.168.0.186","25565","25858","1460981","661","106","0","0x0018"
"2050","2026-08-15T10:06:12.343777600-0500","5.090807700","192.168.0.186","192.168.0.178","25858","25565","661","1461087","0","0","0x0010"
"2051","2026-08-15T10:06:12.355530300-0500","5.102560400","192.168.0.178","192.168.0.186","25565","25858","1461087","661","1460","0","0x0010"
"2052","2026-08-15T10:06:12.355530300-0500","5.102560400","192.168.0.178","192.168.0.186","25565","25858","1462547","661","1460","0","0x0010"
"2053","2026-08-15T10:06:12.355565600-0500","5.102595700","192.168.0.186","192.168.0.178","25858","25565","661","1464007","0","0","0x0010"
"2054","2026-08-15T10:06:12.355754600-0500","5.102784700","192.168.0.178","192.168.0.186","25565","25858","1464007","661","1460","0","0x0010"
"2055","2026-08-15T10:06:12.355835100-0500","5.102865200","192.168.0.178","192.168.0.186","25565","25858","1465467","661","1460","0","0x0010"
"2056","2026-08-15T10:06:12.355845700-0500","5.102875800","192.168.0.186","192.168.0.178","25858","25565","661","1466927","0","0","0x0010"
"2057","2026-08-15T10:06:12.355896000-0500","5.102926100","192.168.0.178","192.168.0.186","25565","25858","1466927","661","1460","0","0x0010"
"2058","2026-08-15T10:06:12.356049200-0500","5.103079300","192.168.0.178","192.168.0.186","25565","25858","1468387","661","1460","0","0x0010"
"2059","2026-08-15T10:06:12.356075400-0500","5.103105500","192.168.0.186","192.168.0.178","25858","25565","661","1469847","0","0","0x0010"
"2060","2026-08-15T10:06:12.356158600-0500","5.103188700","192.168.0.178","192.168.0.186","25565","25858","1469847","661","1460","0","0x0010"
"2061","2026-08-15T10:06:12.356389400-0500","5.103419500","192.168.0.178","192.168.0.186","25565","25858","1471307","661","1460","0","0x0010"
"2062","2026-08-15T10:06:12.356389400-0500","5.103419500","192.168.0.178","192.168.0.186","25565","25858","1472767","661","1460","0","0x0010"
"2063","2026-08-15T10:06:12.356414100-0500","5.103444200","192.168.0.186","192.168.0.178","25858","25565","661","1474227","0","0","0x0010"
"2064","2026-08-15T10:06:12.356631400-0500","5.103661500","192.168.0.178","192.168.0.186","25565","25858","1474227","661","1460","0","0x0010"
"2065","2026-08-15T10:06:12.356631400-0500","5.103661500","192.168.0.178","192.168.0.186","25565","25858","1475687","661","1460","0","0x0018"
"2066","2026-08-15T10:06:12.356659100-0500","5.103689200","192.168.0.186","192.168.0.178","25858","25565","661","1477147","0","0","0x0010"
"2067","2026-08-15T10:06:12.356878800-0500","5.103908900","192.168.0.178","192.168.0.186","25565","25858","1477147","661","1460","0","0x0010"
"2068","2026-08-15T10:06:12.356878800-0500","5.103908900","192.168.0.178","192.168.0.186","25565","25858","1478607","661","1460","0","0x0010"
"2069","2026-08-15T10:06:12.356903100-0500","5.103933200","192.168.0.186","192.168.0.178","25858","25565","661","1480067","0","0","0x0010"
"2070","2026-08-15T10:06:12.357114700-0500","5.104144800","192.168.0.178","192.168.0.186","25565","25858","1480067","661","1460","0","0x0010"
"2071","2026-08-15T10:06:12.357114700-0500","5.104144800","192.168.0.178","192.168.0.186","25565","25858","1481527","661","1338","0","0x0018"
"2072","2026-08-15T10:06:12.357143100-0500","5.104173200","192.168.0.186","192.168.0.178","25858","25565","661","1482865","0","0","0x0010"
"2073","2026-08-15T10:06:12.358664500-0500","5.105694600","192.168.0.178","192.168.0.186","25565","25858","1482865","661","53","0","0x0018"
"2074","2026-08-15T10:06:12.358664500-0500","5.105694600","192.168.0.178","192.168.0.186","25565","25858","1482918","661","106","0","0x0018"
"2075","2026-08-15T10:06:12.358689200-0500","5.105719300","192.168.0.186","192.168.0.178","25858","25565","661","1483024","0","0","0x0010"
"2076","2026-08-15T10:06:12.377749300-0500","5.124779400","192.168.0.186","192.168.0.178","25858","25565","661","1483024","3","0","0x0018"
"2077","2026-08-15T10:06:12.420179700-0500","5.167209800","192.168.0.178","192.168.0.186","25565","25858","1483024","664","1460","0","0x0010"
"2078","2026-08-15T10:06:12.420179700-0500","5.167209800","192.168.0.178","192.168.0.186","25565","25858","1484484","664","1460","0","0x0010"
"2079","2026-08-15T10:06:12.420260400-0500","5.167290500","192.168.0.186","192.168.0.178","25858","25565","664","1485944","0","0","0x0010"
"2080","2026-08-15T10:06:12.420305300-0500","5.167335400","192.168.0.178","192.168.0.186","25565","25858","1485944","664","1460","0","0x0010"
"2081","2026-08-15T10:06:12.420433900-0500","5.167464000","192.168.0.178","192.168.0.186","25565","25858","1487404","664","1460","0","0x0010"
"2082","2026-08-15T10:06:12.420446200-0500","5.167476300","192.168.0.186","192.168.0.178","25858","25565","664","1488864","0","0","0x0010"
"2083","2026-08-15T10:06:12.420504700-0500","5.167534800","192.168.0.178","192.168.0.186","25565","25858","1488864","664","1460","0","0x0010"
"2084","2026-08-15T10:06:12.420769300-0500","5.167799400","192.168.0.178","192.168.0.186","25565","25858","1490324","664","1460","0","0x0010"
"2085","2026-08-15T10:06:12.420769300-0500","5.167799400","192.168.0.178","192.168.0.186","25565","25858","1491784","664","1460","0","0x0010"
"2086","2026-08-15T10:06:12.420826500-0500","5.167856600","192.168.0.186","192.168.0.178","25858","25565","664","1493244","0","0","0x0010"
"2087","2026-08-15T10:06:12.420907900-0500","5.167938000","192.168.0.178","192.168.0.186","25565","25858","1493244","664","1460","0","0x0010"
"2088","2026-08-15T10:06:12.420918300-0500","5.167948400","192.168.0.186","192.168.0.178","25858","25565","664","1494704","0","0","0x0010"
"2089","2026-08-15T10:06:12.421151700-0500","5.168181800","192.168.0.178","192.168.0.186","25565","25858","1494704","664","1460","0","0x0010"
"2090","2026-08-15T10:06:12.421151700-0500","5.168181800","192.168.0.178","192.168.0.186","25565","25858","1496164","664","1460","0","0x0010"
"2091","2026-08-15T10:06:12.421203700-0500","5.168233800","192.168.0.186","192.168.0.178","25858","25565","664","1497624","0","0","0x0010"
"2092","2026-08-15T10:06:12.421268400-0500","5.168298500","192.168.0.178","192.168.0.186","25565","25858","1497624","664","1460","0","0x0018"
"2093","2026-08-15T10:06:12.421532700-0500","5.168562800","192.168.0.178","192.168.0.186","25565","25858","1499084","664","1460","0","0x0010"
"2094","2026-08-15T10:06:12.421532700-0500","5.168562800","192.168.0.178","192.168.0.186","25565","25858","1500544","664","1070","0","0x0018"
"2095","2026-08-15T10:06:12.421532700-0500","5.168562800","192.168.0.178","192.168.0.186","25565","25858","1501614","664","53","0","0x0018"
"2096","2026-08-15T10:06:12.421532700-0500","5.168562800","192.168.0.178","192.168.0.186","25565","25858","1501667","664","53","0","0x0018"
"2097","2026-08-15T10:06:12.421532700-0500","5.168562800","192.168.0.178","192.168.0.186","25565","25858","1501720","664","53","0","0x0018"
"2098","2026-08-15T10:06:12.421532700-0500","5.168562800","192.168.0.178","192.168.0.186","25565","25858","1501773","664","53","0","0x0018"
"2099","2026-08-15T10:06:12.421532700-0500","5.168562800","192.168.0.178","192.168.0.186","25565","25858","1501826","664","53","0","0x0018"
"2100","2026-08-15T10:06:12.421532700-0500","5.168562800","192.168.0.178","192.168.0.186","25565","25858","1501879","664","53","0","0x0018"
"2101","2026-08-15T10:06:12.421597500-0500","5.168627600","192.168.0.186","192.168.0.178","25858","25565","664","1501932","0","0","0x0010"
"2102","2026-08-15T10:06:12.422091300-0500","5.169121400","192.168.0.186","192.168.0.178","25858","25565","664","1501932","11","0","0x0018"
"2103","2026-08-15T10:06:12.427710900-0500","5.174741000","192.168.0.186","192.168.0.178","25858","25565","675","1501932","3","0","0x0018"
"2104","2026-08-15T10:06:12.428378400-0500","5.175408500","192.168.0.178","192.168.0.186","25565","25858","1501932","678","0","0","0x0010"
"2105","2026-08-15T10:06:12.443539600-0500","5.190569700","192.168.0.178","192.168.0.186","25565","25858","1501932","678","53","0","0x0018"
"2106","2026-08-15T10:06:12.443633900-0500","5.190664000","192.168.0.178","192.168.0.186","25565","25858","1501985","678","53","0","0x0018"
"2107","2026-08-15T10:06:12.443643400-0500","5.190673500","192.168.0.186","192.168.0.178","25858","25565","678","1502038","0","0","0x0010"
"2108","2026-08-15T10:06:12.443740000-0500","5.190770100","192.168.0.178","192.168.0.186","25565","25858","1502038","678","53","0","0x0018"
"2109","2026-08-15T10:06:12.457673100-0500","5.204703200","192.168.0.178","192.168.0.186","25565","25858","1502091","678","1460","0","0x0010"
"2110","2026-08-15T10:06:12.457673100-0500","5.204703200","192.168.0.178","192.168.0.186","25565","25858","1503551","678","1460","0","0x0010"
"2111","2026-08-15T10:06:12.457711700-0500","5.204741800","192.168.0.186","192.168.0.178","25858","25565","678","1505011","0","0","0x0010"
"2112","2026-08-15T10:06:12.457770900-0500","5.204801000","192.168.0.178","192.168.0.186","25565","25858","1505011","678","1460","0","0x0010"
"2113","2026-08-15T10:06:12.457778500-0500","5.204808600","192.168.0.186","192.168.0.178","25858","25565","678","1506471","0","0","0x0010"
"2114","2026-08-15T10:06:12.458006200-0500","5.205036300","192.168.0.178","192.168.0.186","25565","25858","1506471","678","1460","0","0x0010"
"2115","2026-08-15T10:06:12.458006200-0500","5.205036300","192.168.0.178","192.168.0.186","25565","25858","1507931","678","1460","0","0x0010"
"2116","2026-08-15T10:06:12.458045000-0500","5.205075100","192.168.0.186","192.168.0.178","25858","25565","678","1509391","0","0","0x0010"
"2117","2026-08-15T10:06:12.458254100-0500","5.205284200","192.168.0.178","192.168.0.186","25565","25858","1509391","678","1460","0","0x0010"
"2118","2026-08-15T10:06:12.458254100-0500","5.205284200","192.168.0.178","192.168.0.186","25565","25858","1510851","678","1460","0","0x0010"
"2119","2026-08-15T10:06:12.458287400-0500","5.205317500","192.168.0.186","192.168.0.178","25858","25565","678","1512311","0","0","0x0010"
"2120","2026-08-15T10:06:12.458506900-0500","5.205537000","192.168.0.178","192.168.0.186","25565","25858","1512311","678","1460","0","0x0010"
"2121","2026-08-15T10:06:12.458506900-0500","5.205537000","192.168.0.178","192.168.0.186","25565","25858","1513771","678","1460","0","0x0010"
"2122","2026-08-15T10:06:12.458531500-0500","5.205561600","192.168.0.186","192.168.0.178","25858","25565","678","1515231","0","0","0x0010"
"2123","2026-08-15T10:06:12.458588300-0500","5.205618400","192.168.0.178","192.168.0.186","25565","25858","1515231","678","1095","0","0x0018"
"2124","2026-08-15T10:06:12.458588300-0500","5.205618400","192.168.0.178","192.168.0.186","25565","25858","1516326","678","53","0","0x0018"
"2125","2026-08-15T10:06:12.458610400-0500","5.205640500","192.168.0.186","192.168.0.178","25858","25565","678","1516379","0","0","0x0010"
"2126","2026-08-15T10:06:12.458620800-0500","5.205650900","192.168.0.178","192.168.0.186","25565","25858","1516379","678","53","0","0x0018"
"2127","2026-08-15T10:06:12.458620800-0500","5.205650900","192.168.0.178","192.168.0.186","25565","25858","1516432","678","53","0","0x0018"
"2128","2026-08-15T10:06:12.458626000-0500","5.205656100","192.168.0.186","192.168.0.178","25858","25565","678","1516485","0","0","0x0010"
"2129","2026-08-15T10:06:12.477513700-0500","5.224543800","192.168.0.186","192.168.0.178","25858","25565","678","1516485","3","0","0x0018"
"2130","2026-08-15T10:06:12.492958400-0500","5.239988500","192.168.0.178","192.168.0.186","25565","25858","1516485","681","53","0","0x0018"
"2131","2026-08-15T10:06:12.492958400-0500","5.239988500","192.168.0.178","192.168.0.186","25565","25858","1516538","681","53","0","0x0018"
"2132","2026-08-15T10:06:12.492958400-0500","5.239988500","192.168.0.178","192.168.0.186","25565","25858","1516591","681","53","0","0x0018"
"2133","2026-08-15T10:06:12.493030200-0500","5.240060300","192.168.0.186","192.168.0.178","25858","25565","681","1516644","0","0","0x0010"
"2134","2026-08-15T10:06:12.507765200-0500","5.254795300","192.168.0.178","192.168.0.186","25565","25858","1516644","681","1460","0","0x0010"
"2135","2026-08-15T10:06:12.507765200-0500","5.254795300","192.168.0.178","192.168.0.186","25565","25858","1518104","681","1460","0","0x0010"
"2136","2026-08-15T10:06:12.507804900-0500","5.254835000","192.168.0.186","192.168.0.178","25858","25565","681","1519564","0","0","0x0010"
"2137","2026-08-15T10:06:12.507860500-0500","5.254890600","192.168.0.178","192.168.0.186","25565","25858","1519564","681","1460","0","0x0010"
"2138","2026-08-15T10:06:12.507865900-0500","5.254896000","192.168.0.186","192.168.0.178","25858","25565","681","1521024","0","0","0x0010"
"2139","2026-08-15T10:06:12.508091300-0500","5.255121400","192.168.0.178","192.168.0.186","25565","25858","1521024","681","821","0","0x0018"
"2140","2026-08-15T10:06:12.508091300-0500","5.255121400","192.168.0.178","192.168.0.186","25565","25858","1521845","681","53","0","0x0018"
"2141","2026-08-15T10:06:12.508091300-0500","5.255121400","192.168.0.178","192.168.0.186","25565","25858","1521898","681","53","0","0x0018"
"2142","2026-08-15T10:06:12.508120800-0500","5.255150900","192.168.0.186","192.168.0.178","25858","25565","681","1521951","0","0","0x0010"
"2143","2026-08-15T10:06:12.508209700-0500","5.255239800","192.168.0.178","192.168.0.186","25565","25858","1521951","681","53","0","0x0018"
"2144","2026-08-15T10:06:12.508219000-0500","5.255249100","192.168.0.186","192.168.0.178","25858","25565","681","1522004","0","0","0x0010"
"2145","2026-08-15T10:06:12.528270900-0500","5.275301000","192.168.0.186","192.168.0.178","25858","25565","681","1522004","3","0","0x0018"
"2146","2026-08-15T10:06:12.543760500-0500","5.290790600","192.168.0.178","192.168.0.186","25565","25858","1522004","684","53","0","0x0018"
"2147","2026-08-15T10:06:12.543760500-0500","5.290790600","192.168.0.178","192.168.0.186","25565","25858","1522057","684","53","0","0x0018"
"2148","2026-08-15T10:06:12.543760500-0500","5.290790600","192.168.0.178","192.168.0.186","25565","25858","1522110","684","53","0","0x0018"
"2149","2026-08-15T10:06:12.543831300-0500","5.290861400","192.168.0.186","192.168.0.178","25858","25565","684","1522163","0","0","0x0010"
"2150","2026-08-15T10:06:12.558115000-0500","5.305145100","192.168.0.178","192.168.0.186","25565","25858","1522163","684","762","0","0x0018"
"2151","2026-08-15T10:06:12.558182900-0500","5.305213000","192.168.0.186","192.168.0.178","25858","25565","684","1522925","0","0","0x0010"
"2152","2026-08-15T10:06:12.567839900-0500","5.314870000","192.168.0.178","192.168.0.186","25565","25858","1522925","684","53","0","0x0018"
"2153","2026-08-15T10:06:12.567839900-0500","5.314870000","192.168.0.178","192.168.0.186","25565","25858","1522978","684","53","0","0x0018"
"2154","2026-08-15T10:06:12.567839900-0500","5.314870000","192.168.0.178","192.168.0.186","25565","25858","1523031","684","53","0","0x0018"
"2155","2026-08-15T10:06:12.567881000-0500","5.314911100","192.168.0.186","192.168.0.178","25858","25565","684","1523084","0","0","0x0010"
"2156","2026-08-15T10:06:12.577303800-0500","5.324333900","192.168.0.186","192.168.0.178","25858","25565","684","1523084","3","0","0x0018"
"2157","2026-08-15T10:06:12.593161500-0500","5.340191600","192.168.0.178","192.168.0.186","25565","25858","1523084","687","53","0","0x0018"
"2158","2026-08-15T10:06:12.593161500-0500","5.340191600","192.168.0.178","192.168.0.186","25565","25858","1523137","687","53","0","0x0018"
"2159","2026-08-15T10:06:12.593161500-0500","5.340191600","192.168.0.178","192.168.0.186","25565","25858","1523190","687","53","0","0x0018"
"2160","2026-08-15T10:06:12.593209000-0500","5.340239100","192.168.0.186","192.168.0.178","25858","25565","687","1523243","0","0","0x0010"
"2161","2026-08-15T10:06:12.607573500-0500","5.354603600","192.168.0.178","192.168.0.186","25565","25858","1523243","687","519","0","0x0018"
"2162","2026-08-15T10:06:12.607612100-0500","5.354642200","192.168.0.186","192.168.0.178","25858","25565","687","1523762","0","0","0x0010"
"2163","2026-08-15T10:06:12.608777300-0500","5.355807400","192.168.0.178","192.168.0.186","25565","25858","1523762","687","53","0","0x0018"
"2164","2026-08-15T10:06:12.608777300-0500","5.355807400","192.168.0.178","192.168.0.186","25565","25858","1523815","687","106","0","0x0018"
"2165","2026-08-15T10:06:12.608828900-0500","5.355859000","192.168.0.186","192.168.0.178","25858","25565","687","1523921","0","0","0x0010"
"2166","2026-08-15T10:06:12.628431400-0500","5.375461500","192.168.0.186","192.168.0.178","25858","25565","687","1523921","3","0","0x0018"
"2167","2026-08-15T10:06:12.643921600-0500","5.390951700","192.168.0.178","192.168.0.186","25565","25858","1523921","690","53","0","0x0018"
"2168","2026-08-15T10:06:12.643921600-0500","5.390951700","192.168.0.178","192.168.0.186","25565","25858","1523974","690","106","0","0x0018"
"2169","2026-08-15T10:06:12.643975400-0500","5.391005500","192.168.0.186","192.168.0.178","25858","25565","690","1524080","0","0","0x0010"
"2170","2026-08-15T10:06:12.662810500-0500","5.409840600","192.168.0.178","192.168.0.186","25565","25858","1524080","690","708","0","0x0018"
"2171","2026-08-15T10:06:12.662810500-0500","5.409840600","192.168.0.178","192.168.0.186","25565","25858","1524788","690","53","0","0x0018"
"2172","2026-08-15T10:06:12.662810500-0500","5.409840600","192.168.0.178","192.168.0.186","25565","25858","1524841","690","106","0","0x0018"
"2173","2026-08-15T10:06:12.662881000-0500","5.409911100","192.168.0.186","192.168.0.178","25858","25565","690","1524947","0","0","0x0010"
"2174","2026-08-15T10:06:12.678539900-0500","5.425570000","192.168.0.186","192.168.0.178","25858","25565","690","1524947","3","0","0x0018"
"2175","2026-08-15T10:06:12.693988300-0500","5.441018400","192.168.0.178","192.168.0.186","25565","25858","1524947","693","53","0","0x0018"
"2176","2026-08-15T10:06:12.693988300-0500","5.441018400","192.168.0.178","192.168.0.186","25565","25858","1525000","693","106","0","0x0018"
"2177","2026-08-15T10:06:12.694055200-0500","5.441085300","192.168.0.186","192.168.0.178","25858","25565","693","1525106","0","0","0x0010"
"2178","2026-08-15T10:06:12.702938900-0500","5.449969000","192.168.0.178","192.168.0.186","25565","25858","1525106","693","765","0","0x0018"
"2179","2026-08-15T10:06:12.707430100-0500","5.454460200","192.168.0.178","192.168.0.186","25565","25858","1525871","693","53","0","0x0018"
"2180","2026-08-15T10:06:12.707430100-0500","5.454460200","192.168.0.178","192.168.0.186","25565","25858","1525924","693","106","0","0x0018"
"2181","2026-08-15T10:06:12.707485000-0500","5.454515100","192.168.0.186","192.168.0.178","25858","25565","693","1526030","0","0","0x0010"
"2182","2026-08-15T10:06:12.728761100-0500","5.475791200","192.168.0.186","192.168.0.178","25858","25565","693","1526030","3","0","0x0018"
"2183","2026-08-15T10:06:12.743718700-0500","5.490748800","192.168.0.178","192.168.0.186","25565","25858","1526030","696","53","0","0x0018"
"2184","2026-08-15T10:06:12.743718700-0500","5.490748800","192.168.0.178","192.168.0.186","25565","25858","1526083","696","106","0","0x0018"
"2185","2026-08-15T10:06:12.743783500-0500","5.490813600","192.168.0.186","192.168.0.178","25858","25565","696","1526189","0","0","0x0010"
"2186","2026-08-15T10:06:12.752614300-0500","5.499644400","192.168.0.178","192.168.0.186","25565","25858","1526189","696","409","0","0x0018"
"2187","2026-08-15T10:06:12.757493500-0500","5.504523600","192.168.0.178","192.168.0.186","25565","25858","1526598","696","53","0","0x0018"
"2188","2026-08-15T10:06:12.757493500-0500","5.504523600","192.168.0.178","192.168.0.186","25565","25858","1526651","696","106","0","0x0018"
"2189","2026-08-15T10:06:12.757549800-0500","5.504579900","192.168.0.186","192.168.0.178","25858","25565","696","1526757","0","0","0x0010"
"2190","2026-08-15T10:06:12.778515200-0500","5.525545300","192.168.0.186","192.168.0.178","25858","25565","696","1526757","3","0","0x0018"
"2191","2026-08-15T10:06:12.794214000-0500","5.541244100","192.168.0.178","192.168.0.186","25565","25858","1526757","699","53","0","0x0018"
"2192","2026-08-15T10:06:12.794214000-0500","5.541244100","192.168.0.178","192.168.0.186","25565","25858","1526810","699","53","0","0x0018"
"2193","2026-08-15T10:06:12.794214000-0500","5.541244100","192.168.0.178","192.168.0.186","25565","25858","1526863","699","53","0","0x0018"
"2194","2026-08-15T10:06:12.794283500-0500","5.541313600","192.168.0.186","192.168.0.178","25858","25565","699","1526916","0","0","0x0010"
"2195","2026-08-15T10:06:12.808505700-0500","5.555535800","192.168.0.178","192.168.0.186","25565","25858","1526916","699","638","0","0x0018"
"2196","2026-08-15T10:06:12.808505700-0500","5.555535800","192.168.0.178","192.168.0.186","25565","25858","1527554","699","53","0","0x0018"
"2197","2026-08-15T10:06:12.808505700-0500","5.555535800","192.168.0.178","192.168.0.186","25565","25858","1527607","699","53","0","0x0018"
"2198","2026-08-15T10:06:12.808505700-0500","5.555535800","192.168.0.178","192.168.0.186","25565","25858","1527660","699","53","0","0x0018"
"2199","2026-08-15T10:06:12.808566400-0500","5.555596500","192.168.0.186","192.168.0.178","25858","25565","699","1527713","0","0","0x0010"
"2200","2026-08-15T10:06:12.827667100-0500","5.574697200","192.168.0.186","192.168.0.178","25858","25565","699","1527713","3","0","0x0018"
"2201","2026-08-15T10:06:12.844207400-0500","5.591237500","192.168.0.178","192.168.0.186","25565","25858","1527713","702","53","0","0x0018"
"2202","2026-08-15T10:06:12.844207400-0500","5.591237500","192.168.0.178","192.168.0.186","25565","25858","1527766","702","106","0","0x0018"
"2203","2026-08-15T10:06:12.844258700-0500","5.591288800","192.168.0.186","192.168.0.178","25858","25565","702","1527872","0","0","0x0010"
"2204","2026-08-15T10:06:12.857576800-0500","5.604606900","192.168.0.178","192.168.0.186","25565","25858","1527872","702","653","0","0x0018"
"2205","2026-08-15T10:06:12.857576800-0500","5.604606900","192.168.0.178","192.168.0.186","25565","25858","1528525","702","53","0","0x0018"
"2206","2026-08-15T10:06:12.857576800-0500","5.604606900","192.168.0.178","192.168.0.186","25565","25858","1528578","702","53","0","0x0018"
"2207","2026-08-15T10:06:12.857576800-0500","5.604606900","192.168.0.178","192.168.0.186","25565","25858","1528631","702","53","0","0x0018"
"2208","2026-08-15T10:06:12.857618600-0500","5.604648700","192.168.0.186","192.168.0.178","25858","25565","702","1528684","0","0","0x0010"
"2209","2026-08-15T10:06:12.877974400-0500","5.625004500","192.168.0.186","192.168.0.178","25858","25565","702","1528684","3","0","0x0018"
"2210","2026-08-15T10:06:12.893117500-0500","5.640147600","192.168.0.178","192.168.0.186","25565","25858","1528684","705","53","0","0x0018"
"2211","2026-08-15T10:06:12.893117500-0500","5.640147600","192.168.0.178","192.168.0.186","25565","25858","1528737","705","106","0","0x0018"
"2212","2026-08-15T10:06:12.893187300-0500","5.640217400","192.168.0.186","192.168.0.178","25858","25565","705","1528843","0","0","0x0010"
"2213","2026-08-15T10:06:12.902947600-0500","5.649977700","192.168.0.178","192.168.0.186","25565","25858","1528843","705","503","0","0x0018"
"2214","2026-08-15T10:06:12.907874800-0500","5.654904900","192.168.0.178","192.168.0.186","25565","25858","1529346","705","53","0","0x0018"
"2215","2026-08-15T10:06:12.907874800-0500","5.654904900","192.168.0.178","192.168.0.186","25565","25858","1529399","705","106","0","0x0018"
"2216","2026-08-15T10:06:12.907930500-0500","5.654960600","192.168.0.186","192.168.0.178","25858","25565","705","1529505","0","0","0x0010"
"2217","2026-08-15T10:06:12.928753600-0500","5.675783700","192.168.0.186","192.168.0.178","25858","25565","705","1529505","3","0","0x0018"
"2218","2026-08-15T10:06:12.944443200-0500","5.691473300","192.168.0.178","192.168.0.186","25565","25858","1529505","708","53","0","0x0018"
"2219","2026-08-15T10:06:12.944443200-0500","5.691473300","192.168.0.178","192.168.0.186","25565","25858","1529558","708","106","0","0x0018"
"2220","2026-08-15T10:06:12.944507000-0500","5.691537100","192.168.0.186","192.168.0.178","25858","25565","708","1529664","0","0","0x0010"
"2221","2026-08-15T10:06:12.953938100-0500","5.700968200","192.168.0.178","192.168.0.186","25565","25858","1529664","708","641","0","0x0018"
"2222","2026-08-15T10:06:12.958294700-0500","5.705324800","192.168.0.178","192.168.0.186","25565","25858","1530305","708","53","0","0x0018"
"2223","2026-08-15T10:06:12.958294700-0500","5.705324800","192.168.0.178","192.168.0.186","25565","25858","1530358","708","106","0","0x0018"
"2224","2026-08-15T10:06:12.958348000-0500","5.705378100","192.168.0.186","192.168.0.178","25858","25565","708","1530464","0","0","0x0010"
"2225","2026-08-15T10:06:12.976941700-0500","5.723971800","192.168.0.186","192.168.0.178","25858","25565","708","1530464","28","0","0x0018"
"2226","2026-08-15T10:06:12.978536000-0500","5.725566100","192.168.0.186","192.168.0.178","25858","25565","736","1530464","3","0","0x0018"
"2227","2026-08-15T10:06:12.979301300-0500","5.726331400","192.168.0.178","192.168.0.186","25565","25858","1530464","739","0","0","0x0010"
"2228","2026-08-15T10:06:12.993901400-0500","5.740931500","192.168.0.178","192.168.0.186","25565","25858","1530464","739","53","0","0x0018"
"2229","2026-08-15T10:06:12.993901400-0500","5.740931500","192.168.0.178","192.168.0.186","25565","25858","1530517","739","106","0","0x0018"
"2230","2026-08-15T10:06:12.993966400-0500","5.740996500","192.168.0.186","192.168.0.178","25858","25565","739","1530623","0","0","0x0010"
"2231","2026-08-15T10:06:13.005370600-0500","5.752400700","192.168.0.178","192.168.0.186","25565","25858","1530623","739","850","0","0x0018"
"2232","2026-08-15T10:06:13.008826700-0500","5.755856800","192.168.0.178","192.168.0.186","25565","25858","1531473","739","53","0","0x0018"
"2233","2026-08-15T10:06:13.008826700-0500","5.755856800","192.168.0.178","192.168.0.186","25565","25858","1531526","739","106","0","0x0018"
"2234","2026-08-15T10:06:13.008887700-0500","5.755917800","192.168.0.186","192.168.0.178","25858","25565","739","1531632","0","0","0x0010"
"2235","2026-08-15T10:06:13.028612000-0500","5.775642100","192.168.0.186","192.168.0.178","25858","25565","739","1531632","3","0","0x0018"
"2236","2026-08-15T10:06:13.044045200-0500","5.791075300","192.168.0.178","192.168.0.186","25565","25858","1531632","742","53","0","0x0018"
"2237","2026-08-15T10:06:13.044045200-0500","5.791075300","192.168.0.178","192.168.0.186","25565","25858","1531685","742","106","0","0x0018"
"2238","2026-08-15T10:06:13.044107800-0500","5.791137900","192.168.0.186","192.168.0.178","25858","25565","742","1531791","0","0","0x0010"
"2239","2026-08-15T10:06:13.056907700-0500","5.803937800","192.168.0.178","192.168.0.186","25565","25858","1531791","742","847","0","0x0018"
"2240","2026-08-15T10:06:13.058916400-0500","5.805946500","192.168.0.178","192.168.0.186","25565","25858","1532638","742","53","0","0x0018"
"2241","2026-08-15T10:06:13.058916400-0500","5.805946500","192.168.0.178","192.168.0.186","25565","25858","1532691","742","106","0","0x0018"
"2242","2026-08-15T10:06:13.058980100-0500","5.806010200","192.168.0.186","192.168.0.178","25858","25565","742","1532797","0","0","0x0010"
"2243","2026-08-15T10:06:13.078438000-0500","5.825468100","192.168.0.186","192.168.0.178","25858","25565","742","1532797","3","0","0x0018"
"2244","2026-08-15T10:06:13.093972900-0500","5.841003000","192.168.0.178","192.168.0.186","25565","25858","1532797","745","53","0","0x0018"
"2245","2026-08-15T10:06:13.093972900-0500","5.841003000","192.168.0.178","192.168.0.186","25565","25858","1532850","745","106","0","0x0018"
"2246","2026-08-15T10:06:13.094024900-0500","5.841055000","192.168.0.186","192.168.0.178","25858","25565","745","1532956","0","0","0x0010"
"2247","2026-08-15T10:06:13.112121600-0500","5.859151700","192.168.0.178","192.168.0.186","25565","25858","1532956","745","715","0","0x0018"
"2248","2026-08-15T10:06:13.114617400-0500","5.861647500","192.168.0.178","192.168.0.186","25565","25858","1533671","745","53","0","0x0018"
"2249","2026-08-15T10:06:13.114617400-0500","5.861647500","192.168.0.178","192.168.0.186","25565","25858","1533724","745","106","0","0x0018"
"2250","2026-08-15T10:06:13.114643900-0500","5.861674000","192.168.0.186","192.168.0.178","25858","25565","745","1533830","0","0","0x0010"
"2251","2026-08-15T10:06:13.128325900-0500","5.875356000","192.168.0.186","192.168.0.178","25858","25565","745","1533830","3","0","0x0018"
"2252","2026-08-15T10:06:13.142969900-0500","5.890000000","192.168.0.178","192.168.0.186","25565","25858","1533830","748","54","0","0x0018"
"2253","2026-08-15T10:06:13.142969900-0500","5.890000000","192.168.0.178","192.168.0.186","25565","25858","1533884","748","107","0","0x0018"
"2254","2026-08-15T10:06:13.143034200-0500","5.890064300","192.168.0.186","192.168.0.178","25858","25565","748","1533991","0","0","0x0010"
"2255","2026-08-15T10:06:13.155540400-0500","5.902570500","192.168.0.178","192.168.0.186","25565","25858","1533991","748","935","0","0x0018"
"2256","2026-08-15T10:06:13.160125900-0500","5.907156000","192.168.0.178","192.168.0.186","25565","25858","1534926","748","53","0","0x0018"
"2257","2026-08-15T10:06:13.160125900-0500","5.907156000","192.168.0.178","192.168.0.186","25565","25858","1534979","748","53","0","0x0018"
"2258","2026-08-15T10:06:13.160125900-0500","5.907156000","192.168.0.178","192.168.0.186","25565","25858","1535032","748","53","0","0x0018"
"2259","2026-08-15T10:06:13.160179500-0500","5.907209600","192.168.0.186","192.168.0.178","25858","25565","748","1535085","0","0","0x0010"
"2260","2026-08-15T10:06:13.178717600-0500","5.925747700","192.168.0.186","192.168.0.178","25858","25565","748","1535085","3","0","0x0018"
"2261","2026-08-15T10:06:13.193967000-0500","5.940997100","192.168.0.178","192.168.0.186","25565","25858","1535085","751","54","0","0x0018"
"2262","2026-08-15T10:06:13.193967000-0500","5.940997100","192.168.0.178","192.168.0.186","25565","25858","1535139","751","108","0","0x0018"
"2263","2026-08-15T10:06:13.194036700-0500","5.941066800","192.168.0.186","192.168.0.178","25858","25565","751","1535247","0","0","0x0010"
"2264","2026-08-15T10:06:13.206595500-0500","5.953625600","192.168.0.178","192.168.0.186","25565","25858","1535247","751","817","0","0x0018"
"2265","2026-08-15T10:06:13.207962800-0500","5.954992900","192.168.0.178","192.168.0.186","25565","25858","1536064","751","53","0","0x0018"
"2266","2026-08-15T10:06:13.207962800-0500","5.954992900","192.168.0.178","192.168.0.186","25565","25858","1536117","751","53","0","0x0018"
"2267","2026-08-15T10:06:13.208013300-0500","5.955043400","192.168.0.186","192.168.0.178","25858","25565","751","1536170","0","0","0x0010"
"2268","2026-08-15T10:06:13.210670600-0500","5.957700700","192.168.0.178","192.168.0.186","25565","25858","1536170","751","53","0","0x0018"
"2269","2026-08-15T10:06:13.210719200-0500","5.957749300","192.168.0.186","192.168.0.178","25858","25565","751","1536223","0","0","0x0010"
"2270","2026-08-15T10:06:13.227969000-0500","5.974999100","192.168.0.186","192.168.0.178","25858","25565","751","1536223","3","0","0x0018"
"2271","2026-08-15T10:06:13.243991200-0500","5.991021300","192.168.0.178","192.168.0.186","25565","25858","1536223","754","54","0","0x0018"
"2272","2026-08-15T10:06:13.243991200-0500","5.991021300","192.168.0.178","192.168.0.186","25565","25858","1536277","754","108","0","0x0018"
"2273","2026-08-15T10:06:13.244062700-0500","5.991092800","192.168.0.186","192.168.0.178","25858","25565","754","1536385","0","0","0x0010"
"2274","2026-08-15T10:06:13.259633300-0500","6.006663400","192.168.0.178","192.168.0.186","25565","25858","1536385","754","732","0","0x0018"
"2275","2026-08-15T10:06:13.260627000-0500","6.007657100","192.168.0.178","192.168.0.186","25565","25858","1537117","754","53","0","0x0018"
"2276","2026-08-15T10:06:13.260627000-0500","6.007657100","192.168.0.178","192.168.0.186","25565","25858","1537170","754","53","0","0x0018"
"2277","2026-08-15T10:06:13.260627000-0500","6.007657100","192.168.0.178","192.168.0.186","25565","25858","1537223","754","53","0","0x0018"
"2278","2026-08-15T10:06:13.260675700-0500","6.007705800","192.168.0.186","192.168.0.178","25858","25565","754","1537276","0","0","0x0010"
"2279","2026-08-15T10:06:13.278881700-0500","6.025911800","192.168.0.186","192.168.0.178","25858","25565","754","1537276","3","0","0x0018"
"2280","2026-08-15T10:06:13.294082900-0500","6.041113000","192.168.0.178","192.168.0.186","25565","25858","1537276","757","54","0","0x0018"
"2281","2026-08-15T10:06:13.294082900-0500","6.041113000","192.168.0.178","192.168.0.186","25565","25858","1537330","757","54","0","0x0018"
"2282","2026-08-15T10:06:13.294082900-0500","6.041113000","192.168.0.178","192.168.0.186","25565","25858","1537384","757","54","0","0x0018"
"2283","2026-08-15T10:06:13.294151900-0500","6.041182000","192.168.0.186","192.168.0.178","25858","25565","757","1537438","0","0","0x0010"
"2284","2026-08-15T10:06:13.309002200-0500","6.056032300","192.168.0.178","192.168.0.186","25565","25858","1537438","757","1460","0","0x0010"
"2285","2026-08-15T10:06:13.309002200-0500","6.056032300","192.168.0.178","192.168.0.186","25565","25858","1538898","757","1","0","0x0018"
"2286","2026-08-15T10:06:13.309002200-0500","6.056032300","192.168.0.178","192.168.0.186","25565","25858","1538899","757","53","0","0x0018"
"2287","2026-08-15T10:06:13.309002200-0500","6.056032300","192.168.0.178","192.168.0.186","25565","25858","1538952","757","53","0","0x0018"
"2288","2026-08-15T10:06:13.309002200-0500","6.056032300","192.168.0.178","192.168.0.186","25565","25858","1539005","757","53","0","0x0018"
"2289","2026-08-15T10:06:13.309093900-0500","6.056124000","192.168.0.186","192.168.0.178","25858","25565","757","1539058","0","0","0x0010"
"2290","2026-08-15T10:06:13.328802900-0500","6.075833000","192.168.0.186","192.168.0.178","25858","25565","757","1539058","3","0","0x0018"
"2291","2026-08-15T10:06:13.344328400-0500","6.091358500","192.168.0.178","192.168.0.186","25565","25858","1539058","760","54","0","0x0018"
"2292","2026-08-15T10:06:13.344328400-0500","6.091358500","192.168.0.178","192.168.0.186","25565","25858","1539112","760","108","0","0x0018"
"2293","2026-08-15T10:06:13.344398800-0500","6.091428900","192.168.0.186","192.168.0.178","25858","25565","760","1539220","0","0","0x0010"
"2294","2026-08-15T10:06:13.356616500-0500","6.103646600","192.168.0.178","192.168.0.186","25565","25858","1539220","760","576","0","0x0018"
"2295","2026-08-15T10:06:13.357622900-0500","6.104653000","192.168.0.178","192.168.0.186","25565","25858","1539796","760","53","0","0x0018"
"2296","2026-08-15T10:06:13.357622900-0500","6.104653000","192.168.0.178","192.168.0.186","25565","25858","1539849","760","53","0","0x0018"
"2297","2026-08-15T10:06:13.357658000-0500","6.104688100","192.168.0.186","192.168.0.178","25858","25565","760","1539902","0","0","0x0010"
"2298","2026-08-15T10:06:13.357677500-0500","6.104707600","192.168.0.178","192.168.0.186","25565","25858","1539902","760","53","0","0x0018"
"2299","2026-08-15T10:06:13.357682900-0500","6.104713000","192.168.0.186","192.168.0.178","25858","25565","760","1539955","0","0","0x0010"
"2300","2026-08-15T10:06:13.377648300-0500","6.124678400","192.168.0.186","192.168.0.178","25858","25565","760","1539955","4","0","0x0018"
"2301","2026-08-15T10:06:13.377680200-0500","6.124710300","192.168.0.186","192.168.0.178","25858","25565","764","1539955","28","0","0x0018"
"2302","2026-08-15T10:06:13.378532800-0500","6.125562900","192.168.0.178","192.168.0.186","25565","25858","1539955","792","0","0","0x0010"
"2303","2026-08-15T10:06:13.378778500-0500","6.125808600","192.168.0.186","192.168.0.178","25858","25565","792","1539955","3","0","0x0018"
"2304","2026-08-15T10:06:13.393160100-0500","6.140190200","192.168.0.178","192.168.0.186","25565","25858","1539955","795","54","0","0x0018"
"2305","2026-08-15T10:06:13.393160100-0500","6.140190200","192.168.0.178","192.168.0.186","25565","25858","1540009","795","54","0","0x0018"
"2306","2026-08-15T10:06:13.393160100-0500","6.140190200","192.168.0.178","192.168.0.186","25565","25858","1540063","795","54","0","0x0018"
"2307","2026-08-15T10:06:13.393253800-0500","6.140283900","192.168.0.186","192.168.0.178","25858","25565","795","1540117","0","0","0x0010"
"2308","2026-08-15T10:06:13.403807000-0500","6.150837100","192.168.0.178","192.168.0.186","25565","25858","1540117","795","647","0","0x0018"
"2309","2026-08-15T10:06:13.403877000-0500","6.150907100","192.168.0.186","192.168.0.178","25858","25565","795","1540764","0","0","0x0010"
"2310","2026-08-15T10:06:13.408341000-0500","6.155371100","192.168.0.178","192.168.0.186","25565","25858","1540764","795","53","0","0x0018"
"2311","2026-08-15T10:06:13.408426400-0500","6.155456500","192.168.0.178","192.168.0.186","25565","25858","1540817","795","53","0","0x0018"
"2312","2026-08-15T10:06:13.408440200-0500","6.155470300","192.168.0.186","192.168.0.178","25858","25565","795","1540870","0","0","0x0010"
"2313","2026-08-15T10:06:13.408894200-0500","6.155924300","192.168.0.178","192.168.0.186","25565","25858","1540870","795","53","0","0x0018"
"2314","2026-08-15T10:06:13.427022100-0500","6.174052200","192.168.0.186","192.168.0.178","25858","25565","795","1540923","28","0","0x0018"
"2315","2026-08-15T10:06:13.428634500-0500","6.175664600","192.168.0.186","192.168.0.178","25858","25565","823","1540923","3","0","0x0018"
"2316","2026-08-15T10:06:13.429036900-0500","6.176067000","192.168.0.178","192.168.0.186","25565","25858","1540923","826","0","0","0x0010"
"2317","2026-08-15T10:06:13.444218300-0500","6.191248400","192.168.0.178","192.168.0.186","25565","25858","1540923","826","54","0","0x0018"
"2318","2026-08-15T10:06:13.444218300-0500","6.191248400","192.168.0.178","192.168.0.186","25565","25858","1540977","826","54","0","0x0018"
"2319","2026-08-15T10:06:13.444218300-0500","6.191248400","192.168.0.178","192.168.0.186","25565","25858","1541031","826","54","0","0x0018"
"2320","2026-08-15T10:06:13.444281700-0500","6.191311800","192.168.0.186","192.168.0.178","25858","25565","826","1541085","0","0","0x0010"
"2321","2026-08-15T10:06:13.455340000-0500","6.202370100","192.168.0.178","192.168.0.186","25565","25858","1541085","826","890","0","0x0018"
"2322","2026-08-15T10:06:13.455397600-0500","6.202427700","192.168.0.186","192.168.0.178","25858","25565","826","1541975","0","0","0x0010"
"2323","2026-08-15T10:06:13.455695200-0500","6.202725300","192.168.0.186","192.168.0.178","25858","25565","826","1541975","11","0","0x0018"
"2324","2026-08-15T10:06:13.458982700-0500","6.206012800","192.168.0.178","192.168.0.186","25565","25858","1541975","837","53","0","0x0018"
"2325","2026-08-15T10:06:13.458982700-0500","6.206012800","192.168.0.178","192.168.0.186","25565","25858","1542028","837","53","0","0x0018"
"2326","2026-08-15T10:06:13.458982700-0500","6.206012800","192.168.0.178","192.168.0.186","25565","25858","1542081","837","53","0","0x0018"
"2327","2026-08-15T10:06:13.459056100-0500","6.206086200","192.168.0.186","192.168.0.178","25858","25565","837","1542134","0","0","0x0010"
"2328","2026-08-15T10:06:13.476947700-0500","6.223977800","192.168.0.186","192.168.0.178","25858","25565","837","1542134","28","0","0x0018"
"2329","2026-08-15T10:06:13.478643100-0500","6.225673200","192.168.0.186","192.168.0.178","25858","25565","865","1542134","3","0","0x0018"
"2330","2026-08-15T10:06:13.479389300-0500","6.226419400","192.168.0.178","192.168.0.186","25565","25858","1542134","868","0","0","0x0010"
"2331","2026-08-15T10:06:13.494124900-0500","6.241155000","192.168.0.178","192.168.0.186","25565","25858","1542134","868","54","0","0x0018"
"2332","2026-08-15T10:06:13.494124900-0500","6.241155000","192.168.0.178","192.168.0.186","25565","25858","1542188","868","108","0","0x0018"
"2333","2026-08-15T10:06:13.494191600-0500","6.241221700","192.168.0.186","192.168.0.178","25858","25565","868","1542296","0","0","0x0010"
"2334","2026-08-15T10:06:13.509387600-0500","6.256417700","192.168.0.178","192.168.0.186","25565","25858","1542296","868","687","0","0x0018"
"2335","2026-08-15T10:06:13.509387600-0500","6.256417700","192.168.0.178","192.168.0.186","25565","25858","1542983","868","53","0","0x0018"
"2336","2026-08-15T10:06:13.509387600-0500","6.256417700","192.168.0.178","192.168.0.186","25565","25858","1543036","868","106","0","0x0018"
"2337","2026-08-15T10:06:13.509456100-0500","6.256486200","192.168.0.186","192.168.0.178","25858","25565","868","1543142","0","0","0x0010"
"2338","2026-08-15T10:06:13.527275700-0500","6.274305800","192.168.0.186","192.168.0.178","25858","25565","868","1543142","28","0","0x0018"
"2339","2026-08-15T10:06:13.529042900-0500","6.276073000","192.168.0.186","192.168.0.178","25858","25565","896","1543142","3","0","0x0018"
"2340","2026-08-15T10:06:13.529790300-0500","6.276820400","192.168.0.178","192.168.0.186","25565","25858","1543142","899","0","0","0x0010"
"2341","2026-08-15T10:06:13.543085800-0500","6.290115900","192.168.0.178","192.168.0.186","25565","25858","1543142","899","54","0","0x0018"
"2342","2026-08-15T10:06:13.543085800-0500","6.290115900","192.168.0.178","192.168.0.186","25565","25858","1543196","899","54","0","0x0018"
"2343","2026-08-15T10:06:13.543085800-0500","6.290115900","192.168.0.178","192.168.0.186","25565","25858","1543250","899","54","0","0x0018"
"2344","2026-08-15T10:06:13.543149100-0500","6.290179200","192.168.0.186","192.168.0.178","25858","25565","899","1543304","0","0","0x0010"
"2345","2026-08-15T10:06:13.553102700-0500","6.300132800","192.168.0.178","192.168.0.186","25565","25858","1543304","899","440","0","0x0018"
"2346","2026-08-15T10:06:13.553161200-0500","6.300191300","192.168.0.186","192.168.0.178","25858","25565","899","1543744","0","0","0x0010"
"2347","2026-08-15T10:06:13.559510500-0500","6.306540600","192.168.0.178","192.168.0.186","25565","25858","1543744","899","53","0","0x0018"
"2348","2026-08-15T10:06:13.559510500-0500","6.306540600","192.168.0.178","192.168.0.186","25565","25858","1543797","899","106","0","0x0018"
"2349","2026-08-15T10:06:13.559569500-0500","6.306599600","192.168.0.186","192.168.0.178","25858","25565","899","1543903","0","0","0x0010"
"2350","2026-08-15T10:06:13.576861500-0500","6.323891600","192.168.0.186","192.168.0.178","25858","25565","899","1543903","28","0","0x0018"
"2351","2026-08-15T10:06:13.578504900-0500","6.325535000","192.168.0.186","192.168.0.178","25858","25565","927","1543903","3","0","0x0018"
"2352","2026-08-15T10:06:13.579324500-0500","6.326354600","192.168.0.178","192.168.0.186","25565","25858","1543903","930","0","0","0x0010"
"2353","2026-08-15T10:06:13.593926400-0500","6.340956500","192.168.0.178","192.168.0.186","25565","25858","1543903","930","54","0","0x0018"
"2354","2026-08-15T10:06:13.593926400-0500","6.340956500","192.168.0.178","192.168.0.186","25565","25858","1543957","930","54","0","0x0018"
"2355","2026-08-15T10:06:13.593926400-0500","6.340956500","192.168.0.178","192.168.0.186","25565","25858","1544011","930","54","0","0x0018"
"2356","2026-08-15T10:06:13.593985000-0500","6.341015100","192.168.0.186","192.168.0.178","25858","25565","930","1544065","0","0","0x0010"
"2357","2026-08-15T10:06:13.607947400-0500","6.354977500","192.168.0.178","192.168.0.186","25565","25858","1544065","930","1049","0","0x0018"
"2358","2026-08-15T10:06:13.607947400-0500","6.354977500","192.168.0.178","192.168.0.186","25565","25858","1545114","930","53","0","0x0018"
"2359","2026-08-15T10:06:13.607947400-0500","6.354977500","192.168.0.178","192.168.0.186","25565","25858","1545167","930","106","0","0x0018"
"2360","2026-08-15T10:06:13.608001100-0500","6.355031200","192.168.0.186","192.168.0.178","25858","25565","930","1545273","0","0","0x0010"
"2361","2026-08-15T10:06:13.626124000-0500","6.373154100","192.168.0.186","192.168.0.178","25858","25565","930","1545273","28","0","0x0018"
"2362","2026-08-15T10:06:13.627049900-0500","6.374080000","192.168.0.186","192.168.0.178","25858","25565","958","1545273","3","0","0x0018"
"2363","2026-08-15T10:06:13.627578400-0500","6.374608500","192.168.0.178","192.168.0.186","25565","25858","1545273","961","0","0","0x0010"
"2364","2026-08-15T10:06:13.654473400-0500","6.401503500","192.168.0.178","192.168.0.186","25565","25858","1545273","961","54","0","0x0018"
"2365","2026-08-15T10:06:13.654473400-0500","6.401503500","192.168.0.178","192.168.0.186","25565","25858","1545327","961","54","0","0x0018"
"2366","2026-08-15T10:06:13.654473400-0500","6.401503500","192.168.0.178","192.168.0.186","25565","25858","1545381","961","54","0","0x0018"
"2367","2026-08-15T10:06:13.654473400-0500","6.401503500","192.168.0.178","192.168.0.186","25565","25858","1545381","961","54","0","0x0018"
"2368","2026-08-15T10:06:13.654521700-0500","6.401551800","192.168.0.186","192.168.0.178","25858","25565","961","1545435","0","0","0x0010"
"2369","2026-08-15T10:06:13.667708500-0500","6.414738600","192.168.0.178","192.168.0.186","25565","25858","1545435","961","494","0","0x0018"
"2370","2026-08-15T10:06:13.667708500-0500","6.414738600","192.168.0.178","192.168.0.186","25565","25858","1545929","961","53","0","0x0018"
"2371","2026-08-15T10:06:13.667708500-0500","6.414738600","192.168.0.178","192.168.0.186","25565","25858","1545982","961","53","0","0x0018"
"2372","2026-08-15T10:06:13.667708500-0500","6.414738600","192.168.0.178","192.168.0.186","25565","25858","1546035","961","53","0","0x0018"
"2373","2026-08-15T10:06:13.667708500-0500","6.414738600","192.168.0.178","192.168.0.186","25565","25858","1546035","961","53","0","0x0018"
"2374","2026-08-15T10:06:13.667756400-0500","6.414786500","192.168.0.186","192.168.0.178","25858","25565","961","1546088","0","0","0x0010"
"2375","2026-08-15T10:06:13.676783400-0500","6.423813500","192.168.0.186","192.168.0.178","25858","25565","961","1546088","28","0","0x0018"
"2376","2026-08-15T10:06:13.677709100-0500","6.424739200","192.168.0.186","192.168.0.178","25858","25565","989","1546088","3","0","0x0018"
"2377","2026-08-15T10:06:13.678173100-0500","6.425203200","192.168.0.178","192.168.0.186","25565","25858","1546088","992","0","0","0x0010"
"2378","2026-08-15T10:06:13.694332700-0500","6.441362800","192.168.0.178","192.168.0.186","25565","25858","1546088","992","54","0","0x0018"
"2379","2026-08-15T10:06:13.694332700-0500","6.441362800","192.168.0.178","192.168.0.186","25565","25858","1546142","992","108","0","0x0018"
"2380","2026-08-15T10:06:13.694367400-0500","6.441397500","192.168.0.186","192.168.0.178","25858","25565","992","1546250","0","0","0x0010"
"2381","2026-08-15T10:06:13.707140900-0500","6.454171000","192.168.0.178","192.168.0.186","25565","25858","1546250","992","1144","0","0x0018"
"2382","2026-08-15T10:06:13.707140900-0500","6.454171000","192.168.0.178","192.168.0.186","25565","25858","1547394","992","53","0","0x0018"
"2383","2026-08-15T10:06:13.707152500-0500","6.454182600","192.168.0.186","192.168.0.178","25858","25565","992","1547447","0","0","0x0010"
"2384","2026-08-15T10:06:13.707258700-0500","6.454288800","192.168.0.178","192.168.0.186","25565","25858","1547447","992","53","0","0x0018"
"2385","2026-08-15T10:06:13.707556000-0500","6.454586100","192.168.0.178","192.168.0.186","25565","25858","1547500","992","53","0","0x0018"
"2386","2026-08-15T10:06:13.707574800-0500","6.454604900","192.168.0.186","192.168.0.178","25858","25565","992","1547553","0","0","0x0010"
"2387","2026-08-15T10:06:13.726072900-0500","6.473103000","192.168.0.186","192.168.0.178","25858","25565","992","1547553","28","0","0x0018"
"2388","2026-08-15T10:06:13.727008300-0500","6.474038400","192.168.0.186","192.168.0.178","25858","25565","1020","1547553","3","0","0x0018"
"2389","2026-08-15T10:06:13.727576500-0500","6.474606600","192.168.0.178","192.168.0.186","25565","25858","1547553","1023","0","0","0x0010"
"2390","2026-08-15T10:06:13.744864400-0500","6.491894500","192.168.0.178","192.168.0.186","25565","25858","1547553","1023","54","0","0x0018"
"2391","2026-08-15T10:06:13.744864400-0500","6.491894500","192.168.0.178","192.168.0.186","25565","25858","1547607","1023","54","0","0x0018"
"2392","2026-08-15T10:06:13.744864400-0500","6.491894500","192.168.0.178","192.168.0.186","25565","25858","1547661","1023","54","0","0x0018"
"2393","2026-08-15T10:06:13.744910300-0500","6.491940400","192.168.0.186","192.168.0.178","25858","25565","1023","1547715","0","0","0x0010"
"2394","2026-08-15T10:06:13.752792900-0500","6.499823000","192.168.0.178","192.168.0.186","25565","25858","1547715","1023","653","0","0x0018"
"2395","2026-08-15T10:06:13.752847100-0500","6.499877200","192.168.0.186","192.168.0.178","25858","25565","1023","1548368","0","0","0x0010"
"2396","2026-08-15T10:06:13.757231700-0500","6.504261800","192.168.0.178","192.168.0.186","25565","25858","1548368","1023","53","0","0x0018"
"2397","2026-08-15T10:06:13.757231700-0500","6.504261800","192.168.0.178","192.168.0.186","25565","25858","1548421","1023","53","0","0x0018"
"2398","2026-08-15T10:06:13.757285800-0500","6.504315900","192.168.0.186","192.168.0.178","25858","25565","1023","1548474","0","0","0x0010"
"2399","2026-08-15T10:06:13.757537800-0500","6.504567900","192.168.0.178","192.168.0.186","25565","25858","1548474","1023","53","0","0x0018"
"2400","2026-08-15T10:06:13.777442900-0500","6.524473000","192.168.0.186","192.168.0.178","25858","25565","1023","1548527","28","0","0x0018"
"2401","2026-08-15T10:06:13.778955500-0500","6.525985600","192.168.0.186","192.168.0.178","25858","25565","1051","1548527","3","0","0x0018"
"2402","2026-08-15T10:06:13.779710600-0500","6.526740700","192.168.0.178","192.168.0.186","25565","25858","1548527","1054","0","0","0x0010"
"2403","2026-08-15T10:06:13.794043500-0500","6.541073600","192.168.0.178","192.168.0.186","25565","25858","1548527","1054","54","0","0x0018"
"2404","2026-08-15T10:06:13.794043500-0500","6.541073600","192.168.0.178","192.168.0.186","25565","25858","1548581","1054","108","0","0x0018"
"2405","2026-08-15T10:06:13.794111600-0500","6.541141700","192.168.0.186","192.168.0.178","25858","25565","1054","1548689","0","0","0x0010"
"2406","2026-08-15T10:06:13.807669100-0500","6.554699200","192.168.0.178","192.168.0.186","25565","25858","1548689","1054","522","0","0x0018"
"2407","2026-08-15T10:06:13.807669100-0500","6.554699200","192.168.0.178","192.168.0.186","25565","25858","1549211","1054","53","0","0x0018"
"2408","2026-08-15T10:06:13.807733900-0500","6.554764000","192.168.0.186","192.168.0.178","25858","25565","1054","1549264","0","0","0x0010"
"2409","2026-08-15T10:06:13.807779500-0500","6.554809600","192.168.0.178","192.168.0.186","25565","25858","1549264","1054","53","0","0x0018"
"2410","2026-08-15T10:06:13.807830000-0500","6.554860100","192.168.0.178","192.168.0.186","25565","25858","1549317","1054","53","0","0x0018"
"2411","2026-08-15T10:06:13.807838600-0500","6.554868700","192.168.0.186","192.168.0.178","25858","25565","1054","1549370","0","0","0x0010"
"2412","2026-08-15T10:06:13.827042600-0500","6.574072700","192.168.0.186","192.168.0.178","25858","25565","1054","1549370","28","0","0x0018"
"2413","2026-08-15T10:06:13.828567500-0500","6.575597600","192.168.0.186","192.168.0.178","25858","25565","1082","1549370","3","0","0x0018"
"2414","2026-08-15T10:06:13.829562400-0500","6.576592500","192.168.0.178","192.168.0.186","25565","25858","1549370","1085","0","0","0x0010"
"2415","2026-08-15T10:06:13.844397800-0500","6.591427900","192.168.0.178","192.168.0.186","25565","25858","1549370","1085","54","0","0x0018"
"2416","2026-08-15T10:06:13.844397800-0500","6.591427900","192.168.0.178","192.168.0.186","25565","25858","1549424","1085","108","0","0x0018"
"2417","2026-08-15T10:06:13.844466500-0500","6.591496600","192.168.0.186","192.168.0.178","25858","25565","1085","1549532","0","0","0x0010"
"2418","2026-08-15T10:06:13.853002200-0500","6.600032300","192.168.0.178","192.168.0.186","25565","25858","1549532","1085","922","0","0x0018"
"2419","2026-08-15T10:06:13.858831400-0500","6.605861500","192.168.0.178","192.168.0.186","25565","25858","1550454","1085","53","0","0x0018"
"2420","2026-08-15T10:06:13.858831400-0500","6.605861500","192.168.0.178","192.168.0.186","25565","25858","1550507","1085","53","0","0x0018"
"2421","2026-08-15T10:06:13.858890700-0500","6.605920800","192.168.0.186","192.168.0.178","25858","25565","1085","1550560","0","0","0x0010"
"2422","2026-08-15T10:06:13.859909600-0500","6.606939700","192.168.0.178","192.168.0.186","25565","25858","1550560","1085","53","0","0x0018"
"2423","2026-08-15T10:06:13.859966700-0500","6.606996800","192.168.0.186","192.168.0.178","25858","25565","1085","1550613","0","0","0x0010"
"2424","2026-08-15T10:06:13.877185600-0500","6.624215700","192.168.0.186","192.168.0.178","25858","25565","1085","1550613","4","0","0x0018"
"2425","2026-08-15T10:06:13.877207100-0500","6.624237200","192.168.0.186","192.168.0.178","25858","25565","1089","1550613","28","0","0x0018"
"2426","2026-08-15T10:06:13.878079800-0500","6.625109900","192.168.0.178","192.168.0.186","25565","25858","1550613","1117","0","0","0x0010"
"2427","2026-08-15T10:06:13.878153300-0500","6.625183400","192.168.0.186","192.168.0.178","25858","25565","1117","1550613","3","0","0x0018"
"2428","2026-08-15T10:06:13.894295100-0500","6.641325200","192.168.0.178","192.168.0.186","25565","25858","1550613","1120","54","0","0x0018"
"2429","2026-08-15T10:06:13.894295100-0500","6.641325200","192.168.0.178","192.168.0.186","25565","25858","1550667","1120","108","0","0x0018"
"2430","2026-08-15T10:06:13.894345500-0500","6.641375600","192.168.0.186","192.168.0.178","25858","25565","1120","1550775","0","0","0x0010"
"2431","2026-08-15T10:06:13.906706300-0500","6.653736400","192.168.0.178","192.168.0.186","25565","25858","1550775","1120","723","0","0x0018"
"2432","2026-08-15T10:06:13.910814900-0500","6.657845000","192.168.0.178","192.168.0.186","25565","25858","1551498","1120","53","0","0x0018"
"2433","2026-08-15T10:06:13.910814900-0500","6.657845000","192.168.0.178","192.168.0.186","25565","25858","1551551","1120","106","0","0x0018"
"2434","2026-08-15T10:06:13.910853600-0500","6.657883700","192.168.0.186","192.168.0.178","25858","25565","1120","1551657","0","0","0x0010"
"2435","2026-08-15T10:06:13.927070400-0500","6.674100500","192.168.0.186","192.168.0.178","25858","25565","1120","1551657","28","0","0x0018"
"2436","2026-08-15T10:06:13.928363200-0500","6.675393300","192.168.0.186","192.168.0.178","25858","25565","1148","1551657","3","0","0x0018"
"2437","2026-08-15T10:06:13.928648000-0500","6.675678100","192.168.0.178","192.168.0.186","25565","25858","1551657","1151","0","0","0x0010"
"2438","2026-08-15T10:06:13.943913500-0500","6.690943600","192.168.0.178","192.168.0.186","25565","25858","1551657","1151","54","0","0x0018"
"2439","2026-08-15T10:06:13.943913500-0500","6.690943600","192.168.0.178","192.168.0.186","25565","25858","1551711","1151","108","0","0x0018"
"2440","2026-08-15T10:06:13.943983900-0500","6.691014000","192.168.0.186","192.168.0.178","25858","25565","1151","1551819","0","0","0x0010"
"2441","2026-08-15T10:06:13.953291600-0500","6.700321700","192.168.0.178","192.168.0.186","25565","25858","1551819","1151","587","0","0x0018"
"2442","2026-08-15T10:06:13.957517500-0500","6.704547600","192.168.0.178","192.168.0.186","25565","25858","1552406","1151","53","0","0x0018"
"2443","2026-08-15T10:06:13.957517500-0500","6.704547600","192.168.0.178","192.168.0.186","25565","25858","1552459","1151","53","0","0x0018"
"2444","2026-08-15T10:06:13.957517500-0500","6.704547600","192.168.0.178","192.168.0.186","25565","25858","1552512","1151","53","0","0x0018"
"2445","2026-08-15T10:06:13.957569000-0500","6.704599100","192.168.0.186","192.168.0.178","25858","25565","1151","1552565","0","0","0x0010"
"2446","2026-08-15T10:06:13.976957700-0500","6.723987800","192.168.0.186","192.168.0.178","25858","25565","1151","1552565","28","0","0x0018"
"2447","2026-08-15T10:06:13.978427400-0500","6.725457500","192.168.0.186","192.168.0.178","25858","25565","1179","1552565","3","0","0x0018"
"2448","2026-08-15T10:06:13.978825900-0500","6.725856000","192.168.0.178","192.168.0.186","25565","25858","1552565","1182","0","0","0x0010"
"2449","2026-08-15T10:06:13.994423700-0500","6.741453800","192.168.0.178","192.168.0.186","25565","25858","1552565","1182","54","0","0x0018"
"2450","2026-08-15T10:06:13.994423700-0500","6.741453800","192.168.0.178","192.168.0.186","25565","25858","1552619","1182","108","0","0x0018"
"2451","2026-08-15T10:06:13.994480400-0500","6.741510500","192.168.0.186","192.168.0.178","25858","25565","1182","1552727","0","0","0x0010"
"2452","2026-08-15T10:06:14.010345500-0500","6.757375600","192.168.0.178","192.168.0.186","25565","25858","1552727","1182","567","0","0x0018"
"2453","2026-08-15T10:06:14.018958300-0500","6.765988400","192.168.0.178","192.168.0.186","25565","25858","1553294","1182","53","0","0x0018"
"2454","2026-08-15T10:06:14.018958300-0500","6.765988400","192.168.0.178","192.168.0.186","25565","25858","1553347","1182","53","0","0x0018"
"2455","2026-08-15T10:06:14.019030000-0500","6.766060100","192.168.0.186","192.168.0.178","25858","25565","1182","1553400","0","0","0x0010"
"2456","2026-08-15T10:06:14.019120800-0500","6.766150900","192.168.0.178","192.168.0.186","25565","25858","1553400","1182","53","0","0x0018"
"2457","2026-08-15T10:06:14.019136100-0500","6.766166200","192.168.0.186","192.168.0.178","25858","25565","1182","1553453","0","0","0x0010"
"2458","2026-08-15T10:06:14.027210300-0500","6.774240400","192.168.0.186","192.168.0.178","25858","25565","1182","1553453","4","0","0x0018"
"2459","2026-08-15T10:06:14.027237400-0500","6.774267500","192.168.0.186","192.168.0.178","25858","25565","1186","1553453","28","0","0x0018"
"2460","2026-08-15T10:06:14.028053800-0500","6.775083900","192.168.0.178","192.168.0.186","25565","25858","1553453","1214","0","0","0x0010"
"2461","2026-08-15T10:06:14.028577900-0500","6.775608000","192.168.0.186","192.168.0.178","25858","25565","1214","1553453","3","0","0x0018"
"2462","2026-08-15T10:06:14.044467000-0500","6.791497100","192.168.0.178","192.168.0.186","25565","25858","1553453","1217","54","0","0x0018"
"2463","2026-08-15T10:06:14.044467000-0500","6.791497100","192.168.0.178","192.168.0.186","25565","25858","1553507","1217","108","0","0x0018"
"2464","2026-08-15T10:06:14.044536200-0500","6.791566300","192.168.0.186","192.168.0.178","25858","25565","1217","1553615","0","0","0x0010"
"2465","2026-08-15T10:06:14.057763100-0500","6.804793200","192.168.0.178","192.168.0.186","25565","25858","1553615","1217","864","0","0x0018"
"2466","2026-08-15T10:06:14.058969200-0500","6.805999300","192.168.0.178","192.168.0.186","25565","25858","1554479","1217","53","0","0x0018"
"2467","2026-08-15T10:06:14.059029600-0500","6.806059700","192.168.0.186","192.168.0.178","25858","25565","1217","1554532","0","0","0x0010"
"2468","2026-08-15T10:06:14.060511400-0500","6.807541500","192.168.0.178","192.168.0.186","25565","25858","1554532","1217","53","0","0x0018"
"2469","2026-08-15T10:06:14.060511400-0500","6.807541500","192.168.0.178","192.168.0.186","25565","25858","1554585","1217","53","0","0x0018"
"2470","2026-08-15T10:06:14.060565100-0500","6.807595200","192.168.0.186","192.168.0.178","25858","25565","1217","1554638","0","0","0x0010"
"2471","2026-08-15T10:06:14.077102100-0500","6.824132200","192.168.0.186","192.168.0.178","25858","25565","1217","1554638","4","0","0x0018"
"2472","2026-08-15T10:06:14.077177000-0500","6.824207100","192.168.0.186","192.168.0.178","25858","25565","1221","1554638","4","0","0x0018"
"2473","2026-08-15T10:06:14.077192700-0500","6.824222800","192.168.0.186","192.168.0.178","25858","25565","1225","1554638","28","0","0x0018"
"2474","2026-08-15T10:06:14.077947200-0500","6.824977300","192.168.0.178","192.168.0.186","25565","25858","1554638","1253","0","0","0x0010"
"2475","2026-08-15T10:06:14.078642200-0500","6.825672300","192.168.0.186","192.168.0.178","25858","25565","1253","1554638","3","0","0x0018"
"2476","2026-08-15T10:06:14.094296300-0500","6.841326400","192.168.0.178","192.168.0.186","25565","25858","1554638","1256","54","0","0x0018"
"2477","2026-08-15T10:06:14.094296300-0500","6.841326400","192.168.0.178","192.168.0.186","25565","25858","1554692","1256","108","0","0x0018"
"2478","2026-08-15T10:06:14.094359500-0500","6.841389600","192.168.0.186","192.168.0.178","25858","25565","1256","1554800","0","0","0x0010"
"2479","2026-08-15T10:06:14.105769000-0500","6.852799100","192.168.0.178","192.168.0.186","25565","25858","1554800","1256","476","0","0x0018"
"2480","2026-08-15T10:06:14.107567300-0500","6.854597400","192.168.0.178","192.168.0.186","25565","25858","1555276","1256","53","0","0x0018"
"2481","2026-08-15T10:06:14.107567300-0500","6.854597400","192.168.0.178","192.168.0.186","25565","25858","1555329","1256","53","0","0x0018"
"2482","2026-08-15T10:06:14.107619100-0500","6.854649200","192.168.0.186","192.168.0.178","25858","25565","1256","1555382","0","0","0x0010"
"2483","2026-08-15T10:06:14.107657500-0500","6.854687600","192.168.0.178","192.168.0.186","25565","25858","1555382","1256","53","0","0x0018"
"2484","2026-08-15T10:06:14.107670900-0500","6.854701000","192.168.0.186","192.168.0.178","25858","25565","1256","1555435","0","0","0x0010"
"2485","2026-08-15T10:06:14.127104300-0500","6.874134400","192.168.0.186","192.168.0.178","25858","25565","1256","1555435","28","0","0x0018"
"2486","2026-08-15T10:06:14.128562000-0500","6.875592100","192.168.0.186","192.168.0.178","25858","25565","1284","1555435","3","0","0x0018"
"2487","2026-08-15T10:06:14.129341300-0500","6.876371400","192.168.0.178","192.168.0.186","25565","25858","1555435","1287","0","0","0x0010"
"2488","2026-08-15T10:06:14.144471200-0500","6.891501300","192.168.0.178","192.168.0.186","25565","25858","1555435","1287","54","0","0x0018"
"2489","2026-08-15T10:06:14.144471200-0500","6.891501300","192.168.0.178","192.168.0.186","25565","25858","1555489","1287","108","0","0x0018"
"2490","2026-08-15T10:06:14.144506400-0500","6.891536500","192.168.0.186","192.168.0.178","25858","25565","1287","1555597","0","0","0x0010"
"2491","2026-08-15T10:06:14.156949800-0500","6.903979900","192.168.0.178","192.168.0.186","25565","25858","1555597","1287","638","0","0x0018"
"2492","2026-08-15T10:06:14.158449400-0500","6.905479500","192.168.0.178","192.168.0.186","25565","25858","1556235","1287","53","0","0x0018"
"2493","2026-08-15T10:06:14.158471300-0500","6.905501400","192.168.0.186","192.168.0.178","25858","25565","1287","1556288","0","0","0x0010"
"2494","2026-08-15T10:06:14.158525100-0500","6.905555200","192.168.0.178","192.168.0.186","25565","25858","1556288","1287","53","0","0x0018"
"2495","2026-08-15T10:06:14.158726700-0500","6.905756800","192.168.0.178","192.168.0.186","25565","25858","1556341","1287","53","0","0x0018"
"2496","2026-08-15T10:06:14.158746000-0500","6.905776100","192.168.0.186","192.168.0.178","25858","25565","1287","1556394","0","0","0x0010"
"2497","2026-08-15T10:06:14.176682400-0500","6.923712500","192.168.0.186","192.168.0.178","25858","25565","1287","1556394","4","0","0x0018"
"2498","2026-08-15T10:06:14.176706900-0500","6.923737000","192.168.0.186","192.168.0.178","25858","25565","1291","1556394","28","0","0x0018"
"2499","2026-08-15T10:06:14.177384100-0500","6.924414200","192.168.0.178","192.168.0.186","25565","25858","1556394","1319","0","0","0x0010"
"2500","2026-08-15T10:06:14.177511400-0500","6.924541500","192.168.0.186","192.168.0.178","25858","25565","1319","1556394","3","0","0x0018"
"2501","2026-08-15T10:06:14.192721000-0500","6.939751100","192.168.0.178","192.168.0.186","25565","25858","1556394","1322","54","0","0x0018"
"2502","2026-08-15T10:06:14.192721000-0500","6.939751100","192.168.0.178","192.168.0.186","25565","25858","1556448","1322","54","0","0x0018"
"2503","2026-08-15T10:06:14.192797800-0500","6.939827900","192.168.0.186","192.168.0.178","25858","25565","1322","1556502","0","0","0x0010"
"2504","2026-08-15T10:06:14.192847600-0500","6.939877700","192.168.0.178","192.168.0.186","25565","25858","1556502","1322","54","0","0x0018"
"2505","2026-08-15T10:06:14.214968300-0500","6.961998400","192.168.0.178","192.168.0.186","25565","25858","1556556","1322","619","0","0x0018"
"2506","2026-08-15T10:06:14.214968300-0500","6.961998400","192.168.0.178","192.168.0.186","25565","25858","1557175","1322","53","0","0x0018"
"2507","2026-08-15T10:06:14.214968300-0500","6.961998400","192.168.0.178","192.168.0.186","25565","25858","1557228","1322","53","0","0x0018"
"2508","2026-08-15T10:06:14.214968300-0500","6.961998400","192.168.0.178","192.168.0.186","25565","25858","1557281","1322","53","0","0x0018"
"2509","2026-08-15T10:06:14.215029000-0500","6.962059100","192.168.0.186","192.168.0.178","25858","25565","1322","1557334","0","0","0x0010"
"2510","2026-08-15T10:06:14.227163600-0500","6.974193700","192.168.0.186","192.168.0.178","25858","25565","1322","1557334","28","0","0x0018"
"2511","2026-08-15T10:06:14.228518700-0500","6.975548800","192.168.0.186","192.168.0.178","25858","25565","1350","1557334","3","0","0x0018"
"2512","2026-08-15T10:06:14.229168100-0500","6.976198200","192.168.0.178","192.168.0.186","25565","25858","1557334","1353","0","0","0x0010"
"2513","2026-08-15T10:06:14.244203800-0500","6.991233900","192.168.0.178","192.168.0.186","25565","25858","1557334","1353","54","0","0x0018"
"2514","2026-08-15T10:06:14.244203800-0500","6.991233900","192.168.0.178","192.168.0.186","25565","25858","1557388","1353","54","0","0x0018"
"2515","2026-08-15T10:06:14.244203800-0500","6.991233900","192.168.0.178","192.168.0.186","25565","25858","1557442","1353","54","0","0x0018"
"2516","2026-08-15T10:06:14.244255900-0500","6.991286000","192.168.0.186","192.168.0.178","25858","25565","1353","1557496","0","0","0x0010"
"2517","2026-08-15T10:06:14.273491900-0500","7.020522000","192.168.0.178","192.168.0.186","25565","25858","1557496","1353","499","0","0x0018"
"2518","2026-08-15T10:06:14.273491900-0500","7.020522000","192.168.0.178","192.168.0.186","25565","25858","1557995","1353","53","0","0x0018"
"2519","2026-08-15T10:06:14.273491900-0500","7.020522000","192.168.0.178","192.168.0.186","25565","25858","1558048","1353","53","0","0x0018"
"2520","2026-08-15T10:06:14.273491900-0500","7.020522000","192.168.0.178","192.168.0.186","25565","25858","1558101","1353","53","0","0x0018"
"2521","2026-08-15T10:06:14.273559100-0500","7.020589200","192.168.0.186","192.168.0.178","25858","25565","1353","1558154","0","0","0x0010"
"2522","2026-08-15T10:06:14.277003000-0500","7.024033100","192.168.0.186","192.168.0.178","25858","25565","1353","1558154","28","0","0x0018"
"2523","2026-08-15T10:06:14.278460800-0500","7.025490900","192.168.0.186","192.168.0.178","25858","25565","1381","1558154","3","0","0x0018"
"2524","2026-08-15T10:06:14.279182800-0500","7.026212900","192.168.0.178","192.168.0.186","25565","25858","1558154","1384","0","0","0x0010"
"2525","2026-08-15T10:06:14.293887900-0500","7.040918000","192.168.0.178","192.168.0.186","25565","25858","1558154","1384","54","0","0x0018"
"2526","2026-08-15T10:06:14.293887900-0500","7.040918000","192.168.0.178","192.168.0.186","25565","25858","1558208","1384","54","0","0x0018"
"2527","2026-08-15T10:06:14.293887900-0500","7.040918000","192.168.0.178","192.168.0.186","25565","25858","1558262","1384","54","0","0x0018"
"2528","2026-08-15T10:06:14.293951800-0500","7.040981900","192.168.0.186","192.168.0.178","25858","25565","1384","1558316","0","0","0x0010"
"2529","2026-08-15T10:06:14.311801600-0500","7.058831700","192.168.0.178","192.168.0.186","25565","25858","1558316","1384","424","0","0x0018"
"2530","2026-08-15T10:06:14.311801600-0500","7.058831700","192.168.0.178","192.168.0.186","25565","25858","1558740","1384","53","0","0x0018"
"2531","2026-08-15T10:06:14.311801600-0500","7.058831700","192.168.0.178","192.168.0.186","25565","25858","1558793","1384","53","0","0x0018"
"2532","2026-08-15T10:06:14.311801600-0500","7.058831700","192.168.0.178","192.168.0.186","25565","25858","1558846","1384","53","0","0x0018"
"2533","2026-08-15T10:06:14.311879500-0500","7.058909600","192.168.0.186","192.168.0.178","25858","25565","1384","1558899","0","0","0x0010"
"2534","2026-08-15T10:06:14.327391800-0500","7.074421900","192.168.0.186","192.168.0.178","25858","25565","1384","1558899","28","0","0x0018"
"2535","2026-08-15T10:06:14.328841300-0500","7.075871400","192.168.0.186","192.168.0.178","25858","25565","1412","1558899","3","0","0x0018"
"2536","2026-08-15T10:06:14.329333700-0500","7.076363800","192.168.0.178","192.168.0.186","25565","25858","1558899","1415","0","0","0x0010"
"2537","2026-08-15T10:06:14.343893700-0500","7.090923800","192.168.0.178","192.168.0.186","25565","25858","1558899","1415","54","0","0x0018"
"2538","2026-08-15T10:06:14.343893700-0500","7.090923800","192.168.0.178","192.168.0.186","25565","25858","1558953","1415","54","0","0x0018"
"2539","2026-08-15T10:06:14.343893700-0500","7.090923800","192.168.0.178","192.168.0.186","25565","25858","1559007","1415","54","0","0x0018"
"2540","2026-08-15T10:06:14.343951000-0500","7.090981100","192.168.0.186","192.168.0.178","25858","25565","1415","1559061","0","0","0x0010"
"2541","2026-08-15T10:06:14.356424300-0500","7.103454400","192.168.0.178","192.168.0.186","25565","25858","1559061","1415","523","0","0x0018"
"2542","2026-08-15T10:06:14.356501600-0500","7.103531700","192.168.0.186","192.168.0.178","25858","25565","1415","1559584","0","0","0x0010"
"2543","2026-08-15T10:06:14.358974700-0500","7.106004800","192.168.0.178","192.168.0.186","25565","25858","1559584","1415","53","0","0x0018"
"2544","2026-08-15T10:06:14.358974700-0500","7.106004800","192.168.0.178","192.168.0.186","25565","25858","1559637","1415","53","0","0x0018"
"2545","2026-08-15T10:06:14.358974700-0500","7.106004800","192.168.0.178","192.168.0.186","25565","25858","1559690","1415","53","0","0x0018"
"2546","2026-08-15T10:06:14.359037100-0500","7.106067200","192.168.0.186","192.168.0.178","25858","25565","1415","1559743","0","0","0x0010"
"2547","2026-08-15T10:06:14.378599200-0500","7.125629300","192.168.0.186","192.168.0.178","25858","25565","1415","1559743","13","0","0x0018"
"2548","2026-08-15T10:06:14.378663900-0500","7.125694000","192.168.0.186","192.168.0.178","25858","25565","1428","1559743","28","0","0x0018"
"2549","2026-08-15T10:06:14.379355800-0500","7.126385900","192.168.0.178","192.168.0.186","25565","25858","1559743","1456","0","0","0x0010"
"2550","2026-08-15T10:06:14.379775900-0500","7.126806000","192.168.0.186","192.168.0.178","25858","25565","1456","1559743","3","0","0x0018"
"2551","2026-08-15T10:06:14.394257400-0500","7.141287500","192.168.0.178","192.168.0.186","25565","25858","1559743","1459","54","0","0x0018"
"2552","2026-08-15T10:06:14.394257400-0500","7.141287500","192.168.0.178","192.168.0.186","25565","25858","1559797","1459","108","0","0x0018"
"2553","2026-08-15T10:06:14.394298200-0500","7.141328300","192.168.0.186","192.168.0.178","25858","25565","1459","1559905","0","0","0x0010"
"2554","2026-08-15T10:06:14.407166100-0500","7.154196200","192.168.0.178","192.168.0.186","25565","25858","1559905","1459","418","0","0x0018"
"2555","2026-08-15T10:06:14.408266600-0500","7.155296700","192.168.0.178","192.168.0.186","25565","25858","1560323","1459","53","0","0x0018"
"2556","2026-08-15T10:06:14.408266600-0500","7.155296700","192.168.0.178","192.168.0.186","25565","25858","1560376","1459","53","0","0x0018"
"2557","2026-08-15T10:06:14.408288500-0500","7.155318600","192.168.0.186","192.168.0.178","25858","25565","1459","1560429","0","0","0x0010"
"2558","2026-08-15T10:06:14.408343900-0500","7.155374000","192.168.0.178","192.168.0.186","25565","25858","1560429","1459","53","0","0x0018"
"2559","2026-08-15T10:06:14.408348200-0500","7.155378300","192.168.0.186","192.168.0.178","25858","25565","1459","1560482","0","0","0x0010"
"2560","2026-08-15T10:06:14.426717300-0500","7.173747400","192.168.0.186","192.168.0.178","25858","25565","1459","1560482","28","0","0x0018"
"2561","2026-08-15T10:06:14.427723800-0500","7.174753900","192.168.0.186","192.168.0.178","25858","25565","1487","1560482","3","0","0x0018"
"2562","2026-08-15T10:06:14.428439800-0500","7.175469900","192.168.0.178","192.168.0.186","25565","25858","1560482","1490","0","0","0x0010"
"2563","2026-08-15T10:06:14.443948300-0500","7.190978400","192.168.0.178","192.168.0.186","25565","25858","1560482","1490","54","0","0x0018"
"2564","2026-08-15T10:06:14.443948300-0500","7.190978400","192.168.0.178","192.168.0.186","25565","25858","1560536","1490","108","0","0x0018"
"2565","2026-08-15T10:06:14.444004900-0500","7.191035000","192.168.0.186","192.168.0.178","25858","25565","1490","1560644","0","0","0x0010"
"2566","2026-08-15T10:06:14.455524700-0500","7.202554800","192.168.0.178","192.168.0.186","25565","25858","1560644","1490","448","0","0x0018"
"2567","2026-08-15T10:06:14.455826800-0500","7.202856900","192.168.0.186","192.168.0.178","25858","25565","1490","1561092","11","0","0x0018"
"2568","2026-08-15T10:06:14.459098300-0500","7.206128400","192.168.0.178","192.168.0.186","25565","25858","1561092","1501","53","0","0x0018"
"2569","2026-08-15T10:06:14.459441200-0500","7.206471300","192.168.0.178","192.168.0.186","25565","25858","1561145","1501","53","0","0x0018"
"2570","2026-08-15T10:06:14.459441200-0500","7.206471300","192.168.0.178","192.168.0.186","25565","25858","1561198","1501","53","0","0x0018"
"2571","2026-08-15T10:06:14.459492000-0500","7.206522100","192.168.0.186","192.168.0.178","25858","25565","1501","1561251","0","0","0x0010"
"2572","2026-08-15T10:06:14.477055500-0500","7.224085600","192.168.0.186","192.168.0.178","25858","25565","1501","1561251","28","0","0x0018"
"2573","2026-08-15T10:06:14.478561600-0500","7.225591700","192.168.0.186","192.168.0.178","25858","25565","1529","1561251","3","0","0x0018"
"2574","2026-08-15T10:06:14.479320700-0500","7.226350800","192.168.0.178","192.168.0.186","25565","25858","1561251","1532","0","0","0x0010"
"2575","2026-08-15T10:06:14.493596900-0500","7.240627000","192.168.0.178","192.168.0.186","25565","25858","1561251","1532","54","0","0x0018"
"2576","2026-08-15T10:06:14.493596900-0500","7.240627000","192.168.0.178","192.168.0.186","25565","25858","1561305","1532","108","0","0x0018"
"2577","2026-08-15T10:06:14.493660800-0500","7.240690900","192.168.0.186","192.168.0.178","25858","25565","1532","1561413","0","0","0x0010"
"2578","2026-08-15T10:06:14.504564700-0500","7.251594800","192.168.0.178","192.168.0.186","25565","25858","1561413","1532","434","0","0x0018"
"2579","2026-08-15T10:06:14.509132500-0500","7.256162600","192.168.0.178","192.168.0.186","25565","25858","1561847","1532","53","0","0x0018"
"2580","2026-08-15T10:06:14.509132500-0500","7.256162600","192.168.0.178","192.168.0.186","25565","25858","1561900","1532","53","0","0x0018"
"2581","2026-08-15T10:06:14.509191500-0500","7.256221600","192.168.0.186","192.168.0.178","25858","25565","1532","1561953","0","0","0x0010"
"2582","2026-08-15T10:06:14.509245200-0500","7.256275300","192.168.0.178","192.168.0.186","25565","25858","1561953","1532","53","0","0x0018"
"2583","2026-08-15T10:06:14.509255100-0500","7.256285200","192.168.0.186","192.168.0.178","25858","25565","1532","1562006","0","0","0x0010"
"2584","2026-08-15T10:06:14.526851000-0500","7.273881100","192.168.0.186","192.168.0.178","25858","25565","1532","1562006","4","0","0x0018"
"2585","2026-08-15T10:06:14.526877400-0500","7.273907500","192.168.0.186","192.168.0.178","25858","25565","1536","1562006","28","0","0x0018"
"2586","2026-08-15T10:06:14.527611100-0500","7.274641200","192.168.0.178","192.168.0.186","25565","25858","1562006","1564","0","0","0x0010"
"2587","2026-08-15T10:06:14.528149700-0500","7.275179800","192.168.0.186","192.168.0.178","25858","25565","1564","1562006","3","0","0x0018"
"2588","2026-08-15T10:06:14.544061200-0500","7.291091300","192.168.0.178","192.168.0.186","25565","25858","1562006","1567","54","0","0x0018"
"2589","2026-08-15T10:06:14.544061200-0500","7.291091300","192.168.0.178","192.168.0.186","25565","25858","1562060","1567","108","0","0x0018"
"2590","2026-08-15T10:06:14.544133900-0500","7.291164000","192.168.0.186","192.168.0.178","25858","25565","1567","1562168","0","0","0x0010"
"2591","2026-08-15T10:06:14.554879400-0500","7.301909500","192.168.0.178","192.168.0.186","25565","25858","1562168","1567","389","0","0x0018"
"2592","2026-08-15T10:06:14.559033800-0500","7.306063900","192.168.0.178","192.168.0.186","25565","25858","1562557","1567","53","0","0x0018"
"2593","2026-08-15T10:06:14.559101300-0500","7.306131400","192.168.0.186","192.168.0.178","25858","25565","1567","1562610","0","0","0x0010"
"2594","2026-08-15T10:06:14.559195600-0500","7.306225700","192.168.0.178","192.168.0.186","25565","25858","1562610","1567","53","0","0x0018"
"2595","2026-08-15T10:06:14.559195600-0500","7.306225700","192.168.0.178","192.168.0.186","25565","25858","1562663","1567","53","0","0x0018"
"2596","2026-08-15T10:06:14.559213100-0500","7.306243200","192.168.0.186","192.168.0.178","25858","25565","1567","1562716","0","0","0x0010"
"2597","2026-08-15T10:06:14.576845600-0500","7.323875700","192.168.0.186","192.168.0.178","25858","25565","1567","1562716","28","0","0x0018"
"2598","2026-08-15T10:06:14.578376500-0500","7.325406600","192.168.0.186","192.168.0.178","25858","25565","1595","1562716","3","0","0x0018"
"2599","2026-08-15T10:06:14.579273300-0500","7.326303400","192.168.0.178","192.168.0.186","25565","25858","1562716","1598","0","0","0x0010"
"2600","2026-08-15T10:06:14.594068400-0500","7.341098500","192.168.0.178","192.168.0.186","25565","25858","1562716","1598","54","0","0x0018"
"2601","2026-08-15T10:06:14.594068400-0500","7.341098500","192.168.0.178","192.168.0.186","25565","25858","1562770","1598","54","0","0x0018"
"2602","2026-08-15T10:06:14.594068400-0500","7.341098500","192.168.0.178","192.168.0.186","25565","25858","1562824","1598","54","0","0x0018"
"2603","2026-08-15T10:06:14.594114600-0500","7.341144700","192.168.0.186","192.168.0.178","25858","25565","1598","1562878","0","0","0x0010"
"2604","2026-08-15T10:06:14.608862500-0500","7.355892600","192.168.0.178","192.168.0.186","25565","25858","1562878","1598","403","0","0x0018"
"2605","2026-08-15T10:06:14.608929900-0500","7.355960000","192.168.0.186","192.168.0.178","25858","25565","1598","1563281","0","0","0x0010"
"2606","2026-08-15T10:06:14.609118700-0500","7.356148800","192.168.0.178","192.168.0.186","25565","25858","1563281","1598","53","0","0x0018"
"2607","2026-08-15T10:06:14.609118700-0500","7.356148800","192.168.0.178","192.168.0.186","25565","25858","1563334","1598","53","0","0x0018"
"2608","2026-08-15T10:06:14.609118700-0500","7.356148800","192.168.0.178","192.168.0.186","25565","25858","1563387","1598","53","0","0x0018"
"2609","2026-08-15T10:06:14.609167300-0500","7.356197400","192.168.0.186","192.168.0.178","25858","25565","1598","1563440","0","0","0x0010"
"2610","2026-08-15T10:06:14.627187900-0500","7.374218000","192.168.0.186","192.168.0.178","25858","25565","1598","1563440","36","0","0x0018"
"2611","2026-08-15T10:06:14.628895100-0500","7.375925200","192.168.0.186","192.168.0.178","25858","25565","1634","1563440","3","0","0x0018"
"2612","2026-08-15T10:06:14.630251800-0500","7.377281900","192.168.0.178","192.168.0.186","25565","25858","1563440","1637","0","0","0x0010"
"2613","2026-08-15T10:06:14.644121700-0500","7.391151800","192.168.0.178","192.168.0.186","25565","25858","1563440","1637","54","0","0x0018"
"2614","2026-08-15T10:06:14.644121700-0500","7.391151800","192.168.0.178","192.168.0.186","25565","25858","1563494","1637","108","0","0x0018"
"2615","2026-08-15T10:06:14.644178800-0500","7.391208900","192.168.0.186","192.168.0.178","25858","25565","1637","1563602","0","0","0x0010"
"2616","2026-08-15T10:06:14.653040900-0500","7.400071000","192.168.0.178","192.168.0.186","25565","25858","1563602","1637","546","0","0x0018"
"2617","2026-08-15T10:06:14.658207900-0500","7.405238000","192.168.0.178","192.168.0.186","25565","25858","1564148","1637","53","0","0x0018"
"2618","2026-08-15T10:06:14.658207900-0500","7.405238000","192.168.0.178","192.168.0.186","25565","25858","1564201","1637","53","0","0x0018"
"2619","2026-08-15T10:06:14.658207900-0500","7.405238000","192.168.0.178","192.168.0.186","25565","25858","1564254","1637","53","0","0x0018"
"2620","2026-08-15T10:06:14.658231100-0500","7.405261200","192.168.0.186","192.168.0.178","25858","25565","1637","1564307","0","0","0x0010"
"2621","2026-08-15T10:06:14.676281300-0500","7.423311400","192.168.0.186","192.168.0.178","25858","25565","1637","1564307","36","0","0x0018"
"2622","2026-08-15T10:06:14.676949200-0500","7.423979300","192.168.0.186","192.168.0.178","25858","25565","1673","1564307","3","0","0x0018"
"2623","2026-08-15T10:06:14.677476900-0500","7.424507000","192.168.0.178","192.168.0.186","25565","25858","1564307","1676","0","0","0x0010"
"2624","2026-08-15T10:06:14.693147600-0500","7.440177700","192.168.0.178","192.168.0.186","25565","25858","1564307","1676","54","0","0x0018"
"2625","2026-08-15T10:06:14.693147600-0500","7.440177700","192.168.0.178","192.168.0.186","25565","25858","1564361","1676","54","0","0x0018"
"2626","2026-08-15T10:06:14.693225500-0500","7.440255600","192.168.0.186","192.168.0.178","25858","25565","1676","1564415","0","0","0x0010"
"2627","2026-08-15T10:06:14.693521800-0500","7.440551900","192.168.0.178","192.168.0.186","25565","25858","1564415","1676","54","0","0x0018"
"2628","2026-08-15T10:06:14.708969700-0500","7.455999800","192.168.0.178","192.168.0.186","25565","25858","1564469","1676","420","0","0x0018"
"2629","2026-08-15T10:06:14.708969700-0500","7.455999800","192.168.0.178","192.168.0.186","25565","25858","1564889","1676","53","0","0x0018"
"2630","2026-08-15T10:06:14.708969700-0500","7.455999800","192.168.0.178","192.168.0.186","25565","25858","1564942","1676","53","0","0x0018"
"2631","2026-08-15T10:06:14.708969700-0500","7.455999800","192.168.0.178","192.168.0.186","25565","25858","1564995","1676","53","0","0x0018"
"2632","2026-08-15T10:06:14.709051500-0500","7.456081600","192.168.0.186","192.168.0.178","25858","25565","1676","1565048","0","0","0x0010"
"2633","2026-08-15T10:06:14.727360300-0500","7.474390400","192.168.0.186","192.168.0.178","25858","25565","1676","1565048","36","0","0x0018"
"2634","2026-08-15T10:06:14.728629900-0500","7.475660000","192.168.0.186","192.168.0.178","25858","25565","1712","1565048","3","0","0x0018"
"2635","2026-08-15T10:06:14.729313300-0500","7.476343400","192.168.0.178","192.168.0.186","25565","25858","1565048","1715","0","0","0x0010"
"2636","2026-08-15T10:06:14.744221400-0500","7.491251500","192.168.0.178","192.168.0.186","25565","25858","1565048","1715","54","0","0x0018"
"2637","2026-08-15T10:06:14.744221400-0500","7.491251500","192.168.0.178","192.168.0.186","25565","25858","1565102","1715","108","0","0x0018"
"2638","2026-08-15T10:06:14.744280400-0500","7.491310500","192.168.0.186","192.168.0.178","25858","25565","1715","1565210","0","0","0x0010"
"2639","2026-08-15T10:06:14.755645200-0500","7.502675300","192.168.0.178","192.168.0.186","25565","25858","1565210","1715","471","0","0x0018"
"2640","2026-08-15T10:06:14.757060900-0500","7.504091000","192.168.0.178","192.168.0.186","25565","25858","1565681","1715","53","0","0x0018"
"2641","2026-08-15T10:06:14.757060900-0500","7.504091000","192.168.0.178","192.168.0.186","25565","25858","1565734","1715","53","0","0x0018"
"2642","2026-08-15T10:06:14.757111400-0500","7.504141500","192.168.0.186","192.168.0.178","25858","25565","1715","1565787","0","0","0x0010"
"2643","2026-08-15T10:06:14.757149300-0500","7.504179400","192.168.0.178","192.168.0.186","25565","25858","1565787","1715","53","0","0x0018"
"2644","2026-08-15T10:06:14.757163800-0500","7.504193900","192.168.0.186","192.168.0.178","25858","25565","1715","1565840","0","0","0x0010"
"2645","2026-08-15T10:06:14.776880700-0500","7.523910800","192.168.0.186","192.168.0.178","25858","25565","1715","1565840","36","0","0x0018"
"2646","2026-08-15T10:06:14.778251000-0500","7.525281100","192.168.0.186","192.168.0.178","25858","25565","1751","1565840","3","0","0x0018"
"2647","2026-08-15T10:06:14.778915500-0500","7.525945600","192.168.0.178","192.168.0.186","25565","25858","1565840","1754","0","0","0x0010"
"2648","2026-08-15T10:06:14.793635700-0500","7.540665800","192.168.0.178","192.168.0.186","25565","25858","1565840","1754","54","0","0x0018"
"2649","2026-08-15T10:06:14.793635700-0500","7.540665800","192.168.0.178","192.168.0.186","25565","25858","1565894","1754","108","0","0x0018"
"2650","2026-08-15T10:06:14.793703600-0500","7.540733700","192.168.0.186","192.168.0.178","25858","25565","1754","1566002","0","0","0x0010"
"2651","2026-08-15T10:06:14.804093900-0500","7.551124000","192.168.0.178","192.168.0.186","25565","25858","1566002","1754","424","0","0x0018"
"2652","2026-08-15T10:06:14.807795400-0500","7.554825500","192.168.0.178","192.168.0.186","25565","25858","1566426","1754","53","0","0x0018"
"2653","2026-08-15T10:06:14.807795400-0500","7.554825500","192.168.0.178","192.168.0.186","25565","25858","1566479","1754","106","0","0x0018"
"2654","2026-08-15T10:06:14.807850500-0500","7.554880600","192.168.0.186","192.168.0.178","25858","25565","1754","1566585","0","0","0x0010"
"2655","2026-08-15T10:06:14.827008400-0500","7.574038500","192.168.0.186","192.168.0.178","25858","25565","1754","1566585","28","0","0x0018"
"2656","2026-08-15T10:06:14.828371500-0500","7.575401600","192.168.0.186","192.168.0.178","25858","25565","1782","1566585","3","0","0x0018"
"2657","2026-08-15T10:06:14.829041600-0500","7.576071700","192.168.0.178","192.168.0.186","25565","25858","1566585","1785","0","0","0x0010"
"2658","2026-08-15T10:06:14.844229600-0500","7.591259700","192.168.0.178","192.168.0.186","25565","25858","1566585","1785","54","0","0x0018"
"2659","2026-08-15T10:06:14.844229600-0500","7.591259700","192.168.0.178","192.168.0.186","25565","25858","1566639","1785","108","0","0x0018"
"2660","2026-08-15T10:06:14.844304200-0500","7.591334300","192.168.0.186","192.168.0.178","25858","25565","1785","1566747","0","0","0x0010"
"2661","2026-08-15T10:06:14.855037100-0500","7.602067200","192.168.0.178","192.168.0.186","25565","25858","1566747","1785","362","0","0x0018"
"2662","2026-08-15T10:06:14.859005900-0500","7.606036000","192.168.0.178","192.168.0.186","25565","25858","1567109","1785","53","0","0x0018"
"2663","2026-08-15T10:06:14.859005900-0500","7.606036000","192.168.0.178","192.168.0.186","25565","25858","1567162","1785","106","0","0x0018"
"2664","2026-08-15T10:06:14.859080600-0500","7.606110700","192.168.0.186","192.168.0.178","25858","25565","1785","1567268","0","0","0x0010"
"2665","2026-08-15T10:06:14.876934500-0500","7.623964600","192.168.0.186","192.168.0.178","25858","25565","1785","1567268","28","0","0x0018"
"2666","2026-08-15T10:06:14.878367500-0500","7.625397600","192.168.0.186","192.168.0.178","25858","25565","1813","1567268","3","0","0x0018"
"2667","2026-08-15T10:06:14.879130800-0500","7.626160900","192.168.0.178","192.168.0.186","25565","25858","1567268","1816","0","0","0x0010"
"2668","2026-08-15T10:06:14.894226700-0500","7.641256800","192.168.0.178","192.168.0.186","25565","25858","1567268","1816","54","0","0x0018"
"2669","2026-08-15T10:06:14.894226700-0500","7.641256800","192.168.0.178","192.168.0.186","25565","25858","1567322","1816","108","0","0x0018"
"2670","2026-08-15T10:06:14.894287400-0500","7.641317500","192.168.0.186","192.168.0.178","25858","25565","1816","1567430","0","0","0x0010"
"2671","2026-08-15T10:06:14.906662400-0500","7.653692500","192.168.0.178","192.168.0.186","25565","25858","1567430","1816","339","0","0x0018"
"2672","2026-08-15T10:06:14.910905100-0500","7.657935200","192.168.0.178","192.168.0.186","25565","25858","1567769","1816","53","0","0x0018"
"2673","2026-08-15T10:06:14.910905100-0500","7.657935200","192.168.0.178","192.168.0.186","25565","25858","1567822","1816","53","0","0x0018"
"2674","2026-08-15T10:06:14.910905100-0500","7.657935200","192.168.0.178","192.168.0.186","25565","25858","1567875","1816","53","0","0x0018"
"2675","2026-08-15T10:06:14.910959200-0500","7.657989300","192.168.0.186","192.168.0.178","25858","25565","1816","1567928","0","0","0x0010"
"2676","2026-08-15T10:06:14.926083200-0500","7.673113300","192.168.0.186","192.168.0.178","25858","25565","1816","1567928","28","0","0x0018"
"2677","2026-08-15T10:06:14.926960400-0500","7.673990500","192.168.0.186","192.168.0.178","25858","25565","1844","1567928","3","0","0x0018"
"2678","2026-08-15T10:06:14.927502300-0500","7.674532400","192.168.0.178","192.168.0.186","25565","25858","1567928","1847","0","0","0x0010"
"2679","2026-08-15T10:06:14.954820300-0500","7.701850400","192.168.0.178","192.168.0.186","25565","25858","1567928","1847","454","0","0x0018"
"2680","2026-08-15T10:06:14.958747500-0500","7.705777600","192.168.0.178","192.168.0.186","25565","25858","1568382","1847","53","0","0x0018"
"2681","2026-08-15T10:06:14.958747500-0500","7.705777600","192.168.0.178","192.168.0.186","25565","25858","1568435","1847","106","0","0x0018"
"2682","2026-08-15T10:06:14.958796100-0500","7.705826200","192.168.0.186","192.168.0.178","25858","25565","1847","1568541","0","0","0x0010"
"2683","2026-08-15T10:06:14.976312500-0500","7.723342600","192.168.0.186","192.168.0.178","25858","25565","1847","1568541","28","0","0x0018"
"2684","2026-08-15T10:06:14.977444400-0500","7.724474500","192.168.0.186","192.168.0.178","25858","25565","1875","1568541","3","0","0x0018"
"2685","2026-08-15T10:06:14.978086500-0500","7.725116600","192.168.0.178","192.168.0.186","25565","25858","1568541","1878","0","0","0x0010"
"2686","2026-08-15T10:06:14.993524300-0500","7.740554400","192.168.0.178","192.168.0.186","25565","25858","1568541","1878","54","0","0x0018"
"2687","2026-08-15T10:06:14.993524300-0500","7.740554400","192.168.0.178","192.168.0.186","25565","25858","1568595","1878","54","0","0x0018"
"2688","2026-08-15T10:06:14.993592500-0500","7.740622600","192.168.0.186","192.168.0.178","25858","25565","1878","1568649","0","0","0x0010"
"2689","2026-08-15T10:06:14.993662100-0500","7.740692200","192.168.0.178","192.168.0.186","25565","25858","1568649","1878","54","0","0x0018"
"2690","2026-08-15T10:06:15.005553700-0500","7.752583800","192.168.0.178","192.168.0.186","25565","25858","1568703","1878","366","0","0x0018"
"2691","2026-08-15T10:06:15.005612700-0500","7.752642800","192.168.0.186","192.168.0.178","25858","25565","1878","1569069","0","0","0x0010"
"2692","2026-08-15T10:06:15.027125800-0500","7.774155900","192.168.0.186","192.168.0.178","25858","25565","1878","1569069","28","0","0x0018"
"2693","2026-08-15T10:06:15.028433500-0500","7.775463600","192.168.0.186","192.168.0.178","25858","25565","1906","1569069","3","0","0x0018"
"2694","2026-08-15T10:06:15.030613900-0500","7.777644000","192.168.0.178","192.168.0.186","25565","25858","1569069","1909","0","0","0x0010"
"2695","2026-08-15T10:06:15.044131500-0500","7.791161600","192.168.0.178","192.168.0.186","25565","25858","1569069","1909","54","0","0x0018"
"2696","2026-08-15T10:06:15.044131500-0500","7.791161600","192.168.0.178","192.168.0.186","25565","25858","1569123","1909","54","0","0x0018"
"2697","2026-08-15T10:06:15.044205100-0500","7.791235200","192.168.0.186","192.168.0.178","25858","25565","1909","1569177","0","0","0x0010"
"2698","2026-08-15T10:06:15.044266900-0500","7.791297000","192.168.0.178","192.168.0.186","25565","25858","1569177","1909","54","0","0x0018"
"2699","2026-08-15T10:06:15.056134900-0500","7.803165000","192.168.0.178","192.168.0.186","25565","25858","1569231","1909","208","0","0x0018"
"2700","2026-08-15T10:06:15.056189900-0500","7.803220000","192.168.0.186","192.168.0.178","25858","25565","1909","1569439","0","0","0x0010"
"2701","2026-08-15T10:06:15.077008900-0500","7.824039000","192.168.0.186","192.168.0.178","25858","25565","1909","1569439","36","0","0x0018"
"2702","2026-08-15T10:06:15.078382200-0500","7.825412300","192.168.0.186","192.168.0.178","25858","25565","1945","1569439","3","0","0x0018"
"2703","2026-08-15T10:06:15.079015800-0500","7.826045900","192.168.0.178","192.168.0.186","25565","25858","1569439","1948","0","0","0x0010"
"2704","2026-08-15T10:06:15.104769300-0500","7.851799400","192.168.0.178","192.168.0.186","25565","25858","1569439","1948","287","0","0x0018"
"2705","2026-08-15T10:06:15.127161800-0500","7.874191900","192.168.0.186","192.168.0.178","25858","25565","1948","1569726","36","0","0x0018"
"2706","2026-08-15T10:06:15.128504100-0500","7.875534200","192.168.0.186","192.168.0.178","25858","25565","1984","1569726","3","0","0x0018"
"2707","2026-08-15T10:06:15.129197100-0500","7.876227200","192.168.0.178","192.168.0.186","25565","25858","1569726","1987","0","0","0x0010"
"2708","2026-08-15T10:06:15.143981500-0500","7.891011600","192.168.0.178","192.168.0.186","25565","25858","1569726","1987","54","0","0x0018"
"2709","2026-08-15T10:06:15.143981500-0500","7.891011600","192.168.0.178","192.168.0.186","25565","25858","1569780","1987","108","0","0x0018"
"2710","2026-08-15T10:06:15.144042500-0500","7.891072600","192.168.0.186","192.168.0.178","25858","25565","1987","1569888","0","0","0x0010"
"2711","2026-08-15T10:06:15.163476700-0500","7.910506800","192.168.0.178","192.168.0.186","25565","25858","1569888","1987","343","0","0x0018"
"2712","2026-08-15T10:06:15.176938800-0500","7.923968900","192.168.0.186","192.168.0.178","25858","25565","1987","1570231","36","0","0x0018"
"2713","2026-08-15T10:06:15.178053300-0500","7.925083400","192.168.0.186","192.168.0.178","25858","25565","2023","1570231","3","0","0x0018"
"2714","2026-08-15T10:06:15.178758000-0500","7.925788100","192.168.0.178","192.168.0.186","25565","25858","1570231","2026","0","0","0x0010"
"2715","2026-08-15T10:06:15.194969800-0500","7.941999900","192.168.0.178","192.168.0.186","25565","25858","1570231","2026","54","0","0x0018"
"2716","2026-08-15T10:06:15.194969800-0500","7.941999900","192.168.0.178","192.168.0.186","25565","25858","1570285","2026","108","0","0x0018"
"2717","2026-08-15T10:06:15.195013600-0500","7.942043700","192.168.0.186","192.168.0.178","25858","25565","2026","1570393","0","0","0x0010"
"2718","2026-08-15T10:06:15.204093500-0500","7.951123600","192.168.0.178","192.168.0.186","25565","25858","1570393","2026","169","0","0x0018"
"2719","2026-08-15T10:06:15.227265900-0500","7.974296000","192.168.0.186","192.168.0.178","25858","25565","2026","1570562","28","0","0x0018"
"2720","2026-08-15T10:06:15.228464500-0500","7.975494600","192.168.0.186","192.168.0.178","25858","25565","2054","1570562","3","0","0x0018"
"2721","2026-08-15T10:06:15.229265700-0500","7.976295800","192.168.0.178","192.168.0.186","25565","25858","1570562","2057","0","0","0x0010"
"2722","2026-08-15T10:06:15.257680000-0500","8.004710100","192.168.0.178","192.168.0.186","25565","25858","1570562","2057","300","0","0x0018"
"2723","2026-08-15T10:06:15.276830600-0500","8.023860700","192.168.0.186","192.168.0.178","25858","25565","2057","1570862","28","0","0x0018"
"2724","2026-08-15T10:06:15.278127500-0500","8.025157600","192.168.0.186","192.168.0.178","25858","25565","2085","1570862","3","0","0x0018"
"2725","2026-08-15T10:06:15.278818700-0500","8.025848800","192.168.0.178","192.168.0.186","25565","25858","1570862","2088","0","0","0x0010"
"2726","2026-08-15T10:06:15.293638200-0500","8.040668300","192.168.0.178","192.168.0.186","25565","25858","1570862","2088","54","0","0x0018"
"2727","2026-08-15T10:06:15.293638200-0500","8.040668300","192.168.0.178","192.168.0.186","25565","25858","1570916","2088","54","0","0x0018"
"2728","2026-08-15T10:06:15.293638200-0500","8.040668300","192.168.0.178","192.168.0.186","25565","25858","1570970","2088","54","0","0x0018"
"2729","2026-08-15T10:06:15.293700200-0500","8.040730300","192.168.0.186","192.168.0.178","25858","25565","2088","1571024","0","0","0x0010"
"2730","2026-08-15T10:06:15.305597600-0500","8.052627700","192.168.0.178","192.168.0.186","25565","25858","1571024","2088","135","0","0x0018"
"2731","2026-08-15T10:06:15.305655300-0500","8.052685400","192.168.0.186","192.168.0.178","25858","25565","2088","1571159","0","0","0x0010"
"2732","2026-08-15T10:06:15.326549300-0500","8.073579400","192.168.0.186","192.168.0.178","25858","25565","2088","1571159","4","0","0x0018"
"2733","2026-08-15T10:06:15.326573600-0500","8.073603700","192.168.0.186","192.168.0.178","25858","25565","2092","1571159","28","0","0x0018"
"2734","2026-08-15T10:06:15.327274400-0500","8.074304500","192.168.0.178","192.168.0.186","25565","25858","1571159","2120","0","0","0x0010"
"2735","2026-08-15T10:06:15.327551700-0500","8.074581800","192.168.0.186","192.168.0.178","25858","25565","2120","1571159","3","0","0x0018"
"2736","2026-08-15T10:06:15.359936900-0500","8.106967000","192.168.0.178","192.168.0.186","25565","25858","1571159","2123","250","0","0x0018"
"2737","2026-08-15T10:06:15.376888500-0500","8.123918600","192.168.0.186","192.168.0.178","25858","25565","2123","1571409","28","0","0x0018"
"2738","2026-08-15T10:06:15.378478200-0500","8.125508300","192.168.0.186","192.168.0.178","25858","25565","2151","1571409","3","0","0x0018"
"2739","2026-08-15T10:06:15.378896800-0500","8.125926900","192.168.0.178","192.168.0.186","25565","25858","1571409","2154","0","0","0x0010"
"2740","2026-08-15T10:06:15.393530300-0500","8.140560400","192.168.0.178","192.168.0.186","25565","25858","1571409","2154","54","0","0x0018"
"2741","2026-08-15T10:06:15.393530300-0500","8.140560400","192.168.0.178","192.168.0.186","25565","25858","1571463","2154","54","0","0x0018"
"2742","2026-08-15T10:06:15.393530300-0500","8.140560400","192.168.0.178","192.168.0.186","25565","25858","1571517","2154","54","0","0x0018"
"2743","2026-08-15T10:06:15.393593400-0500","8.140623500","192.168.0.186","192.168.0.178","25858","25565","2154","1571571","0","0","0x0010"
"2744","2026-08-15T10:06:15.410664900-0500","8.157695000","192.168.0.178","192.168.0.186","25565","25858","1571571","2154","274","0","0x0018"
"2745","2026-08-15T10:06:15.410723300-0500","8.157753400","192.168.0.186","192.168.0.178","25858","25565","2154","1571845","0","0","0x0010"
"2746","2026-08-15T10:06:15.426894300-0500","8.173924400","192.168.0.186","192.168.0.178","25858","25565","2154","1571845","4","0","0x0018"
"2747","2026-08-15T10:06:15.426920200-0500","8.173950300","192.168.0.186","192.168.0.178","25858","25565","2158","1571845","28","0","0x0018"
"2748","2026-08-15T10:06:15.427746600-0500","8.174776700","192.168.0.178","192.168.0.186","25565","25858","1571845","2186","0","0","0x0010"
"2749","2026-08-15T10:06:15.428197300-0500","8.175227400","192.168.0.186","192.168.0.178","25858","25565","2186","1571845","3","0","0x0018"
"2750","2026-08-15T10:06:15.444248900-0500","8.191279000","192.168.0.178","192.168.0.186","25565","25858","1571845","2189","54","0","0x0018"
"2751","2026-08-15T10:06:15.444248900-0500","8.191279000","192.168.0.178","192.168.0.186","25565","25858","1571899","2189","108","0","0x0018"
"2752","2026-08-15T10:06:15.444307100-0500","8.191337200","192.168.0.186","192.168.0.178","25858","25565","2189","1572007","0","0","0x0010"
"2753","2026-08-15T10:06:15.454252000-0500","8.201282100","192.168.0.178","192.168.0.186","25565","25858","1572007","2189","441","0","0x0018"
"2754","2026-08-15T10:06:15.476596700-0500","8.223626800","192.168.0.186","192.168.0.178","25858","25565","2189","1572448","4","0","0x0018"
"2755","2026-08-15T10:06:15.476638900-0500","8.223669000","192.168.0.186","192.168.0.178","25858","25565","2193","1572448","28","0","0x0018"
"2756","2026-08-15T10:06:15.477405700-0500","8.224435800","192.168.0.186","192.168.0.178","25858","25565","2221","1572448","3","0","0x0018"
"2757","2026-08-15T10:06:15.477434700-0500","8.224464800","192.168.0.178","192.168.0.186","25565","25858","1572448","2221","0","0","0x0010"
"2758","2026-08-15T10:06:15.493768400-0500","8.240798500","192.168.0.178","192.168.0.186","25565","25858","1572448","2224","54","0","0x0018"
"2759","2026-08-15T10:06:15.493768400-0500","8.240798500","192.168.0.178","192.168.0.186","25565","25858","1572502","2224","108","0","0x0018"
"2760","2026-08-15T10:06:15.493821300-0500","8.240851400","192.168.0.186","192.168.0.178","25858","25565","2224","1572610","0","0","0x0010"
"2761","2026-08-15T10:06:15.510411000-0500","8.257441100","192.168.0.178","192.168.0.186","25565","25858","1572610","2224","383","0","0x0018"
"2762","2026-08-15T10:06:15.510720100-0500","8.257750200","192.168.0.186","192.168.0.178","25858","25565","2224","1572993","11","0","0x0018"
"2763","2026-08-15T10:06:15.526888900-0500","8.273919000","192.168.0.186","192.168.0.178","25858","25565","2235","1572993","4","0","0x0018"
"2764","2026-08-15T10:06:15.526924300-0500","8.273954400","192.168.0.186","192.168.0.178","25858","25565","2239","1572993","4","0","0x0018"
"2765","2026-08-15T10:06:15.526938200-0500","8.273968300","192.168.0.186","192.168.0.178","25858","25565","2243","1572993","28","0","0x0018"
"2766","2026-08-15T10:06:15.527701000-0500","8.274731100","192.168.0.178","192.168.0.186","25565","25858","1572993","2271","0","0","0x0010"
"2767","2026-08-15T10:06:15.528298700-0500","8.275328800","192.168.0.186","192.168.0.178","25858","25565","2271","1572993","3","0","0x0018"
"2768","2026-08-15T10:06:15.544018600-0500","8.291048700","192.168.0.178","192.168.0.186","25565","25858","1572993","2274","54","0","0x0018"
"2769","2026-08-15T10:06:15.544018600-0500","8.291048700","192.168.0.178","192.168.0.186","25565","25858","1573047","2274","108","0","0x0018"
"2770","2026-08-15T10:06:15.544074000-0500","8.291104100","192.168.0.186","192.168.0.178","25858","25565","2274","1573155","0","0","0x0010"
"2771","2026-08-15T10:06:15.554713100-0500","8.301743200","192.168.0.178","192.168.0.186","25565","25858","1573155","2274","371","0","0x0018"
"2772","2026-08-15T10:06:15.576795400-0500","8.323825500","192.168.0.186","192.168.0.178","25858","25565","2274","1573526","28","0","0x0018"
"2773","2026-08-15T10:06:15.578151300-0500","8.325181400","192.168.0.186","192.168.0.178","25858","25565","2302","1573526","3","0","0x0018"
"2774","2026-08-15T10:06:15.578851600-0500","8.325881700","192.168.0.178","192.168.0.186","25565","25858","1573526","2305","0","0","0x0010"
"2775","2026-08-15T10:06:15.593854700-0500","8.340884800","192.168.0.178","192.168.0.186","25565","25858","1573526","2305","54","0","0x0018"
"2776","2026-08-15T10:06:15.593854700-0500","8.340884800","192.168.0.178","192.168.0.186","25565","25858","1573580","2305","108","0","0x0018"
"2777","2026-08-15T10:06:15.593914100-0500","8.340944200","192.168.0.186","192.168.0.178","25858","25565","2305","1573688","0","0","0x0010"
"2778","2026-08-15T10:06:15.605338800-0500","8.352368900","192.168.0.178","192.168.0.186","25565","25858","1573688","2305","395","0","0x0018"
"2779","2026-08-15T10:06:15.611942400-0500","8.358972500","192.168.0.178","192.168.0.186","25565","25858","1574083","2305","52","0","0x0018"
"2780","2026-08-15T10:06:15.611942400-0500","8.358972500","192.168.0.178","192.168.0.186","25565","25858","1574135","2305","104","0","0x0018"
"2781","2026-08-15T10:06:15.612004500-0500","8.359034600","192.168.0.186","192.168.0.178","25858","25565","2305","1574239","0","0","0x0010"
"2782","2026-08-15T10:06:15.627085500-0500","8.374115600","192.168.0.186","192.168.0.178","25858","25565","2305","1574239","4","0","0x0018"
"2783","2026-08-15T10:06:15.627116200-0500","8.374146300","192.168.0.186","192.168.0.178","25858","25565","2309","1574239","28","0","0x0018"
"2784","2026-08-15T10:06:15.627885200-0500","8.374915300","192.168.0.178","192.168.0.186","25565","25858","1574239","2337","0","0","0x0010"
"2785","2026-08-15T10:06:15.628428100-0500","8.375458200","192.168.0.186","192.168.0.178","25858","25565","2337","1574239","3","0","0x0018"
"2786","2026-08-15T10:06:15.643841200-0500","8.390871300","192.168.0.178","192.168.0.186","25565","25858","1574239","2340","54","0","0x0018"
"2787","2026-08-15T10:06:15.643841200-0500","8.390871300","192.168.0.178","192.168.0.186","25565","25858","1574293","2340","108","0","0x0018"
"2788","2026-08-15T10:06:15.643925200-0500","8.390955300","192.168.0.186","192.168.0.178","25858","25565","2340","1574401","0","0","0x0010"
"2789","2026-08-15T10:06:15.664641100-0500","8.411671200","192.168.0.178","192.168.0.186","25565","25858","1574401","2340","266","0","0x0018"
"2790","2026-08-15T10:06:15.676995900-0500","8.424026000","192.168.0.186","192.168.0.178","25858","25565","2340","1574667","28","0","0x0018"
"2791","2026-08-15T10:06:15.678838400-0500","8.425868500","192.168.0.186","192.168.0.178","25858","25565","2368","1574667","3","0","0x0018"
"2792","2026-08-15T10:06:15.679460600-0500","8.426490700","192.168.0.178","192.168.0.186","25565","25858","1574667","2371","0","0","0x0010"
"2793","2026-08-15T10:06:15.692800400-0500","8.439830500","192.168.0.178","192.168.0.186","25565","25858","1574667","2371","54","0","0x0018"
"2794","2026-08-15T10:06:15.692998000-0500","8.440028100","192.168.0.178","192.168.0.186","25565","25858","1574721","2371","108","0","0x0018"
"2795","2026-08-15T10:06:15.693022700-0500","8.440052800","192.168.0.186","192.168.0.178","25858","25565","2371","1574829","0","0","0x0010"
"2796","2026-08-15T10:06:15.706897700-0500","8.453927800","192.168.0.178","192.168.0.186","25565","25858","1574829","2371","310","0","0x0018"
"2797","2026-08-15T10:06:15.726222600-0500","8.473252700","192.168.0.186","192.168.0.178","25858","25565","2371","1575139","28","0","0x0018"
"2798","2026-08-15T10:06:15.727042800-0500","8.474072900","192.168.0.186","192.168.0.178","25858","25565","2399","1575139","3","0","0x0018"
"2799","2026-08-15T10:06:15.727659000-0500","8.474689100","192.168.0.178","192.168.0.186","25565","25858","1575139","2402","0","0","0x0010"
"2800","2026-08-15T10:06:15.743967500-0500","8.490997600","192.168.0.178","192.168.0.186","25565","25858","1575139","2402","54","0","0x0018"
"2801","2026-08-15T10:06:15.743967500-0500","8.490997600","192.168.0.178","192.168.0.186","25565","25858","1575193","2402","108","0","0x0018"
"2802","2026-08-15T10:06:15.744013300-0500","8.491043400","192.168.0.186","192.168.0.178","25858","25565","2402","1575301","0","0","0x0010"
"2803","2026-08-15T10:06:15.760168400-0500","8.507198500","192.168.0.178","192.168.0.186","25565","25858","1575301","2402","272","0","0x0018"
"2804","2026-08-15T10:06:15.779794100-0500","8.526824200","192.168.0.186","192.168.0.178","25858","25565","2402","1575573","6","0","0x0018"
"2805","2026-08-15T10:06:15.779835400-0500","8.526865500","192.168.0.186","192.168.0.178","25858","25565","2408","1575573","4","0","0x0018"
"2806","2026-08-15T10:06:15.779848500-0500","8.526878600","192.168.0.186","192.168.0.178","25858","25565","2412","1575573","28","0","0x0018"
"2807","2026-08-15T10:06:15.780499500-0500","8.527529600","192.168.0.178","192.168.0.186","25565","25858","1575573","2440","0","0","0x0010"
"2808","2026-08-15T10:06:15.781154200-0500","8.528184300","192.168.0.186","192.168.0.178","25858","25565","2440","1575573","3","0","0x0018"
"2809","2026-08-15T10:06:15.793850700-0500","8.540880800","192.168.0.178","192.168.0.186","25565","25858","1575573","2443","54","0","0x0018"
"2810","2026-08-15T10:06:15.793850700-0500","8.540880800","192.168.0.178","192.168.0.186","25565","25858","1575627","2443","108","0","0x0018"
"2811","2026-08-15T10:06:15.793891600-0500","8.540921700","192.168.0.186","192.168.0.178","25858","25565","2443","1575735","0","0","0x0010"
"2812","2026-08-15T10:06:15.808674400-0500","8.555704500","192.168.0.178","192.168.0.186","25565","25858","1575735","2443","389","0","0x0018"
"2813","2026-08-15T10:06:15.826649400-0500","8.573679500","192.168.0.186","192.168.0.178","25858","25565","2443","1576124","28","0","0x0018"
"2814","2026-08-15T10:06:15.827578100-0500","8.574608200","192.168.0.186","192.168.0.178","25858","25565","2471","1576124","3","0","0x0018"
"2815","2026-08-15T10:06:15.830591000-0500","8.577621100","192.168.0.178","192.168.0.186","25565","25858","1576124","2474","0","0","0x0010"
"2816","2026-08-15T10:06:15.843927800-0500","8.590957900","192.168.0.178","192.168.0.186","25565","25858","1576124","2474","54","0","0x0018"
"2817","2026-08-15T10:06:15.843927800-0500","8.590957900","192.168.0.178","192.168.0.186","25565","25858","1576178","2474","54","0","0x0018"
"2818","2026-08-15T10:06:15.843987900-0500","8.591018000","192.168.0.186","192.168.0.178","25858","25565","2474","1576232","0","0","0x0010"
"2819","2026-08-15T10:06:15.844074200-0500","8.591104300","192.168.0.178","192.168.0.186","25565","25858","1576232","2474","54","0","0x0018"
"2820","2026-08-15T10:06:15.857454700-0500","8.604484800","192.168.0.178","192.168.0.186","25565","25858","1576286","2474","304","0","0x0018"
"2821","2026-08-15T10:06:15.857505600-0500","8.604535700","192.168.0.186","192.168.0.178","25858","25565","2474","1576590","0","0","0x0010"
"2822","2026-08-15T10:06:15.877161200-0500","8.624191300","192.168.0.186","192.168.0.178","25858","25565","2474","1576590","28","0","0x0018"
"2823","2026-08-15T10:06:15.878791200-0500","8.625821300","192.168.0.186","192.168.0.178","25858","25565","2502","1576590","3","0","0x0018"
"2824","2026-08-15T10:06:15.879462200-0500","8.626492300","192.168.0.178","192.168.0.186","25565","25858","1576590","2505","0","0","0x0010"
"2825","2026-08-15T10:06:15.893781900-0500","8.640812000","192.168.0.178","192.168.0.186","25565","25858","1576590","2505","54","0","0x0018"
"2826","2026-08-15T10:06:15.893781900-0500","8.640812000","192.168.0.178","192.168.0.186","25565","25858","1576644","2505","108","0","0x0018"
"2827","2026-08-15T10:06:15.893835600-0500","8.640865700","192.168.0.186","192.168.0.178","25858","25565","2505","1576752","0","0","0x0010"
"2828","2026-08-15T10:06:15.906135100-0500","8.653165200","192.168.0.178","192.168.0.186","25565","25858","1576752","2505","213","0","0x0018"
"2829","2026-08-15T10:06:15.927280000-0500","8.674310100","192.168.0.186","192.168.0.178","25858","25565","2505","1576965","4","0","0x0018"
"2830","2026-08-15T10:06:15.927314100-0500","8.674344200","192.168.0.186","192.168.0.178","25858","25565","2509","1576965","28","0","0x0018"
"2831","2026-08-15T10:06:15.928115200-0500","8.675145300","192.168.0.178","192.168.0.186","25565","25858","1576965","2537","0","0","0x0010"
"2832","2026-08-15T10:06:15.929026500-0500","8.676056600","192.168.0.186","192.168.0.178","25858","25565","2537","1576965","3","0","0x0018"
"2833","2026-08-15T10:06:15.953666400-0500","8.700696500","192.168.0.178","192.168.0.186","25565","25858","1576965","2540","376","0","0x0018"
"2834","2026-08-15T10:06:15.976207100-0500","8.723237200","192.168.0.186","192.168.0.178","25858","25565","2540","1577341","28","0","0x0018"
"2835","2026-08-15T10:06:15.977078900-0500","8.724109000","192.168.0.186","192.168.0.178","25858","25565","2568","1577341","3","0","0x0018"
"2836","2026-08-15T10:06:15.977732900-0500","8.724763000","192.168.0.178","192.168.0.186","25565","25858","1577341","2571","0","0","0x0010"
"2837","2026-08-15T10:06:15.993648600-0500","8.740678700","192.168.0.178","192.168.0.186","25565","25858","1577341","2571","54","0","0x0018"
"2838","2026-08-15T10:06:15.993648600-0500","8.740678700","192.168.0.178","192.168.0.186","25565","25858","1577395","2571","108","0","0x0018"
"2839","2026-08-15T10:06:15.993690900-0500","8.740721000","192.168.0.186","192.168.0.178","25858","25565","2571","1577503","0","0","0x0010"
"2840","2026-08-15T10:06:16.006013900-0500","8.753044000","192.168.0.178","192.168.0.186","25565","25858","1577503","2571","266","0","0x0018"
"2841","2026-08-15T10:06:16.026533800-0500","8.773563900","192.168.0.186","192.168.0.178","25858","25565","2571","1577769","28","0","0x0018"
"2842","2026-08-15T10:06:16.027494000-0500","8.774524100","192.168.0.186","192.168.0.178","25858","25565","2599","1577769","3","0","0x0018"
"2843","2026-08-15T10:06:16.030572800-0500","8.777602900","192.168.0.178","192.168.0.186","25565","25858","1577769","2602","0","0","0x0010"
"2844","2026-08-15T10:06:16.043885000-0500","8.790915100","192.168.0.178","192.168.0.186","25565","25858","1577769","2602","54","0","0x0018"
"2845","2026-08-15T10:06:16.043885000-0500","8.790915100","192.168.0.178","192.168.0.186","25565","25858","1577823","2602","108","0","0x0018"
"2846","2026-08-15T10:06:16.043936100-0500","8.790966200","192.168.0.186","192.168.0.178","25858","25565","2602","1577931","0","0","0x0010"
"2847","2026-08-15T10:06:16.053460800-0500","8.800490900","192.168.0.178","192.168.0.186","25565","25858","1577931","2602","154","0","0x0018"
"2848","2026-08-15T10:06:16.077391000-0500","8.824421100","192.168.0.186","192.168.0.178","25858","25565","2602","1578085","36","0","0x0018"
"2849","2026-08-15T10:06:16.078842100-0500","8.825872200","192.168.0.186","192.168.0.178","25858","25565","2638","1578085","3","0","0x0018"
"2850","2026-08-15T10:06:16.079379900-0500","8.826410000","192.168.0.178","192.168.0.186","25565","25858","1578085","2641","0","0","0x0010"
"2851","2026-08-15T10:06:16.103379200-0500","8.850409300","192.168.0.178","192.168.0.186","25565","25858","1578085","2641","322","0","0x0018"
"2852","2026-08-15T10:06:16.127629100-0500","8.874659200","192.168.0.186","192.168.0.178","25858","25565","2641","1578407","13","0","0x0018"
"2853","2026-08-15T10:06:16.127663500-0500","8.874693600","192.168.0.186","192.168.0.178","25858","25565","2654","1578407","4","0","0x0018"
"2854","2026-08-15T10:06:16.127788900-0500","8.874819000","192.168.0.186","192.168.0.178","25858","25565","2658","1578407","36","0","0x0018"
"2855","2026-08-15T10:06:16.128348600-0500","8.875378700","192.168.0.178","192.168.0.186","25565","25858","1578407","2694","0","0","0x0010"
"2856","2026-08-15T10:06:16.129243000-0500","8.876273100","192.168.0.186","192.168.0.178","25858","25565","2694","1578407","3","0","0x0018"
"2857","2026-08-15T10:06:16.131171000-0500","8.878201100","192.168.0.178","192.168.0.186","25565","25858","1578407","2697","78","0","0x0018"
"2858","2026-08-15T10:06:16.131171000-0500","8.878201100","192.168.0.178","192.168.0.186","25565","25858","1578485","2697","12","0","0x0018"
"2859","2026-08-15T10:06:16.131222900-0500","8.878253000","192.168.0.186","192.168.0.178","25858","25565","2697","1578497","0","0","0x0010"
"2860","2026-08-15T10:06:16.142688200-0500","8.889718300","192.168.0.178","192.168.0.186","25565","25858","1578497","2697","54","0","0x0018"
"2861","2026-08-15T10:06:16.142688200-0500","8.889718300","192.168.0.178","192.168.0.186","25565","25858","1578551","2697","108","0","0x0018"
"2862","2026-08-15T10:06:16.142741000-0500","8.889771100","192.168.0.186","192.168.0.178","25858","25565","2697","1578659","0","0","0x0010"
"2863","2026-08-15T10:06:16.153732200-0500","8.900762300","192.168.0.178","192.168.0.186","25565","25858","1578659","2697","300","0","0x0018"
"2864","2026-08-15T10:06:16.177087100-0500","8.924117200","192.168.0.186","192.168.0.178","25858","25565","2697","1578959","28","0","0x0018"
"2865","2026-08-15T10:06:16.178739100-0500","8.925769200","192.168.0.186","192.168.0.178","25858","25565","2725","1578959","3","0","0x0018"
"2866","2026-08-15T10:06:16.179133300-0500","8.926163400","192.168.0.178","192.168.0.186","25565","25858","1578959","2728","0","0","0x0010"
"2867","2026-08-15T10:06:16.206625400-0500","8.953655500","192.168.0.178","192.168.0.186","25565","25858","1578959","2728","133","0","0x0018"
"2868","2026-08-15T10:06:16.226952600-0500","8.973982700","192.168.0.186","192.168.0.178","25858","25565","2728","1579092","28","0","0x0018"
"2869","2026-08-15T10:06:16.228029900-0500","8.975060000","192.168.0.186","192.168.0.178","25858","25565","2756","1579092","3","0","0x0018"
"2870","2026-08-15T10:06:16.228796200-0500","8.975826300","192.168.0.178","192.168.0.186","25565","25858","1579092","2759","0","0","0x0010"
"2871","2026-08-15T10:06:16.256631500-0500","9.003661600","192.168.0.178","192.168.0.186","25565","25858","1579092","2759","415","0","0x0018"
"2872","2026-08-15T10:06:16.277139800-0500","9.024169900","192.168.0.186","192.168.0.178","25858","25565","2759","1579507","28","0","0x0018"
"2873","2026-08-15T10:06:16.278536300-0500","9.025566400","192.168.0.186","192.168.0.178","25858","25565","2787","1579507","3","0","0x0018"
"2874","2026-08-15T10:06:16.279169900-0500","9.026200000","192.168.0.178","192.168.0.186","25565","25858","1579507","2790","0","0","0x0010"
"2875","2026-08-15T10:06:16.293919500-0500","9.040949600","192.168.0.178","192.168.0.186","25565","25858","1579507","2790","54","0","0x0018"
"2876","2026-08-15T10:06:16.293919500-0500","9.040949600","192.168.0.178","192.168.0.186","25565","25858","1579561","2790","108","0","0x0018"
"2877","2026-08-15T10:06:16.293978200-0500","9.041008300","192.168.0.186","192.168.0.178","25858","25565","2790","1579669","0","0","0x0010"
"2878","2026-08-15T10:06:16.304014200-0500","9.051044300","192.168.0.178","192.168.0.186","25565","25858","1579669","2790","208","0","0x0018"
"2879","2026-08-15T10:06:16.327028600-0500","9.074058700","192.168.0.186","192.168.0.178","25858","25565","2790","1579877","28","0","0x0018"
"2880","2026-08-15T10:06:16.328473300-0500","9.075503400","192.168.0.186","192.168.0.178","25858","25565","2818","1579877","3","0","0x0018"
"2881","2026-08-15T10:06:16.329899200-0500","9.076929300","192.168.0.178","192.168.0.186","25565","25858","1579877","2821","0","0","0x0010"
"2882","2026-08-15T10:06:16.358892300-0500","9.105922400","192.168.0.178","192.168.0.186","25565","25858","1579877","2821","283","0","0x0018"
"2883","2026-08-15T10:06:16.377442300-0500","9.124472400","192.168.0.186","192.168.0.178","25858","25565","2821","1580160","4","0","0x0018"
"2884","2026-08-15T10:06:16.377470700-0500","9.124500800","192.168.0.186","192.168.0.178","25858","25565","2825","1580160","28","0","0x0018"
"2885","2026-08-15T10:06:16.378091700-0500","9.125121800","192.168.0.178","192.168.0.186","25565","25858","1580160","2853","0","0","0x0010"
"2886","2026-08-15T10:06:16.378869700-0500","9.125899800","192.168.0.186","192.168.0.178","25858","25565","2853","1580160","3","0","0x0018"
"2887","2026-08-15T10:06:16.379214900-0500","9.126245000","192.168.0.178","192.168.0.186","25565","25858","1580160","2853","11","0","0x0018"
"2888","2026-08-15T10:06:16.379314900-0500","9.126345000","192.168.0.178","192.168.0.186","25565","25858","1580171","2856","11","0","0x0018"
"2889","2026-08-15T10:06:16.379314900-0500","9.126345000","192.168.0.178","192.168.0.186","25565","25858","1580182","2856","22","0","0x0018"
"2890","2026-08-15T10:06:16.379314900-0500","9.126345000","192.168.0.178","192.168.0.186","25565","25858","1580204","2856","33","0","0x0018"
"2891","2026-08-15T10:06:16.379314900-0500","9.126345000","192.168.0.178","192.168.0.186","25565","25858","1580237","2856","44","0","0x0018"
"2892","2026-08-15T10:06:16.379345200-0500","9.126375300","192.168.0.186","192.168.0.178","25858","25565","2856","1580281","0","0","0x0010"
"2893","2026-08-15T10:06:16.379404500-0500","9.126434600","192.168.0.178","192.168.0.186","25565","25858","1580281","2856","11","0","0x0018"
"2894","2026-08-15T10:06:16.379404500-0500","9.126434600","192.168.0.178","192.168.0.186","25565","25858","1580292","2856","22","0","0x0018"
"2895","2026-08-15T10:06:16.379428100-0500","9.126458200","192.168.0.186","192.168.0.178","25858","25565","2856","1580314","0","0","0x0010"
"2896","2026-08-15T10:06:16.379473400-0500","9.126503500","192.168.0.178","192.168.0.186","25565","25858","1580314","2856","33","0","0x0018"
"2897","2026-08-15T10:06:16.379473400-0500","9.126503500","192.168.0.178","192.168.0.186","25565","25858","1580347","2856","11","0","0x0018"
"2898","2026-08-15T10:06:16.379473400-0500","9.126503500","192.168.0.178","192.168.0.186","25565","25858","1580358","2856","24","0","0x0018"
"2899","2026-08-15T10:06:16.379487400-0500","9.126517500","192.168.0.186","192.168.0.178","25858","25565","2856","1580382","0","0","0x0010"
"2900","2026-08-15T10:06:16.404459700-0500","9.151489800","192.168.0.178","192.168.0.186","25565","25858","1580382","2856","345","0","0x0018"
"2901","2026-08-15T10:06:16.408119800-0500","9.155149900","192.168.0.178","192.168.0.186","25565","25858","1580727","2856","52","0","0x0018"
"2902","2026-08-15T10:06:16.408169700-0500","9.155199800","192.168.0.186","192.168.0.178","25858","25565","2856","1580779","0","0","0x0010"
"2903","2026-08-15T10:06:16.408242000-0500","9.155272100","192.168.0.178","192.168.0.186","25565","25858","1580779","2856","52","0","0x0018"
"2904","2026-08-15T10:06:16.408878500-0500","9.155908600","192.168.0.178","192.168.0.186","25565","25858","1580831","2856","52","0","0x0018"
"2905","2026-08-15T10:06:16.408926700-0500","9.155956800","192.168.0.186","192.168.0.178","25858","25565","2856","1580883","0","0","0x0010"
"2906","2026-08-15T10:06:16.426902600-0500","9.173932700","192.168.0.186","192.168.0.178","25858","25565","2856","1580883","28","0","0x0018"
"2907","2026-08-15T10:06:16.428320300-0500","9.175350400","192.168.0.186","192.168.0.178","25858","25565","2884","1580883","3","0","0x0018"
"2908","2026-08-15T10:06:16.428753000-0500","9.175783100","192.168.0.178","192.168.0.186","25565","25858","1580883","2887","0","0","0x0010"
"2909","2026-08-15T10:06:16.444215600-0500","9.191245700","192.168.0.178","192.168.0.186","25565","25858","1580883","2887","54","0","0x0018"
"2910","2026-08-15T10:06:16.444215600-0500","9.191245700","192.168.0.178","192.168.0.186","25565","25858","1580937","2887","108","0","0x0018"
"2911","2026-08-15T10:06:16.444268400-0500","9.191298500","192.168.0.186","192.168.0.178","25858","25565","2887","1581045","0","0","0x0010"
"2912","2026-08-15T10:06:16.454903600-0500","9.201933700","192.168.0.178","192.168.0.186","25565","25858","1581045","2887","263","0","0x0018"
"2913","2026-08-15T10:06:16.476534100-0500","9.223564200","192.168.0.186","192.168.0.178","25858","25565","2887","1581308","36","0","0x0018"
"2914","2026-08-15T10:06:16.477119700-0500","9.224149800","192.168.0.186","192.168.0.178","25858","25565","2923","1581308","3","0","0x0018"
"2915","2026-08-15T10:06:16.477644200-0500","9.224674300","192.168.0.178","192.168.0.186","25565","25858","1581308","2926","0","0","0x0010"
"2916","2026-08-15T10:06:16.493901300-0500","9.240931400","192.168.0.178","192.168.0.186","25565","25858","1581308","2926","54","0","0x0018"
"2917","2026-08-15T10:06:16.493901300-0500","9.240931400","192.168.0.178","192.168.0.186","25565","25858","1581362","2926","108","0","0x0018"
"2918","2026-08-15T10:06:16.493943400-0500","9.240973500","192.168.0.186","192.168.0.178","25858","25565","2926","1581470","0","0","0x0010"
"2919","2026-08-15T10:06:16.505962700-0500","9.252992800","192.168.0.178","192.168.0.186","25565","25858","1581470","2926","194","0","0x0018"
"2920","2026-08-15T10:06:16.527428900-0500","9.274459000","192.168.0.186","192.168.0.178","25858","25565","2926","1581664","36","0","0x0018"
"2921","2026-08-15T10:06:16.528913700-0500","9.275943800","192.168.0.186","192.168.0.178","25858","25565","2962","1581664","3","0","0x0018"
"2922","2026-08-15T10:06:16.529964200-0500","9.276994300","192.168.0.178","192.168.0.186","25565","25858","1581664","2965","0","0","0x0010"
"2923","2026-08-15T10:06:16.558981300-0500","9.306011400","192.168.0.178","192.168.0.186","25565","25858","1581664","2965","337","0","0x0018"
"2924","2026-08-15T10:06:16.559323500-0500","9.306353600","192.168.0.186","192.168.0.178","25858","25565","2965","1582001","11","0","0x0018"
"2925","2026-08-15T10:06:16.577033800-0500","9.324063900","192.168.0.186","192.168.0.178","25858","25565","2976","1582001","36","0","0x0018"
"2926","2026-08-15T10:06:16.577765600-0500","9.324795700","192.168.0.178","192.168.0.186","25565","25858","1582001","3012","0","0","0x0010"
"2927","2026-08-15T10:06:16.578484600-0500","9.325514700","192.168.0.186","192.168.0.178","25858","25565","3012","1582001","3","0","0x0018"
"2928","2026-08-15T10:06:16.593934800-0500","9.340964900","192.168.0.178","192.168.0.186","25565","25858","1582001","3015","54","0","0x0018"
"2929","2026-08-15T10:06:16.593934800-0500","9.340964900","192.168.0.178","192.168.0.186","25565","25858","1582055","3015","54","0","0x0018"
"2930","2026-08-15T10:06:16.593934800-0500","9.340964900","192.168.0.178","192.168.0.186","25565","25858","1582109","3015","54","0","0x0018"
"2931","2026-08-15T10:06:16.593997800-0500","9.341027900","192.168.0.186","192.168.0.178","25858","25565","3015","1582163","0","0","0x0010"
"2932","2026-08-15T10:06:16.613218300-0500","9.360248400","192.168.0.178","192.168.0.186","25565","25858","1582163","3015","1460","0","0x0010"
"2933","2026-08-15T10:06:16.613218300-0500","9.360248400","192.168.0.178","192.168.0.186","25565","25858","1583623","3015","1460","0","0x0010"
"2934","2026-08-15T10:06:16.613286800-0500","9.360316900","192.168.0.186","192.168.0.178","25858","25565","3015","1585083","0","0","0x0010"
"2935","2026-08-15T10:06:16.613336200-0500","9.360366300","192.168.0.178","192.168.0.186","25565","25858","1585083","3015","1460","0","0x0010"
"2936","2026-08-15T10:06:16.613346700-0500","9.360376800","192.168.0.186","192.168.0.178","25858","25565","3015","1586543","0","0","0x0010"
"2937","2026-08-15T10:06:16.613468200-0500","9.360498300","192.168.0.178","192.168.0.186","25565","25858","1586543","3015","1460","0","0x0010"
"2938","2026-08-15T10:06:16.613536000-0500","9.360566100","192.168.0.178","192.168.0.186","25565","25858","1588003","3015","1460","0","0x0010"
"2939","2026-08-15T10:06:16.613543800-0500","9.360573900","192.168.0.186","192.168.0.178","25858","25565","3015","1589463","0","0","0x0010"
"2940","2026-08-15T10:06:16.613792100-0500","9.360822200","192.168.0.178","192.168.0.186","25565","25858","1589463","3015","1460","0","0x0010"
"2941","2026-08-15T10:06:16.613792100-0500","9.360822200","192.168.0.178","192.168.0.186","25565","25858","1590923","3015","1460","0","0x0010"
"2942","2026-08-15T10:06:16.613831300-0500","9.360861400","192.168.0.186","192.168.0.178","25858","25565","3015","1592383","0","0","0x0010"
"2943","2026-08-15T10:06:16.613957300-0500","9.360987400","192.168.0.178","192.168.0.186","25565","25858","1592383","3015","1460","0","0x0010"
"2944","2026-08-15T10:06:16.614126400-0500","9.361156500","192.168.0.178","192.168.0.186","25565","25858","1593843","3015","1460","0","0x0010"
"2945","2026-08-15T10:06:16.614141300-0500","9.361171400","192.168.0.186","192.168.0.178","25858","25565","3015","1595303","0","0","0x0010"
"2946","2026-08-15T10:06:16.614179800-0500","9.361209900","192.168.0.178","192.168.0.186","25565","25858","1595303","3015","1460","0","0x0010"
"2947","2026-08-15T10:06:16.614179800-0500","9.361209900","192.168.0.178","192.168.0.186","25565","25858","1596763","3015","155","0","0x0018"
"2948","2026-08-15T10:06:16.614197300-0500","9.361227400","192.168.0.186","192.168.0.178","25858","25565","3015","1596918","0","0","0x0010"
"2949","2026-08-15T10:06:16.626242900-0500","9.373273000","192.168.0.186","192.168.0.178","25858","25565","3015","1596918","36","0","0x0018"
"2950","2026-08-15T10:06:16.626939800-0500","9.373969900","192.168.0.186","192.168.0.178","25858","25565","3051","1596918","3","0","0x0018"
"2951","2026-08-15T10:06:16.627521600-0500","9.374551700","192.168.0.178","192.168.0.186","25565","25858","1596918","3054","0","0","0x0010"
"2952","2026-08-15T10:06:16.658730200-0500","9.405760300","192.168.0.178","192.168.0.186","25565","25858","1596918","3054","1460","0","0x0010"
"2953","2026-08-15T10:06:16.658730200-0500","9.405760300","192.168.0.178","192.168.0.186","25565","25858","1598378","3054","1460","0","0x0010"
"2954","2026-08-15T10:06:16.658730200-0500","9.405760300","192.168.0.178","192.168.0.186","25565","25858","1599838","3054","1460","0","0x0010"
"2955","2026-08-15T10:06:16.658730200-0500","9.405760300","192.168.0.178","192.168.0.186","25565","25858","1601298","3054","1460","0","0x0010"
"2956","2026-08-15T10:06:16.658880900-0500","9.405911000","192.168.0.186","192.168.0.178","25858","25565","3054","1602758","0","0","0x0010"
"2957","2026-08-15T10:06:16.658942400-0500","9.405972500","192.168.0.178","192.168.0.186","25565","25858","1602758","3054","1460","0","0x0010"
"2958","2026-08-15T10:06:16.658942400-0500","9.405972500","192.168.0.178","192.168.0.186","25565","25858","1604218","3054","1460","0","0x0010"
"2959","2026-08-15T10:06:16.658955100-0500","9.405985200","192.168.0.186","192.168.0.178","25858","25565","3054","1605678","0","0","0x0010"
"2960","2026-08-15T10:06:16.659162100-0500","9.406192200","192.168.0.178","192.168.0.186","25565","25858","1605678","3054","1460","0","0x0010"
"2961","2026-08-15T10:06:16.659162100-0500","9.406192200","192.168.0.178","192.168.0.186","25565","25858","1607138","3054","1460","0","0x0010"
"2962","2026-08-15T10:06:16.659184900-0500","9.406215000","192.168.0.186","192.168.0.178","25858","25565","3054","1608598","0","0","0x0010"
"2963","2026-08-15T10:06:16.659382300-0500","9.406412400","192.168.0.178","192.168.0.186","25565","25858","1608598","3054","1460","0","0x0010"
"2964","2026-08-15T10:06:16.659382300-0500","9.406412400","192.168.0.178","192.168.0.186","25565","25858","1610058","3054","964","0","0x0018"
"2965","2026-08-15T10:06:16.659408900-0500","9.406439000","192.168.0.186","192.168.0.178","25858","25565","3054","1611022","0","0","0x0010"
"2966","2026-08-15T10:06:16.675972500-0500","9.423002600","192.168.0.186","192.168.0.178","25858","25565","3054","1611022","28","0","0x0018"
"2967","2026-08-15T10:06:16.676699000-0500","9.423729100","192.168.0.186","192.168.0.178","25858","25565","3082","1611022","3","0","0x0018"
"2968","2026-08-15T10:06:16.677250500-0500","9.424280600","192.168.0.178","192.168.0.186","25565","25858","1611022","3085","0","0","0x0010"
"2969","2026-08-15T10:06:16.714027200-0500","9.461057300","192.168.0.178","192.168.0.186","25565","25858","1611022","3085","1460","0","0x0010"
"2970","2026-08-15T10:06:16.714027200-0500","9.461057300","192.168.0.178","192.168.0.186","25565","25858","1612482","3085","1460","0","0x0010"
"2971","2026-08-15T10:06:16.714072200-0500","9.461102300","192.168.0.186","192.168.0.178","25858","25565","3085","1613942","0","0","0x0010"
"2972","2026-08-15T10:06:16.714127600-0500","9.461157700","192.168.0.178","192.168.0.186","25565","25858","1613942","3085","1460","0","0x0010"
"2973","2026-08-15T10:06:16.714358900-0500","9.461389000","192.168.0.178","192.168.0.186","25565","25858","1615402","3085","1460","0","0x0010"
"2974","2026-08-15T10:06:16.714358900-0500","9.461389000","192.168.0.178","192.168.0.186","25565","25858","1616862","3085","1460","0","0x0010"
"2975","2026-08-15T10:06:16.714378300-0500","9.461408400","192.168.0.186","192.168.0.178","25858","25565","3085","1618322","0","0","0x0010"
"2976","2026-08-15T10:06:16.714587900-0500","9.461618000","192.168.0.178","192.168.0.186","25565","25858","1618322","3085","1460","0","0x0010"
"2977","2026-08-15T10:06:16.714613300-0500","9.461643400","192.168.0.186","192.168.0.178","25858","25565","3085","1619782","0","0","0x0010"
"2978","2026-08-15T10:06:16.714662900-0500","9.461693000","192.168.0.178","192.168.0.186","25565","25858","1619782","3085","1460","0","0x0010"
"2979","2026-08-15T10:06:16.714829300-0500","9.461859400","192.168.0.178","192.168.0.186","25565","25858","1621242","3085","1460","0","0x0010"
"2980","2026-08-15T10:06:16.714846500-0500","9.461876600","192.168.0.186","192.168.0.178","25858","25565","3085","1622702","0","0","0x0010"
"2981","2026-08-15T10:06:16.714879400-0500","9.461909500","192.168.0.178","192.168.0.186","25565","25858","1622702","3085","1460","0","0x0010"
"2982","2026-08-15T10:06:16.715007400-0500","9.462037500","192.168.0.178","192.168.0.186","25565","25858","1624162","3085","1460","0","0x0010"
"2983","2026-08-15T10:06:16.715026600-0500","9.462056700","192.168.0.186","192.168.0.178","25858","25565","3085","1625622","0","0","0x0010"
"2984","2026-08-15T10:06:16.715095400-0500","9.462125500","192.168.0.178","192.168.0.186","25565","25858","1625622","3085","1460","0","0x0018"
"2985","2026-08-15T10:06:16.715342700-0500","9.462372800","192.168.0.178","192.168.0.186","25565","25858","1627082","3085","1460","0","0x0010"
"2986","2026-08-15T10:06:16.715342700-0500","9.462372800","192.168.0.178","192.168.0.186","25565","25858","1628542","3085","1460","0","0x0010"
"2987","2026-08-15T10:06:16.715360300-0500","9.462390400","192.168.0.186","192.168.0.178","25858","25565","3085","1630002","0","0","0x0010"
"2988","2026-08-15T10:06:16.715549900-0500","9.462580000","192.168.0.178","192.168.0.186","25565","25858","1630002","3085","1460","0","0x0010"
"2989","2026-08-15T10:06:16.715549900-0500","9.462580000","192.168.0.178","192.168.0.186","25565","25858","1631462","3085","503","0","0x0018"
"2990","2026-08-15T10:06:16.715568100-0500","9.462598200","192.168.0.186","192.168.0.178","25858","25565","3085","1631965","0","0","0x0010"
"2991","2026-08-15T10:06:16.726594800-0500","9.473624900","192.168.0.186","192.168.0.178","25858","25565","3085","1631965","28","0","0x0018"
"2992","2026-08-15T10:06:16.727324900-0500","9.474355000","192.168.0.186","192.168.0.178","25858","25565","3113","1631965","3","0","0x0018"
"2993","2026-08-15T10:06:16.727681500-0500","9.474711600","192.168.0.178","192.168.0.186","25565","25858","1631965","3116","0","0","0x0010"
"2994","2026-08-15T10:06:16.743867600-0500","9.490897700","192.168.0.178","192.168.0.186","25565","25858","1631965","3116","54","0","0x0018"
"2995","2026-08-15T10:06:16.743867600-0500","9.490897700","192.168.0.178","192.168.0.186","25565","25858","1632019","3116","54","0","0x0018"
"2996","2026-08-15T10:06:16.743911500-0500","9.490941600","192.168.0.186","192.168.0.178","25858","25565","3116","1632073","0","0","0x0010"
"2997","2026-08-15T10:06:16.743974300-0500","9.491004400","192.168.0.178","192.168.0.186","25565","25858","1632073","3116","54","0","0x0018"
"2998","2026-08-15T10:06:16.755277500-0500","9.502307600","192.168.0.178","192.168.0.186","25565","25858","1632127","3116","1460","0","0x0010"
"2999","2026-08-15T10:06:16.755277500-0500","9.502307600","192.168.0.178","192.168.0.186","25565","25858","1633587","3116","1460","0","0x0010"
"3000","2026-08-15T10:06:16.755322300-0500","9.502352400","192.168.0.186","192.168.0.178","25858","25565","3116","1635047","0","0","0x0010"
"3001","2026-08-15T10:06:16.755380500-0500","9.502410600","192.168.0.178","192.168.0.186","25565","25858","1635047","3116","1460","0","0x0010"
"3002","2026-08-15T10:06:16.755393300-0500","9.502423400","192.168.0.186","192.168.0.178","25858","25565","3116","1636507","0","0","0x0010"
"3003","2026-08-15T10:06:16.755624100-0500","9.502654200","192.168.0.178","192.168.0.186","25565","25858","1636507","3116","1460","0","0x0010"
"3004","2026-08-15T10:06:16.755624100-0500","9.502654200","192.168.0.178","192.168.0.186","25565","25858","1637967","3116","1460","0","0x0010"
"3005","2026-08-15T10:06:16.755669300-0500","9.502699400","192.168.0.186","192.168.0.178","25858","25565","3116","1639427","0","0","0x0010"
"3006","2026-08-15T10:06:16.755731800-0500","9.502761900","192.168.0.178","192.168.0.186","25565","25858","1639427","3116","1460","0","0x0010"
"3007","2026-08-15T10:06:16.755989300-0500","9.503019400","192.168.0.178","192.168.0.186","25565","25858","1640887","3116","1460","0","0x0010"
"3008","2026-08-15T10:06:16.755989300-0500","9.503019400","192.168.0.178","192.168.0.186","25565","25858","1642347","3116","1460","0","0x0010"
"3009","2026-08-15T10:06:16.756041900-0500","9.503072000","192.168.0.186","192.168.0.178","25858","25565","3116","1643807","0","0","0x0010"
"3010","2026-08-15T10:06:16.756105800-0500","9.503135900","192.168.0.178","192.168.0.186","25565","25858","1643807","3116","1460","0","0x0010"
"3011","2026-08-15T10:06:16.756116300-0500","9.503146400","192.168.0.186","192.168.0.178","25858","25565","3116","1645267","0","0","0x0010"
"3012","2026-08-15T10:06:16.756255700-0500","9.503285800","192.168.0.178","192.168.0.186","25565","25858","1645267","3116","982","0","0x0018"
"3013","2026-08-15T10:06:16.776424300-0500","9.523454400","192.168.0.186","192.168.0.178","25858","25565","3116","1646249","28","0","0x0018"
"3014","2026-08-15T10:06:16.777067300-0500","9.524097400","192.168.0.186","192.168.0.178","25858","25565","3144","1646249","3","0","0x0018"
"3015","2026-08-15T10:06:16.777629600-0500","9.524659700","192.168.0.178","192.168.0.186","25565","25858","1646249","3147","0","0","0x0010"
"3016","2026-08-15T10:06:16.804886700-0500","9.551916800","192.168.0.178","192.168.0.186","25565","25858","1646249","3147","1460","0","0x0010"
"3017","2026-08-15T10:06:16.804886700-0500","9.551916800","192.168.0.178","192.168.0.186","25565","25858","1647709","3147","1460","0","0x0010"
"3018","2026-08-15T10:06:16.804940100-0500","9.551970200","192.168.0.186","192.168.0.178","25858","25565","3147","1649169","0","0","0x0010"
"3019","2026-08-15T10:06:16.804991600-0500","9.552021700","192.168.0.178","192.168.0.186","25565","25858","1649169","3147","1460","0","0x0010"
"3020","2026-08-15T10:06:16.805217400-0500","9.552247500","192.168.0.178","192.168.0.186","25565","25858","1650629","3147","1460","0","0x0010"
"3021","2026-08-15T10:06:16.805217400-0500","9.552247500","192.168.0.178","192.168.0.186","25565","25858","1652089","3147","1460","0","0x0010"
"3022","2026-08-15T10:06:16.805248700-0500","9.552278800","192.168.0.186","192.168.0.178","25858","25565","3147","1653549","0","0","0x0010"
"3023","2026-08-15T10:06:16.805471100-0500","9.552501200","192.168.0.178","192.168.0.186","25565","25858","1653549","3147","1460","0","0x0010"
"3024","2026-08-15T10:06:16.805471100-0500","9.552501200","192.168.0.178","192.168.0.186","25565","25858","1655009","3147","1460","0","0x0010"
"3025","2026-08-15T10:06:16.805510200-0500","9.552540300","192.168.0.186","192.168.0.178","25858","25565","3147","1656469","0","0","0x0010"
"3026","2026-08-15T10:06:16.805714400-0500","9.552744500","192.168.0.178","192.168.0.186","25565","25858","1656469","3147","1460","0","0x0010"
"3027","2026-08-15T10:06:16.805714400-0500","9.552744500","192.168.0.178","192.168.0.186","25565","25858","1657929","3147","1460","0","0x0010"
"3028","2026-08-15T10:06:16.805748200-0500","9.552778300","192.168.0.186","192.168.0.178","25858","25565","3147","1659389","0","0","0x0010"
"3029","2026-08-15T10:06:16.805964100-0500","9.552994200","192.168.0.178","192.168.0.186","25565","25858","1659389","3147","1460","0","0x0010"
"3030","2026-08-15T10:06:16.805964100-0500","9.552994200","192.168.0.178","192.168.0.186","25565","25858","1660849","3147","1460","0","0x0018"
"3031","2026-08-15T10:06:16.805997400-0500","9.553027500","192.168.0.186","192.168.0.178","25858","25565","3147","1662309","0","0","0x0010"
"3032","2026-08-15T10:06:16.806212300-0500","9.553242400","192.168.0.178","192.168.0.186","25565","25858","1662309","3147","1460","0","0x0010"
"3033","2026-08-15T10:06:16.806212300-0500","9.553242400","192.168.0.178","192.168.0.186","25565","25858","1663769","3147","1460","0","0x0010"
"3034","2026-08-15T10:06:16.806244300-0500","9.553274400","192.168.0.186","192.168.0.178","25858","25565","3147","1665229","0","0","0x0010"
"3035","2026-08-15T10:06:16.806506400-0500","9.553536500","192.168.0.178","192.168.0.186","25565","25858","1665229","3147","1460","0","0x0010"
"3036","2026-08-15T10:06:16.806506400-0500","9.553536500","192.168.0.178","192.168.0.186","25565","25858","1666689","3147","413","0","0x0018"
"3037","2026-08-15T10:06:16.806539400-0500","9.553569500","192.168.0.186","192.168.0.178","25858","25565","3147","1667102","0","0","0x0010"
"3038","2026-08-15T10:06:16.827038400-0500","9.574068500","192.168.0.186","192.168.0.178","25858","25565","3147","1667102","28","0","0x0018"
"3039","2026-08-15T10:06:16.828531100-0500","9.575561200","192.168.0.186","192.168.0.178","25858","25565","3175","1667102","3","0","0x0018"
"3040","2026-08-15T10:06:16.828830000-0500","9.575860100","192.168.0.178","192.168.0.186","25565","25858","1667102","3175","11","0","0x0018"
"3041","2026-08-15T10:06:16.828830000-0500","9.575860100","192.168.0.178","192.168.0.186","25565","25858","1667113","3175","11","0","0x0018"
"3042","2026-08-15T10:06:16.828830000-0500","9.575860100","192.168.0.178","192.168.0.186","25565","25858","1667124","3175","11","0","0x0018"
"3043","2026-08-15T10:06:16.828830000-0500","9.575860100","192.168.0.178","192.168.0.186","25565","25858","1667135","3175","11","0","0x0018"
"3044","2026-08-15T10:06:16.828905800-0500","9.575935900","192.168.0.186","192.168.0.178","25858","25565","3178","1667146","0","0","0x0010"
"3045","2026-08-15T10:06:16.828977400-0500","9.576007500","192.168.0.178","192.168.0.186","25565","25858","1667146","3178","11","0","0x0018"
"3046","2026-08-15T10:06:16.828977400-0500","9.576007500","192.168.0.178","192.168.0.186","25565","25858","1667157","3178","11","0","0x0018"
"3047","2026-08-15T10:06:16.828977400-0500","9.576007500","192.168.0.178","192.168.0.186","25565","25858","1667168","3178","11","0","0x0018"
"3048","2026-08-15T10:06:16.828977400-0500","9.576007500","192.168.0.178","192.168.0.186","25565","25858","1667179","3178","11","0","0x0018"
"3049","2026-08-15T10:06:16.828977400-0500","9.576007500","192.168.0.178","192.168.0.186","25565","25858","1667190","3178","11","0","0x0018"
"3050","2026-08-15T10:06:16.829000300-0500","9.576030400","192.168.0.186","192.168.0.178","25858","25565","3178","1667201","0","0","0x0010"
"3051","2026-08-15T10:06:16.829040000-0500","9.576070100","192.168.0.178","192.168.0.186","25565","25858","1667201","3178","11","0","0x0018"
"3052","2026-08-15T10:06:16.829052900-0500","9.576083000","192.168.0.186","192.168.0.178","25858","25565","3178","1667212","0","0","0x0010"
"3053","2026-08-15T10:06:16.829105100-0500","9.576135200","192.168.0.178","192.168.0.186","25565","25858","1667212","3178","11","0","0x0018"
"3054","2026-08-15T10:06:16.829105100-0500","9.576135200","192.168.0.178","192.168.0.186","25565","25858","1667223","3178","11","0","0x0018"
"3055","2026-08-15T10:06:16.829118200-0500","9.576148300","192.168.0.186","192.168.0.178","25858","25565","3178","1667234","0","0","0x0010"
"3056","2026-08-15T10:06:16.829158200-0500","9.576188300","192.168.0.178","192.168.0.186","25565","25858","1667234","3178","11","0","0x0018"
"3057","2026-08-15T10:06:16.829369500-0500","9.576399600","192.168.0.178","192.168.0.186","25565","25858","1667245","3178","11","0","0x0018"
"3058","2026-08-15T10:06:16.829369500-0500","9.576399600","192.168.0.178","192.168.0.186","25565","25858","1667256","3178","11","0","0x0018"
"3059","2026-08-15T10:06:16.829369500-0500","9.576399600","192.168.0.178","192.168.0.186","25565","25858","1667267","3178","11","0","0x0018"
"3060","2026-08-15T10:06:16.829369500-0500","9.576399600","192.168.0.178","192.168.0.186","25565","25858","1667278","3178","11","0","0x0018"
"3061","2026-08-15T10:06:16.829414000-0500","9.576444100","192.168.0.186","192.168.0.178","25858","25565","3178","1667289","0","0","0x0010"
"3062","2026-08-15T10:06:16.829451900-0500","9.576482000","192.168.0.178","192.168.0.186","25565","25858","1667289","3178","11","0","0x0018"
"3063","2026-08-15T10:06:16.829451900-0500","9.576482000","192.168.0.178","192.168.0.186","25565","25858","1667300","3178","11","0","0x0018"
"3064","2026-08-15T10:06:16.829466000-0500","9.576496100","192.168.0.186","192.168.0.178","25858","25565","3178","1667311","0","0","0x0010"
"3065","2026-08-15T10:06:16.829511700-0500","9.576541800","192.168.0.178","192.168.0.186","25565","25858","1667311","3178","9","0","0x0018"
"3066","2026-08-15T10:06:16.829522000-0500","9.576552100","192.168.0.186","192.168.0.178","25858","25565","3178","1667320","0","0","0x0010"
"3067","2026-08-15T10:06:16.854007200-0500","9.601037300","192.168.0.178","192.168.0.186","25565","25858","1667320","3178","326","0","0x0018"
"3068","2026-08-15T10:06:16.876681100-0500","9.623711200","192.168.0.186","192.168.0.178","25858","25565","3178","1667646","28","0","0x0018"
"3069","2026-08-15T10:06:16.878050300-0500","9.625080400","192.168.0.186","192.168.0.178","25858","25565","3206","1667646","3","0","0x0018"
"3070","2026-08-15T10:06:16.878489900-0500","9.625520000","192.168.0.178","192.168.0.186","25565","25858","1667646","3209","0","0","0x0010"
"3071","2026-08-15T10:06:16.894243900-0500","9.641274000","192.168.0.178","192.168.0.186","25565","25858","1667646","3209","54","0","0x0018"
"3072","2026-08-15T10:06:16.894243900-0500","9.641274000","192.168.0.178","192.168.0.186","25565","25858","1667700","3209","54","0","0x0018"
"3073","2026-08-15T10:06:16.894243900-0500","9.641274000","192.168.0.178","192.168.0.186","25565","25858","1667754","3209","54","0","0x0018"
"3074","2026-08-15T10:06:16.894298900-0500","9.641329000","192.168.0.186","192.168.0.178","25858","25565","3209","1667808","0","0","0x0010"
"3075","2026-08-15T10:06:16.904170900-0500","9.651201000","192.168.0.178","192.168.0.186","25565","25858","1667808","3209","586","0","0x0018"
"3076","2026-08-15T10:06:16.904224700-0500","9.651254800","192.168.0.186","192.168.0.178","25858","25565","3209","1668394","0","0","0x0010"
"3077","2026-08-15T10:06:16.926734800-0500","9.673764900","192.168.0.186","192.168.0.178","25858","25565","3209","1668394","28","0","0x0018"
"3078","2026-08-15T10:06:16.928157000-0500","9.675187100","192.168.0.186","192.168.0.178","25858","25565","3237","1668394","3","0","0x0018"
"3079","2026-08-15T10:06:16.928581000-0500","9.675611100","192.168.0.178","192.168.0.186","25565","25858","1668394","3240","0","0","0x0010"
"3080","2026-08-15T10:06:16.953870700-0500","9.700900800","192.168.0.178","192.168.0.186","25565","25858","1668394","3240","315","0","0x0018"
"3081","2026-08-15T10:06:16.977386500-0500","9.724416600","192.168.0.186","192.168.0.178","25858","25565","3240","1668709","28","0","0x0018"
"3082","2026-08-15T10:06:16.978878800-0500","9.725908900","192.168.0.186","192.168.0.178","25858","25565","3268","1668709","3","0","0x0018"
"3083","2026-08-15T10:06:16.979520300-0500","9.726550400","192.168.0.178","192.168.0.186","25565","25858","1668709","3271","0","0","0x0010"
"3084","2026-08-15T10:06:17.007421900-0500","9.754452000","192.168.0.178","192.168.0.186","25565","25858","1668709","3271","500","0","0x0018"
"3085","2026-08-15T10:06:17.027231800-0500","9.774261900","192.168.0.186","192.168.0.178","25858","25565","3271","1669209","28","0","0x0018"
"3086","2026-08-15T10:06:17.028658600-0500","9.775688700","192.168.0.186","192.168.0.178","25858","25565","3299","1669209","3","0","0x0018"
"3087","2026-08-15T10:06:17.029055500-0500","9.776085600","192.168.0.178","192.168.0.186","25565","25858","1669209","3302","0","0","0x0010"
"3088","2026-08-15T10:06:17.056128800-0500","9.803158900","192.168.0.178","192.168.0.186","25565","25858","1669209","3302","508","0","0x0018"
"3089","2026-08-15T10:06:17.076942600-0500","9.823972700","192.168.0.186","192.168.0.178","25858","25565","3302","1669717","28","0","0x0018"
"3090","2026-08-15T10:06:17.078368000-0500","9.825398100","192.168.0.186","192.168.0.178","25858","25565","3330","1669717","3","0","0x0018"
"3091","2026-08-15T10:06:17.078806500-0500","9.825836600","192.168.0.178","192.168.0.186","25565","25858","1669717","3333","0","0","0x0010"
"3092","2026-08-15T10:06:17.094198400-0500","9.841228500","192.168.0.178","192.168.0.186","25565","25858","1669717","3333","54","0","0x0018"
"3093","2026-08-15T10:06:17.094198400-0500","9.841228500","192.168.0.178","192.168.0.186","25565","25858","1669771","3333","54","0","0x0018"
"3094","2026-08-15T10:06:17.094258600-0500","9.841288700","192.168.0.186","192.168.0.178","25858","25565","3333","1669825","0","0","0x0010"
"3095","2026-08-15T10:06:17.094317800-0500","9.841347900","192.168.0.178","192.168.0.186","25565","25858","1669825","3333","54","0","0x0018"
"3096","2026-08-15T10:06:17.104422600-0500","9.851452700","192.168.0.178","192.168.0.186","25565","25858","1669879","3333","120","0","0x0018"
"3097","2026-08-15T10:06:17.104473100-0500","9.851503200","192.168.0.186","192.168.0.178","25858","25565","3333","1669999","0","0","0x0010"
"3098","2026-08-15T10:06:17.126913400-0500","9.873943500","192.168.0.186","192.168.0.178","25858","25565","3333","1669999","28","0","0x0018"
"3099","2026-08-15T10:06:17.128228900-0500","9.875259000","192.168.0.186","192.168.0.178","25858","25565","3361","1669999","3","0","0x0018"
"3100","2026-08-15T10:06:17.128838500-0500","9.875868600","192.168.0.178","192.168.0.186","25565","25858","1669999","3364","0","0","0x0010"
"3101","2026-08-15T10:06:17.158923100-0500","9.905953200","192.168.0.178","192.168.0.186","25565","25858","1669999","3364","529","0","0x0018"
"3102","2026-08-15T10:06:17.177147100-0500","9.924177200","192.168.0.186","192.168.0.178","25858","25565","3364","1670528","28","0","0x0018"
"3103","2026-08-15T10:06:17.178516600-0500","9.925546700","192.168.0.186","192.168.0.178","25858","25565","3392","1670528","3","0","0x0018"
"3104","2026-08-15T10:06:17.179266900-0500","9.926297000","192.168.0.178","192.168.0.186","25565","25858","1670528","3395","0","0","0x0010"
"3105","2026-08-15T10:06:17.205323700-0500","9.952353800","192.168.0.178","192.168.0.186","25565","25858","1670528","3395","162","0","0x0018"
"3106","2026-08-15T10:06:17.226687400-0500","9.973717500","192.168.0.186","192.168.0.178","25858","25565","3395","1670690","28","0","0x0018"
"3107","2026-08-15T10:06:17.227578100-0500","9.974608200","192.168.0.186","192.168.0.178","25858","25565","3423","1670690","3","0","0x0018"
"3108","2026-08-15T10:06:17.228229300-0500","9.975259400","192.168.0.178","192.168.0.186","25565","25858","1670690","3426","0","0","0x0010"
"3109","2026-08-15T10:06:17.255929500-0500","10.002959600","192.168.0.178","192.168.0.186","25565","25858","1670690","3426","251","0","0x0018"
"3110","2026-08-15T10:06:17.258973900-0500","10.006004000","192.168.0.178","192.168.0.186","25565","25858","1670941","3426","52","0","0x0018"
"3111","2026-08-15T10:06:17.258973900-0500","10.006004000","192.168.0.178","192.168.0.186","25565","25858","1670993","3426","52","0","0x0018"
"3112","2026-08-15T10:06:17.258973900-0500","10.006004000","192.168.0.178","192.168.0.186","25565","25858","1671045","3426","52","0","0x0018"
"3113","2026-08-15T10:06:17.259036900-0500","10.006067000","192.168.0.186","192.168.0.178","25858","25565","3426","1671097","0","0","0x0010"
"3114","2026-08-15T10:06:17.276960500-0500","10.023990600","192.168.0.186","192.168.0.178","25858","25565","3426","1671097","28","0","0x0018"
"3115","2026-08-15T10:06:17.278310400-0500","10.025340500","192.168.0.186","192.168.0.178","25858","25565","3454","1671097","3","0","0x0018"
"3116","2026-08-15T10:06:17.278950300-0500","10.025980400","192.168.0.178","192.168.0.186","25565","25858","1671097","3457","0","0","0x0010"
"3117","2026-08-15T10:06:17.297039000-0500","10.044069100","192.168.0.178","192.168.0.186","25565","25858","1671097","3457","54","0","0x0018"
"3118","2026-08-15T10:06:17.297039000-0500","10.044069100","192.168.0.178","192.168.0.186","25565","25858","1671151","3457","54","0","0x0018"
"3119","2026-08-15T10:06:17.297039000-0500","10.044069100","192.168.0.178","192.168.0.186","25565","25858","1671205","3457","54","0","0x0018"
"3120","2026-08-15T10:06:17.297091200-0500","10.044121300","192.168.0.186","192.168.0.178","25858","25565","3457","1671259","0","0","0x0010"
"3121","2026-08-15T10:06:17.311488900-0500","10.058519000","192.168.0.178","192.168.0.186","25565","25858","1671259","3457","1460","0","0x0010"
"3122","2026-08-15T10:06:17.311488900-0500","10.058519000","192.168.0.178","192.168.0.186","25565","25858","1672719","3457","1460","0","0x0010"
"3123","2026-08-15T10:06:17.311545500-0500","10.058575600","192.168.0.186","192.168.0.178","25858","25565","3457","1674179","0","0","0x0010"
"3124","2026-08-15T10:06:17.311603300-0500","10.058633400","192.168.0.178","192.168.0.186","25565","25858","1674179","3457","1460","0","0x0010"
"3125","2026-08-15T10:06:17.311625400-0500","10.058655500","192.168.0.186","192.168.0.178","25858","25565","3457","1675639","0","0","0x0010"
"3126","2026-08-15T10:06:17.311849400-0500","10.058879500","192.168.0.178","192.168.0.186","25565","25858","1675639","3457","1460","0","0x0010"
"3127","2026-08-15T10:06:17.311849400-0500","10.058879500","192.168.0.178","192.168.0.186","25565","25858","1677099","3457","1460","0","0x0010"
"3128","2026-08-15T10:06:17.311891100-0500","10.058921200","192.168.0.186","192.168.0.178","25858","25565","3457","1678559","0","0","0x0010"
"3129","2026-08-15T10:06:17.312095300-0500","10.059125400","192.168.0.178","192.168.0.186","25565","25858","1678559","3457","1460","0","0x0010"
"3130","2026-08-15T10:06:17.312095300-0500","10.059125400","192.168.0.178","192.168.0.186","25565","25858","1680019","3457","1460","0","0x0010"
"3131","2026-08-15T10:06:17.312142100-0500","10.059172200","192.168.0.186","192.168.0.178","25858","25565","3457","1681479","0","0","0x0010"
"3132","2026-08-15T10:06:17.312234700-0500","10.059264800","192.168.0.178","192.168.0.186","25565","25858","1681479","3457","1460","0","0x0010"
"3133","2026-08-15T10:06:17.312331200-0500","10.059361300","192.168.0.178","192.168.0.186","25565","25858","1682939","3457","1460","0","0x0010"
"3134","2026-08-15T10:06:17.312352200-0500","10.059382300","192.168.0.186","192.168.0.178","25858","25565","3457","1684399","0","0","0x0010"
"3135","2026-08-15T10:06:17.312553100-0500","10.059583200","192.168.0.178","192.168.0.186","25565","25858","1684399","3457","1460","0","0x0010"
"3136","2026-08-15T10:06:17.312553100-0500","10.059583200","192.168.0.178","192.168.0.186","25565","25858","1685859","3457","625","0","0x0018"
"3137","2026-08-15T10:06:17.312597300-0500","10.059627400","192.168.0.186","192.168.0.178","25858","25565","3457","1686484","0","0","0x0010"
"3138","2026-08-15T10:06:17.326569100-0500","10.073599200","192.168.0.186","192.168.0.178","25858","25565","3457","1686484","28","0","0x0018"
"3139","2026-08-15T10:06:17.327162800-0500","10.074192900","192.168.0.186","192.168.0.178","25858","25565","3485","1686484","3","0","0x0018"
"3140","2026-08-15T10:06:17.328138100-0500","10.075168200","192.168.0.178","192.168.0.186","25565","25858","1686484","3488","0","0","0x0010"
"3141","2026-08-15T10:06:17.328190000-0500","10.075220100","192.168.0.178","192.168.0.186","25565","25858","1686484","3488","11","0","0x0018"
"3142","2026-08-15T10:06:17.328285900-0500","10.075316000","192.168.0.178","192.168.0.186","25565","25858","1686495","3488","11","0","0x0018"
"3143","2026-08-15T10:06:17.328292900-0500","10.075323000","192.168.0.186","192.168.0.178","25858","25565","3488","1686506","0","0","0x0010"
"3144","2026-08-15T10:06:17.328739100-0500","10.075769200","192.168.0.178","192.168.0.186","25565","25858","1686506","3488","11","0","0x0018"
"3145","2026-08-15T10:06:17.328739100-0500","10.075769200","192.168.0.178","192.168.0.186","25565","25858","1686517","3488","11","0","0x0018"
"3146","2026-08-15T10:06:17.328759100-0500","10.075789200","192.168.0.186","192.168.0.178","25858","25565","3488","1686528","0","0","0x0010"
"3147","2026-08-15T10:06:17.328834400-0500","10.075864500","192.168.0.178","192.168.0.186","25565","25858","1686528","3488","11","0","0x0018"
"3148","2026-08-15T10:06:17.328865400-0500","10.075895500","192.168.0.178","192.168.0.186","25565","25858","1686539","3488","11","0","0x0018"
"3149","2026-08-15T10:06:17.328874400-0500","10.075904500","192.168.0.186","192.168.0.178","25858","25565","3488","1686550","0","0","0x0010"
"3150","2026-08-15T10:06:17.329015600-0500","10.076045700","192.168.0.178","192.168.0.186","25565","25858","1686550","3488","11","0","0x0018"
"3151","2026-08-15T10:06:17.329015600-0500","10.076045700","192.168.0.178","192.168.0.186","25565","25858","1686561","3488","11","0","0x0018"
"3152","2026-08-15T10:06:17.329035400-0500","10.076065500","192.168.0.186","192.168.0.178","25858","25565","3488","1686572","0","0","0x0010"
"3153","2026-08-15T10:06:17.329071500-0500","10.076101600","192.168.0.178","192.168.0.186","25565","25858","1686572","3488","11","0","0x0018"
"3154","2026-08-15T10:06:17.329105800-0500","10.076135900","192.168.0.178","192.168.0.186","25565","25858","1686583","3488","11","0","0x0018"
"3155","2026-08-15T10:06:17.329113300-0500","10.076143400","192.168.0.186","192.168.0.178","25858","25565","3488","1686594","0","0","0x0010"
"3156","2026-08-15T10:06:17.329118000-0500","10.076148100","192.168.0.178","192.168.0.186","25565","25858","1686594","3488","11","0","0x0018"
"3157","2026-08-15T10:06:17.329287600-0500","10.076317700","192.168.0.178","192.168.0.186","25565","25858","1686605","3488","11","0","0x0018"
"3158","2026-08-15T10:06:17.329287600-0500","10.076317700","192.168.0.178","192.168.0.186","25565","25858","1686616","3488","11","0","0x0018"
"3159","2026-08-15T10:06:17.329287600-0500","10.076317700","192.168.0.178","192.168.0.186","25565","25858","1686627","3488","11","0","0x0018"
"3160","2026-08-15T10:06:17.329308100-0500","10.076338200","192.168.0.186","192.168.0.178","25858","25565","3488","1686638","0","0","0x0010"
"3161","2026-08-15T10:06:17.329547300-0500","10.076577400","192.168.0.178","192.168.0.186","25565","25858","1686638","3488","11","0","0x0018"
"3162","2026-08-15T10:06:17.329547300-0500","10.076577400","192.168.0.178","192.168.0.186","25565","25858","1686649","3488","11","0","0x0018"
"3163","2026-08-15T10:06:17.329566800-0500","10.076596900","192.168.0.186","192.168.0.178","25858","25565","3488","1686660","0","0","0x0010"
"3164","2026-08-15T10:06:17.329622600-0500","10.076652700","192.168.0.178","192.168.0.186","25565","25858","1686660","3488","11","0","0x0018"
"3165","2026-08-15T10:06:17.329662000-0500","10.076692100","192.168.0.178","192.168.0.186","25565","25858","1686671","3488","11","0","0x0018"
"3166","2026-08-15T10:06:17.329673000-0500","10.076703100","192.168.0.186","192.168.0.178","25858","25565","3488","1686682","0","0","0x0010"
"3167","2026-08-15T10:06:17.329680500-0500","10.076710600","192.168.0.178","192.168.0.186","25565","25858","1686682","3488","11","0","0x0018"
"3168","2026-08-15T10:06:17.329873600-0500","10.076903700","192.168.0.178","192.168.0.186","25565","25858","1686693","3488","9","0","0x0018"
"3169","2026-08-15T10:06:17.329891500-0500","10.076921600","192.168.0.186","192.168.0.178","25858","25565","3488","1686702","0","0","0x0010"
"3170","2026-08-15T10:06:17.365966600-0500","10.112996700","192.168.0.178","192.168.0.186","25565","25858","1686702","3488","606","0","0x0018"
"3171","2026-08-15T10:06:17.376408600-0500","10.123438700","192.168.0.186","192.168.0.178","25858","25565","3488","1687308","28","0","0x0018"
"3172","2026-08-15T10:06:17.377340300-0500","10.124370400","192.168.0.186","192.168.0.178","25858","25565","3516","1687308","3","0","0x0018"
"3173","2026-08-15T10:06:17.377977600-0500","10.125007700","192.168.0.178","192.168.0.186","25565","25858","1687308","3519","0","0","0x0010"
"3174","2026-08-15T10:06:17.415502700-0500","10.162532800","192.168.0.178","192.168.0.186","25565","25858","1687308","3519","105","0","0x0018"
"3175","2026-08-15T10:06:17.427125700-0500","10.174155800","192.168.0.186","192.168.0.178","25858","25565","3519","1687413","28","0","0x0018"
"3176","2026-08-15T10:06:17.428473900-0500","10.175504000","192.168.0.186","192.168.0.178","25858","25565","3547","1687413","3","0","0x0018"
"3177","2026-08-15T10:06:17.429164900-0500","10.176195000","192.168.0.178","192.168.0.186","25565","25858","1687413","3550","0","0","0x0010"
"3178","2026-08-15T10:06:17.462182400-0500","10.209212500","192.168.0.178","192.168.0.186","25565","25858","1687413","3550","1460","0","0x0010"
"3179","2026-08-15T10:06:17.462182400-0500","10.209212500","192.168.0.178","192.168.0.186","25565","25858","1688873","3550","1460","0","0x0010"
"3180","2026-08-15T10:06:17.462250800-0500","10.209280900","192.168.0.186","192.168.0.178","25858","25565","3550","1690333","0","0","0x0010"
"3181","2026-08-15T10:06:17.462297800-0500","10.209327900","192.168.0.178","192.168.0.186","25565","25858","1690333","3550","1460","0","0x0010"
"3182","2026-08-15T10:06:17.462415800-0500","10.209445900","192.168.0.178","192.168.0.186","25565","25858","1691793","3550","1460","0","0x0010"
"3183","2026-08-15T10:06:17.462424400-0500","10.209454500","192.168.0.186","192.168.0.178","25858","25565","3550","1693253","0","0","0x0010"
"3184","2026-08-15T10:06:17.462660800-0500","10.209690900","192.168.0.178","192.168.0.186","25565","25858","1693253","3550","1460","0","0x0010"
"3185","2026-08-15T10:06:17.462660800-0500","10.209690900","192.168.0.178","192.168.0.186","25565","25858","1694713","3550","1460","0","0x0010"
"3186","2026-08-15T10:06:17.462711100-0500","10.209741200","192.168.0.186","192.168.0.178","25858","25565","3550","1696173","0","0","0x0010"
"3187","2026-08-15T10:06:17.462762700-0500","10.209792800","192.168.0.178","192.168.0.186","25565","25858","1696173","3550","1460","0","0x0010"
"3188","2026-08-15T10:06:17.463056600-0500","10.210086700","192.168.0.178","192.168.0.186","25565","25858","1697633","3550","1314","0","0x0018"
"3189","2026-08-15T10:06:17.463115200-0500","10.210145300","192.168.0.186","192.168.0.178","25858","25565","3550","1698947","0","0","0x0010"
"3190","2026-08-15T10:06:17.476273000-0500","10.223303100","192.168.0.186","192.168.0.178","25858","25565","3550","1698947","28","0","0x0018"
"3191","2026-08-15T10:06:17.476936000-0500","10.223966100","192.168.0.186","192.168.0.178","25858","25565","3578","1698947","3","0","0x0018"
"3192","2026-08-15T10:06:17.477659600-0500","10.224689700","192.168.0.178","192.168.0.186","25565","25858","1698947","3581","0","0","0x0010"
"3193","2026-08-15T10:06:17.494018600-0500","10.241048700","192.168.0.178","192.168.0.186","25565","25858","1698947","3581","54","0","0x0018"
"3194","2026-08-15T10:06:17.494018600-0500","10.241048700","192.168.0.178","192.168.0.186","25565","25858","1699001","3581","54","0","0x0018"
"3195","2026-08-15T10:06:17.494066400-0500","10.241096500","192.168.0.186","192.168.0.178","25858","25565","3581","1699055","0","0","0x0010"
"3196","2026-08-15T10:06:17.494097300-0500","10.241127400","192.168.0.178","192.168.0.186","25565","25858","1699055","3581","54","0","0x0018"
"3197","2026-08-15T10:06:17.511471800-0500","10.258501900","192.168.0.178","192.168.0.186","25565","25858","1699109","3581","1460","0","0x0010"
"3198","2026-08-15T10:06:17.511471800-0500","10.258501900","192.168.0.178","192.168.0.186","25565","25858","1700569","3581","1460","0","0x0010"
"3199","2026-08-15T10:06:17.511506700-0500","10.258536800","192.168.0.186","192.168.0.178","25858","25565","3581","1702029","0","0","0x0010"
"3200","2026-08-15T10:06:17.511568900-0500","10.258599000","192.168.0.178","192.168.0.186","25565","25858","1702029","3581","1460","0","0x0010"
"3201","2026-08-15T10:06:17.511575700-0500","10.258605800","192.168.0.186","192.168.0.178","25858","25565","3581","1703489","0","0","0x0010"
"3202","2026-08-15T10:06:17.511786100-0500","10.258816200","192.168.0.178","192.168.0.186","25565","25858","1703489","3581","1460","0","0x0010"
"3203","2026-08-15T10:06:17.511841600-0500","10.258871700","192.168.0.178","192.168.0.186","25565","25858","1704949","3581","1460","0","0x0010"
"3204","2026-08-15T10:06:17.511850100-0500","10.258880200","192.168.0.186","192.168.0.178","25858","25565","3581","1706409","0","0","0x0010"
"3205","2026-08-15T10:06:17.512057800-0500","10.259087900","192.168.0.178","192.168.0.186","25565","25858","1706409","3581","1460","0","0x0010"
"3206","2026-08-15T10:06:17.512057800-0500","10.259087900","192.168.0.178","192.168.0.186","25565","25858","1707869","3581","1460","0","0x0010"
"3207","2026-08-15T10:06:17.512078900-0500","10.259109000","192.168.0.186","192.168.0.178","25858","25565","3581","1709329","0","0","0x0010"
"3208","2026-08-15T10:06:17.512265600-0500","10.259295700","192.168.0.178","192.168.0.186","25565","25858","1709329","3581","1460","0","0x0010"
"3209","2026-08-15T10:06:17.512322500-0500","10.259352600","192.168.0.178","192.168.0.186","25565","25858","1710789","3581","1460","0","0x0010"
"3210","2026-08-15T10:06:17.512331200-0500","10.259361300","192.168.0.186","192.168.0.178","25858","25565","3581","1712249","0","0","0x0010"
"3211","2026-08-15T10:06:17.512545500-0500","10.259575600","192.168.0.178","192.168.0.186","25565","25858","1712249","3581","1460","0","0x0010"
"3212","2026-08-15T10:06:17.512545500-0500","10.259575600","192.168.0.178","192.168.0.186","25565","25858","1713709","3581","1460","0","0x0018"
"3213","2026-08-15T10:06:17.512569500-0500","10.259599600","192.168.0.186","192.168.0.178","25858","25565","3581","1715169","0","0","0x0010"
"3214","2026-08-15T10:06:17.512765100-0500","10.259795200","192.168.0.178","192.168.0.186","25565","25858","1715169","3581","1350","0","0x0018"
"3215","2026-08-15T10:06:17.527104200-0500","10.274134300","192.168.0.186","192.168.0.178","25858","25565","3581","1716519","28","0","0x0018"
"3216","2026-08-15T10:06:17.528043400-0500","10.275073500","192.168.0.186","192.168.0.178","25858","25565","3609","1716519","3","0","0x0018"
"3217","2026-08-15T10:06:17.528722400-0500","10.275752500","192.168.0.178","192.168.0.186","25565","25858","1716519","3612","0","0","0x0010"
"3218","2026-08-15T10:06:17.567308800-0500","10.314338900","192.168.0.178","192.168.0.186","25565","25858","1716519","3612","1460","0","0x0010"
"3219","2026-08-15T10:06:17.567308800-0500","10.314338900","192.168.0.178","192.168.0.186","25565","25858","1717979","3612","1460","0","0x0010"
"3220","2026-08-15T10:06:17.567356000-0500","10.314386100","192.168.0.186","192.168.0.178","25858","25565","3612","1719439","0","0","0x0010"
"3221","2026-08-15T10:06:17.567411800-0500","10.314441900","192.168.0.178","192.168.0.186","25565","25858","1719439","3612","1460","0","0x0010"
"3222","2026-08-15T10:06:17.567646300-0500","10.314676400","192.168.0.178","192.168.0.186","25565","25858","1720899","3612","1460","0","0x0010"
"3223","2026-08-15T10:06:17.567646300-0500","10.314676400","192.168.0.178","192.168.0.186","25565","25858","1722359","3612","1460","0","0x0010"
"3224","2026-08-15T10:06:17.567666100-0500","10.314696200","192.168.0.186","192.168.0.178","25858","25565","3612","1723819","0","0","0x0010"
"3225","2026-08-15T10:06:17.567875600-0500","10.314905700","192.168.0.178","192.168.0.186","25565","25858","1723819","3612","1460","0","0x0010"
"3226","2026-08-15T10:06:17.567899400-0500","10.314929500","192.168.0.186","192.168.0.178","25858","25565","3612","1725279","0","0","0x0010"
"3227","2026-08-15T10:06:17.567950700-0500","10.314980800","192.168.0.178","192.168.0.186","25565","25858","1725279","3612","1460","0","0x0010"
"3228","2026-08-15T10:06:17.568118800-0500","10.315148900","192.168.0.178","192.168.0.186","25565","25858","1726739","3612","1460","0","0x0010"
"3229","2026-08-15T10:06:17.568139700-0500","10.315169800","192.168.0.186","192.168.0.178","25858","25565","3612","1728199","0","0","0x0010"
"3230","2026-08-15T10:06:17.568176600-0500","10.315206700","192.168.0.178","192.168.0.186","25565","25858","1728199","3612","1460","0","0x0010"
"3231","2026-08-15T10:06:17.568378300-0500","10.315408400","192.168.0.178","192.168.0.186","25565","25858","1729659","3612","1460","0","0x0010"
"3232","2026-08-15T10:06:17.568378300-0500","10.315408400","192.168.0.178","192.168.0.186","25565","25858","1731119","3612","1330","0","0x0018"
"3233","2026-08-15T10:06:17.568406500-0500","10.315436600","192.168.0.186","192.168.0.178","25858","25565","3612","1732449","0","0","0x0010"
"3234","2026-08-15T10:06:17.568609900-0500","10.315640000","192.168.0.186","192.168.0.178","25858","25565","3612","1732449","11","0","0x0018"
"3235","2026-08-15T10:06:17.576208700-0500","10.323238800","192.168.0.186","192.168.0.178","25858","25565","3623","1732449","28","0","0x0018"
"3236","2026-08-15T10:06:17.576773700-0500","10.323803800","192.168.0.186","192.168.0.178","25858","25565","3651","1732449","3","0","0x0018"
"3237","2026-08-15T10:06:17.576860200-0500","10.323890300","192.168.0.178","192.168.0.186","25565","25858","1732449","3651","0","0","0x0010"
"3238","2026-08-15T10:06:17.609011400-0500","10.356041500","192.168.0.178","192.168.0.186","25565","25858","1732449","3654","1460","0","0x0010"
"3239","2026-08-15T10:06:17.609011400-0500","10.356041500","192.168.0.178","192.168.0.186","25565","25858","1733909","3654","1460","0","0x0010"
"3240","2026-08-15T10:06:17.609133100-0500","10.356163200","192.168.0.186","192.168.0.178","25858","25565","3654","1735369","0","0","0x0010"
"3241","2026-08-15T10:06:17.609214900-0500","10.356245000","192.168.0.178","192.168.0.186","25565","25858","1735369","3654","1460","0","0x0010"
"3242","2026-08-15T10:06:17.609214900-0500","10.356245000","192.168.0.178","192.168.0.186","25565","25858","1736829","3654","1460","0","0x0010"
"3243","2026-08-15T10:06:17.609229400-0500","10.356259500","192.168.0.186","192.168.0.178","25858","25565","3654","1738289","0","0","0x0010"
"3244","2026-08-15T10:06:17.609401300-0500","10.356431400","192.168.0.178","192.168.0.186","25565","25858","1738289","3654","1460","0","0x0010"
"3245","2026-08-15T10:06:17.609453800-0500","10.356483900","192.168.0.178","192.168.0.186","25565","25858","1739749","3654","1460","0","0x0010"
"3246","2026-08-15T10:06:17.609461700-0500","10.356491800","192.168.0.186","192.168.0.178","25858","25565","3654","1741209","0","0","0x0010"
"3247","2026-08-15T10:06:17.609693300-0500","10.356723400","192.168.0.178","192.168.0.186","25565","25858","1741209","3654","1460","0","0x0010"
"3248","2026-08-15T10:06:17.609693300-0500","10.356723400","192.168.0.178","192.168.0.186","25565","25858","1742669","3654","1460","0","0x0010"
"3249","2026-08-15T10:06:17.609716000-0500","10.356746100","192.168.0.186","192.168.0.178","25858","25565","3654","1744129","0","0","0x0010"
"3250","2026-08-15T10:06:17.609827500-0500","10.356857600","192.168.0.178","192.168.0.186","25565","25858","1744129","3654","1460","0","0x0010"
"3251","2026-08-15T10:06:17.610049400-0500","10.357079500","192.168.0.178","192.168.0.186","25565","25858","1745589","3654","1460","0","0x0010"
"3252","2026-08-15T10:06:17.610049400-0500","10.357079500","192.168.0.178","192.168.0.186","25565","25858","1747049","3654","1460","0","0x0018"
"3253","2026-08-15T10:06:17.610071100-0500","10.357101200","192.168.0.186","192.168.0.178","25858","25565","3654","1748509","0","0","0x0010"
"3254","2026-08-15T10:06:17.610299400-0500","10.357329500","192.168.0.178","192.168.0.186","25565","25858","1748509","3654","1460","0","0x0010"
"3255","2026-08-15T10:06:17.610299400-0500","10.357329500","192.168.0.178","192.168.0.186","25565","25858","1749969","3654","1460","0","0x0010"
"3256","2026-08-15T10:06:17.610299400-0500","10.357329500","192.168.0.178","192.168.0.186","25565","25858","1751429","3654","242","0","0x0018"
"3257","2026-08-15T10:06:17.610318700-0500","10.357348800","192.168.0.186","192.168.0.178","25858","25565","3654","1751671","0","0","0x0010"
"3258","2026-08-15T10:06:17.626250400-0500","10.373280500","192.168.0.186","192.168.0.178","25858","25565","3654","1751671","28","0","0x0018"
"3259","2026-08-15T10:06:17.626885000-0500","10.373915100","192.168.0.186","192.168.0.178","25858","25565","3682","1751671","3","0","0x0018"
"3260","2026-08-15T10:06:17.627679800-0500","10.374709900","192.168.0.178","192.168.0.186","25565","25858","1751671","3685","0","0","0x0010"
"3261","2026-08-15T10:06:17.660576800-0500","10.407606900","192.168.0.178","192.168.0.186","25565","25858","1751671","3685","1460","0","0x0010"
"3262","2026-08-15T10:06:17.660576800-0500","10.407606900","192.168.0.178","192.168.0.186","25565","25858","1753131","3685","1460","0","0x0010"
"3263","2026-08-15T10:06:17.660614100-0500","10.407644200","192.168.0.186","192.168.0.178","25858","25565","3685","1754591","0","0","0x0010"
"3264","2026-08-15T10:06:17.660668600-0500","10.407698700","192.168.0.178","192.168.0.186","25565","25858","1754591","3685","1460","0","0x0010"
"3265","2026-08-15T10:06:17.660915100-0500","10.407945200","192.168.0.178","192.168.0.186","25565","25858","1756051","3685","1460","0","0x0010"
"3266","2026-08-15T10:06:17.660915100-0500","10.407945200","192.168.0.178","192.168.0.186","25565","25858","1757511","3685","1460","0","0x0010"
"3267","2026-08-15T10:06:17.660934300-0500","10.407964400","192.168.0.186","192.168.0.178","25858","25565","3685","1758971","0","0","0x0010"
"3268","2026-08-15T10:06:17.661161000-0500","10.408191100","192.168.0.178","192.168.0.186","25565","25858","1758971","3685","1460","0","0x0010"
"3269","2026-08-15T10:06:17.661161000-0500","10.408191100","192.168.0.178","192.168.0.186","25565","25858","1760431","3685","1460","0","0x0010"
"3270","2026-08-15T10:06:17.661179700-0500","10.408209800","192.168.0.186","192.168.0.178","25858","25565","3685","1761891","0","0","0x0010"
"3271","2026-08-15T10:06:17.661386200-0500","10.408416300","192.168.0.178","192.168.0.186","25565","25858","1761891","3685","1460","0","0x0010"
"3272","2026-08-15T10:06:17.661407100-0500","10.408437200","192.168.0.186","192.168.0.178","25858","25565","3685","1763351","0","0","0x0010"
"3273","2026-08-15T10:06:17.661439900-0500","10.408470000","192.168.0.178","192.168.0.186","25565","25858","1763351","3685","1460","0","0x0010"
"3274","2026-08-15T10:06:17.661639200-0500","10.408669300","192.168.0.178","192.168.0.186","25565","25858","1764811","3685","800","0","0x0018"
"3275","2026-08-15T10:06:17.661660400-0500","10.408690500","192.168.0.186","192.168.0.178","25858","25565","3685","1765611","0","0","0x0010"
"3276","2026-08-15T10:06:17.676860700-0500","10.423890800","192.168.0.186","192.168.0.178","25858","25565","3685","1765611","28","0","0x0018"
"3277","2026-08-15T10:06:17.677917100-0500","10.424947200","192.168.0.186","192.168.0.178","25858","25565","3713","1765611","3","0","0x0018"
"3278","2026-08-15T10:06:17.678580300-0500","10.425610400","192.168.0.178","192.168.0.186","25565","25858","1765611","3716","0","0","0x0010"
"3279","2026-08-15T10:06:17.693660600-0500","10.440690700","192.168.0.178","192.168.0.186","25565","25858","1765611","3716","54","0","0x0018"
"3280","2026-08-15T10:06:17.693660600-0500","10.440690700","192.168.0.178","192.168.0.186","25565","25858","1765665","3716","54","0","0x0018"
"3281","2026-08-15T10:06:17.693660600-0500","10.440690700","192.168.0.178","192.168.0.186","25565","25858","1765719","3716","54","0","0x0018"
"3282","2026-08-15T10:06:17.693694900-0500","10.440725000","192.168.0.186","192.168.0.178","25858","25565","3716","1765773","0","0","0x0010"
"3283","2026-08-15T10:06:17.705905700-0500","10.452935800","192.168.0.178","192.168.0.186","25565","25858","1765773","3716","1460","0","0x0010"
"3284","2026-08-15T10:06:17.705905700-0500","10.452935800","192.168.0.178","192.168.0.186","25565","25858","1767233","3716","1460","0","0x0010"
"3285","2026-08-15T10:06:17.705905700-0500","10.452935800","192.168.0.178","192.168.0.186","25565","25858","1768693","3716","1460","0","0x0010"
"3286","2026-08-15T10:06:17.705933600-0500","10.452963700","192.168.0.186","192.168.0.178","25858","25565","3716","1770153","0","0","0x0010"
"3287","2026-08-15T10:06:17.706142500-0500","10.453172600","192.168.0.178","192.168.0.186","25565","25858","1770153","3716","1460","0","0x0010"
"3288","2026-08-15T10:06:17.706142500-0500","10.453172600","192.168.0.178","192.168.0.186","25565","25858","1771613","3716","1460","0","0x0010"
"3289","2026-08-15T10:06:17.706163300-0500","10.453193400","192.168.0.186","192.168.0.178","25858","25565","3716","1773073","0","0","0x0010"
"3290","2026-08-15T10:06:17.706379700-0500","10.453409800","192.168.0.178","192.168.0.186","25565","25858","1773073","3716","1460","0","0x0010"
"3291","2026-08-15T10:06:17.706379700-0500","10.453409800","192.168.0.178","192.168.0.186","25565","25858","1774533","3716","1460","0","0x0010"
"3292","2026-08-15T10:06:17.706400500-0500","10.453430600","192.168.0.186","192.168.0.178","25858","25565","3716","1775993","0","0","0x0010"
"3293","2026-08-15T10:06:17.706582800-0500","10.453612900","192.168.0.178","192.168.0.186","25565","25858","1775993","3716","1460","0","0x0010"
"3294","2026-08-15T10:06:17.706649100-0500","10.453679200","192.168.0.178","192.168.0.186","25565","25858","1777453","3716","1460","0","0x0010"
"3295","2026-08-15T10:06:17.706657400-0500","10.453687500","192.168.0.186","192.168.0.178","25858","25565","3716","1778913","0","0","0x0010"
"3296","2026-08-15T10:06:17.706833900-0500","10.453864000","192.168.0.178","192.168.0.186","25565","25858","1778913","3716","1460","0","0x0010"
"3297","2026-08-15T10:06:17.706903100-0500","10.453933200","192.168.0.178","192.168.0.186","25565","25858","1780373","3716","1460","0","0x0018"
"3298","2026-08-15T10:06:17.706911400-0500","10.453941500","192.168.0.186","192.168.0.178","25858","25565","3716","1781833","0","0","0x0010"
"3299","2026-08-15T10:06:17.707082100-0500","10.454112200","192.168.0.178","192.168.0.186","25565","25858","1781833","3716","1460","0","0x0010"
"3300","2026-08-15T10:06:17.707082100-0500","10.454112200","192.168.0.178","192.168.0.186","25565","25858","1783293","3716","379","0","0x0018"
"3301","2026-08-15T10:06:17.707104000-0500","10.454134100","192.168.0.186","192.168.0.178","25858","25565","3716","1783672","0","0","0x0010"
"3302","2026-08-15T10:06:17.726192100-0500","10.473222200","192.168.0.186","192.168.0.178","25858","25565","3716","1783672","28","0","0x0018"
"3303","2026-08-15T10:06:17.726863900-0500","10.473894000","192.168.0.186","192.168.0.178","25858","25565","3744","1783672","3","0","0x0018"
"3304","2026-08-15T10:06:17.727430800-0500","10.474460900","192.168.0.178","192.168.0.186","25565","25858","1783672","3747","0","0","0x0010"
"3305","2026-08-15T10:06:17.761478100-0500","10.508508200","192.168.0.178","192.168.0.186","25565","25858","1783672","3747","1460","0","0x0010"
"3306","2026-08-15T10:06:17.761478100-0500","10.508508200","192.168.0.178","192.168.0.186","25565","25858","1785132","3747","1460","0","0x0010"
"3307","2026-08-15T10:06:17.761528800-0500","10.508558900","192.168.0.186","192.168.0.178","25858","25565","3747","1786592","0","0","0x0010"
"3308","2026-08-15T10:06:17.761573800-0500","10.508603900","192.168.0.178","192.168.0.186","25565","25858","1786592","3747","1460","0","0x0010"
"3309","2026-08-15T10:06:17.761798800-0500","10.508828900","192.168.0.178","192.168.0.186","25565","25858","1788052","3747","1460","0","0x0010"
"3310","2026-08-15T10:06:17.761798800-0500","10.508828900","192.168.0.178","192.168.0.186","25565","25858","1789512","3747","1460","0","0x0010"
"3311","2026-08-15T10:06:17.761832800-0500","10.508862900","192.168.0.186","192.168.0.178","25858","25565","3747","1790972","0","0","0x0010"
"3312","2026-08-15T10:06:17.762059100-0500","10.509089200","192.168.0.178","192.168.0.186","25565","25858","1790972","3747","1460","0","0x0010"
"3313","2026-08-15T10:06:17.762059100-0500","10.509089200","192.168.0.178","192.168.0.186","25565","25858","1792432","3747","1460","0","0x0010"
"3314","2026-08-15T10:06:17.762100300-0500","10.509130400","192.168.0.186","192.168.0.178","25858","25565","3747","1793892","0","0","0x0010"
"3315","2026-08-15T10:06:17.762162700-0500","10.509192800","192.168.0.178","192.168.0.186","25565","25858","1793892","3747","1460","0","0x0010"
"3316","2026-08-15T10:06:17.762173800-0500","10.509203900","192.168.0.186","192.168.0.178","25858","25565","3747","1795352","0","0","0x0010"
"3317","2026-08-15T10:06:17.762369200-0500","10.509399300","192.168.0.178","192.168.0.186","25565","25858","1795352","3747","1460","0","0x0010"
"3318","2026-08-15T10:06:17.762449200-0500","10.509479300","192.168.0.178","192.168.0.186","25565","25858","1796812","3747","1460","0","0x0010"
"3319","2026-08-15T10:06:17.762460100-0500","10.509490200","192.168.0.186","192.168.0.178","25858","25565","3747","1798272","0","0","0x0010"
"3320","2026-08-15T10:06:17.762528000-0500","10.509558100","192.168.0.178","192.168.0.186","25565","25858","1798272","3747","1460","0","0x0018"
"3321","2026-08-15T10:06:17.762808100-0500","10.509838200","192.168.0.178","192.168.0.186","25565","25858","1799732","3747","1460","0","0x0010"
"3322","2026-08-15T10:06:17.762808100-0500","10.509838200","192.168.0.178","192.168.0.186","25565","25858","1801192","3747","1460","0","0x0010"
"3323","2026-08-15T10:06:17.762844600-0500","10.509874700","192.168.0.186","192.168.0.178","25858","25565","3747","1802652","0","0","0x0010"
"3324","2026-08-15T10:06:17.762899000-0500","10.509929100","192.168.0.178","192.168.0.186","25565","25858","1802652","3747","1460","0","0x0010"
"3325","2026-08-15T10:06:17.762906600-0500","10.509936700","192.168.0.186","192.168.0.178","25858","25565","3747","1804112","0","0","0x0010"
"3326","2026-08-15T10:06:17.762932200-0500","10.509962300","192.168.0.178","192.168.0.186","25565","25858","1804112","3747","221","0","0x0018"
"3327","2026-08-15T10:06:17.777647100-0500","10.524677200","192.168.0.186","192.168.0.178","25858","25565","3747","1804333","28","0","0x0018"
"3328","2026-08-15T10:06:17.778893800-0500","10.525923900","192.168.0.186","192.168.0.178","25858","25565","3775","1804333","3","0","0x0018"
"3329","2026-08-15T10:06:17.779518200-0500","10.526548300","192.168.0.178","192.168.0.186","25565","25858","1804333","3778","0","0","0x0010"
"3330","2026-08-15T10:06:17.807496600-0500","10.554526700","192.168.0.178","192.168.0.186","25565","25858","1804333","3778","1460","0","0x0010"
"3331","2026-08-15T10:06:17.807496600-0500","10.554526700","192.168.0.178","192.168.0.186","25565","25858","1805793","3778","1460","0","0x0010"
"3332","2026-08-15T10:06:17.807561200-0500","10.554591300","192.168.0.186","192.168.0.178","25858","25565","3778","1807253","0","0","0x0010"
"3333","2026-08-15T10:06:17.807607600-0500","10.554637700","192.168.0.178","192.168.0.186","25565","25858","1807253","3778","1460","0","0x0010"
"3334","2026-08-15T10:06:17.807682400-0500","10.554712500","192.168.0.178","192.168.0.186","25565","25858","1808713","3778","1460","0","0x0010"
"3335","2026-08-15T10:06:17.807697400-0500","10.554727500","192.168.0.186","192.168.0.178","25858","25565","3778","1810173","0","0","0x0010"
"3336","2026-08-15T10:06:17.807936500-0500","10.554966600","192.168.0.178","192.168.0.186","25565","25858","1810173","3778","1460","0","0x0010"
"3337","2026-08-15T10:06:17.807936500-0500","10.554966600","192.168.0.178","192.168.0.186","25565","25858","1811633","3778","1460","0","0x0010"
"3338","2026-08-15T10:06:17.807978100-0500","10.555008200","192.168.0.186","192.168.0.178","25858","25565","3778","1813093","0","0","0x0010"
"3339","2026-08-15T10:06:17.808046300-0500","10.555076400","192.168.0.178","192.168.0.186","25565","25858","1813093","3778","1460","0","0x0010"
"3340","2026-08-15T10:06:17.808314300-0500","10.555344400","192.168.0.178","192.168.0.186","25565","25858","1814553","3778","1460","0","0x0010"
"3341","2026-08-15T10:06:17.808314300-0500","10.555344400","192.168.0.178","192.168.0.186","25565","25858","1816013","3778","1460","0","0x0010"
"3342","2026-08-15T10:06:17.808372900-0500","10.555403000","192.168.0.186","192.168.0.178","25858","25565","3778","1817473","0","0","0x0010"
"3343","2026-08-15T10:06:17.808450600-0500","10.555480700","192.168.0.178","192.168.0.186","25565","25858","1817473","3778","1460","0","0x0010"
"3344","2026-08-15T10:06:17.808462300-0500","10.555492400","192.168.0.186","192.168.0.178","25858","25565","3778","1818933","0","0","0x0010"
"3345","2026-08-15T10:06:17.808895300-0500","10.555925400","192.168.0.178","192.168.0.186","25565","25858","1818933","3778","1460","0","0x0018"
"3346","2026-08-15T10:06:17.808895300-0500","10.555925400","192.168.0.178","192.168.0.186","25565","25858","1820393","3778","1460","0","0x0010"
"3347","2026-08-15T10:06:17.808895300-0500","10.555925400","192.168.0.178","192.168.0.186","25565","25858","1821853","3778","1460","0","0x0010"
"3348","2026-08-15T10:06:17.808895300-0500","10.555925400","192.168.0.178","192.168.0.186","25565","25858","1823313","3778","599","0","0x0018"
"3349","2026-08-15T10:06:17.808972200-0500","10.556002300","192.168.0.186","192.168.0.178","25858","25565","3778","1823912","0","0","0x0010"
"3350","2026-08-15T10:06:17.826553200-0500","10.573583300","192.168.0.186","192.168.0.178","25858","25565","3778","1823912","28","0","0x0018"
"3351","2026-08-15T10:06:17.827097800-0500","10.574127900","192.168.0.186","192.168.0.178","25858","25565","3806","1823912","3","0","0x0018"
"3352","2026-08-15T10:06:17.828719000-0500","10.575749100","192.168.0.178","192.168.0.186","25565","25858","1823912","3809","0","0","0x0010"
"3353","2026-08-15T10:06:17.828719000-0500","10.575749100","192.168.0.178","192.168.0.186","25565","25858","1823912","3809","11","0","0x0018"
"3354","2026-08-15T10:06:17.828719000-0500","10.575749100","192.168.0.178","192.168.0.186","25565","25858","1823923","3809","11","0","0x0018"
"3355","2026-08-15T10:06:17.828719000-0500","10.575749100","192.168.0.178","192.168.0.186","25565","25858","1823934","3809","11","0","0x0018"
"3356","2026-08-15T10:06:17.828719000-0500","10.575749100","192.168.0.178","192.168.0.186","25565","25858","1823945","3809","11","0","0x0018"
"3357","2026-08-15T10:06:17.828752300-0500","10.575782400","192.168.0.186","192.168.0.178","25858","25565","3809","1823956","0","0","0x0010"
"3358","2026-08-15T10:06:17.828795600-0500","10.575825700","192.168.0.178","192.168.0.186","25565","25858","1823956","3809","11","0","0x0018"
"3359","2026-08-15T10:06:17.828795600-0500","10.575825700","192.168.0.178","192.168.0.186","25565","25858","1823967","3809","11","0","0x0018"
"3360","2026-08-15T10:06:17.828801800-0500","10.575831900","192.168.0.186","192.168.0.178","25858","25565","3809","1823978","0","0","0x0010"
"3361","2026-08-15T10:06:17.828856500-0500","10.575886600","192.168.0.178","192.168.0.186","25565","25858","1823978","3809","11","0","0x0018"
"3362","2026-08-15T10:06:17.828856500-0500","10.575886600","192.168.0.178","192.168.0.186","25565","25858","1823989","3809","11","0","0x0018"
"3363","2026-08-15T10:06:17.828862000-0500","10.575892100","192.168.0.186","192.168.0.178","25858","25565","3809","1824000","0","0","0x0010"
"3364","2026-08-15T10:06:17.828901700-0500","10.575931800","192.168.0.178","192.168.0.186","25565","25858","1824000","3809","11","0","0x0018"
"3365","2026-08-15T10:06:17.829248900-0500","10.576279000","192.168.0.178","192.168.0.186","25565","25858","1824011","3809","11","0","0x0018"
"3366","2026-08-15T10:06:17.829248900-0500","10.576279000","192.168.0.178","192.168.0.186","25565","25858","1824022","3809","11","0","0x0018"
"3367","2026-08-15T10:06:17.829267700-0500","10.576297800","192.168.0.186","192.168.0.178","25858","25565","3809","1824033","0","0","0x0010"
"3368","2026-08-15T10:06:17.830388700-0500","10.577418800","192.168.0.178","192.168.0.186","25565","25858","1824033","3809","11","0","0x0018"
"3369","2026-08-15T10:06:17.830388700-0500","10.577418800","192.168.0.178","192.168.0.186","25565","25858","1824044","3809","11","0","0x0018"
"3370","2026-08-15T10:06:17.830408300-0500","10.577438400","192.168.0.186","192.168.0.178","25858","25565","3809","1824055","0","0","0x0010"
"3371","2026-08-15T10:06:17.830462800-0500","10.577492900","192.168.0.178","192.168.0.186","25565","25858","1824055","3809","11","0","0x0018"
"3372","2026-08-15T10:06:17.830468300-0500","10.577498400","192.168.0.186","192.168.0.178","25858","25565","3809","1824066","0","0","0x0010"
"3373","2026-08-15T10:06:17.830476500-0500","10.577506600","192.168.0.178","192.168.0.186","25565","25858","1824066","3809","11","0","0x0018"
"3374","2026-08-15T10:06:17.830641000-0500","10.577671100","192.168.0.178","192.168.0.186","25565","25858","1824077","3809","11","0","0x0018"
"3375","2026-08-15T10:06:17.830658300-0500","10.577688400","192.168.0.186","192.168.0.178","25858","25565","3809","1824088","0","0","0x0010"
"3376","2026-08-15T10:06:17.830716200-0500","10.577746300","192.168.0.178","192.168.0.186","25565","25858","1824088","3809","11","0","0x0018"
"3377","2026-08-15T10:06:17.830716200-0500","10.577746300","192.168.0.178","192.168.0.186","25565","25858","1824099","3809","11","0","0x0018"
"3378","2026-08-15T10:06:17.830723100-0500","10.577753200","192.168.0.186","192.168.0.178","25858","25565","3809","1824110","0","0","0x0010"
"3379","2026-08-15T10:06:17.830781000-0500","10.577811100","192.168.0.178","192.168.0.186","25565","25858","1824110","3809","11","0","0x0018"
"3380","2026-08-15T10:06:17.830972500-0500","10.578002600","192.168.0.178","192.168.0.186","25565","25858","1824121","3809","9","0","0x0018"
"3381","2026-08-15T10:06:17.830990100-0500","10.578020200","192.168.0.186","192.168.0.178","25858","25565","3809","1824130","0","0","0x0010"
"3382","2026-08-15T10:06:17.857755100-0500","10.604785200","192.168.0.178","192.168.0.186","25565","25858","1824130","3809","361","0","0x0018"
"3383","2026-08-15T10:06:17.877016700-0500","10.624046800","192.168.0.186","192.168.0.178","25858","25565","3809","1824491","28","0","0x0018"
"3384","2026-08-15T10:06:17.878018700-0500","10.625048800","192.168.0.186","192.168.0.178","25858","25565","3837","1824491","3","0","0x0018"
"3385","2026-08-15T10:06:17.878609800-0500","10.625639900","192.168.0.178","192.168.0.186","25565","25858","1824491","3840","0","0","0x0010"
"3386","2026-08-15T10:06:17.893474700-0500","10.640504800","192.168.0.178","192.168.0.186","25565","25858","1824491","3840","54","0","0x0018"
"3387","2026-08-15T10:06:17.893474700-0500","10.640504800","192.168.0.178","192.168.0.186","25565","25858","1824545","3840","54","0","0x0018"
"3388","2026-08-15T10:06:17.893474700-0500","10.640504800","192.168.0.178","192.168.0.186","25565","25858","1824599","3840","54","0","0x0018"
"3389","2026-08-15T10:06:17.893524600-0500","10.640554700","192.168.0.186","192.168.0.178","25858","25565","3840","1824653","0","0","0x0010"
"3390","2026-08-15T10:06:17.905796200-0500","10.652826300","192.168.0.178","192.168.0.186","25565","25858","1824653","3840","589","0","0x0018"
"3391","2026-08-15T10:06:17.905855500-0500","10.652885600","192.168.0.186","192.168.0.178","25858","25565","3840","1825242","0","0","0x0010"
"3392","2026-08-15T10:06:17.926826000-0500","10.673856100","192.168.0.186","192.168.0.178","25858","25565","3840","1825242","28","0","0x0018"
"3393","2026-08-15T10:06:17.928172500-0500","10.675202600","192.168.0.186","192.168.0.178","25858","25565","3868","1825242","3","0","0x0018"
"3394","2026-08-15T10:06:17.928871900-0500","10.675902000","192.168.0.178","192.168.0.186","25565","25858","1825242","3871","0","0","0x0010"
"3395","2026-08-15T10:06:17.954152800-0500","10.701182900","192.168.0.178","192.168.0.186","25565","25858","1825242","3871","297","0","0x0018"
"3396","2026-08-15T10:06:17.976785500-0500","10.723815600","192.168.0.186","192.168.0.178","25858","25565","3871","1825539","28","0","0x0018"
"3397","2026-08-15T10:06:17.978089800-0500","10.725119900","192.168.0.186","192.168.0.178","25858","25565","3899","1825539","3","0","0x0018"
"3398","2026-08-15T10:06:17.978757300-0500","10.725787400","192.168.0.178","192.168.0.186","25565","25858","1825539","3902","0","0","0x0010"
"3399","2026-08-15T10:06:18.006382000-0500","10.753412100","192.168.0.178","192.168.0.186","25565","25858","1825539","3902","211","0","0x0018"
"3400","2026-08-15T10:06:18.027006000-0500","10.774036100","192.168.0.186","192.168.0.178","25858","25565","3902","1825750","28","0","0x0018"
"3401","2026-08-15T10:06:18.028326200-0500","10.775356300","192.168.0.186","192.168.0.178","25858","25565","3930","1825750","3","0","0x0018"
"3402","2026-08-15T10:06:18.029293200-0500","10.776323300","192.168.0.178","192.168.0.186","25565","25858","1825750","3933","0","0","0x0010"
"3403","2026-08-15T10:06:18.042884300-0500","10.789914400","192.168.0.178","192.168.0.186","25565","25858","1825750","3933","54","0","0x0018"
"3404","2026-08-15T10:06:18.042884300-0500","10.789914400","192.168.0.178","192.168.0.186","25565","25858","1825804","3933","54","0","0x0018"
"3405","2026-08-15T10:06:18.042884300-0500","10.789914400","192.168.0.178","192.168.0.186","25565","25858","1825858","3933","54","0","0x0018"
"3406","2026-08-15T10:06:18.042948000-0500","10.789978100","192.168.0.186","192.168.0.178","25858","25565","3933","1825912","0","0","0x0010"
"3407","2026-08-15T10:06:18.056206400-0500","10.803236500","192.168.0.178","192.168.0.186","25565","25858","1825912","3933","1460","0","0x0010"
"3408","2026-08-15T10:06:18.056206400-0500","10.803236500","192.168.0.178","192.168.0.186","25565","25858","1827372","3933","1460","0","0x0010"
"3409","2026-08-15T10:06:18.056265700-0500","10.803295800","192.168.0.186","192.168.0.178","25858","25565","3933","1828832","0","0","0x0010"
"3410","2026-08-15T10:06:18.056316300-0500","10.803346400","192.168.0.178","192.168.0.186","25565","25858","1828832","3933","1460","0","0x0010"
"3411","2026-08-15T10:06:18.056332600-0500","10.803362700","192.168.0.186","192.168.0.178","25858","25565","3933","1830292","0","0","0x0010"
"3412","2026-08-15T10:06:18.056561700-0500","10.803591800","192.168.0.178","192.168.0.186","25565","25858","1830292","3933","1460","0","0x0010"
"3413","2026-08-15T10:06:18.056561700-0500","10.803591800","192.168.0.178","192.168.0.186","25565","25858","1831752","3933","1460","0","0x0010"
"3414","2026-08-15T10:06:18.056614000-0500","10.803644100","192.168.0.186","192.168.0.178","25858","25565","3933","1833212","0","0","0x0010"
"3415","2026-08-15T10:06:18.056691400-0500","10.803721500","192.168.0.178","192.168.0.186","25565","25858","1833212","3933","1460","0","0x0010"
"3416","2026-08-15T10:06:18.056942000-0500","10.803972100","192.168.0.178","192.168.0.186","25565","25858","1834672","3933","1460","0","0x0010"
"3417","2026-08-15T10:06:18.056942000-0500","10.803972100","192.168.0.178","192.168.0.186","25565","25858","1836132","3933","1460","0","0x0010"
"3418","2026-08-15T10:06:18.056942000-0500","10.803972100","192.168.0.178","192.168.0.186","25565","25858","1837592","3933","35","0","0x0018"
"3419","2026-08-15T10:06:18.057004800-0500","10.804034900","192.168.0.186","192.168.0.178","25858","25565","3933","1837627","0","0","0x0010"
"3420","2026-08-15T10:06:18.076329100-0500","10.823359200","192.168.0.186","192.168.0.178","25858","25565","3933","1837627","28","0","0x0018"
"3421","2026-08-15T10:06:18.076818400-0500","10.823848500","192.168.0.186","192.168.0.178","25858","25565","3961","1837627","3","0","0x0018"
"3422","2026-08-15T10:06:18.077544800-0500","10.824574900","192.168.0.178","192.168.0.186","25565","25858","1837627","3964","0","0","0x0010"
"3423","2026-08-15T10:06:18.106207100-0500","10.853237200","192.168.0.178","192.168.0.186","25565","25858","1837627","3964","1460","0","0x0010"
"3424","2026-08-15T10:06:18.106207100-0500","10.853237200","192.168.0.178","192.168.0.186","25565","25858","1839087","3964","1460","0","0x0010"
"3425","2026-08-15T10:06:18.106256000-0500","10.853286100","192.168.0.186","192.168.0.178","25858","25565","3964","1840547","0","0","0x0010"
"3426","2026-08-15T10:06:18.106316000-0500","10.853346100","192.168.0.178","192.168.0.186","25565","25858","1840547","3964","1460","0","0x0010"
"3427","2026-08-15T10:06:18.106512100-0500","10.853542200","192.168.0.178","192.168.0.186","25565","25858","1842007","3964","1460","0","0x0010"
"3428","2026-08-15T10:06:18.106530900-0500","10.853561000","192.168.0.186","192.168.0.178","25858","25565","3964","1843467","0","0","0x0010"
"3429","2026-08-15T10:06:18.106566200-0500","10.853596300","192.168.0.178","192.168.0.186","25565","25858","1843467","3964","1460","0","0x0010"
"3430","2026-08-15T10:06:18.106809100-0500","10.853839200","192.168.0.178","192.168.0.186","25565","25858","1844927","3964","1460","0","0x0010"
"3431","2026-08-15T10:06:18.106809100-0500","10.853839200","192.168.0.178","192.168.0.186","25565","25858","1846387","3964","1460","0","0x0010"
"3432","2026-08-15T10:06:18.106834400-0500","10.853864500","192.168.0.186","192.168.0.178","25858","25565","3964","1847847","0","0","0x0010"
"3433","2026-08-15T10:06:18.107042000-0500","10.854072100","192.168.0.178","192.168.0.186","25565","25858","1847847","3964","1460","0","0x0010"
"3434","2026-08-15T10:06:18.107042000-0500","10.854072100","192.168.0.178","192.168.0.186","25565","25858","1849307","3964","1460","0","0x0010"
"3435","2026-08-15T10:06:18.107067200-0500","10.854097300","192.168.0.186","192.168.0.178","25858","25565","3964","1850767","0","0","0x0010"
"3436","2026-08-15T10:06:18.107288100-0500","10.854318200","192.168.0.178","192.168.0.186","25565","25858","1850767","3964","1460","0","0x0010"
"3437","2026-08-15T10:06:18.107288100-0500","10.854318200","192.168.0.178","192.168.0.186","25565","25858","1852227","3964","1460","0","0x0018"
"3438","2026-08-15T10:06:18.107319800-0500","10.854349900","192.168.0.186","192.168.0.178","25858","25565","3964","1853687","0","0","0x0010"
"3439","2026-08-15T10:06:18.107497400-0500","10.854527500","192.168.0.178","192.168.0.186","25565","25858","1853687","3964","1460","0","0x0010"
"3440","2026-08-15T10:06:18.107497400-0500","10.854527500","192.168.0.178","192.168.0.186","25565","25858","1855147","3964","625","0","0x0018"
"3441","2026-08-15T10:06:18.107527700-0500","10.854557800","192.168.0.186","192.168.0.178","25858","25565","3964","1855772","0","0","0x0010"
"3442","2026-08-15T10:06:18.125949900-0500","10.872980000","192.168.0.186","192.168.0.178","25858","25565","3964","1855772","28","0","0x0018"
"3443","2026-08-15T10:06:18.126566300-0500","10.873596400","192.168.0.186","192.168.0.178","25858","25565","3992","1855772","3","0","0x0018"
"3444","2026-08-15T10:06:18.127096900-0500","10.874127000","192.168.0.178","192.168.0.186","25565","25858","1855772","3995","0","0","0x0010"
"3445","2026-08-15T10:06:18.165657200-0500","10.912687300","192.168.0.178","192.168.0.186","25565","25858","1855772","3995","1460","0","0x0010"
"3446","2026-08-15T10:06:18.165657200-0500","10.912687300","192.168.0.178","192.168.0.186","25565","25858","1857232","3995","1460","0","0x0010"
"3447","2026-08-15T10:06:18.165711800-0500","10.912741900","192.168.0.186","192.168.0.178","25858","25565","3995","1858692","0","0","0x0010"
"3448","2026-08-15T10:06:18.165756100-0500","10.912786200","192.168.0.178","192.168.0.186","25565","25858","1858692","3995","1460","0","0x0010"
"3449","2026-08-15T10:06:18.165970900-0500","10.913001000","192.168.0.178","192.168.0.186","25565","25858","1860152","3995","1460","0","0x0010"
"3450","2026-08-15T10:06:18.165970900-0500","10.913001000","192.168.0.178","192.168.0.186","25565","25858","1861612","3995","1460","0","0x0010"
"3451","2026-08-15T10:06:18.166004600-0500","10.913034700","192.168.0.186","192.168.0.178","25858","25565","3995","1863072","0","0","0x0010"
"3452","2026-08-15T10:06:18.166231800-0500","10.913261900","192.168.0.178","192.168.0.186","25565","25858","1863072","3995","1460","0","0x0010"
"3453","2026-08-15T10:06:18.166231800-0500","10.913261900","192.168.0.178","192.168.0.186","25565","25858","1864532","3995","1460","0","0x0010"
"3454","2026-08-15T10:06:18.166258600-0500","10.913288700","192.168.0.186","192.168.0.178","25858","25565","3995","1865992","0","0","0x0010"
"3455","2026-08-15T10:06:18.166474700-0500","10.913504800","192.168.0.178","192.168.0.186","25565","25858","1865992","3995","1460","0","0x0010"
"3456","2026-08-15T10:06:18.166474700-0500","10.913504800","192.168.0.178","192.168.0.186","25565","25858","1867452","3995","1460","0","0x0010"
"3457","2026-08-15T10:06:18.166513600-0500","10.913543700","192.168.0.186","192.168.0.178","25858","25565","3995","1868912","0","0","0x0010"
"3458","2026-08-15T10:06:18.166596900-0500","10.913627000","192.168.0.178","192.168.0.186","25565","25858","1868912","3995","1460","0","0x0010"
"3459","2026-08-15T10:06:18.166605200-0500","10.913635300","192.168.0.186","192.168.0.178","25858","25565","3995","1870372","0","0","0x0010"
"3460","2026-08-15T10:06:18.166856900-0500","10.913887000","192.168.0.178","192.168.0.186","25565","25858","1870372","3995","1460","0","0x0018"
"3461","2026-08-15T10:06:18.166856900-0500","10.913887000","192.168.0.178","192.168.0.186","25565","25858","1871832","3995","1460","0","0x0010"
"3462","2026-08-15T10:06:18.166890800-0500","10.913920900","192.168.0.186","192.168.0.178","25858","25565","3995","1873292","0","0","0x0010"
"3463","2026-08-15T10:06:18.166949000-0500","10.913979100","192.168.0.178","192.168.0.186","25565","25858","1873292","3995","1460","0","0x0010"
"3464","2026-08-15T10:06:18.167182400-0500","10.914212500","192.168.0.178","192.168.0.186","25565","25858","1874752","3995","1460","0","0x0010"
"3465","2026-08-15T10:06:18.167220900-0500","10.914251000","192.168.0.186","192.168.0.178","25858","25565","3995","1876212","0","0","0x0010"
"3466","2026-08-15T10:06:18.167252800-0500","10.914282900","192.168.0.178","192.168.0.186","25565","25858","1876212","3995","1460","0","0x0010"
"3467","2026-08-15T10:06:18.167252800-0500","10.914282900","192.168.0.178","192.168.0.186","25565","25858","1877672","3995","543","0","0x0018"
"3468","2026-08-15T10:06:18.167267100-0500","10.914297200","192.168.0.186","192.168.0.178","25858","25565","3995","1878215","0","0","0x0010"
"3469","2026-08-15T10:06:18.176331000-0500","10.923361100","192.168.0.186","192.168.0.178","25858","25565","3995","1878215","28","0","0x0018"
"3470","2026-08-15T10:06:18.176898200-0500","10.923928300","192.168.0.186","192.168.0.178","25858","25565","4023","1878215","3","0","0x0018"
"3471","2026-08-15T10:06:18.177434500-0500","10.924464600","192.168.0.178","192.168.0.186","25565","25858","1878215","4026","0","0","0x0010"
"3472","2026-08-15T10:06:18.194053500-0500","10.941083600","192.168.0.178","192.168.0.186","25565","25858","1878215","4026","54","0","0x0018"
"3473","2026-08-15T10:06:18.194053500-0500","10.941083600","192.168.0.178","192.168.0.186","25565","25858","1878269","4026","54","0","0x0018"
"3474","2026-08-15T10:06:18.194101400-0500","10.941131500","192.168.0.186","192.168.0.178","25858","25565","4026","1878323","0","0","0x0010"
"3475","2026-08-15T10:06:18.194129500-0500","10.941159600","192.168.0.178","192.168.0.186","25565","25858","1878323","4026","54","0","0x0018"
"3476","2026-08-15T10:06:18.209483700-0500","10.956513800","192.168.0.178","192.168.0.186","25565","25858","1878377","4026","1460","0","0x0010"
"3477","2026-08-15T10:06:18.209483700-0500","10.956513800","192.168.0.178","192.168.0.186","25565","25858","1879837","4026","1460","0","0x0010"
"3478","2026-08-15T10:06:18.209551800-0500","10.956581900","192.168.0.186","192.168.0.178","25858","25565","4026","1881297","0","0","0x0010"
"3479","2026-08-15T10:06:18.209596600-0500","10.956626700","192.168.0.178","192.168.0.186","25565","25858","1881297","4026","1460","0","0x0010"
"3480","2026-08-15T10:06:18.209606000-0500","10.956636100","192.168.0.186","192.168.0.178","25858","25565","4026","1882757","0","0","0x0010"
"3481","2026-08-15T10:06:18.209783400-0500","10.956813500","192.168.0.178","192.168.0.186","25565","25858","1882757","4026","1460","0","0x0010"
"3482","2026-08-15T10:06:18.209835000-0500","10.956865100","192.168.0.178","192.168.0.186","25565","25858","1884217","4026","1460","0","0x0010"
"3483","2026-08-15T10:06:18.209842700-0500","10.956872800","192.168.0.186","192.168.0.178","25858","25565","4026","1885677","0","0","0x0010"
"3484","2026-08-15T10:06:18.210030800-0500","10.957060900","192.168.0.178","192.168.0.186","25565","25858","1885677","4026","1460","0","0x0010"
"3485","2026-08-15T10:06:18.210075100-0500","10.957105200","192.168.0.178","192.168.0.186","25565","25858","1887137","4026","1460","0","0x0010"
"3486","2026-08-15T10:06:18.210080800-0500","10.957110900","192.168.0.186","192.168.0.178","25858","25565","4026","1888597","0","0","0x0010"
"3487","2026-08-15T10:06:18.210289100-0500","10.957319200","192.168.0.178","192.168.0.186","25565","25858","1888597","4026","1460","0","0x0010"
"3488","2026-08-15T10:06:18.210353800-0500","10.957383900","192.168.0.178","192.168.0.186","25565","25858","1890057","4026","1460","0","0x0010"
"3489","2026-08-15T10:06:18.210361300-0500","10.957391400","192.168.0.186","192.168.0.178","25858","25565","4026","1891517","0","0","0x0010"
"3490","2026-08-15T10:06:18.210417300-0500","10.957447400","192.168.0.178","192.168.0.186","25565","25858","1891517","4026","1460","0","0x0010"
"3491","2026-08-15T10:06:18.210695600-0500","10.957725700","192.168.0.178","192.168.0.186","25565","25858","1892977","4026","1460","0","0x0018"
"3492","2026-08-15T10:06:18.210695600-0500","10.957725700","192.168.0.178","192.168.0.186","25565","25858","1894437","4026","92","0","0x0018"
"3493","2026-08-15T10:06:18.210714900-0500","10.957745000","192.168.0.186","192.168.0.178","25858","25565","4026","1894529","0","0","0x0010"
"3494","2026-08-15T10:06:18.226807200-0500","10.973837300","192.168.0.186","192.168.0.178","25858","25565","4026","1894529","28","0","0x0018"
"3495","2026-08-15T10:06:18.227644000-0500","10.974674100","192.168.0.186","192.168.0.178","25858","25565","4054","1894529","3","0","0x0018"
"3496","2026-08-15T10:06:18.228210400-0500","10.975240500","192.168.0.178","192.168.0.186","25565","25858","1894529","4057","0","0","0x0010"
"3497","2026-08-15T10:06:18.244081400-0500","10.991111500","192.168.0.178","192.168.0.186","25565","25858","1894529","4057","54","0","0x0018"
"3498","2026-08-15T10:06:18.244081400-0500","10.991111500","192.168.0.178","192.168.0.186","25565","25858","1894583","4057","108","0","0x0018"
"3499","2026-08-15T10:06:18.244117500-0500","10.991147600","192.168.0.186","192.168.0.178","25858","25565","4057","1894691","0","0","0x0010"
"3500","2026-08-15T10:06:18.257692700-0500","11.004722800","192.168.0.178","192.168.0.186","25565","25858","1894691","4057","1460","0","0x0010"
"3501","2026-08-15T10:06:18.257692700-0500","11.004722800","192.168.0.178","192.168.0.186","25565","25858","1896151","4057","1460","0","0x0010"
"3502","2026-08-15T10:06:18.257734400-0500","11.004764500","192.168.0.186","192.168.0.178","25858","25565","4057","1897611","0","0","0x0010"
"3503","2026-08-15T10:06:18.257796500-0500","11.004826600","192.168.0.178","192.168.0.186","25565","25858","1897611","4057","1460","0","0x0010"
"3504","2026-08-15T10:06:18.258047700-0500","11.005077800","192.168.0.178","192.168.0.186","25565","25858","1899071","4057","1460","0","0x0010"
"3505","2026-08-15T10:06:18.258047700-0500","11.005077800","192.168.0.178","192.168.0.186","25565","25858","1900531","4057","1460","0","0x0010"
"3506","2026-08-15T10:06:18.258088500-0500","11.005118600","192.168.0.186","192.168.0.178","25858","25565","4057","1901991","0","0","0x0010"
"3507","2026-08-15T10:06:18.258153100-0500","11.005183200","192.168.0.178","192.168.0.186","25565","25858","1901991","4057","1460","0","0x0010"
"3508","2026-08-15T10:06:18.258166400-0500","11.005196500","192.168.0.186","192.168.0.178","25858","25565","4057","1903451","0","0","0x0010"
"3509","2026-08-15T10:06:18.258407300-0500","11.005437400","192.168.0.178","192.168.0.186","25565","25858","1903451","4057","1460","0","0x0010"
"3510","2026-08-15T10:06:18.258407300-0500","11.005437400","192.168.0.178","192.168.0.186","25565","25858","1904911","4057","1460","0","0x0010"
"3511","2026-08-15T10:06:18.258453400-0500","11.005483500","192.168.0.186","192.168.0.178","25858","25565","4057","1906371","0","0","0x0010"
"3512","2026-08-15T10:06:18.258516400-0500","11.005546500","192.168.0.178","192.168.0.186","25565","25858","1906371","4057","1346","0","0x0018"
"3513","2026-08-15T10:06:18.276202000-0500","11.023232100","192.168.0.186","192.168.0.178","25858","25565","4057","1907717","28","0","0x0018"
"3514","2026-08-15T10:06:18.277073100-0500","11.024103200","192.168.0.186","192.168.0.178","25858","25565","4085","1907717","3","0","0x0018"
"3515","2026-08-15T10:06:18.277600700-0500","11.024630800","192.168.0.178","192.168.0.186","25565","25858","1907717","4088","0","0","0x0010"
"3516","2026-08-15T10:06:18.304501300-0500","11.051531400","192.168.0.178","192.168.0.186","25565","25858","1907717","4088","1460","0","0x0010"
"3517","2026-08-15T10:06:18.304501300-0500","11.051531400","192.168.0.178","192.168.0.186","25565","25858","1909177","4088","1460","0","0x0010"
"3518","2026-08-15T10:06:18.304568800-0500","11.051598900","192.168.0.186","192.168.0.178","25858","25565","4088","1910637","0","0","0x0010"
"3519","2026-08-15T10:06:18.304617100-0500","11.051647200","192.168.0.178","192.168.0.186","25565","25858","1910637","4088","1460","0","0x0010"
"3520","2026-08-15T10:06:18.304746000-0500","11.051776100","192.168.0.178","192.168.0.186","25565","25858","1912097","4088","1460","0","0x0010"
"3521","2026-08-15T10:06:18.304760300-0500","11.051790400","192.168.0.186","192.168.0.178","25858","25565","4088","1913557","0","0","0x0010"
"3522","2026-08-15T10:06:18.304818000-0500","11.051848100","192.168.0.178","192.168.0.186","25565","25858","1913557","4088","1460","0","0x0010"
"3523","2026-08-15T10:06:18.305099900-0500","11.052130000","192.168.0.178","192.168.0.186","25565","25858","1915017","4088","1460","0","0x0010"
"3524","2026-08-15T10:06:18.305099900-0500","11.052130000","192.168.0.178","192.168.0.186","25565","25858","1916477","4088","1460","0","0x0010"
"3525","2026-08-15T10:06:18.305141300-0500","11.052171400","192.168.0.186","192.168.0.178","25858","25565","4088","1917937","0","0","0x0010"
"3526","2026-08-15T10:06:18.305207400-0500","11.052237500","192.168.0.178","192.168.0.186","25565","25858","1917937","4088","1460","0","0x0010"
"3527","2026-08-15T10:06:18.305217500-0500","11.052247600","192.168.0.186","192.168.0.178","25858","25565","4088","1919397","0","0","0x0010"
"3528","2026-08-15T10:06:18.305441700-0500","11.052471800","192.168.0.178","192.168.0.186","25565","25858","1919397","4088","1460","0","0x0010"
"3529","2026-08-15T10:06:18.305441700-0500","11.052471800","192.168.0.178","192.168.0.186","25565","25858","1920857","4088","1460","0","0x0010"
"3530","2026-08-15T10:06:18.305493400-0500","11.052523500","192.168.0.186","192.168.0.178","25858","25565","4088","1922317","0","0","0x0010"
"3531","2026-08-15T10:06:18.305561400-0500","11.052591500","192.168.0.178","192.168.0.186","25565","25858","1922317","4088","1460","0","0x0018"
"3532","2026-08-15T10:06:18.307153400-0500","11.054183500","192.168.0.178","192.168.0.186","25565","25858","1923777","4088","1373","0","0x0018"
"3533","2026-08-15T10:06:18.307208800-0500","11.054238900","192.168.0.186","192.168.0.178","25858","25565","4088","1925150","0","0","0x0010"
"3534","2026-08-15T10:06:18.308989600-0500","11.056019700","192.168.0.178","192.168.0.186","25565","25858","1925150","4088","52","0","0x0018"
"3535","2026-08-15T10:06:18.308989600-0500","11.056019700","192.168.0.178","192.168.0.186","25565","25858","1925202","4088","104","0","0x0018"
"3536","2026-08-15T10:06:18.309043000-0500","11.056073100","192.168.0.186","192.168.0.178","25858","25565","4088","1925306","0","0","0x0010"
"3537","2026-08-15T10:06:18.326491000-0500","11.073521100","192.168.0.186","192.168.0.178","25858","25565","4088","1925306","28","0","0x0018"
"3538","2026-08-15T10:06:18.327066000-0500","11.074096100","192.168.0.186","192.168.0.178","25858","25565","4116","1925306","3","0","0x0018"
"3539","2026-08-15T10:06:18.327720600-0500","11.074750700","192.168.0.178","192.168.0.186","25565","25858","1925306","4119","0","0","0x0010"
"3540","2026-08-15T10:06:18.354656500-0500","11.101686600","192.168.0.178","192.168.0.186","25565","25858","1925306","4119","1460","0","0x0010"
"3541","2026-08-15T10:06:18.354656500-0500","11.101686600","192.168.0.178","192.168.0.186","25565","25858","1926766","4119","1460","0","0x0010"
"3542","2026-08-15T10:06:18.354752000-0500","11.101782100","192.168.0.186","192.168.0.178","25858","25565","4119","1928226","0","0","0x0010"
"3543","2026-08-15T10:06:18.354822100-0500","11.101852200","192.168.0.178","192.168.0.186","25565","25858","1928226","4119","1460","0","0x0010"
"3544","2026-08-15T10:06:18.354822100-0500","11.101852200","192.168.0.178","192.168.0.186","25565","25858","1929686","4119","1094","0","0x0018"
"3545","2026-08-15T10:06:18.354847400-0500","11.101877500","192.168.0.186","192.168.0.178","25858","25565","4119","1930780","0","0","0x0010"
"3546","2026-08-15T10:06:18.376724000-0500","11.123754100","192.168.0.186","192.168.0.178","25858","25565","4119","1930780","28","0","0x0018"
"3547","2026-08-15T10:06:18.378030000-0500","11.125060100","192.168.0.186","192.168.0.178","25858","25565","4147","1930780","3","0","0x0018"
"3548","2026-08-15T10:06:18.378888700-0500","11.125918800","192.168.0.178","192.168.0.186","25565","25858","1930780","4150","0","0","0x0010"
"3549","2026-08-15T10:06:18.393297000-0500","11.140327100","192.168.0.178","192.168.0.186","25565","25858","1930780","4150","54","0","0x0018"
"3550","2026-08-15T10:06:18.393297000-0500","11.140327100","192.168.0.178","192.168.0.186","25565","25858","1930834","4150","108","0","0x0018"
"3551","2026-08-15T10:06:18.393362400-0500","11.140392500","192.168.0.186","192.168.0.178","25858","25565","4150","1930942","0","0","0x0010"
"3552","2026-08-15T10:06:18.410028800-0500","11.157058900","192.168.0.178","192.168.0.186","25565","25858","1930942","4150","341","0","0x0018"
"3553","2026-08-15T10:06:18.427131700-0500","11.174161800","192.168.0.186","192.168.0.178","25858","25565","4150","1931283","28","0","0x0018"
"3554","2026-08-15T10:06:18.428238200-0500","11.175268300","192.168.0.178","192.168.0.186","25565","25858","1931283","4178","11","0","0x0018"
"3555","2026-08-15T10:06:18.428238200-0500","11.175268300","192.168.0.178","192.168.0.186","25565","25858","1931294","4178","22","0","0x0018"
"3556","2026-08-15T10:06:18.428238200-0500","11.175268300","192.168.0.178","192.168.0.186","25565","25858","1931316","4178","11","0","0x0018"
"3557","2026-08-15T10:06:18.428238200-0500","11.175268300","192.168.0.178","192.168.0.186","25565","25858","1931327","4178","22","0","0x0018"
"3558","2026-08-15T10:06:18.428238200-0500","11.175268300","192.168.0.178","192.168.0.186","25565","25858","1931349","4178","11","0","0x0018"
"3559","2026-08-15T10:06:18.428238200-0500","11.175268300","192.168.0.178","192.168.0.186","25565","25858","1931360","4178","11","0","0x0018"
"3560","2026-08-15T10:06:18.428304500-0500","11.175334600","192.168.0.186","192.168.0.178","25858","25565","4178","1931371","0","0","0x0010"
"3561","2026-08-15T10:06:18.428370600-0500","11.175400700","192.168.0.178","192.168.0.186","25565","25858","1931371","4178","11","0","0x0018"
"3562","2026-08-15T10:06:18.428414900-0500","11.175445000","192.168.0.186","192.168.0.178","25858","25565","4178","1931382","3","0","0x0018"
"3563","2026-08-15T10:06:18.428641700-0500","11.175671800","192.168.0.178","192.168.0.186","25565","25858","1931382","4178","11","0","0x0018"
"3564","2026-08-15T10:06:18.428641700-0500","11.175671800","192.168.0.178","192.168.0.186","25565","25858","1931393","4178","22","0","0x0018"
"3565","2026-08-15T10:06:18.428641700-0500","11.175671800","192.168.0.178","192.168.0.186","25565","25858","1931415","4178","86","0","0x0018"
"3566","2026-08-15T10:06:18.428698600-0500","11.175728700","192.168.0.186","192.168.0.178","25858","25565","4181","1931501","0","0","0x0010"
"3567","2026-08-15T10:06:18.453699900-0500","11.200730000","192.168.0.178","192.168.0.186","25565","25858","1931501","4181","74","0","0x0018"
"3568","2026-08-15T10:06:18.453762300-0500","11.200792400","192.168.0.186","192.168.0.178","25858","25565","4181","1931575","0","0","0x0010"
"3569","2026-08-15T10:06:18.476966500-0500","11.223996600","192.168.0.186","192.168.0.178","25858","25565","4181","1931575","28","0","0x0018"
"3570","2026-08-15T10:06:18.478209700-0500","11.225239800","192.168.0.186","192.168.0.178","25858","25565","4209","1931575","3","0","0x0018"
"3571","2026-08-15T10:06:18.478859800-0500","11.225889900","192.168.0.178","192.168.0.186","25565","25858","1931575","4212","0","0","0x0010"
"3572","2026-08-15T10:06:18.506719300-0500","11.253749400","192.168.0.178","192.168.0.186","25565","25858","1931575","4212","727","0","0x0018"
"3573","2026-08-15T10:06:18.527034300-0500","11.274064400","192.168.0.186","192.168.0.178","25858","25565","4212","1932302","28","0","0x0018"
"3574","2026-08-15T10:06:18.528293900-0500","11.275324000","192.168.0.186","192.168.0.178","25858","25565","4240","1932302","3","0","0x0018"
"3575","2026-08-15T10:06:18.528985200-0500","11.276015300","192.168.0.178","192.168.0.186","25565","25858","1932302","4243","0","0","0x0010"
"3576","2026-08-15T10:06:18.544234000-0500","11.291264100","192.168.0.178","192.168.0.186","25565","25858","1932302","4243","54","0","0x0018"
"3577","2026-08-15T10:06:18.544234000-0500","11.291264100","192.168.0.178","192.168.0.186","25565","25858","1932356","4243","108","0","0x0018"
"3578","2026-08-15T10:06:18.544294400-0500","11.291324500","192.168.0.186","192.168.0.178","25858","25565","4243","1932464","0","0","0x0010"
"3579","2026-08-15T10:06:18.554961200-0500","11.301991300","192.168.0.178","192.168.0.186","25565","25858","1932464","4243","277","0","0x0018"
"3580","2026-08-15T10:06:18.576673900-0500","11.323704000","192.168.0.186","192.168.0.178","25858","25565","4243","1932741","28","0","0x0018"
"3581","2026-08-15T10:06:18.578066900-0500","11.325097000","192.168.0.186","192.168.0.178","25858","25565","4271","1932741","3","0","0x0018"
"3582","2026-08-15T10:06:18.578655300-0500","11.325685400","192.168.0.178","192.168.0.186","25565","25858","1932741","4274","0","0","0x0010"
"3583","2026-08-15T10:06:18.604045600-0500","11.351075700","192.168.0.178","192.168.0.186","25565","25858","1932741","4274","159","0","0x0018"
"3584","2026-08-15T10:06:18.604294500-0500","11.351324600","192.168.0.186","192.168.0.178","25858","25565","4274","1932900","11","0","0x0018"
"3585","2026-08-15T10:06:18.626128900-0500","11.373159000","192.168.0.186","192.168.0.178","25858","25565","4285","1932900","28","0","0x0018"
"3586","2026-08-15T10:06:18.626742200-0500","11.373772300","192.168.0.186","192.168.0.178","25858","25565","4313","1932900","3","0","0x0018"
"3587","2026-08-15T10:06:18.626818900-0500","11.373849000","192.168.0.178","192.168.0.186","25565","25858","1932900","4313","0","0","0x0010"
"3588","2026-08-15T10:06:18.655666400-0500","11.402696500","192.168.0.178","192.168.0.186","25565","25858","1932900","4316","835","0","0x0018"
"3589","2026-08-15T10:06:18.678103300-0500","11.425133400","192.168.0.186","192.168.0.178","25858","25565","4316","1933735","28","0","0x0018"
"3590","2026-08-15T10:06:18.679270400-0500","11.426300500","192.168.0.186","192.168.0.178","25858","25565","4344","1933735","3","0","0x0018"
"3591","2026-08-15T10:06:18.679904000-0500","11.426934100","192.168.0.178","192.168.0.186","25565","25858","1933735","4347","0","0","0x0010"
"3592","2026-08-15T10:06:18.695000300-0500","11.442030400","192.168.0.178","192.168.0.186","25565","25858","1933735","4347","54","0","0x0018"
"3593","2026-08-15T10:06:18.695000300-0500","11.442030400","192.168.0.178","192.168.0.186","25565","25858","1933789","4347","108","0","0x0018"
"3594","2026-08-15T10:06:18.695061200-0500","11.442091300","192.168.0.186","192.168.0.178","25858","25565","4347","1933897","0","0","0x0010"
"3595","2026-08-15T10:06:18.704072500-0500","11.451102600","192.168.0.178","192.168.0.186","25565","25858","1933897","4347","207","0","0x0018"
"3596","2026-08-15T10:06:18.726958700-0500","11.473988800","192.168.0.186","192.168.0.178","25858","25565","4347","1934104","28","0","0x0018"
"3597","2026-08-15T10:06:18.728546100-0500","11.475576200","192.168.0.186","192.168.0.178","25858","25565","4375","1934104","3","0","0x0018"
"3598","2026-08-15T10:06:18.729191900-0500","11.476222000","192.168.0.178","192.168.0.186","25565","25858","1934104","4378","0","0","0x0010"
"3599","2026-08-15T10:06:18.755571200-0500","11.502601300","192.168.0.178","192.168.0.186","25565","25858","1934104","4378","267","0","0x0018"
"3600","2026-08-15T10:06:18.776823000-0500","11.523853100","192.168.0.186","192.168.0.178","25858","25565","4378","1934371","28","0","0x0018"
"3601","2026-08-15T10:06:18.778180100-0500","11.525210200","192.168.0.186","192.168.0.178","25858","25565","4406","1934371","3","0","0x0018"
"3602","2026-08-15T10:06:18.778569400-0500","11.525599500","192.168.0.178","192.168.0.186","25565","25858","1934371","4409","0","0","0x0010"
"3603","2026-08-15T10:06:18.793680400-0500","11.540710500","192.168.0.178","192.168.0.186","25565","25858","1934371","4409","54","0","0x0018"
"3604","2026-08-15T10:06:18.793680400-0500","11.540710500","192.168.0.178","192.168.0.186","25565","25858","1934425","4409","108","0","0x0018"
"3605","2026-08-15T10:06:18.793740900-0500","11.540771000","192.168.0.186","192.168.0.178","25858","25565","4409","1934533","0","0","0x0010"
"3606","2026-08-15T10:06:18.804650100-0500","11.551680200","192.168.0.178","192.168.0.186","25565","25858","1934533","4409","291","0","0x0018"
"3607","2026-08-15T10:06:18.826779200-0500","11.573809300","192.168.0.186","192.168.0.178","25858","25565","4409","1934824","28","0","0x0018"
"3608","2026-08-15T10:06:18.828115300-0500","11.575145400","192.168.0.186","192.168.0.178","25858","25565","4437","1934824","3","0","0x0018"
"3609","2026-08-15T10:06:18.828659000-0500","11.575689100","192.168.0.178","192.168.0.186","25565","25858","1934824","4440","0","0","0x0010"
"3610","2026-08-15T10:06:18.854890800-0500","11.601920900","192.168.0.178","192.168.0.186","25565","25858","1934824","4440","314","0","0x0018"
"3611","2026-08-15T10:06:18.876960700-0500","11.623990800","192.168.0.186","192.168.0.178","25858","25565","4440","1935138","28","0","0x0018"
"3612","2026-08-15T10:06:18.878284800-0500","11.625314900","192.168.0.186","192.168.0.178","25858","25565","4468","1935138","3","0","0x0018"
"3613","2026-08-15T10:06:18.878685500-0500","11.625715600","192.168.0.178","192.168.0.186","25565","25858","1935138","4471","0","0","0x0010"
"3614","2026-08-15T10:06:18.893770900-0500","11.640801000","192.168.0.178","192.168.0.186","25565","25858","1935138","4471","54","0","0x0018"
"3615","2026-08-15T10:06:18.893770900-0500","11.640801000","192.168.0.178","192.168.0.186","25565","25858","1935192","4471","108","0","0x0018"
"3616","2026-08-15T10:06:18.893811600-0500","11.640841700","192.168.0.186","192.168.0.178","25858","25565","4471","1935300","0","0","0x0010"
"3617","2026-08-15T10:06:18.904357700-0500","11.651387800","192.168.0.178","192.168.0.186","25565","25858","1935300","4471","66","0","0x0018"
"3618","2026-08-15T10:06:18.927240800-0500","11.674270900","192.168.0.186","192.168.0.178","25858","25565","4471","1935366","28","0","0x0018"
"3619","2026-08-15T10:06:18.928294600-0500","11.675324700","192.168.0.186","192.168.0.178","25858","25565","4499","1935366","3","0","0x0018"
"3620","2026-08-15T10:06:18.928661300-0500","11.675691400","192.168.0.178","192.168.0.186","25565","25858","1935366","4502","0","0","0x0010"
"3621","2026-08-15T10:06:18.953415100-0500","11.700445200","192.168.0.178","192.168.0.186","25565","25858","1935366","4502","288","0","0x0018"
"3622","2026-08-15T10:06:18.976802500-0500","11.723832600","192.168.0.186","192.168.0.178","25858","25565","4502","1935654","28","0","0x0018"
"3623","2026-08-15T10:06:18.978117700-0500","11.725147800","192.168.0.186","192.168.0.178","25858","25565","4530","1935654","3","0","0x0018"
"3624","2026-08-15T10:06:18.978549200-0500","11.725579300","192.168.0.178","192.168.0.186","25565","25858","1935654","4533","0","0","0x0010"
"3625","2026-08-15T10:06:19.005974800-0500","11.753004900","192.168.0.178","192.168.0.186","25565","25858","1935654","4533","445","0","0x0018"
"3626","2026-08-15T10:06:19.026819900-0500","11.773850000","192.168.0.186","192.168.0.178","25858","25565","4533","1936099","28","0","0x0018"
"3627","2026-08-15T10:06:19.028127100-0500","11.775157200","192.168.0.186","192.168.0.178","25858","25565","4561","1936099","3","0","0x0018"
"3628","2026-08-15T10:06:19.028533200-0500","11.775563300","192.168.0.178","192.168.0.186","25565","25858","1936099","4564","0","0","0x0010"
"3629","2026-08-15T10:06:19.043920200-0500","11.790950300","192.168.0.178","192.168.0.186","25565","25858","1936099","4564","54","0","0x0018"
"3630","2026-08-15T10:06:19.043920200-0500","11.790950300","192.168.0.178","192.168.0.186","25565","25858","1936153","4564","108","0","0x0018"
"3631","2026-08-15T10:06:19.043987500-0500","11.791017600","192.168.0.186","192.168.0.178","25858","25565","4564","1936261","0","0","0x0010"
"3632","2026-08-15T10:06:19.054294600-0500","11.801324700","192.168.0.178","192.168.0.186","25565","25858","1936261","4564","199","0","0x0018"
"3633","2026-08-15T10:06:19.076981700-0500","11.824011800","192.168.0.186","192.168.0.178","25858","25565","4564","1936460","28","0","0x0018"
"3634","2026-08-15T10:06:19.078388800-0500","11.825418900","192.168.0.186","192.168.0.178","25858","25565","4592","1936460","3","0","0x0018"
"3635","2026-08-15T10:06:19.079050900-0500","11.826081000","192.168.0.178","192.168.0.186","25565","25858","1936460","4595","0","0","0x0010"
"3636","2026-08-15T10:06:19.093800100-0500","11.840830200","192.168.0.178","192.168.0.186","25565","25858","1936460","4595","54","0","0x0018"
"3637","2026-08-15T10:06:19.093800100-0500","11.840830200","192.168.0.178","192.168.0.186","25565","25858","1936514","4595","108","0","0x0018"
"3638","2026-08-15T10:06:19.093858300-0500","11.840888400","192.168.0.186","192.168.0.178","25858","25565","4595","1936622","0","0","0x0010"
"3639","2026-08-15T10:06:19.106903400-0500","11.853933500","192.168.0.178","192.168.0.186","25565","25858","1936622","4595","1460","0","0x0010"
"3640","2026-08-15T10:06:19.106903400-0500","11.853933500","192.168.0.178","192.168.0.186","25565","25858","1938082","4595","1460","0","0x0010"
"3641","2026-08-15T10:06:19.106958900-0500","11.853989000","192.168.0.186","192.168.0.178","25858","25565","4595","1939542","0","0","0x0010"
"3642","2026-08-15T10:06:19.107014600-0500","11.854044700","192.168.0.178","192.168.0.186","25565","25858","1939542","4595","1460","0","0x0010"
"3643","2026-08-15T10:06:19.107112000-0500","11.854142100","192.168.0.178","192.168.0.186","25565","25858","1941002","4595","1460","0","0x0010"
"3644","2026-08-15T10:06:19.107121800-0500","11.854151900","192.168.0.186","192.168.0.178","25858","25565","4595","1942462","0","0","0x0010"
"3645","2026-08-15T10:06:19.107370800-0500","11.854400900","192.168.0.178","192.168.0.186","25565","25858","1942462","4595","1460","0","0x0010"
"3646","2026-08-15T10:06:19.107370800-0500","11.854400900","192.168.0.178","192.168.0.186","25565","25858","1943922","4595","1460","0","0x0010"
"3647","2026-08-15T10:06:19.107426600-0500","11.854456700","192.168.0.186","192.168.0.178","25858","25565","4595","1945382","0","0","0x0010"
"3648","2026-08-15T10:06:19.107493700-0500","11.854523800","192.168.0.178","192.168.0.186","25565","25858","1945382","4595","1460","0","0x0010"
"3649","2026-08-15T10:06:19.107744700-0500","11.854774800","192.168.0.178","192.168.0.186","25565","25858","1946842","4595","1460","0","0x0010"
"3650","2026-08-15T10:06:19.107744700-0500","11.854774800","192.168.0.178","192.168.0.186","25565","25858","1948302","4595","1460","0","0x0010"
"3651","2026-08-15T10:06:19.107801800-0500","11.854831900","192.168.0.186","192.168.0.178","25858","25565","4595","1949762","0","0","0x0010"
"3652","2026-08-15T10:06:19.107884800-0500","11.854914900","192.168.0.178","192.168.0.186","25565","25858","1949762","4595","1460","0","0x0010"
"3653","2026-08-15T10:06:19.107895600-0500","11.854925700","192.168.0.186","192.168.0.178","25858","25565","4595","1951222","0","0","0x0010"
"3654","2026-08-15T10:06:19.108110500-0500","11.855140600","192.168.0.178","192.168.0.186","25565","25858","1951222","4595","1460","0","0x0018"
"3655","2026-08-15T10:06:19.108110500-0500","11.855140600","192.168.0.178","192.168.0.186","25565","25858","1952682","4595","366","0","0x0018"
"3656","2026-08-15T10:06:19.108170800-0500","11.855200900","192.168.0.186","192.168.0.178","25858","25565","4595","1953048","0","0","0x0010"
"3657","2026-08-15T10:06:19.126630600-0500","11.873660700","192.168.0.186","192.168.0.178","25858","25565","4595","1953048","28","0","0x0018"
"3658","2026-08-15T10:06:19.127259400-0500","11.874289500","192.168.0.186","192.168.0.178","25858","25565","4623","1953048","3","0","0x0018"
"3659","2026-08-15T10:06:19.127929400-0500","11.874959500","192.168.0.178","192.168.0.186","25565","25858","1953048","4626","0","0","0x0010"
"3660","2026-08-15T10:06:19.143955300-0500","11.890985400","192.168.0.178","192.168.0.186","25565","25858","1953048","4626","54","0","0x0018"
"3661","2026-08-15T10:06:19.143955300-0500","11.890985400","192.168.0.178","192.168.0.186","25565","25858","1953102","4626","108","0","0x0018"
"3662","2026-08-15T10:06:19.143987400-0500","11.891017500","192.168.0.186","192.168.0.178","25858","25565","4626","1953210","0","0","0x0010"
"3663","2026-08-15T10:06:19.159440300-0500","11.906470400","192.168.0.178","192.168.0.186","25565","25858","1953210","4626","1460","0","0x0010"
"3664","2026-08-15T10:06:19.159440300-0500","11.906470400","192.168.0.178","192.168.0.186","25565","25858","1954670","4626","1460","0","0x0010"
"3665","2026-08-15T10:06:19.159475600-0500","11.906505700","192.168.0.186","192.168.0.178","25858","25565","4626","1956130","0","0","0x0010"
"3666","2026-08-15T10:06:19.159536500-0500","11.906566600","192.168.0.178","192.168.0.186","25565","25858","1956130","4626","1460","0","0x0010"
"3667","2026-08-15T10:06:19.159787500-0500","11.906817600","192.168.0.178","192.168.0.186","25565","25858","1957590","4626","1460","0","0x0010"
"3668","2026-08-15T10:06:19.159787500-0500","11.906817600","192.168.0.178","192.168.0.186","25565","25858","1959050","4626","1460","0","0x0010"
"3669","2026-08-15T10:06:19.159814900-0500","11.906845000","192.168.0.186","192.168.0.178","25858","25565","4626","1960510","0","0","0x0010"
"3670","2026-08-15T10:06:19.160034300-0500","11.907064400","192.168.0.178","192.168.0.186","25565","25858","1960510","4626","1460","0","0x0010"
"3671","2026-08-15T10:06:19.160034300-0500","11.907064400","192.168.0.178","192.168.0.186","25565","25858","1961970","4626","1460","0","0x0010"
"3672","2026-08-15T10:06:19.160062000-0500","11.907092100","192.168.0.186","192.168.0.178","25858","25565","4626","1963430","0","0","0x0010"
"3673","2026-08-15T10:06:19.160281400-0500","11.907311500","192.168.0.178","192.168.0.186","25565","25858","1963430","4626","1460","0","0x0010"
"3674","2026-08-15T10:06:19.160281400-0500","11.907311500","192.168.0.178","192.168.0.186","25565","25858","1964890","4626","1460","0","0x0010"
"3675","2026-08-15T10:06:19.160311000-0500","11.907341100","192.168.0.186","192.168.0.178","25858","25565","4626","1966350","0","0","0x0010"
"3676","2026-08-15T10:06:19.160527000-0500","11.907557100","192.168.0.178","192.168.0.186","25565","25858","1966350","4626","1460","0","0x0010"
"3677","2026-08-15T10:06:19.160527000-0500","11.907557100","192.168.0.178","192.168.0.186","25565","25858","1967810","4626","1460","0","0x0018"
"3678","2026-08-15T10:06:19.160561900-0500","11.907592000","192.168.0.186","192.168.0.178","25858","25565","4626","1969270","0","0","0x0010"
"3679","2026-08-15T10:06:19.160592200-0500","11.907622300","192.168.0.178","192.168.0.186","25565","25858","1969270","4626","299","0","0x0018"
"3680","2026-08-15T10:06:19.160599800-0500","11.907629900","192.168.0.186","192.168.0.178","25858","25565","4626","1969569","0","0","0x0010"
"3681","2026-08-15T10:06:19.177403500-0500","11.924433600","192.168.0.186","192.168.0.178","25858","25565","4626","1969569","28","0","0x0018"
"3682","2026-08-15T10:06:19.178569800-0500","11.925599900","192.168.0.178","192.168.0.186","25565","25858","1969569","4654","11","0","0x0018"
"3683","2026-08-15T10:06:19.178569800-0500","11.925599900","192.168.0.178","192.168.0.186","25565","25858","1969580","4654","11","0","0x0018"
"3684","2026-08-15T10:06:19.178569800-0500","11.925599900","192.168.0.178","192.168.0.186","25565","25858","1969591","4654","22","0","0x0018"
"3685","2026-08-15T10:06:19.178569800-0500","11.925599900","192.168.0.178","192.168.0.186","25565","25858","1969613","4654","33","0","0x0018"
"3686","2026-08-15T10:06:19.178569800-0500","11.925599900","192.168.0.178","192.168.0.186","25565","25858","1969646","4654","44","0","0x0018"
"3687","2026-08-15T10:06:19.178623600-0500","11.925653700","192.168.0.186","192.168.0.178","25858","25565","4654","1969690","0","0","0x0010"
"3688","2026-08-15T10:06:19.178671300-0500","11.925701400","192.168.0.178","192.168.0.186","25565","25858","1969690","4654","55","0","0x0018"
"3689","2026-08-15T10:06:19.178671300-0500","11.925701400","192.168.0.178","192.168.0.186","25565","25858","1969745","4654","11","0","0x0018"
"3690","2026-08-15T10:06:19.178671300-0500","11.925701400","192.168.0.178","192.168.0.186","25565","25858","1969756","4654","22","0","0x0018"
"3691","2026-08-15T10:06:19.178671300-0500","11.925701400","192.168.0.178","192.168.0.186","25565","25858","1969778","4654","9","0","0x0018"
"3692","2026-08-15T10:06:19.178683900-0500","11.925714000","192.168.0.186","192.168.0.178","25858","25565","4654","1969787","0","0","0x0010"
"3693","2026-08-15T10:06:19.178714700-0500","11.925744800","192.168.0.186","192.168.0.178","25858","25565","4654","1969787","3","0","0x0018"
"3694","2026-08-15T10:06:19.194332200-0500","11.941362300","192.168.0.178","192.168.0.186","25565","25858","1969787","4657","52","0","0x0018"
"3695","2026-08-15T10:06:19.194332200-0500","11.941362300","192.168.0.178","192.168.0.186","25565","25858","1969839","4657","52","0","0x0018"
"3696","2026-08-15T10:06:19.194332200-0500","11.941362300","192.168.0.178","192.168.0.186","25565","25858","1969891","4657","52","0","0x0018"
"3697","2026-08-15T10:06:19.194372000-0500","11.941402100","192.168.0.186","192.168.0.178","25858","25565","4657","1969943","0","0","0x0010"
"3698","2026-08-15T10:06:19.204279800-0500","11.951309900","192.168.0.178","192.168.0.186","25565","25858","1969943","4657","222","0","0x0018"
"3699","2026-08-15T10:06:19.204306900-0500","11.951337000","192.168.0.186","192.168.0.178","25858","25565","4657","1970165","0","0","0x0010"
"3700","2026-08-15T10:06:19.225929500-0500","11.972959600","192.168.0.186","192.168.0.178","25858","25565","4657","1970165","28","0","0x0018"
"3701","2026-08-15T10:06:19.226653300-0500","11.973683400","192.168.0.186","192.168.0.178","25858","25565","4685","1970165","3","0","0x0018"
"3702","2026-08-15T10:06:19.227277400-0500","11.974307500","192.168.0.178","192.168.0.186","25565","25858","1970165","4688","0","0","0x0010"
"3703","2026-08-15T10:06:19.256219700-0500","12.003249800","192.168.0.178","192.168.0.186","25565","25858","1970165","4688","408","0","0x0018"
"3704","2026-08-15T10:06:19.276007500-0500","12.023037600","192.168.0.186","192.168.0.178","25858","25565","4688","1970573","28","0","0x0018"
"3705","2026-08-15T10:06:19.276521300-0500","12.023551400","192.168.0.186","192.168.0.178","25858","25565","4716","1970573","3","0","0x0018"
"3706","2026-08-15T10:06:19.277086900-0500","12.024117000","192.168.0.178","192.168.0.186","25565","25858","1970573","4719","0","0","0x0010"
"3707","2026-08-15T10:06:19.309087400-0500","12.056117500","192.168.0.178","192.168.0.186","25565","25858","1970573","4719","1460","0","0x0010"
"3708","2026-08-15T10:06:19.309087400-0500","12.056117500","192.168.0.178","192.168.0.186","25565","25858","1972033","4719","1460","0","0x0010"
"3709","2026-08-15T10:06:19.309128200-0500","12.056158300","192.168.0.186","192.168.0.178","25858","25565","4719","1973493","0","0","0x0010"
"3710","2026-08-15T10:06:19.309191800-0500","12.056221900","192.168.0.178","192.168.0.186","25565","25858","1973493","4719","1460","0","0x0010"
"3711","2026-08-15T10:06:19.309441400-0500","12.056471500","192.168.0.178","192.168.0.186","25565","25858","1974953","4719","1460","0","0x0010"
"3712","2026-08-15T10:06:19.309441400-0500","12.056471500","192.168.0.178","192.168.0.186","25565","25858","1976413","4719","1460","0","0x0010"
"3713","2026-08-15T10:06:19.309460500-0500","12.056490600","192.168.0.186","192.168.0.178","25858","25565","4719","1977873","0","0","0x0010"
"3714","2026-08-15T10:06:19.309668400-0500","12.056698500","192.168.0.178","192.168.0.186","25565","25858","1977873","4719","1460","0","0x0010"
"3715","2026-08-15T10:06:19.309686700-0500","12.056716800","192.168.0.186","192.168.0.178","25858","25565","4719","1979333","0","0","0x0010"
"3716","2026-08-15T10:06:19.309720000-0500","12.056750100","192.168.0.178","192.168.0.186","25565","25858","1979333","4719","1460","0","0x0010"
"3717","2026-08-15T10:06:19.309845400-0500","12.056875500","192.168.0.178","192.168.0.186","25565","25858","1980793","4719","1460","0","0x0010"
"3718","2026-08-15T10:06:19.309865900-0500","12.056896000","192.168.0.186","192.168.0.178","25858","25565","4719","1982253","0","0","0x0010"
"3719","2026-08-15T10:06:19.309970200-0500","12.057000300","192.168.0.178","192.168.0.186","25565","25858","1982253","4719","1460","0","0x0010"
"3720","2026-08-15T10:06:19.310202500-0500","12.057232600","192.168.0.178","192.168.0.186","25565","25858","1983713","4719","1460","0","0x0010"
"3721","2026-08-15T10:06:19.310202500-0500","12.057232600","192.168.0.178","192.168.0.186","25565","25858","1985173","4719","1460","0","0x0018"
"3722","2026-08-15T10:06:19.310221600-0500","12.057251700","192.168.0.186","192.168.0.178","25858","25565","4719","1986633","0","0","0x0010"
"3723","2026-08-15T10:06:19.311927700-0500","12.058957800","192.168.0.178","192.168.0.186","25565","25858","1986633","4719","1460","0","0x0010"
"3724","2026-08-15T10:06:19.311927700-0500","12.058957800","192.168.0.178","192.168.0.186","25565","25858","1988093","4719","1061","0","0x0018"
"3725","2026-08-15T10:06:19.311951900-0500","12.058982000","192.168.0.186","192.168.0.178","25858","25565","4719","1989154","0","0","0x0010"
"3726","2026-08-15T10:06:19.326658500-0500","12.073688600","192.168.0.186","192.168.0.178","25858","25565","4719","1989154","28","0","0x0018"
"3727","2026-08-15T10:06:19.327284900-0500","12.074315000","192.168.0.186","192.168.0.178","25858","25565","4747","1989154","3","0","0x0018"
"3728","2026-08-15T10:06:19.328003500-0500","12.075033600","192.168.0.178","192.168.0.186","25565","25858","1989154","4750","0","0","0x0010"
"3729","2026-08-15T10:06:19.360992300-0500","12.108022400","192.168.0.178","192.168.0.186","25565","25858","1989154","4750","1460","0","0x0010"
"3730","2026-08-15T10:06:19.360992300-0500","12.108022400","192.168.0.178","192.168.0.186","25565","25858","1990614","4750","1460","0","0x0010"
"3731","2026-08-15T10:06:19.361035000-0500","12.108065100","192.168.0.186","192.168.0.178","25858","25565","4750","1992074","0","0","0x0010"
"3732","2026-08-15T10:06:19.361089300-0500","12.108119400","192.168.0.178","192.168.0.186","25565","25858","1992074","4750","1460","0","0x0010"
"3733","2026-08-15T10:06:19.361325100-0500","12.108355200","192.168.0.178","192.168.0.186","25565","25858","1993534","4750","1460","0","0x0010"
"3734","2026-08-15T10:06:19.361325100-0500","12.108355200","192.168.0.178","192.168.0.186","25565","25858","1994994","4750","1460","0","0x0010"
"3735","2026-08-15T10:06:19.361344400-0500","12.108374500","192.168.0.186","192.168.0.178","25858","25565","4750","1996454","0","0","0x0010"
"3736","2026-08-15T10:06:19.361553500-0500","12.108583600","192.168.0.178","192.168.0.186","25565","25858","1996454","4750","1460","0","0x0010"
"3737","2026-08-15T10:06:19.361571500-0500","12.108601600","192.168.0.186","192.168.0.178","25858","25565","4750","1997914","0","0","0x0010"
"3738","2026-08-15T10:06:19.361603200-0500","12.108633300","192.168.0.178","192.168.0.186","25565","25858","1997914","4750","1460","0","0x0010"
"3739","2026-08-15T10:06:19.361833500-0500","12.108863600","192.168.0.178","192.168.0.186","25565","25858","1999374","4750","1460","0","0x0010"
"3740","2026-08-15T10:06:19.361833500-0500","12.108863600","192.168.0.178","192.168.0.186","25565","25858","2000834","4750","1460","0","0x0010"
"3741","2026-08-15T10:06:19.361852200-0500","12.108882300","192.168.0.186","192.168.0.178","25858","25565","4750","2002294","0","0","0x0010"
"3742","2026-08-15T10:06:19.362064300-0500","12.109094400","192.168.0.178","192.168.0.186","25565","25858","2002294","4750","1460","0","0x0010"
"3743","2026-08-15T10:06:19.362064300-0500","12.109094400","192.168.0.178","192.168.0.186","25565","25858","2003754","4750","1460","0","0x0018"
"3744","2026-08-15T10:06:19.362083800-0500","12.109113900","192.168.0.186","192.168.0.178","25858","25565","4750","2005214","0","0","0x0010"
"3745","2026-08-15T10:06:19.362252500-0500","12.109282600","192.168.0.178","192.168.0.186","25565","25858","2005214","4750","1460","0","0x0010"
"3746","2026-08-15T10:06:19.362252500-0500","12.109282600","192.168.0.178","192.168.0.186","25565","25858","2006674","4750","439","0","0x0018"
"3747","2026-08-15T10:06:19.362274300-0500","12.109304400","192.168.0.186","192.168.0.178","25858","25565","4750","2007113","0","0","0x0010"
"3748","2026-08-15T10:06:19.376237300-0500","12.123267400","192.168.0.186","192.168.0.178","25858","25565","4750","2007113","28","0","0x0018"
"3749","2026-08-15T10:06:19.376916000-0500","12.123946100","192.168.0.186","192.168.0.178","25858","25565","4778","2007113","3","0","0x0018"
"3750","2026-08-15T10:06:19.377547100-0500","12.124577200","192.168.0.178","192.168.0.186","25565","25858","2007113","4781","0","0","0x0010"
"3751","2026-08-15T10:06:19.407565500-0500","12.154595600","192.168.0.178","192.168.0.186","25565","25858","2007113","4781","1460","0","0x0010"
"3752","2026-08-15T10:06:19.407565500-0500","12.154595600","192.168.0.178","192.168.0.186","25565","25858","2008573","4781","1460","0","0x0010"
"3753","2026-08-15T10:06:19.407615400-0500","12.154645500","192.168.0.186","192.168.0.178","25858","25565","4781","2010033","0","0","0x0010"
"3754","2026-08-15T10:06:19.407668600-0500","12.154698700","192.168.0.178","192.168.0.186","25565","25858","2010033","4781","1460","0","0x0010"
"3755","2026-08-15T10:06:19.407895100-0500","12.154925200","192.168.0.178","192.168.0.186","25565","25858","2011493","4781","1460","0","0x0010"
"3756","2026-08-15T10:06:19.407895100-0500","12.154925200","192.168.0.178","192.168.0.186","25565","25858","2012953","4781","1460","0","0x0010"
"3757","2026-08-15T10:06:19.407917300-0500","12.154947400","192.168.0.186","192.168.0.178","25858","25565","4781","2014413","0","0","0x0010"
"3758","2026-08-15T10:06:19.408138900-0500","12.155169000","192.168.0.178","192.168.0.186","25565","25858","2014413","4781","1460","0","0x0010"
"3759","2026-08-15T10:06:19.408138900-0500","12.155169000","192.168.0.178","192.168.0.186","25565","25858","2015873","4781","1460","0","0x0010"
"3760","2026-08-15T10:06:19.408157100-0500","12.155187200","192.168.0.186","192.168.0.178","25858","25565","4781","2017333","0","0","0x0010"
"3761","2026-08-15T10:06:19.408658800-0500","12.155688900","192.168.0.178","192.168.0.186","25565","25858","2017333","4781","1460","0","0x0010"
"3762","2026-08-15T10:06:19.408658800-0500","12.155688900","192.168.0.178","192.168.0.186","25565","25858","2018793","4781","1460","0","0x0010"
"3763","2026-08-15T10:06:19.408658800-0500","12.155688900","192.168.0.178","192.168.0.186","25565","25858","2020253","4781","1460","0","0x0010"
"3764","2026-08-15T10:06:19.408658800-0500","12.155688900","192.168.0.178","192.168.0.186","25565","25858","2021713","4781","1460","0","0x0018"
"3765","2026-08-15T10:06:19.408683400-0500","12.155713500","192.168.0.186","192.168.0.178","25858","25565","4781","2023173","0","0","0x0010"
"3766","2026-08-15T10:06:19.408964600-0500","12.155994700","192.168.0.178","192.168.0.186","25565","25858","2023173","4781","1460","0","0x0010"
"3767","2026-08-15T10:06:19.408964600-0500","12.155994700","192.168.0.178","192.168.0.186","25565","25858","2024633","4781","1460","0","0x0010"
"3768","2026-08-15T10:06:19.408989100-0500","12.156019200","192.168.0.186","192.168.0.178","25858","25565","4781","2026093","0","0","0x0010"
"3769","2026-08-15T10:06:19.409032000-0500","12.156062100","192.168.0.178","192.168.0.186","25565","25858","2026093","4781","1460","0","0x0010"
"3770","2026-08-15T10:06:19.409032000-0500","12.156062100","192.168.0.178","192.168.0.186","25565","25858","2027553","4781","190","0","0x0018"
"3771","2026-08-15T10:06:19.409040600-0500","12.156070700","192.168.0.186","192.168.0.178","25858","25565","4781","2027743","0","0","0x0010"
"3772","2026-08-15T10:06:19.425928400-0500","12.172958500","192.168.0.186","192.168.0.178","25858","25565","4781","2027743","28","0","0x0018"
"3773","2026-08-15T10:06:19.426516100-0500","12.173546200","192.168.0.186","192.168.0.178","25858","25565","4809","2027743","3","0","0x0018"
"3774","2026-08-15T10:06:19.427232900-0500","12.174263000","192.168.0.178","192.168.0.186","25565","25858","2027743","4812","0","0","0x0010"
"3775","2026-08-15T10:06:19.456641500-0500","12.203671600","192.168.0.178","192.168.0.186","25565","25858","2027743","4812","1460","0","0x0010"
"3776","2026-08-15T10:06:19.456641500-0500","12.203671600","192.168.0.178","192.168.0.186","25565","25858","2029203","4812","1460","0","0x0010"
"3777","2026-08-15T10:06:19.456711400-0500","12.203741500","192.168.0.186","192.168.0.178","25858","25565","4812","2030663","0","0","0x0010"
"3778","2026-08-15T10:06:19.456749700-0500","12.203779800","192.168.0.178","192.168.0.186","25565","25858","2030663","4812","1460","0","0x0010"
"3779","2026-08-15T10:06:19.456881600-0500","12.203911700","192.168.0.178","192.168.0.186","25565","25858","2032123","4812","1460","0","0x0010"
"3780","2026-08-15T10:06:19.456888600-0500","12.203918700","192.168.0.186","192.168.0.178","25858","25565","4812","2033583","0","0","0x0010"
"3781","2026-08-15T10:06:19.457074500-0500","12.204104600","192.168.0.178","192.168.0.186","25565","25858","2033583","4812","1460","0","0x0010"
"3782","2026-08-15T10:06:19.457126600-0500","12.204156700","192.168.0.178","192.168.0.186","25565","25858","2035043","4812","1460","0","0x0010"
"3783","2026-08-15T10:06:19.457133600-0500","12.204163700","192.168.0.186","192.168.0.178","25858","25565","4812","2036503","0","0","0x0010"
"3784","2026-08-15T10:06:19.457332500-0500","12.204362600","192.168.0.178","192.168.0.186","25565","25858","2036503","4812","1460","0","0x0010"
"3785","2026-08-15T10:06:19.457332500-0500","12.204362600","192.168.0.178","192.168.0.186","25565","25858","2037963","4812","1460","0","0x0010"
"3786","2026-08-15T10:06:19.457350900-0500","12.204381000","192.168.0.186","192.168.0.178","25858","25565","4812","2039423","0","0","0x0010"
"3787","2026-08-15T10:06:19.457583300-0500","12.204613400","192.168.0.178","192.168.0.186","25565","25858","2039423","4812","1445","0","0x0018"
"3788","2026-08-15T10:06:19.476030400-0500","12.223060500","192.168.0.186","192.168.0.178","25858","25565","4812","2040868","28","0","0x0018"
"3789","2026-08-15T10:06:19.476568900-0500","12.223599000","192.168.0.186","192.168.0.178","25858","25565","4840","2040868","3","0","0x0018"
"3790","2026-08-15T10:06:19.477115100-0500","12.224145200","192.168.0.178","192.168.0.186","25565","25858","2040868","4843","0","0","0x0010"
"3791","2026-08-15T10:06:19.507575800-0500","12.254605900","192.168.0.178","192.168.0.186","25565","25858","2040868","4843","1460","0","0x0010"
"3792","2026-08-15T10:06:19.507575800-0500","12.254605900","192.168.0.178","192.168.0.186","25565","25858","2042328","4843","1460","0","0x0010"
"3793","2026-08-15T10:06:19.507630000-0500","12.254660100","192.168.0.186","192.168.0.178","25858","25565","4843","2043788","0","0","0x0010"
"3794","2026-08-15T10:06:19.507679600-0500","12.254709700","192.168.0.178","192.168.0.186","25565","25858","2043788","4843","1460","0","0x0010"
"3795","2026-08-15T10:06:19.507902100-0500","12.254932200","192.168.0.178","192.168.0.186","25565","25858","2045248","4843","1460","0","0x0010"
"3796","2026-08-15T10:06:19.507902100-0500","12.254932200","192.168.0.178","192.168.0.186","25565","25858","2046708","4843","1460","0","0x0010"
"3797","2026-08-15T10:06:19.507939800-0500","12.254969900","192.168.0.186","192.168.0.178","25858","25565","4843","2048168","0","0","0x0010"
"3798","2026-08-15T10:06:19.508152400-0500","12.255182500","192.168.0.178","192.168.0.186","25565","25858","2048168","4843","1460","0","0x0010"
"3799","2026-08-15T10:06:19.508152400-0500","12.255182500","192.168.0.178","192.168.0.186","25565","25858","2049628","4843","1460","0","0x0010"
"3800","2026-08-15T10:06:19.508187400-0500","12.255217500","192.168.0.186","192.168.0.178","25858","25565","4843","2051088","0","0","0x0010"
"3801","2026-08-15T10:06:19.508392800-0500","12.255422900","192.168.0.178","192.168.0.186","25565","25858","2051088","4843","1460","0","0x0010"
"3802","2026-08-15T10:06:19.508392800-0500","12.255422900","192.168.0.178","192.168.0.186","25565","25858","2052548","4843","1460","0","0x0010"
"3803","2026-08-15T10:06:19.508427400-0500","12.255457500","192.168.0.186","192.168.0.178","25858","25565","4843","2054008","0","0","0x0010"
"3804","2026-08-15T10:06:19.508769900-0500","12.255800000","192.168.0.178","192.168.0.186","25565","25858","2054008","4843","1460","0","0x0010"
"3805","2026-08-15T10:06:19.508769900-0500","12.255800000","192.168.0.178","192.168.0.186","25565","25858","2055468","4843","1109","0","0x0018"
"3806","2026-08-15T10:06:19.508812100-0500","12.255842200","192.168.0.186","192.168.0.178","25858","25565","4843","2056577","0","0","0x0010"
"3807","2026-08-15T10:06:19.526297200-0500","12.273327300","192.168.0.186","192.168.0.178","25858","25565","4843","2056577","28","0","0x0018"
"3808","2026-08-15T10:06:19.526831000-0500","12.273861100","192.168.0.186","192.168.0.178","25858","25565","4871","2056577","3","0","0x0018"
"3809","2026-08-15T10:06:19.527437100-0500","12.274467200","192.168.0.178","192.168.0.186","25565","25858","2056577","4874","0","0","0x0010"
"3810","2026-08-15T10:06:19.555888700-0500","12.302918800","192.168.0.178","192.168.0.186","25565","25858","2056577","4874","1460","0","0x0010"
"3811","2026-08-15T10:06:19.555888700-0500","12.302918800","192.168.0.178","192.168.0.186","25565","25858","2058037","4874","1460","0","0x0010"
"3812","2026-08-15T10:06:19.555937300-0500","12.302967400","192.168.0.186","192.168.0.178","25858","25565","4874","2059497","0","0","0x0010"
"3813","2026-08-15T10:06:19.555996500-0500","12.303026600","192.168.0.178","192.168.0.186","25565","25858","2059497","4874","1460","0","0x0010"
"3814","2026-08-15T10:06:19.556251100-0500","12.303281200","192.168.0.178","192.168.0.186","25565","25858","2060957","4874","1460","0","0x0010"
"3815","2026-08-15T10:06:19.556251100-0500","12.303281200","192.168.0.178","192.168.0.186","25565","25858","2062417","4874","1460","0","0x0010"
"3816","2026-08-15T10:06:19.556297100-0500","12.303327200","192.168.0.186","192.168.0.178","25858","25565","4874","2063877","0","0","0x0010"
"3817","2026-08-15T10:06:19.556357900-0500","12.303388000","192.168.0.178","192.168.0.186","25565","25858","2063877","4874","1460","0","0x0010"
"3818","2026-08-15T10:06:19.556370700-0500","12.303400800","192.168.0.186","192.168.0.178","25858","25565","4874","2065337","0","0","0x0010"
"3819","2026-08-15T10:06:19.556575000-0500","12.303605100","192.168.0.178","192.168.0.186","25565","25858","2065337","4874","1460","0","0x0010"
"3820","2026-08-15T10:06:19.556635700-0500","12.303665800","192.168.0.178","192.168.0.186","25565","25858","2066797","4874","1460","0","0x0010"
"3821","2026-08-15T10:06:19.556651900-0500","12.303682000","192.168.0.186","192.168.0.178","25858","25565","4874","2068257","0","0","0x0010"
"3822","2026-08-15T10:06:19.556736300-0500","12.303766400","192.168.0.178","192.168.0.186","25565","25858","2068257","4874","1460","0","0x0010"
"3823","2026-08-15T10:06:19.556978500-0500","12.304008600","192.168.0.178","192.168.0.186","25565","25858","2069717","4874","1460","0","0x0010"
"3824","2026-08-15T10:06:19.556978500-0500","12.304008600","192.168.0.178","192.168.0.186","25565","25858","2071177","4874","1460","0","0x0018"
"3825","2026-08-15T10:06:19.557019000-0500","12.304049100","192.168.0.186","192.168.0.178","25858","25565","4874","2072637","0","0","0x0010"
"3826","2026-08-15T10:06:19.557133200-0500","12.304163300","192.168.0.178","192.168.0.186","25565","25858","2072637","4874","1460","0","0x0010"
"3827","2026-08-15T10:06:19.557149100-0500","12.304179200","192.168.0.186","192.168.0.178","25858","25565","4874","2074097","0","0","0x0010"
"3828","2026-08-15T10:06:19.557162300-0500","12.304192400","192.168.0.178","192.168.0.186","25565","25858","2074097","4874","753","0","0x0018"
"3829","2026-08-15T10:06:19.576264100-0500","12.323294200","192.168.0.186","192.168.0.178","25858","25565","4874","2074850","28","0","0x0018"
"3830","2026-08-15T10:06:19.576856900-0500","12.323887000","192.168.0.186","192.168.0.178","25858","25565","4902","2074850","3","0","0x0018"
"3831","2026-08-15T10:06:19.577523800-0500","12.324553900","192.168.0.178","192.168.0.186","25565","25858","2074850","4905","0","0","0x0010"
"3832","2026-08-15T10:06:19.605534700-0500","12.352564800","192.168.0.178","192.168.0.186","25565","25858","2074850","4905","1460","0","0x0010"
"3833","2026-08-15T10:06:19.605534700-0500","12.352564800","192.168.0.178","192.168.0.186","25565","25858","2076310","4905","1460","0","0x0010"
"3834","2026-08-15T10:06:19.605590200-0500","12.352620300","192.168.0.186","192.168.0.178","25858","25565","4905","2077770","0","0","0x0010"
"3835","2026-08-15T10:06:19.605642000-0500","12.352672100","192.168.0.178","192.168.0.186","25565","25858","2077770","4905","1460","0","0x0010"
"3836","2026-08-15T10:06:19.605869900-0500","12.352900000","192.168.0.178","192.168.0.186","25565","25858","2079230","4905","1460","0","0x0010"
"3837","2026-08-15T10:06:19.605869900-0500","12.352900000","192.168.0.178","192.168.0.186","25565","25858","2080690","4905","1460","0","0x0010"
"3838","2026-08-15T10:06:19.605904700-0500","12.352934800","192.168.0.186","192.168.0.178","25858","25565","4905","2082150","0","0","0x0010"
"3839","2026-08-15T10:06:19.606124100-0500","12.353154200","192.168.0.178","192.168.0.186","25565","25858","2082150","4905","1460","0","0x0010"
"3840","2026-08-15T10:06:19.606124100-0500","12.353154200","192.168.0.178","192.168.0.186","25565","25858","2083610","4905","1460","0","0x0010"
"3841","2026-08-15T10:06:19.606151100-0500","12.353181200","192.168.0.186","192.168.0.178","25858","25565","4905","2085070","0","0","0x0010"
"3842","2026-08-15T10:06:19.606368400-0500","12.353398500","192.168.0.178","192.168.0.186","25565","25858","2085070","4905","1460","0","0x0010"
"3843","2026-08-15T10:06:19.606368400-0500","12.353398500","192.168.0.178","192.168.0.186","25565","25858","2086530","4905","1460","0","0x0010"
"3844","2026-08-15T10:06:19.606403500-0500","12.353433600","192.168.0.186","192.168.0.178","25858","25565","4905","2087990","0","0","0x0010"
"3845","2026-08-15T10:06:19.606494600-0500","12.353524700","192.168.0.178","192.168.0.186","25565","25858","2087990","4905","1460","0","0x0010"
"3846","2026-08-15T10:06:19.606503300-0500","12.353533400","192.168.0.186","192.168.0.178","25858","25565","4905","2089450","0","0","0x0010"
"3847","2026-08-15T10:06:19.606758500-0500","12.353788600","192.168.0.178","192.168.0.186","25565","25858","2089450","4905","1460","0","0x0018"
"3848","2026-08-15T10:06:19.608248100-0500","12.355278200","192.168.0.178","192.168.0.186","25565","25858","2090910","4905","1460","0","0x0010"
"3849","2026-08-15T10:06:19.608248100-0500","12.355278200","192.168.0.178","192.168.0.186","25565","25858","2092370","4905","1460","0","0x0010"
"3850","2026-08-15T10:06:19.608248100-0500","12.355278200","192.168.0.178","192.168.0.186","25565","25858","2093830","4905","258","0","0x0018"
"3851","2026-08-15T10:06:19.608287500-0500","12.355317600","192.168.0.186","192.168.0.178","25858","25565","4905","2094088","0","0","0x0010"
"3852","2026-08-15T10:06:19.608642000-0500","12.355672100","192.168.0.186","192.168.0.178","25858","25565","4905","2094088","11","0","0x0018"
"3853","2026-08-15T10:06:19.608900600-0500","12.355930700","192.168.0.178","192.168.0.186","25565","25858","2094088","4905","52","0","0x0018"
"3854","2026-08-15T10:06:19.608900600-0500","12.355930700","192.168.0.178","192.168.0.186","25565","25858","2094140","4905","52","0","0x0018"
"3855","2026-08-15T10:06:19.608900600-0500","12.355930700","192.168.0.178","192.168.0.186","25565","25858","2094192","4905","52","0","0x0018"
"3856","2026-08-15T10:06:19.608940500-0500","12.355970600","192.168.0.186","192.168.0.178","25858","25565","4916","2094244","0","0","0x0010"
"3857","2026-08-15T10:06:19.625724900-0500","12.372755000","192.168.0.186","192.168.0.178","25858","25565","4916","2094244","28","0","0x0018"
"3858","2026-08-15T10:06:19.626357100-0500","12.373387200","192.168.0.186","192.168.0.178","25858","25565","4944","2094244","3","0","0x0018"
"3859","2026-08-15T10:06:19.626494200-0500","12.373524300","192.168.0.178","192.168.0.186","25565","25858","2094244","4944","0","0","0x0010"
"3860","2026-08-15T10:06:19.644145500-0500","12.391175600","192.168.0.178","192.168.0.186","25565","25858","2094244","4947","52","0","0x0018"
"3861","2026-08-15T10:06:19.644145500-0500","12.391175600","192.168.0.178","192.168.0.186","25565","25858","2094296","4947","52","0","0x0018"
"3862","2026-08-15T10:06:19.644186000-0500","12.391216100","192.168.0.186","192.168.0.178","25858","25565","4947","2094348","0","0","0x0010"
"3863","2026-08-15T10:06:19.644209700-0500","12.391239800","192.168.0.178","192.168.0.186","25565","25858","2094348","4947","52","0","0x0018"
"3864","2026-08-15T10:06:19.655917800-0500","12.402947900","192.168.0.178","192.168.0.186","25565","25858","2094400","4947","1460","0","0x0010"
"3865","2026-08-15T10:06:19.655917800-0500","12.402947900","192.168.0.178","192.168.0.186","25565","25858","2095860","4947","1460","0","0x0010"
"3866","2026-08-15T10:06:19.655968300-0500","12.402998400","192.168.0.186","192.168.0.178","25858","25565","4947","2097320","0","0","0x0010"
"3867","2026-08-15T10:06:19.656037000-0500","12.403067100","192.168.0.178","192.168.0.186","25565","25858","2097320","4947","1460","0","0x0010"
"3868","2026-08-15T10:06:19.656051900-0500","12.403082000","192.168.0.186","192.168.0.178","25858","25565","4947","2098780","0","0","0x0010"
"3869","2026-08-15T10:06:19.656281600-0500","12.403311700","192.168.0.178","192.168.0.186","25565","25858","2098780","4947","1460","0","0x0010"
"3870","2026-08-15T10:06:19.656281600-0500","12.403311700","192.168.0.178","192.168.0.186","25565","25858","2100240","4947","1460","0","0x0010"
"3871","2026-08-15T10:06:19.656328800-0500","12.403358900","192.168.0.186","192.168.0.178","25858","25565","4947","2101700","0","0","0x0010"
"3872","2026-08-15T10:06:19.656393100-0500","12.403423200","192.168.0.178","192.168.0.186","25565","25858","2101700","4947","1460","0","0x0010"
"3873","2026-08-15T10:06:19.656659900-0500","12.403690000","192.168.0.178","192.168.0.186","25565","25858","2103160","4947","1460","0","0x0010"
"3874","2026-08-15T10:06:19.656659900-0500","12.403690000","192.168.0.178","192.168.0.186","25565","25858","2104620","4947","1460","0","0x0010"
"3875","2026-08-15T10:06:19.656700000-0500","12.403730100","192.168.0.186","192.168.0.178","25858","25565","4947","2106080","0","0","0x0010"
"3876","2026-08-15T10:06:19.656751600-0500","12.403781700","192.168.0.178","192.168.0.186","25565","25858","2106080","4947","965","0","0x0018"
"3877","2026-08-15T10:06:19.656775800-0500","12.403805900","192.168.0.186","192.168.0.178","25858","25565","4947","2107045","0","0","0x0010"
"3878","2026-08-15T10:06:19.676897900-0500","12.423928000","192.168.0.186","192.168.0.178","25858","25565","4947","2107045","28","0","0x0018"
"3879","2026-08-15T10:06:19.678171500-0500","12.425201600","192.168.0.186","192.168.0.178","25858","25565","4975","2107045","3","0","0x0018"
"3880","2026-08-15T10:06:19.678871600-0500","12.425901700","192.168.0.178","192.168.0.186","25565","25858","2107045","4978","0","0","0x0010"
"3881","2026-08-15T10:06:19.705677100-0500","12.452707200","192.168.0.178","192.168.0.186","25565","25858","2107045","4978","532","0","0x0018"
"3882","2026-08-15T10:06:19.726957000-0500","12.473987100","192.168.0.186","192.168.0.178","25858","25565","4978","2107577","28","0","0x0018"
"3883","2026-08-15T10:06:19.728254900-0500","12.475285000","192.168.0.186","192.168.0.178","25858","25565","5006","2107577","3","0","0x0018"
"3884","2026-08-15T10:06:19.728707200-0500","12.475737300","192.168.0.178","192.168.0.186","25565","25858","2107577","5009","0","0","0x0010"
"3885","2026-08-15T10:06:19.755157800-0500","12.502187900","192.168.0.178","192.168.0.186","25565","25858","2107577","5009","232","0","0x0018"
"3886","2026-08-15T10:06:19.776927400-0500","12.523957500","192.168.0.186","192.168.0.178","25858","25565","5009","2107809","36","0","0x0018"
"3887","2026-08-15T10:06:19.778105200-0500","12.525135300","192.168.0.186","192.168.0.178","25858","25565","5045","2107809","3","0","0x0018"
"3888","2026-08-15T10:06:19.778836400-0500","12.525866500","192.168.0.178","192.168.0.186","25565","25858","2107809","5048","0","0","0x0010"
"3889","2026-08-15T10:06:19.806683900-0500","12.553714000","192.168.0.178","192.168.0.186","25565","25858","2107809","5048","160","0","0x0018"
"3890","2026-08-15T10:06:19.828168400-0500","12.575198500","192.168.0.186","192.168.0.178","25858","25565","5048","2107969","36","0","0x0018"
"3891","2026-08-15T10:06:19.829444000-0500","12.576474100","192.168.0.186","192.168.0.178","25858","25565","5084","2107969","3","0","0x0018"
"3892","2026-08-15T10:06:19.830199100-0500","12.577229200","192.168.0.178","192.168.0.186","25565","25858","2107969","5087","0","0","0x0010"
"3893","2026-08-15T10:06:19.858964200-0500","12.605994300","192.168.0.178","192.168.0.186","25565","25858","2107969","5087","370","0","0x0018"
"3894","2026-08-15T10:06:19.877108800-0500","12.624138900","192.168.0.186","192.168.0.178","25858","25565","5087","2108339","28","0","0x0018"
"3895","2026-08-15T10:06:19.878371200-0500","12.625401300","192.168.0.186","192.168.0.178","25858","25565","5115","2108339","3","0","0x0018"
"3896","2026-08-15T10:06:19.878971900-0500","12.626002000","192.168.0.178","192.168.0.186","25565","25858","2108339","5118","0","0","0x0010"
"3897","2026-08-15T10:06:19.904225200-0500","12.651255300","192.168.0.178","192.168.0.186","25565","25858","2108339","5118","174","0","0x0018"
"3898","2026-08-15T10:06:19.926844300-0500","12.673874400","192.168.0.186","192.168.0.178","25858","25565","5118","2108513","36","0","0x0018"
"3899","2026-08-15T10:06:19.928131000-0500","12.675161100","192.168.0.186","192.168.0.178","25858","25565","5154","2108513","3","0","0x0018"
"3900","2026-08-15T10:06:19.928901500-0500","12.675931600","192.168.0.178","192.168.0.186","25565","25858","2108513","5157","0","0","0x0010"
"3901","2026-08-15T10:06:19.955074500-0500","12.702104600","192.168.0.178","192.168.0.186","25565","25858","2108513","5157","402","0","0x0018"
"3902","2026-08-15T10:06:19.976861800-0500","12.723891900","192.168.0.186","192.168.0.178","25858","25565","5157","2108915","28","0","0x0018"
"3903","2026-08-15T10:06:19.978159200-0500","12.725189300","192.168.0.186","192.168.0.178","25858","25565","5185","2108915","3","0","0x0018"
"3904","2026-08-15T10:06:19.978959000-0500","12.725989100","192.168.0.178","192.168.0.186","25565","25858","2108915","5188","0","0","0x0010"
"3905","2026-08-15T10:06:20.005482000-0500","12.752512100","192.168.0.178","192.168.0.186","25565","25858","2108915","5188","407","0","0x0018"
"3906","2026-08-15T10:06:20.027528400-0500","12.774558500","192.168.0.186","192.168.0.178","25858","25565","5188","2109322","13","0","0x0018"
"3907","2026-08-15T10:06:20.027556500-0500","12.774586600","192.168.0.186","192.168.0.178","25858","25565","5201","2109322","4","0","0x0018"
"3908","2026-08-15T10:06:20.027669000-0500","12.774699100","192.168.0.186","192.168.0.178","25858","25565","5205","2109322","28","0","0x0018"
"3909","2026-08-15T10:06:20.028280100-0500","12.775310200","192.168.0.178","192.168.0.186","25565","25858","2109322","5233","0","0","0x0010"
"3910","2026-08-15T10:06:20.028677300-0500","12.775707400","192.168.0.186","192.168.0.178","25858","25565","5233","2109322","3","0","0x0018"
"3911","2026-08-15T10:06:20.030670900-0500","12.777701000","192.168.0.178","192.168.0.186","25565","25858","2109322","5236","78","0","0x0018"
"3912","2026-08-15T10:06:20.030670900-0500","12.777701000","192.168.0.178","192.168.0.186","25565","25858","2109400","5236","12","0","0x0018"
"3913","2026-08-15T10:06:20.030713400-0500","12.777743500","192.168.0.186","192.168.0.178","25858","25565","5236","2109412","0","0","0x0010"
"3914","2026-08-15T10:06:20.055375100-0500","12.802405200","192.168.0.178","192.168.0.186","25565","25858","2109412","5236","257","0","0x0018"
"3915","2026-08-15T10:06:20.076680500-0500","12.823710600","192.168.0.186","192.168.0.178","25858","25565","5236","2109669","28","0","0x0018"
"3916","2026-08-15T10:06:20.077723000-0500","12.824753100","192.168.0.178","192.168.0.186","25565","25858","2109669","5264","11","0","0x0018"
"3917","2026-08-15T10:06:20.077723000-0500","12.824753100","192.168.0.178","192.168.0.186","25565","25858","2109680","5264","22","0","0x0018"
"3918","2026-08-15T10:06:20.077723000-0500","12.824753100","192.168.0.178","192.168.0.186","25565","25858","2109702","5264","11","0","0x0018"
"3919","2026-08-15T10:06:20.077723000-0500","12.824753100","192.168.0.178","192.168.0.186","25565","25858","2109713","5264","22","0","0x0018"
"3920","2026-08-15T10:06:20.077723000-0500","12.824753100","192.168.0.178","192.168.0.186","25565","25858","2109735","5264","11","0","0x0018"
"3921","2026-08-15T10:06:20.077785500-0500","12.824815600","192.168.0.186","192.168.0.178","25858","25565","5264","2109746","0","0","0x0010"
"3922","2026-08-15T10:06:20.077830300-0500","12.824860400","192.168.0.178","192.168.0.186","25565","25858","2109746","5264","22","0","0x0018"
"3923","2026-08-15T10:06:20.077830300-0500","12.824860400","192.168.0.178","192.168.0.186","25565","25858","2109768","5264","11","0","0x0018"
"3924","2026-08-15T10:06:20.077846300-0500","12.824876400","192.168.0.186","192.168.0.178","25858","25565","5264","2109779","0","0","0x0010"
"3925","2026-08-15T10:06:20.077888500-0500","12.824918600","192.168.0.178","192.168.0.186","25565","25858","2109779","5264","11","0","0x0018"
"3926","2026-08-15T10:06:20.077888500-0500","12.824918600","192.168.0.178","192.168.0.186","25565","25858","2109790","5264","11","0","0x0018"
"3927","2026-08-15T10:06:20.077902300-0500","12.824932400","192.168.0.186","192.168.0.178","25858","25565","5264","2109801","0","0","0x0010"
"3928","2026-08-15T10:06:20.078124200-0500","12.825154300","192.168.0.178","192.168.0.186","25565","25858","2109801","5264","11","0","0x0018"
"3929","2026-08-15T10:06:20.078124200-0500","12.825154300","192.168.0.178","192.168.0.186","25565","25858","2109812","5264","22","0","0x0018"
"3930","2026-08-15T10:06:20.078130200-0500","12.825160300","192.168.0.186","192.168.0.178","25858","25565","5264","2109801","3","0","0x0018"
"3931","2026-08-15T10:06:20.078186300-0500","12.825216400","192.168.0.186","192.168.0.178","25858","25565","5267","2109834","0","0","0x0010"
"3932","2026-08-15T10:06:20.078255500-0500","12.825285600","192.168.0.178","192.168.0.186","25565","25858","2109834","5264","53","0","0x0018"
"3933","2026-08-15T10:06:20.104662000-0500","12.851692100","192.168.0.178","192.168.0.186","25565","25858","2109887","5267","219","0","0x0018"
"3934","2026-08-15T10:06:20.104724800-0500","12.851754900","192.168.0.186","192.168.0.178","25858","25565","5267","2110106","0","0","0x0010"
"3935","2026-08-15T10:06:20.126827700-0500","12.873857800","192.168.0.186","192.168.0.178","25858","25565","5267","2110106","28","0","0x0018"
"3936","2026-08-15T10:06:20.128068800-0500","12.875098900","192.168.0.186","192.168.0.178","25858","25565","5295","2110106","3","0","0x0018"
"3937","2026-08-15T10:06:20.128844700-0500","12.875874800","192.168.0.178","192.168.0.186","25565","25858","2110106","5298","0","0","0x0010"
"3938","2026-08-15T10:06:20.143962900-0500","12.890993000","192.168.0.178","192.168.0.186","25565","25858","2110106","5298","52","0","0x0018"
"3939","2026-08-15T10:06:20.143962900-0500","12.890993000","192.168.0.178","192.168.0.186","25565","25858","2110158","5298","104","0","0x0018"
"3940","2026-08-15T10:06:20.144026600-0500","12.891056700","192.168.0.186","192.168.0.178","25858","25565","5298","2110262","0","0","0x0010"
"3941","2026-08-15T10:06:20.155367500-0500","12.902397600","192.168.0.178","192.168.0.186","25565","25858","2110262","5298","248","0","0x0018"
"3942","2026-08-15T10:06:20.176920100-0500","12.923950200","192.168.0.186","192.168.0.178","25858","25565","5298","2110510","36","0","0x0018"
"3943","2026-08-15T10:06:20.178214500-0500","12.925244600","192.168.0.186","192.168.0.178","25858","25565","5334","2110510","3","0","0x0018"
"3944","2026-08-15T10:06:20.178859100-0500","12.925889200","192.168.0.178","192.168.0.186","25565","25858","2110510","5337","0","0","0x0010"
"3945","2026-08-15T10:06:20.208743600-0500","12.955773700","192.168.0.178","192.168.0.186","25565","25858","2110510","5337","183","0","0x0018"
"3946","2026-08-15T10:06:20.227228100-0500","12.974258200","192.168.0.186","192.168.0.178","25858","25565","5337","2110693","36","0","0x0018"
"3947","2026-08-15T10:06:20.228441100-0500","12.975471200","192.168.0.186","192.168.0.178","25858","25565","5373","2110693","3","0","0x0018"
"3948","2026-08-15T10:06:20.229293300-0500","12.976323400","192.168.0.178","192.168.0.186","25565","25858","2110693","5376","0","0","0x0010"
"3949","2026-08-15T10:06:20.256353300-0500","13.003383400","192.168.0.178","192.168.0.186","25565","25858","2110693","5376","151","0","0x0018"
"3950","2026-08-15T10:06:20.276613400-0500","13.023643500","192.168.0.186","192.168.0.178","25858","25565","5376","2110844","36","0","0x0018"
"3951","2026-08-15T10:06:20.277558700-0500","13.024588800","192.168.0.186","192.168.0.178","25858","25565","5412","2110844","3","0","0x0018"
"3952","2026-08-15T10:06:20.278267600-0500","13.025297700","192.168.0.178","192.168.0.186","25565","25858","2110844","5415","0","0","0x0010"
"3953","2026-08-15T10:06:20.305474000-0500","13.052504100","192.168.0.178","192.168.0.186","25565","25858","2110844","5415","471","0","0x0018"
"3954","2026-08-15T10:06:20.327192200-0500","13.074222300","192.168.0.186","192.168.0.178","25858","25565","5415","2111315","36","0","0x0018"
"3955","2026-08-15T10:06:20.328581900-0500","13.075612000","192.168.0.186","192.168.0.178","25858","25565","5451","2111315","3","0","0x0018"
"3956","2026-08-15T10:06:20.329222200-0500","13.076252300","192.168.0.178","192.168.0.186","25565","25858","2111315","5454","0","0","0x0010"
"3957","2026-08-15T10:06:20.354281500-0500","13.101311600","192.168.0.178","192.168.0.186","25565","25858","2111315","5454","285","0","0x0018"
"3958","2026-08-15T10:06:20.377000700-0500","13.124030800","192.168.0.186","192.168.0.178","25858","25565","5454","2111600","36","0","0x0018"
"3959","2026-08-15T10:06:20.378367500-0500","13.125397600","192.168.0.186","192.168.0.178","25858","25565","5490","2111600","3","0","0x0018"
"3960","2026-08-15T10:06:20.379135500-0500","13.126165600","192.168.0.178","192.168.0.186","25565","25858","2111600","5493","0","0","0x0010"
"3961","2026-08-15T10:06:20.404405000-0500","13.151435100","192.168.0.178","192.168.0.186","25565","25858","2111600","5493","253","0","0x0018"
"3962","2026-08-15T10:06:20.427056400-0500","13.174086500","192.168.0.186","192.168.0.178","25858","25565","5493","2111853","28","0","0x0018"
"3963","2026-08-15T10:06:20.428409400-0500","13.175439500","192.168.0.186","192.168.0.178","25858","25565","5521","2111853","3","0","0x0018"
"3964","2026-08-15T10:06:20.429137900-0500","13.176168000","192.168.0.178","192.168.0.186","25565","25858","2111853","5524","0","0","0x0010"
"3965","2026-08-15T10:06:20.454823400-0500","13.201853500","192.168.0.178","192.168.0.186","25565","25858","2111853","5524","414","0","0x0018"
"3966","2026-08-15T10:06:20.476904100-0500","13.223934200","192.168.0.186","192.168.0.178","25858","25565","5524","2112267","36","0","0x0018"
"3967","2026-08-15T10:06:20.478209300-0500","13.225239400","192.168.0.186","192.168.0.178","25858","25565","5560","2112267","3","0","0x0018"
"3968","2026-08-15T10:06:20.478795300-0500","13.225825400","192.168.0.178","192.168.0.186","25565","25858","2112267","5563","0","0","0x0010"
"3969","2026-08-15T10:06:20.507270900-0500","13.254301000","192.168.0.178","192.168.0.186","25565","25858","2112267","5563","1460","0","0x0010"
"3970","2026-08-15T10:06:20.507270900-0500","13.254301000","192.168.0.178","192.168.0.186","25565","25858","2113727","5563","1460","0","0x0010"
"3971","2026-08-15T10:06:20.507336000-0500","13.254366100","192.168.0.186","192.168.0.178","25858","25565","5563","2115187","0","0","0x0010"
"3972","2026-08-15T10:06:20.507387300-0500","13.254417400","192.168.0.178","192.168.0.186","25565","25858","2115187","5563","1460","0","0x0010"
"3973","2026-08-15T10:06:20.507629000-0500","13.254659100","192.168.0.178","192.168.0.186","25565","25858","2116647","5563","1460","0","0x0010"
"3974","2026-08-15T10:06:20.507629000-0500","13.254659100","192.168.0.178","192.168.0.186","25565","25858","2118107","5563","1460","0","0x0010"
"3975","2026-08-15T10:06:20.507679200-0500","13.254709300","192.168.0.186","192.168.0.178","25858","25565","5563","2119567","0","0","0x0010"
"3976","2026-08-15T10:06:20.507755000-0500","13.254785100","192.168.0.178","192.168.0.186","25565","25858","2119567","5563","1460","0","0x0010"
"3977","2026-08-15T10:06:20.507772000-0500","13.254802100","192.168.0.186","192.168.0.178","25858","25565","5563","2121027","0","0","0x0010"
"3978","2026-08-15T10:06:20.507998000-0500","13.255028100","192.168.0.178","192.168.0.186","25565","25858","2121027","5563","1460","0","0x0010"
"3979","2026-08-15T10:06:20.507998000-0500","13.255028100","192.168.0.178","192.168.0.186","25565","25858","2122487","5563","1460","0","0x0010"
"3980","2026-08-15T10:06:20.508040200-0500","13.255070300","192.168.0.186","192.168.0.178","25858","25565","5563","2123947","0","0","0x0010"
"3981","2026-08-15T10:06:20.508107400-0500","13.255137500","192.168.0.178","192.168.0.186","25565","25858","2123947","5563","1460","0","0x0010"
"3982","2026-08-15T10:06:20.508394100-0500","13.255424200","192.168.0.178","192.168.0.186","25565","25858","2125407","5563","1460","0","0x0010"
"3983","2026-08-15T10:06:20.508394100-0500","13.255424200","192.168.0.178","192.168.0.186","25565","25858","2126867","5563","239","0","0x0018"
"3984","2026-08-15T10:06:20.508434600-0500","13.255464700","192.168.0.186","192.168.0.178","25858","25565","5563","2127106","0","0","0x0010"
"3985","2026-08-15T10:06:20.526390100-0500","13.273420200","192.168.0.186","192.168.0.178","25858","25565","5563","2127106","36","0","0x0018"
"3986","2026-08-15T10:06:20.527088400-0500","13.274118500","192.168.0.186","192.168.0.178","25858","25565","5599","2127106","3","0","0x0018"
"3987","2026-08-15T10:06:20.527684000-0500","13.274714100","192.168.0.178","192.168.0.186","25565","25858","2127106","5602","0","0","0x0010"
"3988","2026-08-15T10:06:20.555105300-0500","13.302135400","192.168.0.178","192.168.0.186","25565","25858","2127106","5602","1460","0","0x0010"
"3989","2026-08-15T10:06:20.555105300-0500","13.302135400","192.168.0.178","192.168.0.186","25565","25858","2128566","5602","1460","0","0x0010"
"3990","2026-08-15T10:06:20.555143700-0500","13.302173800","192.168.0.186","192.168.0.178","25858","25565","5602","2130026","0","0","0x0010"
"3991","2026-08-15T10:06:20.555221600-0500","13.302251700","192.168.0.178","192.168.0.186","25565","25858","2130026","5602","1460","0","0x0010"
"3992","2026-08-15T10:06:20.555459200-0500","13.302489300","192.168.0.178","192.168.0.186","25565","25858","2131486","5602","1460","0","0x0010"
"3993","2026-08-15T10:06:20.555459200-0500","13.302489300","192.168.0.178","192.168.0.186","25565","25858","2132946","5602","1460","0","0x0010"
"3994","2026-08-15T10:06:20.555485900-0500","13.302516000","192.168.0.186","192.168.0.178","25858","25565","5602","2134406","0","0","0x0010"
"3995","2026-08-15T10:06:20.555698500-0500","13.302728600","192.168.0.178","192.168.0.186","25565","25858","2134406","5602","1460","0","0x0010"
"3996","2026-08-15T10:06:20.555698500-0500","13.302728600","192.168.0.178","192.168.0.186","25565","25858","2135866","5602","1460","0","0x0010"
"3997","2026-08-15T10:06:20.555724600-0500","13.302754700","192.168.0.186","192.168.0.178","25858","25565","5602","2137326","0","0","0x0010"
"3998","2026-08-15T10:06:20.555945100-0500","13.302975200","192.168.0.178","192.168.0.186","25565","25858","2137326","5602","1460","0","0x0010"
"3999","2026-08-15T10:06:20.555945100-0500","13.302975200","192.168.0.178","192.168.0.186","25565","25858","2138786","5602","1460","0","0x0010"
"4000","2026-08-15T10:06:20.555971400-0500","13.303001500","192.168.0.186","192.168.0.178","25858","25565","5602","2140246","0","0","0x0010"
"4001","2026-08-15T10:06:20.556191400-0500","13.303221500","192.168.0.178","192.168.0.186","25565","25858","2140246","5602","1460","0","0x0010"
"4002","2026-08-15T10:06:20.556191400-0500","13.303221500","192.168.0.178","192.168.0.186","25565","25858","2141706","5602","1460","0","0x0018"
"4003","2026-08-15T10:06:20.556222000-0500","13.303252100","192.168.0.186","192.168.0.178","25858","25565","5602","2143166","0","0","0x0010"
"4004","2026-08-15T10:06:20.557345000-0500","13.304375100","192.168.0.178","192.168.0.186","25565","25858","2143166","5602","292","0","0x0018"
"4005","2026-08-15T10:06:20.557372100-0500","13.304402200","192.168.0.186","192.168.0.178","25858","25565","5602","2143458","0","0","0x0010"
"4006","2026-08-15T10:06:20.575871300-0500","13.322901400","192.168.0.186","192.168.0.178","25858","25565","5602","2143458","36","0","0x0018"
"4007","2026-08-15T10:06:20.576517000-0500","13.323547100","192.168.0.186","192.168.0.178","25858","25565","5638","2143458","3","0","0x0018"
"4008","2026-08-15T10:06:20.577161600-0500","13.324191700","192.168.0.178","192.168.0.186","25565","25858","2143458","5641","0","0","0x0010"
"4009","2026-08-15T10:06:20.592964700-0500","13.339994800","192.168.0.178","192.168.0.186","25565","25858","2143458","5641","52","0","0x0018"
"4010","2026-08-15T10:06:20.592964700-0500","13.339994800","192.168.0.178","192.168.0.186","25565","25858","2143510","5641","52","0","0x0018"
"4011","2026-08-15T10:06:20.592964700-0500","13.339994800","192.168.0.178","192.168.0.186","25565","25858","2143562","5641","52","0","0x0018"
"4012","2026-08-15T10:06:20.593001500-0500","13.340031600","192.168.0.186","192.168.0.178","25858","25565","5641","2143614","0","0","0x0010"
"4013","2026-08-15T10:06:20.606337500-0500","13.353367600","192.168.0.178","192.168.0.186","25565","25858","2143614","5641","1460","0","0x0010"
"4014","2026-08-15T10:06:20.606337500-0500","13.353367600","192.168.0.178","192.168.0.186","25565","25858","2145074","5641","1460","0","0x0010"
"4015","2026-08-15T10:06:20.606376300-0500","13.353406400","192.168.0.186","192.168.0.178","25858","25565","5641","2146534","0","0","0x0010"
"4016","2026-08-15T10:06:20.606432700-0500","13.353462800","192.168.0.178","192.168.0.186","25565","25858","2146534","5641","1460","0","0x0010"
"4017","2026-08-15T10:06:20.606444400-0500","13.353474500","192.168.0.186","192.168.0.178","25858","25565","5641","2147994","0","0","0x0010"
"4018","2026-08-15T10:06:20.606670300-0500","13.353700400","192.168.0.178","192.168.0.186","25565","25858","2147994","5641","1460","0","0x0010"
"4019","2026-08-15T10:06:20.606730600-0500","13.353760700","192.168.0.178","192.168.0.186","25565","25858","2149454","5641","1460","0","0x0010"
"4020","2026-08-15T10:06:20.606742700-0500","13.353772800","192.168.0.186","192.168.0.178","25858","25565","5641","2150914","0","0","0x0010"
"4021","2026-08-15T10:06:20.606848400-0500","13.353878500","192.168.0.178","192.168.0.186","25565","25858","2150914","5641","1460","0","0x0010"
"4022","2026-08-15T10:06:20.607051600-0500","13.354081700","192.168.0.178","192.168.0.186","25565","25858","2152374","5641","1460","0","0x0010"
"4023","2026-08-15T10:06:20.607051600-0500","13.354081700","192.168.0.178","192.168.0.186","25565","25858","2153834","5641","1460","0","0x0010"
"4024","2026-08-15T10:06:20.607081400-0500","13.354111500","192.168.0.186","192.168.0.178","25858","25565","5641","2155294","0","0","0x0010"
"4025","2026-08-15T10:06:20.607298600-0500","13.354328700","192.168.0.178","192.168.0.186","25565","25858","2155294","5641","1460","0","0x0010"
"4026","2026-08-15T10:06:20.607298600-0500","13.354328700","192.168.0.178","192.168.0.186","25565","25858","2156754","5641","1460","0","0x0010"
"4027","2026-08-15T10:06:20.607332900-0500","13.354363000","192.168.0.186","192.168.0.178","25858","25565","5641","2158214","0","0","0x0010"
"4028","2026-08-15T10:06:20.607539500-0500","13.354569600","192.168.0.178","192.168.0.186","25565","25858","2158214","5641","1460","0","0x0018"
"4029","2026-08-15T10:06:20.607539500-0500","13.354569600","192.168.0.178","192.168.0.186","25565","25858","2159674","5641","1170","0","0x0018"
"4030","2026-08-15T10:06:20.607571800-0500","13.354601900","192.168.0.186","192.168.0.178","25858","25565","5641","2160844","0","0","0x0010"
"4031","2026-08-15T10:06:20.607827700-0500","13.354857800","192.168.0.186","192.168.0.178","25858","25565","5641","2160844","11","0","0x0018"
"4032","2026-08-15T10:06:20.626490000-0500","13.373520100","192.168.0.186","192.168.0.178","25858","25565","5652","2160844","36","0","0x0018"
"4033","2026-08-15T10:06:20.627174500-0500","13.374204600","192.168.0.186","192.168.0.178","25858","25565","5688","2160844","3","0","0x0018"
"4034","2026-08-15T10:06:20.627259300-0500","13.374289400","192.168.0.178","192.168.0.186","25565","25858","2160844","5688","0","0","0x0010"
"4035","2026-08-15T10:06:20.627896900-0500","13.374927000","192.168.0.178","192.168.0.186","25565","25858","2160844","5691","11","0","0x0018"
"4036","2026-08-15T10:06:20.627896900-0500","13.374927000","192.168.0.178","192.168.0.186","25565","25858","2160855","5691","22","0","0x0018"
"4037","2026-08-15T10:06:20.627896900-0500","13.374927000","192.168.0.178","192.168.0.186","25565","25858","2160877","5691","44","0","0x0018"
"4038","2026-08-15T10:06:20.627896900-0500","13.374927000","192.168.0.178","192.168.0.186","25565","25858","2160921","5691","11","0","0x0018"
"4039","2026-08-15T10:06:20.627896900-0500","13.374927000","192.168.0.178","192.168.0.186","25565","25858","2160932","5691","22","0","0x0018"
"4040","2026-08-15T10:06:20.627923900-0500","13.374954000","192.168.0.186","192.168.0.178","25858","25565","5691","2160954","0","0","0x0010"
"4041","2026-08-15T10:06:20.627993600-0500","13.375023700","192.168.0.178","192.168.0.186","25565","25858","2160954","5691","33","0","0x0018"
"4042","2026-08-15T10:06:20.627999500-0500","13.375029600","192.168.0.186","192.168.0.178","25858","25565","5691","2160987","0","0","0x0010"
"4043","2026-08-15T10:06:20.628205200-0500","13.375235300","192.168.0.178","192.168.0.186","25565","25858","2160987","5691","11","0","0x0018"
"4044","2026-08-15T10:06:20.628205200-0500","13.375235300","192.168.0.178","192.168.0.186","25565","25858","2160998","5691","22","0","0x0018"
"4045","2026-08-15T10:06:20.628223000-0500","13.375253100","192.168.0.186","192.168.0.178","25858","25565","5691","2161020","0","0","0x0010"
"4046","2026-08-15T10:06:20.628315700-0500","13.375345800","192.168.0.178","192.168.0.186","25565","25858","2161020","5691","33","0","0x0018"
"4047","2026-08-15T10:06:20.628315700-0500","13.375345800","192.168.0.178","192.168.0.186","25565","25858","2161053","5691","9","0","0x0018"
"4048","2026-08-15T10:06:20.628320500-0500","13.375350600","192.168.0.186","192.168.0.178","25858","25565","5691","2161062","0","0","0x0010"
"4049","2026-08-15T10:06:20.655951400-0500","13.402981500","192.168.0.178","192.168.0.186","25565","25858","2161062","5691","180","0","0x0018"
"4050","2026-08-15T10:06:20.676785200-0500","13.423815300","192.168.0.186","192.168.0.178","25858","25565","5691","2161242","36","0","0x0018"
"4051","2026-08-15T10:06:20.677911900-0500","13.424942000","192.168.0.186","192.168.0.178","25858","25565","5727","2161242","3","0","0x0018"
"4052","2026-08-15T10:06:20.678671600-0500","13.425701700","192.168.0.178","192.168.0.186","25565","25858","2161242","5730","0","0","0x0010"
"4053","2026-08-15T10:06:20.727109100-0500","13.474139200","192.168.0.186","192.168.0.178","25858","25565","5730","2161242","36","0","0x0018"
"4054","2026-08-15T10:06:20.728472900-0500","13.475503000","192.168.0.186","192.168.0.178","25858","25565","5766","2161242","3","0","0x0018"
"4055","2026-08-15T10:06:20.729273600-0500","13.476303700","192.168.0.178","192.168.0.186","25565","25858","2161242","5769","0","0","0x0010"
"4056","2026-08-15T10:06:20.736117500-0500","13.483147600","192.168.0.178","192.168.0.186","25565","25858","2161242","5769","135","0","0x0018"
"4057","2026-08-15T10:06:20.758194800-0500","13.505224900","192.168.0.178","192.168.0.186","25565","25858","2161377","5769","1460","0","0x0010"
"4058","2026-08-15T10:06:20.758194800-0500","13.505224900","192.168.0.178","192.168.0.186","25565","25858","2162837","5769","1460","0","0x0010"
"4059","2026-08-15T10:06:20.758263300-0500","13.505293400","192.168.0.186","192.168.0.178","25858","25565","5769","2164297","0","0","0x0010"
"4060","2026-08-15T10:06:20.758318100-0500","13.505348200","192.168.0.178","192.168.0.186","25565","25858","2164297","5769","1460","0","0x0010"
"4061","2026-08-15T10:06:20.758336300-0500","13.505366400","192.168.0.186","192.168.0.178","25858","25565","5769","2165757","0","0","0x0010"
"4062","2026-08-15T10:06:20.758394700-0500","13.505424800","192.168.0.178","192.168.0.186","25565","25858","2165757","5769","1460","0","0x0010"
"4063","2026-08-15T10:06:20.758810000-0500","13.505840100","192.168.0.178","192.168.0.186","25565","25858","2167217","5769","1460","0","0x0010"
"4064","2026-08-15T10:06:20.758810000-0500","13.505840100","192.168.0.178","192.168.0.186","25565","25858","2168677","5769","1460","0","0x0010"
"4065","2026-08-15T10:06:20.758810000-0500","13.505840100","192.168.0.178","192.168.0.186","25565","25858","2170137","5769","1460","0","0x0010"
"4066","2026-08-15T10:06:20.758890900-0500","13.505921000","192.168.0.186","192.168.0.178","25858","25565","5769","2171597","0","0","0x0010"
"4067","2026-08-15T10:06:20.758938700-0500","13.505968800","192.168.0.178","192.168.0.186","25565","25858","2171597","5769","1460","0","0x0010"
"4068","2026-08-15T10:06:20.759061000-0500","13.506091100","192.168.0.178","192.168.0.186","25565","25858","2173057","5769","1460","0","0x0010"
"4069","2026-08-15T10:06:20.759073500-0500","13.506103600","192.168.0.186","192.168.0.178","25858","25565","5769","2174517","0","0","0x0010"
"4070","2026-08-15T10:06:20.759136700-0500","13.506166800","192.168.0.178","192.168.0.186","25565","25858","2174517","5769","1460","0","0x0010"
"4071","2026-08-15T10:06:20.759449700-0500","13.506479800","192.168.0.178","192.168.0.186","25565","25858","2175977","5769","1460","0","0x0018"
"4072","2026-08-15T10:06:20.759449700-0500","13.506479800","192.168.0.178","192.168.0.186","25565","25858","2177437","5769","579","0","0x0018"
"4073","2026-08-15T10:06:20.759505900-0500","13.506536000","192.168.0.186","192.168.0.178","25858","25565","5769","2178016","0","0","0x0010"
"4074","2026-08-15T10:06:20.776494000-0500","13.523524100","192.168.0.186","192.168.0.178","25858","25565","5769","2178016","28","0","0x0018"
"4075","2026-08-15T10:06:20.778418200-0500","13.525448300","192.168.0.186","192.168.0.178","25858","25565","5797","2178016","3","0","0x0018"
"4076","2026-08-15T10:06:20.784310500-0500","13.531340600","192.168.0.178","192.168.0.186","25565","25858","2178016","5800","0","0","0x0010"
"4077","2026-08-15T10:06:20.805164500-0500","13.552194600","192.168.0.178","192.168.0.186","25565","25858","2178016","5800","1460","0","0x0010"
"4078","2026-08-15T10:06:20.805164500-0500","13.552194600","192.168.0.178","192.168.0.186","25565","25858","2179476","5800","1460","0","0x0010"
"4079","2026-08-15T10:06:20.805202200-0500","13.552232300","192.168.0.186","192.168.0.178","25858","25565","5800","2180936","0","0","0x0010"
"4080","2026-08-15T10:06:20.805264200-0500","13.552294300","192.168.0.178","192.168.0.186","25565","25858","2180936","5800","1460","0","0x0010"
"4081","2026-08-15T10:06:20.805507700-0500","13.552537800","192.168.0.178","192.168.0.186","25565","25858","2182396","5800","1460","0","0x0010"
"4082","2026-08-15T10:06:20.805507700-0500","13.552537800","192.168.0.178","192.168.0.186","25565","25858","2183856","5800","1460","0","0x0010"
"4083","2026-08-15T10:06:20.805526100-0500","13.552556200","192.168.0.186","192.168.0.178","25858","25565","5800","2185316","0","0","0x0010"
"4084","2026-08-15T10:06:20.805733300-0500","13.552763400","192.168.0.178","192.168.0.186","25565","25858","2185316","5800","1460","0","0x0010"
"4085","2026-08-15T10:06:20.805754000-0500","13.552784100","192.168.0.186","192.168.0.178","25858","25565","5800","2186776","0","0","0x0010"
"4086","2026-08-15T10:06:20.805786900-0500","13.552817000","192.168.0.178","192.168.0.186","25565","25858","2186776","5800","1460","0","0x0010"
"4087","2026-08-15T10:06:20.806000200-0500","13.553030300","192.168.0.178","192.168.0.186","25565","25858","2188236","5800","1460","0","0x0010"
"4088","2026-08-15T10:06:20.806000200-0500","13.553030300","192.168.0.178","192.168.0.186","25565","25858","2189696","5800","1460","0","0x0010"
"4089","2026-08-15T10:06:20.806018600-0500","13.553048700","192.168.0.186","192.168.0.178","25858","25565","5800","2191156","0","0","0x0010"
"4090","2026-08-15T10:06:20.806226200-0500","13.553256300","192.168.0.178","192.168.0.186","25565","25858","2191156","5800","1460","0","0x0010"
"4091","2026-08-15T10:06:20.806243900-0500","13.553274000","192.168.0.186","192.168.0.178","25858","25565","5800","2192616","0","0","0x0010"
"4092","2026-08-15T10:06:20.806275100-0500","13.553305200","192.168.0.178","192.168.0.186","25565","25858","2192616","5800","1460","0","0x0018"
"4093","2026-08-15T10:06:20.809809700-0500","13.556839800","192.168.0.178","192.168.0.186","25565","25858","2194076","5800","1460","0","0x0010"
"4094","2026-08-15T10:06:20.809809700-0500","13.556839800","192.168.0.178","192.168.0.186","25565","25858","2195536","5800","1460","0","0x0010"
"4095","2026-08-15T10:06:20.809809700-0500","13.556839800","192.168.0.178","192.168.0.186","25565","25858","2196996","5800","148","0","0x0018"
"4096","2026-08-15T10:06:20.809832000-0500","13.556862100","192.168.0.186","192.168.0.178","25858","25565","5800","2197144","0","0","0x0010"
"4097","2026-08-15T10:06:20.825916100-0500","13.572946200","192.168.0.186","192.168.0.178","25858","25565","5800","2197144","28","0","0x0018"
"4098","2026-08-15T10:06:20.826557000-0500","13.573587100","192.168.0.186","192.168.0.178","25858","25565","5828","2197144","3","0","0x0018"
"4099","2026-08-15T10:06:20.827262400-0500","13.574292500","192.168.0.178","192.168.0.186","25565","25858","2197144","5831","0","0","0x0010"
"4100","2026-08-15T10:06:20.860140000-0500","13.607170100","192.168.0.178","192.168.0.186","25565","25858","2197144","5831","1460","0","0x0010"
"4101","2026-08-15T10:06:20.860140000-0500","13.607170100","192.168.0.178","192.168.0.186","25565","25858","2198604","5831","1460","0","0x0010"
"4102","2026-08-15T10:06:20.860177000-0500","13.607207100","192.168.0.186","192.168.0.178","25858","25565","5831","2200064","0","0","0x0010"
"4103","2026-08-15T10:06:20.860230800-0500","13.607260900","192.168.0.178","192.168.0.186","25565","25858","2200064","5831","1460","0","0x0010"
"4104","2026-08-15T10:06:20.860476100-0500","13.607506200","192.168.0.178","192.168.0.186","25565","25858","2201524","5831","1460","0","0x0010"
"4105","2026-08-15T10:06:20.860476100-0500","13.607506200","192.168.0.178","192.168.0.186","25565","25858","2202984","5831","1460","0","0x0010"
"4106","2026-08-15T10:06:20.860495000-0500","13.607525100","192.168.0.186","192.168.0.178","25858","25565","5831","2204444","0","0","0x0010"
"4107","2026-08-15T10:06:20.860707500-0500","13.607737600","192.168.0.178","192.168.0.186","25565","25858","2204444","5831","1460","0","0x0010"
"4108","2026-08-15T10:06:20.860725200-0500","13.607755300","192.168.0.186","192.168.0.178","25858","25565","5831","2205904","0","0","0x0010"
"4109","2026-08-15T10:06:20.860774400-0500","13.607804500","192.168.0.178","192.168.0.186","25565","25858","2205904","5831","1460","0","0x0010"
"4110","2026-08-15T10:06:20.860936700-0500","13.607966800","192.168.0.178","192.168.0.186","25565","25858","2207364","5831","1460","0","0x0010"
"4111","2026-08-15T10:06:20.860954900-0500","13.607985000","192.168.0.186","192.168.0.178","25858","25565","5831","2208824","0","0","0x0010"
"4112","2026-08-15T10:06:20.860990400-0500","13.608020500","192.168.0.178","192.168.0.186","25565","25858","2208824","5831","1460","0","0x0010"
"4113","2026-08-15T10:06:20.861002000-0500","13.608032100","192.168.0.178","192.168.0.186","25565","25858","2210284","5831","469","0","0x0018"
"4114","2026-08-15T10:06:20.861009100-0500","13.608039200","192.168.0.186","192.168.0.178","25858","25565","5831","2210753","0","0","0x0010"
"4115","2026-08-15T10:06:20.876938100-0500","13.623968200","192.168.0.186","192.168.0.178","25858","25565","5831","2210753","28","0","0x0018"
"4116","2026-08-15T10:06:20.877907300-0500","13.624937400","192.168.0.186","192.168.0.178","25858","25565","5859","2210753","3","0","0x0018"
"4117","2026-08-15T10:06:20.878594800-0500","13.625624900","192.168.0.178","192.168.0.186","25565","25858","2210753","5862","0","0","0x0010"
"4118","2026-08-15T10:06:20.905431300-0500","13.652461400","192.168.0.178","192.168.0.186","25565","25858","2210753","5862","1460","0","0x0010"
"4119","2026-08-15T10:06:20.905431300-0500","13.652461400","192.168.0.178","192.168.0.186","25565","25858","2212213","5862","1460","0","0x0010"
"4120","2026-08-15T10:06:20.905481700-0500","13.652511800","192.168.0.186","192.168.0.178","25858","25565","5862","2213673","0","0","0x0010"
"4121","2026-08-15T10:06:20.905543200-0500","13.652573300","192.168.0.178","192.168.0.186","25565","25858","2213673","5862","1460","0","0x0010"
"4122","2026-08-15T10:06:20.905593000-0500","13.652623100","192.168.0.178","192.168.0.186","25565","25858","2215133","5862","1460","0","0x0010"
"4123","2026-08-15T10:06:20.905601900-0500","13.652632000","192.168.0.186","192.168.0.178","25858","25565","5862","2216593","0","0","0x0010"
"4124","2026-08-15T10:06:20.905815000-0500","13.652845100","192.168.0.178","192.168.0.186","25565","25858","2216593","5862","1460","0","0x0010"
"4125","2026-08-15T10:06:20.905871800-0500","13.652901900","192.168.0.178","192.168.0.186","25565","25858","2218053","5862","1460","0","0x0010"
"4126","2026-08-15T10:06:20.905879000-0500","13.652909100","192.168.0.186","192.168.0.178","25858","25565","5862","2219513","0","0","0x0010"
"4127","2026-08-15T10:06:20.906065800-0500","13.653095900","192.168.0.178","192.168.0.186","25565","25858","2219513","5862","1460","0","0x0010"
"4128","2026-08-15T10:06:20.906115800-0500","13.653145900","192.168.0.178","192.168.0.186","25565","25858","2220973","5862","1460","0","0x0010"
"4129","2026-08-15T10:06:20.906123200-0500","13.653153300","192.168.0.186","192.168.0.178","25858","25565","5862","2222433","0","0","0x0010"
"4130","2026-08-15T10:06:20.906329900-0500","13.653360000","192.168.0.178","192.168.0.186","25565","25858","2222433","5862","1460","0","0x0010"
"4131","2026-08-15T10:06:20.906329900-0500","13.653360000","192.168.0.178","192.168.0.186","25565","25858","2223893","5862","1460","0","0x0010"
"4132","2026-08-15T10:06:20.906348600-0500","13.653378700","192.168.0.186","192.168.0.178","25858","25565","5862","2225353","0","0","0x0010"
"4133","2026-08-15T10:06:20.906396200-0500","13.653426300","192.168.0.178","192.168.0.186","25565","25858","2225353","5862","512","0","0x0018"
"4134","2026-08-15T10:06:20.926134000-0500","13.673164100","192.168.0.186","192.168.0.178","25858","25565","5862","2225865","28","0","0x0018"
"4135","2026-08-15T10:06:20.926903900-0500","13.673934000","192.168.0.186","192.168.0.178","25858","25565","5890","2225865","3","0","0x0018"
"4136","2026-08-15T10:06:20.927513000-0500","13.674543100","192.168.0.178","192.168.0.186","25565","25858","2225865","5893","0","0","0x0010"
"4137","2026-08-15T10:06:20.956630900-0500","13.703661000","192.168.0.178","192.168.0.186","25565","25858","2225865","5893","1460","0","0x0010"
"4138","2026-08-15T10:06:20.956630900-0500","13.703661000","192.168.0.178","192.168.0.186","25565","25858","2227325","5893","1460","0","0x0010"
"4139","2026-08-15T10:06:20.956698400-0500","13.703728500","192.168.0.186","192.168.0.178","25858","25565","5893","2228785","0","0","0x0010"
"4140","2026-08-15T10:06:20.956750300-0500","13.703780400","192.168.0.178","192.168.0.186","25565","25858","2228785","5893","1460","0","0x0010"
"4141","2026-08-15T10:06:20.956864300-0500","13.703894400","192.168.0.178","192.168.0.186","25565","25858","2230245","5893","1460","0","0x0010"
"4142","2026-08-15T10:06:20.956878300-0500","13.703908400","192.168.0.186","192.168.0.178","25858","25565","5893","2231705","0","0","0x0010"
"4143","2026-08-15T10:06:20.956985500-0500","13.704015600","192.168.0.178","192.168.0.186","25565","25858","2231705","5893","1460","0","0x0010"
"4144","2026-08-15T10:06:20.957215300-0500","13.704245400","192.168.0.178","192.168.0.186","25565","25858","2233165","5893","1460","0","0x0010"
"4145","2026-08-15T10:06:20.957215300-0500","13.704245400","192.168.0.178","192.168.0.186","25565","25858","2234625","5893","1460","0","0x0010"
"4146","2026-08-15T10:06:20.957259200-0500","13.704289300","192.168.0.186","192.168.0.178","25858","25565","5893","2236085","0","0","0x0010"
"4147","2026-08-15T10:06:20.957323200-0500","13.704353300","192.168.0.178","192.168.0.186","25565","25858","2236085","5893","1460","0","0x0010"
"4148","2026-08-15T10:06:20.957333200-0500","13.704363300","192.168.0.186","192.168.0.178","25858","25565","5893","2237545","0","0","0x0010"
"4149","2026-08-15T10:06:20.957576800-0500","13.704606900","192.168.0.178","192.168.0.186","25565","25858","2237545","5893","1460","0","0x0010"
"4150","2026-08-15T10:06:20.957576800-0500","13.704606900","192.168.0.178","192.168.0.186","25565","25858","2239005","5893","1460","0","0x0010"
"4151","2026-08-15T10:06:20.957620900-0500","13.704651000","192.168.0.186","192.168.0.178","25858","25565","5893","2240465","0","0","0x0010"
"4152","2026-08-15T10:06:20.957694100-0500","13.704724200","192.168.0.178","192.168.0.186","25565","25858","2240465","5893","1460","0","0x0018"
"4153","2026-08-15T10:06:20.957964200-0500","13.704994300","192.168.0.178","192.168.0.186","25565","25858","2241925","5893","1232","0","0x0018"
"4154","2026-08-15T10:06:20.958012900-0500","13.705043000","192.168.0.186","192.168.0.178","25858","25565","5893","2243157","0","0","0x0010"
"4155","2026-08-15T10:06:20.975661300-0500","13.722691400","192.168.0.186","192.168.0.178","25858","25565","5893","2243157","28","0","0x0018"
"4156","2026-08-15T10:06:20.976322700-0500","13.723352800","192.168.0.186","192.168.0.178","25858","25565","5921","2243157","3","0","0x0018"
"4157","2026-08-15T10:06:20.977040300-0500","13.724070400","192.168.0.178","192.168.0.186","25565","25858","2243157","5924","0","0","0x0010"
"4158","2026-08-15T10:06:21.005682700-0500","13.752712800","192.168.0.178","192.168.0.186","25565","25858","2243157","5924","1460","0","0x0010"
"4159","2026-08-15T10:06:21.005682700-0500","13.752712800","192.168.0.178","192.168.0.186","25565","25858","2244617","5924","1460","0","0x0010"
"4160","2026-08-15T10:06:21.005735700-0500","13.752765800","192.168.0.186","192.168.0.178","25858","25565","5924","2246077","0","0","0x0010"
"4161","2026-08-15T10:06:21.005772900-0500","13.752803000","192.168.0.178","192.168.0.186","25565","25858","2246077","5924","1460","0","0x0010"
"4162","2026-08-15T10:06:21.006043900-0500","13.753074000","192.168.0.178","192.168.0.186","25565","25858","2247537","5924","1460","0","0x0010"
"4163","2026-08-15T10:06:21.006043900-0500","13.753074000","192.168.0.178","192.168.0.186","25565","25858","2248997","5924","1460","0","0x0010"
"4164","2026-08-15T10:06:21.006080800-0500","13.753110900","192.168.0.186","192.168.0.178","25858","25565","5924","2250457","0","0","0x0010"
"4165","2026-08-15T10:06:21.006138400-0500","13.753168500","192.168.0.178","192.168.0.186","25565","25858","2250457","5924","1460","0","0x0010"
"4166","2026-08-15T10:06:21.006150200-0500","13.753180300","192.168.0.186","192.168.0.178","25858","25565","5924","2251917","0","0","0x0010"
"4167","2026-08-15T10:06:21.006369500-0500","13.753399600","192.168.0.178","192.168.0.186","25565","25858","2251917","5924","1460","0","0x0010"
"4168","2026-08-15T10:06:21.006419400-0500","13.753449500","192.168.0.178","192.168.0.186","25565","25858","2253377","5924","1460","0","0x0010"
"4169","2026-08-15T10:06:21.006433700-0500","13.753463800","192.168.0.186","192.168.0.178","25858","25565","5924","2254837","0","0","0x0010"
"4170","2026-08-15T10:06:21.006504300-0500","13.753534400","192.168.0.178","192.168.0.186","25565","25858","2254837","5924","1460","0","0x0010"
"4171","2026-08-15T10:06:21.006749200-0500","13.753779300","192.168.0.178","192.168.0.186","25565","25858","2256297","5924","1460","0","0x0010"
"4172","2026-08-15T10:06:21.006749200-0500","13.753779300","192.168.0.178","192.168.0.186","25565","25858","2257757","5924","1460","0","0x0018"
"4173","2026-08-15T10:06:21.006785300-0500","13.753815400","192.168.0.186","192.168.0.178","25858","25565","5924","2259217","0","0","0x0010"
"4174","2026-08-15T10:06:21.008457500-0500","13.755487600","192.168.0.178","192.168.0.186","25565","25858","2259217","5924","789","0","0x0018"
"4175","2026-08-15T10:06:21.008558600-0500","13.755588700","192.168.0.186","192.168.0.178","25858","25565","5924","2260006","0","0","0x0010"
"4176","2026-08-15T10:06:21.026267500-0500","13.773297600","192.168.0.186","192.168.0.178","25858","25565","5924","2260006","28","0","0x0018"
"4177","2026-08-15T10:06:21.026958900-0500","13.773989000","192.168.0.186","192.168.0.178","25858","25565","5952","2260006","3","0","0x0018"
"4178","2026-08-15T10:06:21.027763800-0500","13.774793900","192.168.0.178","192.168.0.186","25565","25858","2260006","5955","0","0","0x0010"
"4179","2026-08-15T10:06:21.058053200-0500","13.805083300","192.168.0.178","192.168.0.186","25565","25858","2260006","5955","1460","0","0x0010"
"4180","2026-08-15T10:06:21.058053200-0500","13.805083300","192.168.0.178","192.168.0.186","25565","25858","2261466","5955","1460","0","0x0010"
"4181","2026-08-15T10:06:21.058119200-0500","13.805149300","192.168.0.186","192.168.0.178","25858","25565","5955","2262926","0","0","0x0010"
"4182","2026-08-15T10:06:21.058167800-0500","13.805197900","192.168.0.178","192.168.0.186","25565","25858","2262926","5955","1460","0","0x0010"
"4183","2026-08-15T10:06:21.058392600-0500","13.805422700","192.168.0.178","192.168.0.186","25565","25858","2264386","5955","1460","0","0x0010"
"4184","2026-08-15T10:06:21.058392600-0500","13.805422700","192.168.0.178","192.168.0.186","25565","25858","2265846","5955","1460","0","0x0010"
"4185","2026-08-15T10:06:21.058426400-0500","13.805456500","192.168.0.186","192.168.0.178","25858","25565","5955","2267306","0","0","0x0010"
"4186","2026-08-15T10:06:21.058857600-0500","13.805887700","192.168.0.178","192.168.0.186","25565","25858","2267306","5955","1460","0","0x0010"
"4187","2026-08-15T10:06:21.058857600-0500","13.805887700","192.168.0.178","192.168.0.186","25565","25858","2268766","5955","1460","0","0x0010"
"4188","2026-08-15T10:06:21.058857600-0500","13.805887700","192.168.0.178","192.168.0.186","25565","25858","2270226","5955","1460","0","0x0010"
"4189","2026-08-15T10:06:21.058902200-0500","13.805932300","192.168.0.186","192.168.0.178","25858","25565","5955","2271686","0","0","0x0010"
"4190","2026-08-15T10:06:21.058935300-0500","13.805965400","192.168.0.178","192.168.0.186","25565","25858","2271686","5955","1460","0","0x0010"
"4191","2026-08-15T10:06:21.058935300-0500","13.805965400","192.168.0.178","192.168.0.186","25565","25858","2273146","5955","309","0","0x0018"
"4192","2026-08-15T10:06:21.058946900-0500","13.805977000","192.168.0.186","192.168.0.178","25858","25565","5955","2273455","0","0","0x0010"
"4193","2026-08-15T10:06:21.077531800-0500","13.824561900","192.168.0.186","192.168.0.178","25858","25565","5955","2273455","28","0","0x0018"
"4194","2026-08-15T10:06:21.078820200-0500","13.825850300","192.168.0.178","192.168.0.186","25565","25858","2273455","5983","11","0","0x0018"
"4195","2026-08-15T10:06:21.078820200-0500","13.825850300","192.168.0.178","192.168.0.186","25565","25858","2273466","5983","22","0","0x0018"
"4196","2026-08-15T10:06:21.078820200-0500","13.825850300","192.168.0.178","192.168.0.186","25565","25858","2273488","5983","88","0","0x0018"
"4197","2026-08-15T10:06:21.078820200-0500","13.825850300","192.168.0.178","192.168.0.186","25565","25858","2273576","5983","66","0","0x0018"
"4198","2026-08-15T10:06:21.078890000-0500","13.825920100","192.168.0.186","192.168.0.178","25858","25565","5983","2273642","3","0","0x0018"
"4199","2026-08-15T10:06:21.078993300-0500","13.826023400","192.168.0.178","192.168.0.186","25565","25858","2273642","5983","31","0","0x0018"
"4200","2026-08-15T10:06:21.093292100-0500","13.840322200","192.168.0.178","192.168.0.186","25565","25858","2273673","5986","52","0","0x0018"
"4201","2026-08-15T10:06:21.093350700-0500","13.840380800","192.168.0.186","192.168.0.178","25858","25565","5986","2273725","0","0","0x0010"
"4202","2026-08-15T10:06:21.093394900-0500","13.840425000","192.168.0.178","192.168.0.186","25565","25858","2273725","5986","104","0","0x0018"
"4203","2026-08-15T10:06:21.105793300-0500","13.852823400","192.168.0.178","192.168.0.186","25565","25858","2273829","5986","108","0","0x0018"
"4204","2026-08-15T10:06:21.105846600-0500","13.852876700","192.168.0.186","192.168.0.178","25858","25565","5986","2273937","0","0","0x0010"
"4205","2026-08-15T10:06:21.127078300-0500","13.874108400","192.168.0.186","192.168.0.178","25858","25565","5986","2273937","28","0","0x0018"
"4206","2026-08-15T10:06:21.128420000-0500","13.875450100","192.168.0.186","192.168.0.178","25858","25565","6014","2273937","3","0","0x0018"
"4207","2026-08-15T10:06:21.129203000-0500","13.876233100","192.168.0.178","192.168.0.186","25565","25858","2273937","6017","0","0","0x0010"
"4208","2026-08-15T10:06:21.159316100-0500","13.906346200","192.168.0.178","192.168.0.186","25565","25858","2273937","6017","204","0","0x0018"
"4209","2026-08-15T10:06:21.159316100-0500","13.906346200","192.168.0.178","192.168.0.186","25565","25858","2274141","6017","52","0","0x0018"
"4210","2026-08-15T10:06:21.159316100-0500","13.906346200","192.168.0.178","192.168.0.186","25565","25858","2274193","6017","52","0","0x0018"
"4211","2026-08-15T10:06:21.159316100-0500","13.906346200","192.168.0.178","192.168.0.186","25565","25858","2274245","6017","52","0","0x0018"
"4212","2026-08-15T10:06:21.159387700-0500","13.906417800","192.168.0.186","192.168.0.178","25858","25565","6017","2274297","0","0","0x0010"
"4213","2026-08-15T10:06:21.176826700-0500","13.923856800","192.168.0.186","192.168.0.178","25858","25565","6017","2274297","28","0","0x0018"
"4214","2026-08-15T10:06:21.178205000-0500","13.925235100","192.168.0.186","192.168.0.178","25858","25565","6045","2274297","3","0","0x0018"
"4215","2026-08-15T10:06:21.178806400-0500","13.925836500","192.168.0.178","192.168.0.186","25565","25858","2274297","6048","0","0","0x0010"
"4216","2026-08-15T10:06:21.204890500-0500","13.951920600","192.168.0.178","192.168.0.186","25565","25858","2274297","6048","1460","0","0x0010"
"4217","2026-08-15T10:06:21.204890500-0500","13.951920600","192.168.0.178","192.168.0.186","25565","25858","2275757","6048","1460","0","0x0010"
"4218","2026-08-15T10:06:21.204952600-0500","13.951982700","192.168.0.186","192.168.0.178","25858","25565","6048","2277217","0","0","0x0010"
"4219","2026-08-15T10:06:21.205005000-0500","13.952035100","192.168.0.178","192.168.0.186","25565","25858","2277217","6048","1460","0","0x0010"
"4220","2026-08-15T10:06:21.205172800-0500","13.952202900","192.168.0.178","192.168.0.186","25565","25858","2278677","6048","1460","0","0x0010"
"4221","2026-08-15T10:06:21.205192300-0500","13.952222400","192.168.0.186","192.168.0.178","25858","25565","6048","2280137","0","0","0x0010"
"4222","2026-08-15T10:06:21.205236600-0500","13.952266700","192.168.0.178","192.168.0.186","25565","25858","2280137","6048","1460","0","0x0010"
"4223","2026-08-15T10:06:21.205488100-0500","13.952518200","192.168.0.178","192.168.0.186","25565","25858","2281597","6048","1460","0","0x0010"
"4224","2026-08-15T10:06:21.205488100-0500","13.952518200","192.168.0.178","192.168.0.186","25565","25858","2283057","6048","1460","0","0x0010"
"4225","2026-08-15T10:06:21.205540700-0500","13.952570800","192.168.0.186","192.168.0.178","25858","25565","6048","2284517","0","0","0x0010"
"4226","2026-08-15T10:06:21.205591900-0500","13.952622000","192.168.0.178","192.168.0.186","25565","25858","2284517","6048","1460","0","0x0010"
"4227","2026-08-15T10:06:21.205602900-0500","13.952633000","192.168.0.186","192.168.0.178","25858","25565","6048","2285977","0","0","0x0010"
"4228","2026-08-15T10:06:21.205841000-0500","13.952871100","192.168.0.178","192.168.0.186","25565","25858","2285977","6048","1460","0","0x0010"
"4229","2026-08-15T10:06:21.205841000-0500","13.952871100","192.168.0.178","192.168.0.186","25565","25858","2287437","6048","1460","0","0x0010"
"4230","2026-08-15T10:06:21.205893100-0500","13.952923200","192.168.0.186","192.168.0.178","25858","25565","6048","2288897","0","0","0x0010"
"4231","2026-08-15T10:06:21.205959100-0500","13.952989200","192.168.0.178","192.168.0.186","25565","25858","2288897","6048","1460","0","0x0018"
"4232","2026-08-15T10:06:21.206018000-0500","13.953048100","192.168.0.178","192.168.0.186","25565","25858","2290357","6048","710","0","0x0018"
"4233","2026-08-15T10:06:21.206030800-0500","13.953060900","192.168.0.186","192.168.0.178","25858","25565","6048","2291067","0","0","0x0010"
"4234","2026-08-15T10:06:21.226271500-0500","13.973301600","192.168.0.186","192.168.0.178","25858","25565","6048","2291067","28","0","0x0018"
"4235","2026-08-15T10:06:21.226843800-0500","13.973873900","192.168.0.186","192.168.0.178","25858","25565","6076","2291067","3","0","0x0018"
"4236","2026-08-15T10:06:21.227377200-0500","13.974407300","192.168.0.178","192.168.0.186","25565","25858","2291067","6079","0","0","0x0010"
"4237","2026-08-15T10:06:21.261672200-0500","14.008702300","192.168.0.178","192.168.0.186","25565","25858","2291067","6079","1460","0","0x0010"
"4238","2026-08-15T10:06:21.261672200-0500","14.008702300","192.168.0.178","192.168.0.186","25565","25858","2292527","6079","1460","0","0x0010"
"4239","2026-08-15T10:06:21.261724500-0500","14.008754600","192.168.0.186","192.168.0.178","25858","25565","6079","2293987","0","0","0x0010"
"4240","2026-08-15T10:06:21.261772900-0500","14.008803000","192.168.0.178","192.168.0.186","25565","25858","2293987","6079","1460","0","0x0010"
"4241","2026-08-15T10:06:21.262016400-0500","14.009046500","192.168.0.178","192.168.0.186","25565","25858","2295447","6079","1460","0","0x0010"
"4242","2026-08-15T10:06:21.262016400-0500","14.009046500","192.168.0.178","192.168.0.186","25565","25858","2296907","6079","1460","0","0x0010"
"4243","2026-08-15T10:06:21.262043800-0500","14.009073900","192.168.0.186","192.168.0.178","25858","25565","6079","2298367","0","0","0x0010"
"4244","2026-08-15T10:06:21.262221400-0500","14.009251500","192.168.0.178","192.168.0.186","25565","25858","2298367","6079","1460","0","0x0010"
"4245","2026-08-15T10:06:21.262247000-0500","14.009277100","192.168.0.186","192.168.0.178","25858","25565","6079","2299827","0","0","0x0010"
"4246","2026-08-15T10:06:21.262283600-0500","14.009313700","192.168.0.178","192.168.0.186","25565","25858","2299827","6079","1460","0","0x0010"
"4247","2026-08-15T10:06:21.262363500-0500","14.009393600","192.168.0.178","192.168.0.186","25565","25858","2301287","6079","1460","0","0x0010"
"4248","2026-08-15T10:06:21.262370400-0500","14.009400500","192.168.0.186","192.168.0.178","25858","25565","6079","2302747","0","0","0x0010"
"4249","2026-08-15T10:06:21.262596900-0500","14.009627000","192.168.0.178","192.168.0.186","25565","25858","2302747","6079","1317","0","0x0018"
"4250","2026-08-15T10:06:21.277433500-0500","14.024463600","192.168.0.186","192.168.0.178","25858","25565","6079","2304064","28","0","0x0018"
"4251","2026-08-15T10:06:21.278600500-0500","14.025630600","192.168.0.186","192.168.0.178","25858","25565","6107","2304064","3","0","0x0018"
"4252","2026-08-15T10:06:21.279021200-0500","14.026051300","192.168.0.178","192.168.0.186","25565","25858","2304064","6110","0","0","0x0010"
"4253","2026-08-15T10:06:21.305269500-0500","14.052299600","192.168.0.178","192.168.0.186","25565","25858","2304064","6110","1460","0","0x0010"
"4254","2026-08-15T10:06:21.305269500-0500","14.052299600","192.168.0.178","192.168.0.186","25565","25858","2305524","6110","1460","0","0x0010"
"4255","2026-08-15T10:06:21.305306200-0500","14.052336300","192.168.0.186","192.168.0.178","25858","25565","6110","2306984","0","0","0x0010"
"4256","2026-08-15T10:06:21.305359800-0500","14.052389900","192.168.0.178","192.168.0.186","25565","25858","2306984","6110","1460","0","0x0010"
"4257","2026-08-15T10:06:21.305509000-0500","14.052539100","192.168.0.178","192.168.0.186","25565","25858","2308444","6110","1460","0","0x0010"
"4258","2026-08-15T10:06:21.305526300-0500","14.052556400","192.168.0.186","192.168.0.178","25858","25565","6110","2309904","0","0","0x0010"
"4259","2026-08-15T10:06:21.305731800-0500","14.052761900","192.168.0.178","192.168.0.186","25565","25858","2309904","6110","1460","0","0x0010"
"4260","2026-08-15T10:06:21.305731800-0500","14.052761900","192.168.0.178","192.168.0.186","25565","25858","2311364","6110","1460","0","0x0010"
"4261","2026-08-15T10:06:21.305756700-0500","14.052786800","192.168.0.186","192.168.0.178","25858","25565","6110","2312824","0","0","0x0010"
"4262","2026-08-15T10:06:21.305971800-0500","14.053001900","192.168.0.178","192.168.0.186","25565","25858","2312824","6110","1460","0","0x0010"
"4263","2026-08-15T10:06:21.305971800-0500","14.053001900","192.168.0.178","192.168.0.186","25565","25858","2314284","6110","1460","0","0x0010"
"4264","2026-08-15T10:06:21.305989500-0500","14.053019600","192.168.0.186","192.168.0.178","25858","25565","6110","2315744","0","0","0x0010"
"4265","2026-08-15T10:06:21.306218900-0500","14.053249000","192.168.0.178","192.168.0.186","25565","25858","2315744","6110","1460","0","0x0010"
"4266","2026-08-15T10:06:21.306218900-0500","14.053249000","192.168.0.178","192.168.0.186","25565","25858","2317204","6110","1460","0","0x0010"
"4267","2026-08-15T10:06:21.306239800-0500","14.053269900","192.168.0.186","192.168.0.178","25858","25565","6110","2318664","0","0","0x0010"
"4268","2026-08-15T10:06:21.306481600-0500","14.053511700","192.168.0.178","192.168.0.186","25565","25858","2318664","6110","1460","0","0x0018"
"4269","2026-08-15T10:06:21.306481600-0500","14.053511700","192.168.0.178","192.168.0.186","25565","25858","2320124","6110","339","0","0x0018"
"4270","2026-08-15T10:06:21.306500400-0500","14.053530500","192.168.0.186","192.168.0.178","25858","25565","6110","2320463","0","0","0x0010"
"4271","2026-08-15T10:06:21.326499900-0500","14.073530000","192.168.0.186","192.168.0.178","25858","25565","6110","2320463","36","0","0x0018"
"4272","2026-08-15T10:06:21.327099800-0500","14.074129900","192.168.0.186","192.168.0.178","25858","25565","6146","2320463","3","0","0x0018"
"4273","2026-08-15T10:06:21.327645700-0500","14.074675800","192.168.0.178","192.168.0.186","25565","25858","2320463","6149","0","0","0x0010"
"4274","2026-08-15T10:06:21.354776800-0500","14.101806900","192.168.0.178","192.168.0.186","25565","25858","2320463","6149","1460","0","0x0010"
"4275","2026-08-15T10:06:21.354776800-0500","14.101806900","192.168.0.178","192.168.0.186","25565","25858","2321923","6149","1460","0","0x0010"
"4276","2026-08-15T10:06:21.354827700-0500","14.101857800","192.168.0.186","192.168.0.178","25858","25565","6149","2323383","0","0","0x0010"
"4277","2026-08-15T10:06:21.354888900-0500","14.101919000","192.168.0.178","192.168.0.186","25565","25858","2323383","6149","1460","0","0x0010"
"4278","2026-08-15T10:06:21.355114700-0500","14.102144800","192.168.0.178","192.168.0.186","25565","25858","2324843","6149","1460","0","0x0010"
"4279","2026-08-15T10:06:21.355114700-0500","14.102144800","192.168.0.178","192.168.0.186","25565","25858","2326303","6149","1460","0","0x0010"
"4280","2026-08-15T10:06:21.355143300-0500","14.102173400","192.168.0.186","192.168.0.178","25858","25565","6149","2327763","0","0","0x0010"
"4281","2026-08-15T10:06:21.355360000-0500","14.102390100","192.168.0.178","192.168.0.186","25565","25858","2327763","6149","1460","0","0x0010"
"4282","2026-08-15T10:06:21.355360000-0500","14.102390100","192.168.0.178","192.168.0.186","25565","25858","2329223","6149","1460","0","0x0010"
"4283","2026-08-15T10:06:21.355383600-0500","14.102413700","192.168.0.186","192.168.0.178","25858","25565","6149","2330683","0","0","0x0010"
"4284","2026-08-15T10:06:21.355606200-0500","14.102636300","192.168.0.178","192.168.0.186","25565","25858","2330683","6149","1460","0","0x0010"
"4285","2026-08-15T10:06:21.355606200-0500","14.102636300","192.168.0.178","192.168.0.186","25565","25858","2332143","6149","1460","0","0x0010"
"4286","2026-08-15T10:06:21.355629600-0500","14.102659700","192.168.0.186","192.168.0.178","25858","25565","6149","2333603","0","0","0x0010"
"4287","2026-08-15T10:06:21.355847100-0500","14.102877200","192.168.0.178","192.168.0.186","25565","25858","2333603","6149","1460","0","0x0010"
"4288","2026-08-15T10:06:21.355847100-0500","14.102877200","192.168.0.178","192.168.0.186","25565","25858","2335063","6149","1460","0","0x0018"
"4289","2026-08-15T10:06:21.355870800-0500","14.102900900","192.168.0.186","192.168.0.178","25858","25565","6149","2336523","0","0","0x0010"
"4290","2026-08-15T10:06:21.355924500-0500","14.102954600","192.168.0.178","192.168.0.186","25565","25858","2336523","6149","697","0","0x0018"
"4291","2026-08-15T10:06:21.355935400-0500","14.102965500","192.168.0.186","192.168.0.178","25858","25565","6149","2337220","0","0","0x0010"
"4292","2026-08-15T10:06:21.375838800-0500","14.122868900","192.168.0.186","192.168.0.178","25858","25565","6149","2337220","28","0","0x0018"
"4293","2026-08-15T10:06:21.376454400-0500","14.123484500","192.168.0.186","192.168.0.178","25858","25565","6177","2337220","3","0","0x0018"
"4294","2026-08-15T10:06:21.377133200-0500","14.124163300","192.168.0.178","192.168.0.186","25565","25858","2337220","6180","0","0","0x0010"
"4295","2026-08-15T10:06:21.405425800-0500","14.152455900","192.168.0.178","192.168.0.186","25565","25858","2337220","6180","1460","0","0x0010"
"4296","2026-08-15T10:06:21.405425800-0500","14.152455900","192.168.0.178","192.168.0.186","25565","25858","2338680","6180","1460","0","0x0010"
"4297","2026-08-15T10:06:21.405480600-0500","14.152510700","192.168.0.186","192.168.0.178","25858","25565","6180","2340140","0","0","0x0010"
"4298","2026-08-15T10:06:21.405532400-0500","14.152562500","192.168.0.178","192.168.0.186","25565","25858","2340140","6180","1460","0","0x0010"
"4299","2026-08-15T10:06:21.405766500-0500","14.152796600","192.168.0.178","192.168.0.186","25565","25858","2341600","6180","1460","0","0x0010"
"4300","2026-08-15T10:06:21.405766500-0500","14.152796600","192.168.0.178","192.168.0.186","25565","25858","2343060","6180","1460","0","0x0010"
"4301","2026-08-15T10:06:21.405810000-0500","14.152840100","192.168.0.186","192.168.0.178","25858","25565","6180","2344520","0","0","0x0010"
"4302","2026-08-15T10:06:21.405878000-0500","14.152908100","192.168.0.178","192.168.0.186","25565","25858","2344520","6180","1460","0","0x0010"
"4303","2026-08-15T10:06:21.405886400-0500","14.152916500","192.168.0.186","192.168.0.178","25858","25565","6180","2345980","0","0","0x0010"
"4304","2026-08-15T10:06:21.406091300-0500","14.153121400","192.168.0.178","192.168.0.186","25565","25858","2345980","6180","1460","0","0x0010"
"4305","2026-08-15T10:06:21.406164300-0500","14.153194400","192.168.0.178","192.168.0.186","25565","25858","2347440","6180","1460","0","0x0010"
"4306","2026-08-15T10:06:21.406176500-0500","14.153206600","192.168.0.186","192.168.0.178","25858","25565","6180","2348900","0","0","0x0010"
"4307","2026-08-15T10:06:21.406295100-0500","14.153325200","192.168.0.178","192.168.0.186","25565","25858","2348900","6180","1460","0","0x0010"
"4308","2026-08-15T10:06:21.406362800-0500","14.153392900","192.168.0.178","192.168.0.186","25565","25858","2350360","6180","1460","0","0x0010"
"4309","2026-08-15T10:06:21.406369600-0500","14.153399700","192.168.0.186","192.168.0.178","25858","25565","6180","2351820","0","0","0x0010"
"4310","2026-08-15T10:06:21.406581000-0500","14.153611100","192.168.0.178","192.168.0.186","25565","25858","2351820","6180","1460","0","0x0018"
"4311","2026-08-15T10:06:21.406581000-0500","14.153611100","192.168.0.178","192.168.0.186","25565","25858","2353280","6180","508","0","0x0018"
"4312","2026-08-15T10:06:21.406626400-0500","14.153656500","192.168.0.186","192.168.0.178","25858","25565","6180","2353788","0","0","0x0010"
"4313","2026-08-15T10:06:21.426637600-0500","14.173667700","192.168.0.186","192.168.0.178","25858","25565","6180","2353788","28","0","0x0018"
"4314","2026-08-15T10:06:21.427989400-0500","14.175019500","192.168.0.186","192.168.0.178","25858","25565","6208","2353788","3","0","0x0018"
"4315","2026-08-15T10:06:21.428612500-0500","14.175642600","192.168.0.178","192.168.0.186","25565","25858","2353788","6211","0","0","0x0010"
"4316","2026-08-15T10:06:21.453811500-0500","14.200841600","192.168.0.178","192.168.0.186","25565","25858","2353788","6211","92","0","0x0018"
"4317","2026-08-15T10:06:21.476948500-0500","14.223978600","192.168.0.186","192.168.0.178","25858","25565","6211","2353880","28","0","0x0018"
"4318","2026-08-15T10:06:21.478374300-0500","14.225404400","192.168.0.186","192.168.0.178","25858","25565","6239","2353880","3","0","0x0018"
"4319","2026-08-15T10:06:21.479078500-0500","14.226108600","192.168.0.178","192.168.0.186","25565","25858","2353880","6242","0","0","0x0010"
"4320","2026-08-15T10:06:21.504105700-0500","14.251135800","192.168.0.178","192.168.0.186","25565","25858","2353880","6242","380","0","0x0018"
"4321","2026-08-15T10:06:21.527046100-0500","14.274076200","192.168.0.186","192.168.0.178","25858","25565","6242","2354260","28","0","0x0018"
"4322","2026-08-15T10:06:21.528347200-0500","14.275377300","192.168.0.186","192.168.0.178","25858","25565","6270","2354260","3","0","0x0018"
"4323","2026-08-15T10:06:21.529101200-0500","14.276131300","192.168.0.178","192.168.0.186","25565","25858","2354260","6273","0","0","0x0010"
"4324","2026-08-15T10:06:21.555286800-0500","14.302316900","192.168.0.178","192.168.0.186","25565","25858","2354260","6273","361","0","0x0018"
"4325","2026-08-15T10:06:21.577048200-0500","14.324078300","192.168.0.186","192.168.0.178","25858","25565","6273","2354621","36","0","0x0018"
"4326","2026-08-15T10:06:21.578386300-0500","14.325416400","192.168.0.186","192.168.0.178","25858","25565","6309","2354621","3","0","0x0018"
"4327","2026-08-15T10:06:21.578722600-0500","14.325752700","192.168.0.178","192.168.0.186","25565","25858","2354621","6309","11","0","0x0018"
"4328","2026-08-15T10:06:21.578722600-0500","14.325752700","192.168.0.178","192.168.0.186","25565","25858","2354632","6309","11","0","0x0018"
"4329","2026-08-15T10:06:21.578722600-0500","14.325752700","192.168.0.178","192.168.0.186","25565","25858","2354643","6309","22","0","0x0018"
"4330","2026-08-15T10:06:21.578722600-0500","14.325752700","192.168.0.178","192.168.0.186","25565","25858","2354665","6309","11","0","0x0018"
"4331","2026-08-15T10:06:21.578792000-0500","14.325822100","192.168.0.186","192.168.0.178","25858","25565","6312","2354676","0","0","0x0010"
"4332","2026-08-15T10:06:21.578843600-0500","14.325873700","192.168.0.178","192.168.0.186","25565","25858","2354676","6309","22","0","0x0018"
"4333","2026-08-15T10:06:21.578843600-0500","14.325873700","192.168.0.178","192.168.0.186","25565","25858","2354698","6309","33","0","0x0018"
"4334","2026-08-15T10:06:21.578856400-0500","14.325886500","192.168.0.186","192.168.0.178","25858","25565","6312","2354731","0","0","0x0010"
"4335","2026-08-15T10:06:21.579118700-0500","14.326148800","192.168.0.178","192.168.0.186","25565","25858","2354731","6312","108","0","0x0018"
"4336","2026-08-15T10:06:21.594496800-0500","14.341526900","192.168.0.178","192.168.0.186","25565","25858","2354839","6312","52","0","0x0018"
"4337","2026-08-15T10:06:21.594496800-0500","14.341526900","192.168.0.178","192.168.0.186","25565","25858","2354891","6312","104","0","0x0018"
"4338","2026-08-15T10:06:21.594559400-0500","14.341589500","192.168.0.186","192.168.0.178","25858","25565","6312","2354995","0","0","0x0010"
"4339","2026-08-15T10:06:21.603929700-0500","14.350959800","192.168.0.178","192.168.0.186","25565","25858","2354995","6312","136","0","0x0018"
"4340","2026-08-15T10:06:21.603973500-0500","14.351003600","192.168.0.186","192.168.0.178","25858","25565","6312","2355131","0","0","0x0010"
"4341","2026-08-15T10:06:21.626956700-0500","14.373986800","192.168.0.186","192.168.0.178","25858","25565","6312","2355131","36","0","0x0018"
"4342","2026-08-15T10:06:21.628211700-0500","14.375241800","192.168.0.186","192.168.0.178","25858","25565","6348","2355131","3","0","0x0018"
"4343","2026-08-15T10:06:21.629123400-0500","14.376153500","192.168.0.178","192.168.0.186","25565","25858","2355131","6351","0","0","0x0010"
"4344","2026-08-15T10:06:21.654884300-0500","14.401914400","192.168.0.178","192.168.0.186","25565","25858","2355131","6351","255","0","0x0018"
"4345","2026-08-15T10:06:21.655117900-0500","14.402148000","192.168.0.186","192.168.0.178","25858","25565","6351","2355386","11","0","0x0018"
"4346","2026-08-15T10:06:21.676543600-0500","14.423573700","192.168.0.186","192.168.0.178","25858","25565","6362","2355386","28","0","0x0018"
"4347","2026-08-15T10:06:21.676970500-0500","14.424000600","192.168.0.186","192.168.0.178","25858","25565","6390","2355386","3","0","0x0018"
"4348","2026-08-15T10:06:21.677220100-0500","14.424250200","192.168.0.178","192.168.0.186","25565","25858","2355386","6390","0","0","0x0010"
"4349","2026-08-15T10:06:21.706218600-0500","14.453248700","192.168.0.178","192.168.0.186","25565","25858","2355386","6393","87","0","0x0018"
"4350","2026-08-15T10:06:21.727064800-0500","14.474094900","192.168.0.186","192.168.0.178","25858","25565","6393","2355473","28","0","0x0018"
"4351","2026-08-15T10:06:21.728339800-0500","14.475369900","192.168.0.186","192.168.0.178","25858","25565","6421","2355473","3","0","0x0018"
"4352","2026-08-15T10:06:21.729042000-0500","14.476072100","192.168.0.178","192.168.0.186","25565","25858","2355473","6424","0","0","0x0010"
"4353","2026-08-15T10:06:21.754291600-0500","14.501321700","192.168.0.178","192.168.0.186","25565","25858","2355473","6424","94","0","0x0018"
"4354","2026-08-15T10:06:21.776953900-0500","14.523984000","192.168.0.186","192.168.0.178","25858","25565","6424","2355567","13","0","0x0018"
"4355","2026-08-15T10:06:21.776993600-0500","14.524023700","192.168.0.186","192.168.0.178","25858","25565","6437","2355567","4","0","0x0018"
"4356","2026-08-15T10:06:21.777085400-0500","14.524115500","192.168.0.186","192.168.0.178","25858","25565","6441","2355567","28","0","0x0018"
"4357","2026-08-15T10:06:21.777700400-0500","14.524730500","192.168.0.178","192.168.0.186","25565","25858","2355567","6469","0","0","0x0010"
"4358","2026-08-15T10:06:21.778045600-0500","14.525075700","192.168.0.178","192.168.0.186","25565","25858","2355567","6469","78","0","0x0018"
"4359","2026-08-15T10:06:21.778045600-0500","14.525075700","192.168.0.178","192.168.0.186","25565","25858","2355645","6469","12","0","0x0018"
"4360","2026-08-15T10:06:21.778094400-0500","14.525124500","192.168.0.186","192.168.0.178","25858","25565","6469","2355657","0","0","0x0010"
"4361","2026-08-15T10:06:21.778967200-0500","14.525997300","192.168.0.186","192.168.0.178","25858","25565","6469","2355657","3","0","0x0018"
"4362","2026-08-15T10:06:21.804039400-0500","14.551069500","192.168.0.178","192.168.0.186","25565","25858","2355657","6472","335","0","0x0018"
"4363","2026-08-15T10:06:21.827283200-0500","14.574313300","192.168.0.186","192.168.0.178","25858","25565","6472","2355992","28","0","0x0018"
"4364","2026-08-15T10:06:21.828632900-0500","14.575663000","192.168.0.186","192.168.0.178","25858","25565","6500","2355992","3","0","0x0018"
"4365","2026-08-15T10:06:21.829358400-0500","14.576388500","192.168.0.178","192.168.0.186","25565","25858","2355992","6503","0","0","0x0010"
"4366","2026-08-15T10:06:21.854319000-0500","14.601349100","192.168.0.178","192.168.0.186","25565","25858","2355992","6503","284","0","0x0018"
"4367","2026-08-15T10:06:21.877049200-0500","14.624079300","192.168.0.186","192.168.0.178","25858","25565","6503","2356276","28","0","0x0018"
"4368","2026-08-15T10:06:21.878358800-0500","14.625388900","192.168.0.186","192.168.0.178","25858","25565","6531","2356276","3","0","0x0018"
"4369","2026-08-15T10:06:21.879059000-0500","14.626089100","192.168.0.178","192.168.0.186","25565","25858","2356276","6534","0","0","0x0010"
"4370","2026-08-15T10:06:21.903796900-0500","14.650827000","192.168.0.178","192.168.0.186","25565","25858","2356276","6534","445","0","0x0018"
"4371","2026-08-15T10:06:21.925777400-0500","14.672807500","192.168.0.186","192.168.0.178","25858","25565","6534","2356721","28","0","0x0018"
"4372","2026-08-15T10:06:21.926386100-0500","14.673416200","192.168.0.186","192.168.0.178","25858","25565","6562","2356721","3","0","0x0018"
"4373","2026-08-15T10:06:21.926927900-0500","14.673958000","192.168.0.178","192.168.0.186","25565","25858","2356721","6565","0","0","0x0010"
"4374","2026-08-15T10:06:21.954289700-0500","14.701319800","192.168.0.178","192.168.0.186","25565","25858","2356721","6565","257","0","0x0018"
"4375","2026-08-15T10:06:21.976973200-0500","14.724003300","192.168.0.186","192.168.0.178","25858","25565","6565","2356978","28","0","0x0018"
"4376","2026-08-15T10:06:21.978450400-0500","14.725480500","192.168.0.186","192.168.0.178","25858","25565","6593","2356978","3","0","0x0018"
"4377","2026-08-15T10:06:21.979236800-0500","14.726266900","192.168.0.178","192.168.0.186","25565","25858","2356978","6596","0","0","0x0010"
"4378","2026-08-15T10:06:22.006225200-0500","14.753255300","192.168.0.178","192.168.0.186","25565","25858","2356978","6596","1460","0","0x0010"
"4379","2026-08-15T10:06:22.006225200-0500","14.753255300","192.168.0.178","192.168.0.186","25565","25858","2358438","6596","1460","0","0x0010"
"4380","2026-08-15T10:06:22.006288900-0500","14.753319000","192.168.0.186","192.168.0.178","25858","25565","6596","2359898","0","0","0x0010"
"4381","2026-08-15T10:06:22.006340900-0500","14.753371000","192.168.0.178","192.168.0.186","25565","25858","2359898","6596","1460","0","0x0010"
"4382","2026-08-15T10:06:22.006425700-0500","14.753455800","192.168.0.178","192.168.0.186","25565","25858","2361358","6596","1460","0","0x0010"
"4383","2026-08-15T10:06:22.006434400-0500","14.753464500","192.168.0.186","192.168.0.178","25858","25565","6596","2362818","0","0","0x0010"
"4384","2026-08-15T10:06:22.006675300-0500","14.753705400","192.168.0.178","192.168.0.186","25565","25858","2362818","6596","1460","0","0x0010"
"4385","2026-08-15T10:06:22.006675300-0500","14.753705400","192.168.0.178","192.168.0.186","25565","25858","2364278","6596","1460","0","0x0010"
"4386","2026-08-15T10:06:22.006727400-0500","14.753757500","192.168.0.186","192.168.0.178","25858","25565","6596","2365738","0","0","0x0010"
"4387","2026-08-15T10:06:22.006794600-0500","14.753824700","192.168.0.178","192.168.0.186","25565","25858","2365738","6596","1460","0","0x0010"
"4388","2026-08-15T10:06:22.007043500-0500","14.754073600","192.168.0.178","192.168.0.186","25565","25858","2367198","6596","1460","0","0x0010"
"4389","2026-08-15T10:06:22.007043500-0500","14.754073600","192.168.0.178","192.168.0.186","25565","25858","2368658","6596","1460","0","0x0010"
"4390","2026-08-15T10:06:22.007095200-0500","14.754125300","192.168.0.186","192.168.0.178","25858","25565","6596","2370118","0","0","0x0010"
"4391","2026-08-15T10:06:22.007160700-0500","14.754190800","192.168.0.178","192.168.0.186","25565","25858","2370118","6596","1460","0","0x0010"
"4392","2026-08-15T10:06:22.007178000-0500","14.754208100","192.168.0.186","192.168.0.178","25858","25565","6596","2371578","0","0","0x0010"
"4393","2026-08-15T10:06:22.007503600-0500","14.754533700","192.168.0.178","192.168.0.186","25565","25858","2371578","6596","1460","0","0x0018"
"4394","2026-08-15T10:06:22.007503600-0500","14.754533700","192.168.0.178","192.168.0.186","25565","25858","2373038","6596","1119","0","0x0018"
"4395","2026-08-15T10:06:22.007530800-0500","14.754560900","192.168.0.186","192.168.0.178","25858","25565","6596","2374157","0","0","0x0010"
"4396","2026-08-15T10:06:22.026495000-0500","14.773525100","192.168.0.186","192.168.0.178","25858","25565","6596","2374157","28","0","0x0018"
"4397","2026-08-15T10:06:22.027058700-0500","14.774088800","192.168.0.186","192.168.0.178","25858","25565","6624","2374157","3","0","0x0018"
"4398","2026-08-15T10:06:22.027730700-0500","14.774760800","192.168.0.178","192.168.0.186","25565","25858","2374157","6627","0","0","0x0010"
"4399","2026-08-15T10:06:22.042800700-0500","14.789830800","192.168.0.178","192.168.0.186","25565","25858","2374157","6627","52","0","0x0018"
"4400","2026-08-15T10:06:22.042800700-0500","14.789830800","192.168.0.178","192.168.0.186","25565","25858","2374209","6627","52","0","0x0018"
"4401","2026-08-15T10:06:22.042800700-0500","14.789830800","192.168.0.178","192.168.0.186","25565","25858","2374261","6627","52","0","0x0018"
"4402","2026-08-15T10:06:22.042888700-0500","14.789918800","192.168.0.186","192.168.0.178","25858","25565","6627","2374313","0","0","0x0010"
"4403","2026-08-15T10:06:22.054337900-0500","14.801368000","192.168.0.178","192.168.0.186","25565","25858","2374313","6627","1460","0","0x0010"
"4404","2026-08-15T10:06:22.054337900-0500","14.801368000","192.168.0.178","192.168.0.186","25565","25858","2375773","6627","1460","0","0x0010"
"4405","2026-08-15T10:06:22.054377900-0500","14.801408000","192.168.0.186","192.168.0.178","25858","25565","6627","2377233","0","0","0x0010"
"4406","2026-08-15T10:06:22.054438500-0500","14.801468600","192.168.0.178","192.168.0.186","25565","25858","2377233","6627","1460","0","0x0010"
"4407","2026-08-15T10:06:22.054449300-0500","14.801479400","192.168.0.186","192.168.0.178","25858","25565","6627","2378693","0","0","0x0010"
"4408","2026-08-15T10:06:22.054659200-0500","14.801689300","192.168.0.178","192.168.0.186","25565","25858","2378693","6627","1460","0","0x0010"
"4409","2026-08-15T10:06:22.054723500-0500","14.801753600","192.168.0.178","192.168.0.186","25565","25858","2380153","6627","1460","0","0x0010"
"4410","2026-08-15T10:06:22.054734600-0500","14.801764700","192.168.0.186","192.168.0.178","25858","25565","6627","2381613","0","0","0x0010"
"4411","2026-08-15T10:06:22.054817300-0500","14.801847400","192.168.0.178","192.168.0.186","25565","25858","2381613","6627","1460","0","0x0010"
"4412","2026-08-15T10:06:22.055056800-0500","14.802086900","192.168.0.178","192.168.0.186","25565","25858","2383073","6627","1460","0","0x0010"
"4413","2026-08-15T10:06:22.055056800-0500","14.802086900","192.168.0.178","192.168.0.186","25565","25858","2384533","6627","1460","0","0x0010"
"4414","2026-08-15T10:06:22.055093900-0500","14.802124000","192.168.0.186","192.168.0.178","25858","25565","6627","2385993","0","0","0x0010"
"4415","2026-08-15T10:06:22.055175100-0500","14.802205200","192.168.0.178","192.168.0.186","25565","25858","2385993","6627","1460","0","0x0010"
"4416","2026-08-15T10:06:22.055175100-0500","14.802205200","192.168.0.178","192.168.0.186","25565","25858","2387453","6627","97","0","0x0018"
"4417","2026-08-15T10:06:22.055191900-0500","14.802222000","192.168.0.186","192.168.0.178","25858","25565","6627","2387550","0","0","0x0010"
"4418","2026-08-15T10:06:22.075892000-0500","14.822922100","192.168.0.186","192.168.0.178","25858","25565","6627","2387550","28","0","0x0018"
"4419","2026-08-15T10:06:22.076482900-0500","14.823513000","192.168.0.186","192.168.0.178","25858","25565","6655","2387550","3","0","0x0018"
"4420","2026-08-15T10:06:22.077155300-0500","14.824185400","192.168.0.178","192.168.0.186","25565","25858","2387550","6658","0","0","0x0010"
"4421","2026-08-15T10:06:22.107611700-0500","14.854641800","192.168.0.178","192.168.0.186","25565","25858","2387550","6658","1460","0","0x0010"
"4422","2026-08-15T10:06:22.107611700-0500","14.854641800","192.168.0.178","192.168.0.186","25565","25858","2389010","6658","1460","0","0x0010"
"4423","2026-08-15T10:06:22.107670900-0500","14.854701000","192.168.0.186","192.168.0.178","25858","25565","6658","2390470","0","0","0x0010"
"4424","2026-08-15T10:06:22.107733900-0500","14.854764000","192.168.0.178","192.168.0.186","25565","25858","2390470","6658","1460","0","0x0010"
"4425","2026-08-15T10:06:22.107973900-0500","14.855004000","192.168.0.178","192.168.0.186","25565","25858","2391930","6658","1460","0","0x0010"
"4426","2026-08-15T10:06:22.107973900-0500","14.855004000","192.168.0.178","192.168.0.186","25565","25858","2393390","6658","1460","0","0x0010"
"4427","2026-08-15T10:06:22.108017600-0500","14.855047700","192.168.0.186","192.168.0.178","25858","25565","6658","2394850","0","0","0x0010"
"4428","2026-08-15T10:06:22.108087100-0500","14.855117200","192.168.0.178","192.168.0.186","25565","25858","2394850","6658","1460","0","0x0010"
"4429","2026-08-15T10:06:22.108099700-0500","14.855129800","192.168.0.186","192.168.0.178","25858","25565","6658","2396310","0","0","0x0010"
"4430","2026-08-15T10:06:22.108330900-0500","14.855361000","192.168.0.178","192.168.0.186","25565","25858","2396310","6658","1460","0","0x0010"
"4431","2026-08-15T10:06:22.108330900-0500","14.855361000","192.168.0.178","192.168.0.186","25565","25858","2397770","6658","1460","0","0x0010"
"4432","2026-08-15T10:06:22.108367500-0500","14.855397600","192.168.0.186","192.168.0.178","25858","25565","6658","2399230","0","0","0x0010"
"4433","2026-08-15T10:06:22.108727500-0500","14.855757600","192.168.0.178","192.168.0.186","25565","25858","2399230","6658","1460","0","0x0010"
"4434","2026-08-15T10:06:22.108727500-0500","14.855757600","192.168.0.178","192.168.0.186","25565","25858","2400690","6658","1460","0","0x0010"
"4435","2026-08-15T10:06:22.108727500-0500","14.855757600","192.168.0.178","192.168.0.186","25565","25858","2402150","6658","1460","0","0x0018"
"4436","2026-08-15T10:06:22.108787400-0500","14.855817500","192.168.0.186","192.168.0.178","25858","25565","6658","2403610","0","0","0x0010"
"4437","2026-08-15T10:06:22.108831000-0500","14.855861100","192.168.0.178","192.168.0.186","25565","25858","2403610","6658","1460","0","0x0010"
"4438","2026-08-15T10:06:22.108839500-0500","14.855869600","192.168.0.186","192.168.0.178","25858","25565","6658","2405070","0","0","0x0010"
"4439","2026-08-15T10:06:22.109089500-0500","14.856119600","192.168.0.178","192.168.0.186","25565","25858","2405070","6658","1043","0","0x0018"
"4440","2026-08-15T10:06:22.126118100-0500","14.873148200","192.168.0.186","192.168.0.178","25858","25565","6658","2406113","28","0","0x0018"
"4441","2026-08-15T10:06:22.126534600-0500","14.873564700","192.168.0.186","192.168.0.178","25858","25565","6686","2406113","3","0","0x0018"
"4442","2026-08-15T10:06:22.127331400-0500","14.874361500","192.168.0.178","192.168.0.186","25565","25858","2406113","6689","0","0","0x0010"
"4443","2026-08-15T10:06:22.127331400-0500","14.874361500","192.168.0.178","192.168.0.186","25565","25858","2406113","6689","11","0","0x0018"
"4444","2026-08-15T10:06:22.127331400-0500","14.874361500","192.168.0.178","192.168.0.186","25565","25858","2406124","6689","22","0","0x0018"
"4445","2026-08-15T10:06:22.127331400-0500","14.874361500","192.168.0.178","192.168.0.186","25565","25858","2406146","6689","176","0","0x0018"
"4446","2026-08-15T10:06:22.127331400-0500","14.874361500","192.168.0.178","192.168.0.186","25565","25858","2406322","6689","9","0","0x0018"
"4447","2026-08-15T10:06:22.127392700-0500","14.874422800","192.168.0.186","192.168.0.178","25858","25565","6689","2406331","0","0","0x0010"
"4448","2026-08-15T10:06:22.153658100-0500","14.900688200","192.168.0.178","192.168.0.186","25565","25858","2406331","6689","82","0","0x0018"
"4449","2026-08-15T10:06:22.176855500-0500","14.923885600","192.168.0.186","192.168.0.178","25858","25565","6689","2406413","28","0","0x0018"
"4450","2026-08-15T10:06:22.178316400-0500","14.925346500","192.168.0.186","192.168.0.178","25858","25565","6717","2406413","3","0","0x0018"
"4451","2026-08-15T10:06:22.178965300-0500","14.925995400","192.168.0.178","192.168.0.186","25565","25858","2406413","6720","0","0","0x0010"
"4452","2026-08-15T10:06:22.208125700-0500","14.955155800","192.168.0.178","192.168.0.186","25565","25858","2406413","6720","112","0","0x0018"
"4453","2026-08-15T10:06:22.227119000-0500","14.974149100","192.168.0.186","192.168.0.178","25858","25565","6720","2406525","28","0","0x0018"
"4454","2026-08-15T10:06:22.228762000-0500","14.975792100","192.168.0.186","192.168.0.178","25858","25565","6748","2406525","3","0","0x0018"
"4455","2026-08-15T10:06:22.229518100-0500","14.976548200","192.168.0.178","192.168.0.186","25565","25858","2406525","6751","0","0","0x0010"
"4456","2026-08-15T10:06:22.258399100-0500","15.005429200","192.168.0.178","192.168.0.186","25565","25858","2406525","6751","1460","0","0x0010"
"4457","2026-08-15T10:06:22.258399100-0500","15.005429200","192.168.0.178","192.168.0.186","25565","25858","2407985","6751","1460","0","0x0010"
"4458","2026-08-15T10:06:22.258462300-0500","15.005492400","192.168.0.186","192.168.0.178","25858","25565","6751","2409445","0","0","0x0010"
"4459","2026-08-15T10:06:22.258515900-0500","15.005546000","192.168.0.178","192.168.0.186","25565","25858","2409445","6751","1460","0","0x0010"
"4460","2026-08-15T10:06:22.258952000-0500","15.005982100","192.168.0.178","192.168.0.186","25565","25858","2410905","6751","1460","0","0x0010"
"4461","2026-08-15T10:06:22.258952000-0500","15.005982100","192.168.0.178","192.168.0.186","25565","25858","2412365","6751","1460","0","0x0010"
"4462","2026-08-15T10:06:22.258952000-0500","15.005982100","192.168.0.178","192.168.0.186","25565","25858","2413825","6751","1460","0","0x0010"
"4463","2026-08-15T10:06:22.259028400-0500","15.006058500","192.168.0.186","192.168.0.178","25858","25565","6751","2415285","0","0","0x0010"
"4464","2026-08-15T10:06:22.259068700-0500","15.006098800","192.168.0.178","192.168.0.186","25565","25858","2415285","6751","1460","0","0x0010"
"4465","2026-08-15T10:06:22.259128400-0500","15.006158500","192.168.0.178","192.168.0.186","25565","25858","2416745","6751","1439","0","0x0018"
"4466","2026-08-15T10:06:22.259138100-0500","15.006168200","192.168.0.186","192.168.0.178","25858","25565","6751","2418184","0","0","0x0010"
"4467","2026-08-15T10:06:22.277070600-0500","15.024100700","192.168.0.186","192.168.0.178","25858","25565","6751","2418184","28","0","0x0018"
"4468","2026-08-15T10:06:22.278375300-0500","15.025405400","192.168.0.186","192.168.0.178","25858","25565","6779","2418184","3","0","0x0018"
"4469","2026-08-15T10:06:22.279003000-0500","15.026033100","192.168.0.178","192.168.0.186","25565","25858","2418184","6782","0","0","0x0010"
"4470","2026-08-15T10:06:22.304476900-0500","15.051507000","192.168.0.178","192.168.0.186","25565","25858","2418184","6782","1460","0","0x0010"
"4471","2026-08-15T10:06:22.304476900-0500","15.051507000","192.168.0.178","192.168.0.186","25565","25858","2419644","6782","1460","0","0x0010"
"4472","2026-08-15T10:06:22.304517200-0500","15.051547300","192.168.0.186","192.168.0.178","25858","25565","6782","2421104","0","0","0x0010"
"4473","2026-08-15T10:06:22.304556000-0500","15.051586100","192.168.0.178","192.168.0.186","25565","25858","2421104","6782","1460","0","0x0010"
"4474","2026-08-15T10:06:22.304772600-0500","15.051802700","192.168.0.178","192.168.0.186","25565","25858","2422564","6782","1460","0","0x0010"
"4475","2026-08-15T10:06:22.304772600-0500","15.051802700","192.168.0.178","192.168.0.186","25565","25858","2424024","6782","1460","0","0x0010"
"4476","2026-08-15T10:06:22.304798000-0500","15.051828100","192.168.0.186","192.168.0.178","25858","25565","6782","2425484","0","0","0x0010"
"4477","2026-08-15T10:06:22.305018200-0500","15.052048300","192.168.0.178","192.168.0.186","25565","25858","2425484","6782","1460","0","0x0010"
"4478","2026-08-15T10:06:22.305018200-0500","15.052048300","192.168.0.178","192.168.0.186","25565","25858","2426944","6782","1460","0","0x0010"
"4479","2026-08-15T10:06:22.305043800-0500","15.052073900","192.168.0.186","192.168.0.178","25858","25565","6782","2428404","0","0","0x0010"
"4480","2026-08-15T10:06:22.305247100-0500","15.052277200","192.168.0.178","192.168.0.186","25565","25858","2428404","6782","1460","0","0x0010"
"4481","2026-08-15T10:06:22.305276700-0500","15.052306800","192.168.0.186","192.168.0.178","25858","25565","6782","2429864","0","0","0x0010"
"4482","2026-08-15T10:06:22.305329000-0500","15.052359100","192.168.0.178","192.168.0.186","25565","25858","2429864","6782","1460","0","0x0010"
"4483","2026-08-15T10:06:22.305383400-0500","15.052413500","192.168.0.178","192.168.0.186","25565","25858","2431324","6782","1460","0","0x0010"
"4484","2026-08-15T10:06:22.305387700-0500","15.052417800","192.168.0.186","192.168.0.178","25858","25565","6782","2432784","0","0","0x0010"
"4485","2026-08-15T10:06:22.305541200-0500","15.052571300","192.168.0.178","192.168.0.186","25565","25858","2432784","6782","1460","0","0x0018"
"4486","2026-08-15T10:06:22.305622000-0500","15.052652100","192.168.0.178","192.168.0.186","25565","25858","2434244","6782","952","0","0x0018"
"4487","2026-08-15T10:06:22.305632000-0500","15.052662100","192.168.0.186","192.168.0.178","25858","25565","6782","2435196","0","0","0x0010"
"4488","2026-08-15T10:06:22.326365400-0500","15.073395500","192.168.0.186","192.168.0.178","25858","25565","6782","2435196","28","0","0x0018"
"4489","2026-08-15T10:06:22.326952900-0500","15.073983000","192.168.0.186","192.168.0.178","25858","25565","6810","2435196","3","0","0x0018"
"4490","2026-08-15T10:06:22.327608100-0500","15.074638200","192.168.0.178","192.168.0.186","25565","25858","2435196","6813","0","0","0x0010"
"4491","2026-08-15T10:06:22.355691000-0500","15.102721100","192.168.0.178","192.168.0.186","25565","25858","2435196","6813","1460","0","0x0010"
"4492","2026-08-15T10:06:22.355691000-0500","15.102721100","192.168.0.178","192.168.0.186","25565","25858","2436656","6813","1460","0","0x0010"
"4493","2026-08-15T10:06:22.355746900-0500","15.102777000","192.168.0.186","192.168.0.178","25858","25565","6813","2438116","0","0","0x0010"
"4494","2026-08-15T10:06:22.355808800-0500","15.102838900","192.168.0.178","192.168.0.186","25565","25858","2438116","6813","1460","0","0x0010"
"4495","2026-08-15T10:06:22.356040700-0500","15.103070800","192.168.0.178","192.168.0.186","25565","25858","2439576","6813","1460","0","0x0010"
"4496","2026-08-15T10:06:22.356040700-0500","15.103070800","192.168.0.178","192.168.0.186","25565","25858","2441036","6813","1460","0","0x0010"
"4497","2026-08-15T10:06:22.356076100-0500","15.103106200","192.168.0.186","192.168.0.178","25858","25565","6813","2442496","0","0","0x0010"
"4498","2026-08-15T10:06:22.356135600-0500","15.103165700","192.168.0.178","192.168.0.186","25565","25858","2442496","6813","1460","0","0x0010"
"4499","2026-08-15T10:06:22.356146300-0500","15.103176400","192.168.0.186","192.168.0.178","25858","25565","6813","2443956","0","0","0x0010"
"4500","2026-08-15T10:06:22.356365400-0500","15.103395500","192.168.0.178","192.168.0.186","25565","25858","2443956","6813","1460","0","0x0010"
"4501","2026-08-15T10:06:22.356429900-0500","15.103460000","192.168.0.178","192.168.0.186","25565","25858","2445416","6813","1460","0","0x0010"
"4502","2026-08-15T10:06:22.356440300-0500","15.103470400","192.168.0.186","192.168.0.178","25858","25565","6813","2446876","0","0","0x0010"
"4503","2026-08-15T10:06:22.356521800-0500","15.103551900","192.168.0.178","192.168.0.186","25565","25858","2446876","6813","1460","0","0x0010"
"4504","2026-08-15T10:06:22.356748800-0500","15.103778900","192.168.0.178","192.168.0.186","25565","25858","2448336","6813","1460","0","0x0010"
"4505","2026-08-15T10:06:22.356748800-0500","15.103778900","192.168.0.178","192.168.0.186","25565","25858","2449796","6813","1460","0","0x0018"
"4506","2026-08-15T10:06:22.356784600-0500","15.103814700","192.168.0.186","192.168.0.178","25858","25565","6813","2451256","0","0","0x0010"
"4507","2026-08-15T10:06:22.356842600-0500","15.103872700","192.168.0.178","192.168.0.186","25565","25858","2451256","6813","1100","0","0x0018"
"4508","2026-08-15T10:06:22.356853600-0500","15.103883700","192.168.0.186","192.168.0.178","25858","25565","6813","2452356","0","0","0x0010"
"4509","2026-08-15T10:06:22.376152000-0500","15.123182100","192.168.0.186","192.168.0.178","25858","25565","6813","2452356","28","0","0x0018"
"4510","2026-08-15T10:06:22.376823200-0500","15.123853300","192.168.0.186","192.168.0.178","25858","25565","6841","2452356","3","0","0x0018"
"4511","2026-08-15T10:06:22.377692900-0500","15.124723000","192.168.0.178","192.168.0.186","25565","25858","2452356","6844","0","0","0x0010"
"4512","2026-08-15T10:06:22.404986800-0500","15.152016900","192.168.0.178","192.168.0.186","25565","25858","2452356","6844","1460","0","0x0010"
"4513","2026-08-15T10:06:22.404986800-0500","15.152016900","192.168.0.178","192.168.0.186","25565","25858","2453816","6844","1460","0","0x0010"
"4514","2026-08-15T10:06:22.405033000-0500","15.152063100","192.168.0.186","192.168.0.178","25858","25565","6844","2455276","0","0","0x0010"
"4515","2026-08-15T10:06:22.405130800-0500","15.152160900","192.168.0.178","192.168.0.186","25565","25858","2455276","6844","1460","0","0x0010"
"4516","2026-08-15T10:06:22.405168600-0500","15.152198700","192.168.0.178","192.168.0.186","25565","25858","2456736","6844","1460","0","0x0010"
"4517","2026-08-15T10:06:22.405177100-0500","15.152207200","192.168.0.186","192.168.0.178","25858","25565","6844","2458196","0","0","0x0010"
"4518","2026-08-15T10:06:22.405364700-0500","15.152394800","192.168.0.178","192.168.0.186","25565","25858","2458196","6844","1460","0","0x0010"
"4519","2026-08-15T10:06:22.405438000-0500","15.152468100","192.168.0.178","192.168.0.186","25565","25858","2459656","6844","1460","0","0x0010"
"4520","2026-08-15T10:06:22.405451500-0500","15.152481600","192.168.0.186","192.168.0.178","25858","25565","6844","2461116","0","0","0x0010"
"4521","2026-08-15T10:06:22.405669900-0500","15.152700000","192.168.0.178","192.168.0.186","25565","25858","2461116","6844","1460","0","0x0010"
"4522","2026-08-15T10:06:22.405669900-0500","15.152700000","192.168.0.178","192.168.0.186","25565","25858","2462576","6844","1460","0","0x0010"
"4523","2026-08-15T10:06:22.405703400-0500","15.152733500","192.168.0.186","192.168.0.178","25858","25565","6844","2464036","0","0","0x0010"
"4524","2026-08-15T10:06:22.405914400-0500","15.152944500","192.168.0.178","192.168.0.186","25565","25858","2464036","6844","1460","0","0x0010"
"4525","2026-08-15T10:06:22.405914400-0500","15.152944500","192.168.0.178","192.168.0.186","25565","25858","2465496","6844","1460","0","0x0010"
"4526","2026-08-15T10:06:22.405947900-0500","15.152978000","192.168.0.186","192.168.0.178","25858","25565","6844","2466956","0","0","0x0010"
"4527","2026-08-15T10:06:22.406217400-0500","15.153247500","192.168.0.178","192.168.0.186","25565","25858","2466956","6844","1460","0","0x0018"
"4528","2026-08-15T10:06:22.406217400-0500","15.153247500","192.168.0.178","192.168.0.186","25565","25858","2468416","6844","389","0","0x0018"
"4529","2026-08-15T10:06:22.406254900-0500","15.153285000","192.168.0.186","192.168.0.178","25858","25565","6844","2468805","0","0","0x0010"
"4530","2026-08-15T10:06:22.425617500-0500","15.172647600","192.168.0.186","192.168.0.178","25858","25565","6844","2468805","28","0","0x0018"
"4531","2026-08-15T10:06:22.426335900-0500","15.173366000","192.168.0.186","192.168.0.178","25858","25565","6872","2468805","3","0","0x0018"
"4532","2026-08-15T10:06:22.426974200-0500","15.174004300","192.168.0.178","192.168.0.186","25565","25858","2468805","6875","0","0","0x0010"
"4533","2026-08-15T10:06:22.456140800-0500","15.203170900","192.168.0.178","192.168.0.186","25565","25858","2468805","6875","1460","0","0x0010"
"4534","2026-08-15T10:06:22.456140800-0500","15.203170900","192.168.0.178","192.168.0.186","25565","25858","2470265","6875","1460","0","0x0010"
"4535","2026-08-15T10:06:22.456191500-0500","15.203221600","192.168.0.186","192.168.0.178","25858","25565","6875","2471725","0","0","0x0010"
"4536","2026-08-15T10:06:22.456258400-0500","15.203288500","192.168.0.178","192.168.0.186","25565","25858","2471725","6875","1460","0","0x0010"
"4537","2026-08-15T10:06:22.456510800-0500","15.203540900","192.168.0.178","192.168.0.186","25565","25858","2473185","6875","1460","0","0x0010"
"4538","2026-08-15T10:06:22.456510800-0500","15.203540900","192.168.0.178","192.168.0.186","25565","25858","2474645","6875","1460","0","0x0010"
"4539","2026-08-15T10:06:22.456563000-0500","15.203593100","192.168.0.186","192.168.0.178","25858","25565","6875","2476105","0","0","0x0010"
"4540","2026-08-15T10:06:22.456600700-0500","15.203630800","192.168.0.178","192.168.0.186","25565","25858","2476105","6875","1460","0","0x0010"
"4541","2026-08-15T10:06:22.456611500-0500","15.203641600","192.168.0.186","192.168.0.178","25858","25565","6875","2477565","0","0","0x0010"
"4542","2026-08-15T10:06:22.456858900-0500","15.203889000","192.168.0.178","192.168.0.186","25565","25858","2477565","6875","1460","0","0x0010"
"4543","2026-08-15T10:06:22.456858900-0500","15.203889000","192.168.0.178","192.168.0.186","25565","25858","2479025","6875","1460","0","0x0010"
"4544","2026-08-15T10:06:22.456900800-0500","15.203930900","192.168.0.186","192.168.0.178","25858","25565","6875","2480485","0","0","0x0010"
"4545","2026-08-15T10:06:22.456971500-0500","15.204001600","192.168.0.178","192.168.0.186","25565","25858","2480485","6875","1460","0","0x0010"
"4546","2026-08-15T10:06:22.457210500-0500","15.204240600","192.168.0.178","192.168.0.186","25565","25858","2481945","6875","1090","0","0x0018"
"4547","2026-08-15T10:06:22.457248000-0500","15.204278100","192.168.0.186","192.168.0.178","25858","25565","6875","2483035","0","0","0x0010"
"4548","2026-08-15T10:06:22.476083600-0500","15.223113700","192.168.0.186","192.168.0.178","25858","25565","6875","2483035","28","0","0x0018"
"4549","2026-08-15T10:06:22.476800900-0500","15.223831000","192.168.0.186","192.168.0.178","25858","25565","6903","2483035","3","0","0x0018"
"4550","2026-08-15T10:06:22.477387500-0500","15.224417600","192.168.0.178","192.168.0.186","25565","25858","2483035","6906","0","0","0x0010"
"4551","2026-08-15T10:06:22.506987100-0500","15.254017200","192.168.0.178","192.168.0.186","25565","25858","2483035","6906","1460","0","0x0010"
"4552","2026-08-15T10:06:22.506987100-0500","15.254017200","192.168.0.178","192.168.0.186","25565","25858","2484495","6906","1460","0","0x0010"
"4553","2026-08-15T10:06:22.507056500-0500","15.254086600","192.168.0.186","192.168.0.178","25858","25565","6906","2485955","0","0","0x0010"
"4554","2026-08-15T10:06:22.507107900-0500","15.254138000","192.168.0.178","192.168.0.186","25565","25858","2485955","6906","1460","0","0x0010"
"4555","2026-08-15T10:06:22.507346000-0500","15.254376100","192.168.0.178","192.168.0.186","25565","25858","2487415","6906","1460","0","0x0010"
"4556","2026-08-15T10:06:22.507346000-0500","15.254376100","192.168.0.178","192.168.0.186","25565","25858","2488875","6906","1460","0","0x0010"
"4557","2026-08-15T10:06:22.507393200-0500","15.254423300","192.168.0.186","192.168.0.178","25858","25565","6906","2490335","0","0","0x0010"
"4558","2026-08-15T10:06:22.507495400-0500","15.254525500","192.168.0.178","192.168.0.186","25565","25858","2490335","6906","1460","0","0x0010"
"4559","2026-08-15T10:06:22.507511000-0500","15.254541100","192.168.0.186","192.168.0.178","25858","25565","6906","2491795","0","0","0x0010"
"4560","2026-08-15T10:06:22.507565900-0500","15.254596000","192.168.0.178","192.168.0.186","25565","25858","2491795","6906","1460","0","0x0010"
"4561","2026-08-15T10:06:22.507832300-0500","15.254862400","192.168.0.178","192.168.0.186","25565","25858","2493255","6906","1460","0","0x0010"
"4562","2026-08-15T10:06:22.507832300-0500","15.254862400","192.168.0.178","192.168.0.186","25565","25858","2494715","6906","1460","0","0x0010"
"4563","2026-08-15T10:06:22.507880200-0500","15.254910300","192.168.0.186","192.168.0.178","25858","25565","6906","2496175","0","0","0x0010"
"4564","2026-08-15T10:06:22.508086600-0500","15.255116700","192.168.0.178","192.168.0.186","25565","25858","2496175","6906","1460","0","0x0010"
"4565","2026-08-15T10:06:22.508086600-0500","15.255116700","192.168.0.178","192.168.0.186","25565","25858","2497635","6906","1460","0","0x0018"
"4566","2026-08-15T10:06:22.508138000-0500","15.255168100","192.168.0.186","192.168.0.178","25858","25565","6906","2499095","0","0","0x0010"
"4567","2026-08-15T10:06:22.508221000-0500","15.255251100","192.168.0.178","192.168.0.186","25565","25858","2499095","6906","1460","0","0x0010"
"4568","2026-08-15T10:06:22.508236500-0500","15.255266600","192.168.0.186","192.168.0.178","25858","25565","6906","2500555","0","0","0x0010"
"4569","2026-08-15T10:06:22.508320800-0500","15.255350900","192.168.0.178","192.168.0.186","25565","25858","2500555","6906","1460","0","0x0010"
"4570","2026-08-15T10:06:22.508320800-0500","15.255350900","192.168.0.178","192.168.0.186","25565","25858","2502015","6906","169","0","0x0018"
"4571","2026-08-15T10:06:22.508336100-0500","15.255366200","192.168.0.186","192.168.0.178","25858","25565","6906","2502184","0","0","0x0010"
"4572","2026-08-15T10:06:22.525700000-0500","15.272730100","192.168.0.186","192.168.0.178","25858","25565","6906","2502184","28","0","0x0018"
"4573","2026-08-15T10:06:22.526411000-0500","15.273441100","192.168.0.186","192.168.0.178","25858","25565","6934","2502184","3","0","0x0018"
"4574","2026-08-15T10:06:22.527006000-0500","15.274036100","192.168.0.178","192.168.0.186","25565","25858","2502184","6937","0","0","0x0010"
"4575","2026-08-15T10:06:22.543114900-0500","15.290145000","192.168.0.178","192.168.0.186","25565","25858","2502184","6937","52","0","0x0018"
"4576","2026-08-15T10:06:22.543114900-0500","15.290145000","192.168.0.178","192.168.0.186","25565","25858","2502236","6937","104","0","0x0018"
"4577","2026-08-15T10:06:22.543157000-0500","15.290187100","192.168.0.186","192.168.0.178","25858","25565","6937","2502340","0","0","0x0010"
"4578","2026-08-15T10:06:22.554019100-0500","15.301049200","192.168.0.178","192.168.0.186","25565","25858","2502340","6937","1460","0","0x0010"
"4579","2026-08-15T10:06:22.554019100-0500","15.301049200","192.168.0.178","192.168.0.186","25565","25858","2503800","6937","1460","0","0x0010"
"4580","2026-08-15T10:06:22.554068200-0500","15.301098300","192.168.0.186","192.168.0.178","25858","25565","6937","2505260","0","0","0x0010"
"4581","2026-08-15T10:06:22.554139400-0500","15.301169500","192.168.0.178","192.168.0.186","25565","25858","2505260","6937","1460","0","0x0010"
"4582","2026-08-15T10:06:22.554365300-0500","15.301395400","192.168.0.178","192.168.0.186","25565","25858","2506720","6937","1460","0","0x0010"
"4583","2026-08-15T10:06:22.554365300-0500","15.301395400","192.168.0.178","192.168.0.186","25565","25858","2508180","6937","1460","0","0x0010"
"4584","2026-08-15T10:06:22.554404700-0500","15.301434800","192.168.0.186","192.168.0.178","25858","25565","6937","2509640","0","0","0x0010"
"4585","2026-08-15T10:06:22.554514200-0500","15.301544300","192.168.0.178","192.168.0.186","25565","25858","2509640","6937","1460","0","0x0010"
"4586","2026-08-15T10:06:22.554523700-0500","15.301553800","192.168.0.186","192.168.0.178","25858","25565","6937","2511100","0","0","0x0010"
"4587","2026-08-15T10:06:22.554737200-0500","15.301767300","192.168.0.178","192.168.0.186","25565","25858","2511100","6937","1460","0","0x0010"
"4588","2026-08-15T10:06:22.554737200-0500","15.301767300","192.168.0.178","192.168.0.186","25565","25858","2512560","6937","1460","0","0x0010"
"4589","2026-08-15T10:06:22.554777000-0500","15.301807100","192.168.0.186","192.168.0.178","25858","25565","6937","2514020","0","0","0x0010"
"4590","2026-08-15T10:06:22.554891600-0500","15.301921700","192.168.0.178","192.168.0.186","25565","25858","2514020","6937","1460","0","0x0010"
"4591","2026-08-15T10:06:22.554966100-0500","15.301996200","192.168.0.178","192.168.0.186","25565","25858","2515480","6937","1460","0","0x0010"
"4592","2026-08-15T10:06:22.554976400-0500","15.302006500","192.168.0.186","192.168.0.178","25858","25565","6937","2516940","0","0","0x0010"
"4593","2026-08-15T10:06:22.555193100-0500","15.302223200","192.168.0.178","192.168.0.186","25565","25858","2516940","6937","1460","0","0x0018"
"4594","2026-08-15T10:06:22.555264300-0500","15.302294400","192.168.0.178","192.168.0.186","25565","25858","2518400","6937","1460","0","0x0010"
"4595","2026-08-15T10:06:22.555264300-0500","15.302294400","192.168.0.178","192.168.0.186","25565","25858","2519860","6937","550","0","0x0018"
"4596","2026-08-15T10:06:22.555291000-0500","15.302321100","192.168.0.186","192.168.0.178","25858","25565","6937","2520410","0","0","0x0010"
"4597","2026-08-15T10:06:22.575657500-0500","15.322687600","192.168.0.186","192.168.0.178","25858","25565","6937","2520410","28","0","0x0018"
"4598","2026-08-15T10:06:22.576365000-0500","15.323395100","192.168.0.186","192.168.0.178","25858","25565","6965","2520410","3","0","0x0018"
"4599","2026-08-15T10:06:22.576589700-0500","15.323619800","192.168.0.178","192.168.0.186","25565","25858","2520410","6965","11","0","0x0018"
"4600","2026-08-15T10:06:22.576589700-0500","15.323619800","192.168.0.178","192.168.0.186","25565","25858","2520421","6965","22","0","0x0018"
"4601","2026-08-15T10:06:22.576614400-0500","15.323644500","192.168.0.186","192.168.0.178","25858","25565","6968","2520443","0","0","0x0010"
"4602","2026-08-15T10:06:22.576835000-0500","15.323865100","192.168.0.178","192.168.0.186","25565","25858","2520443","6968","185","0","0x0018"
"4603","2026-08-15T10:06:22.605504800-0500","15.352534900","192.168.0.178","192.168.0.186","25565","25858","2520628","6968","771","0","0x0018"
"4604","2026-08-15T10:06:22.605578900-0500","15.352609000","192.168.0.186","192.168.0.178","25858","25565","6968","2521399","0","0","0x0010"
"4605","2026-08-15T10:06:22.627065000-0500","15.374095100","192.168.0.186","192.168.0.178","25858","25565","6968","2521399","28","0","0x0018"
"4606","2026-08-15T10:06:22.628208700-0500","15.375238800","192.168.0.186","192.168.0.178","25858","25565","6996","2521399","3","0","0x0018"
"4607","2026-08-15T10:06:22.629013700-0500","15.376043800","192.168.0.178","192.168.0.186","25565","25858","2521399","6999","0","0","0x0010"
"4608","2026-08-15T10:06:22.654494900-0500","15.401525000","192.168.0.178","192.168.0.186","25565","25858","2521399","6999","260","0","0x0018"
"4609","2026-08-15T10:06:22.676946000-0500","15.423976100","192.168.0.186","192.168.0.178","25858","25565","6999","2521659","28","0","0x0018"
"4610","2026-08-15T10:06:22.678235000-0500","15.425265100","192.168.0.186","192.168.0.178","25858","25565","7027","2521659","3","0","0x0018"
"4611","2026-08-15T10:06:22.678957700-0500","15.425987800","192.168.0.178","192.168.0.186","25565","25858","2521659","7030","0","0","0x0010"
"4612","2026-08-15T10:06:22.706340900-0500","15.453371000","192.168.0.178","192.168.0.186","25565","25858","2521659","7030","1460","0","0x0010"
"4613","2026-08-15T10:06:22.706340900-0500","15.453371000","192.168.0.178","192.168.0.186","25565","25858","2523119","7030","1460","0","0x0010"
"4614","2026-08-15T10:06:22.706405200-0500","15.453435300","192.168.0.186","192.168.0.178","25858","25565","7030","2524579","0","0","0x0010"
"4615","2026-08-15T10:06:22.706456800-0500","15.453486900","192.168.0.178","192.168.0.186","25565","25858","2524579","7030","1460","0","0x0010"
"4616","2026-08-15T10:06:22.706694900-0500","15.453725000","192.168.0.178","192.168.0.186","25565","25858","2526039","7030","1460","0","0x0010"
"4617","2026-08-15T10:06:22.706694900-0500","15.453725000","192.168.0.178","192.168.0.186","25565","25858","2527499","7030","1460","0","0x0010"
"4618","2026-08-15T10:06:22.706733900-0500","15.453764000","192.168.0.186","192.168.0.178","25858","25565","7030","2528959","0","0","0x0010"
"4619","2026-08-15T10:06:22.706939500-0500","15.453969600","192.168.0.178","192.168.0.186","25565","25858","2528959","7030","1460","0","0x0010"
"4620","2026-08-15T10:06:22.706939500-0500","15.453969600","192.168.0.178","192.168.0.186","25565","25858","2530419","7030","1460","0","0x0010"
"4621","2026-08-15T10:06:22.706997100-0500","15.454027200","192.168.0.186","192.168.0.178","25858","25565","7030","2531879","0","0","0x0010"
"4622","2026-08-15T10:06:22.707072300-0500","15.454102400","192.168.0.178","192.168.0.186","25565","25858","2531879","7030","1460","0","0x0010"
"4623","2026-08-15T10:06:22.707083600-0500","15.454113700","192.168.0.186","192.168.0.178","25858","25565","7030","2533339","0","0","0x0010"
"4624","2026-08-15T10:06:22.707327500-0500","15.454357600","192.168.0.178","192.168.0.186","25565","25858","2533339","7030","1460","0","0x0010"
"4625","2026-08-15T10:06:22.707327500-0500","15.454357600","192.168.0.178","192.168.0.186","25565","25858","2534799","7030","1460","0","0x0010"
"4626","2026-08-15T10:06:22.707327500-0500","15.454357600","192.168.0.178","192.168.0.186","25565","25858","2536259","7030","404","0","0x0018"
"4627","2026-08-15T10:06:22.707382100-0500","15.454412200","192.168.0.186","192.168.0.178","25858","25565","7030","2536663","0","0","0x0010"
"4628","2026-08-15T10:06:22.707856900-0500","15.454887000","192.168.0.186","192.168.0.178","25858","25565","7030","2536663","11","0","0x0018"
"4629","2026-08-15T10:06:22.708874400-0500","15.455904500","192.168.0.178","192.168.0.186","25565","25858","2536663","7041","52","0","0x0018"
"4630","2026-08-15T10:06:22.708874400-0500","15.455904500","192.168.0.178","192.168.0.186","25565","25858","2536715","7041","52","0","0x0018"
"4631","2026-08-15T10:06:22.708874400-0500","15.455904500","192.168.0.178","192.168.0.186","25565","25858","2536767","7041","52","0","0x0018"
"4632","2026-08-15T10:06:22.708939600-0500","15.455969700","192.168.0.186","192.168.0.178","25858","25565","7041","2536819","0","0","0x0010"
"4633","2026-08-15T10:06:22.726537900-0500","15.473568000","192.168.0.186","192.168.0.178","25858","25565","7041","2536819","28","0","0x0018"
"4634","2026-08-15T10:06:22.727084900-0500","15.474115000","192.168.0.186","192.168.0.178","25858","25565","7069","2536819","3","0","0x0018"
"4635","2026-08-15T10:06:22.727724900-0500","15.474755000","192.168.0.178","192.168.0.186","25565","25858","2536819","7072","0","0","0x0010"
"4636","2026-08-15T10:06:22.757090300-0500","15.504120400","192.168.0.178","192.168.0.186","25565","25858","2536819","7072","1460","0","0x0010"
"4637","2026-08-15T10:06:22.757090300-0500","15.504120400","192.168.0.178","192.168.0.186","25565","25858","2538279","7072","1460","0","0x0010"
"4638","2026-08-15T10:06:22.757143200-0500","15.504173300","192.168.0.186","192.168.0.178","25858","25565","7072","2539739","0","0","0x0010"
"4639","2026-08-15T10:06:22.757199700-0500","15.504229800","192.168.0.178","192.168.0.186","25565","25858","2539739","7072","1460","0","0x0010"
"4640","2026-08-15T10:06:22.757429600-0500","15.504459700","192.168.0.178","192.168.0.186","25565","25858","2541199","7072","1460","0","0x0010"
"4641","2026-08-15T10:06:22.757429600-0500","15.504459700","192.168.0.178","192.168.0.186","25565","25858","2542659","7072","1460","0","0x0010"
"4642","2026-08-15T10:06:22.757459900-0500","15.504490000","192.168.0.186","192.168.0.178","25858","25565","7072","2544119","0","0","0x0010"
"4643","2026-08-15T10:06:22.757675700-0500","15.504705800","192.168.0.178","192.168.0.186","25565","25858","2544119","7072","1460","0","0x0010"
"4644","2026-08-15T10:06:22.757675700-0500","15.504705800","192.168.0.178","192.168.0.186","25565","25858","2545579","7072","1460","0","0x0010"
"4645","2026-08-15T10:06:22.757711600-0500","15.504741700","192.168.0.186","192.168.0.178","25858","25565","7072","2547039","0","0","0x0010"
"4646","2026-08-15T10:06:22.757922100-0500","15.504952200","192.168.0.178","192.168.0.186","25565","25858","2547039","7072","1460","0","0x0010"
"4647","2026-08-15T10:06:22.757922100-0500","15.504952200","192.168.0.178","192.168.0.186","25565","25858","2548499","7072","1460","0","0x0010"
"4648","2026-08-15T10:06:22.757951500-0500","15.504981600","192.168.0.186","192.168.0.178","25858","25565","7072","2549959","0","0","0x0010"
"4649","2026-08-15T10:06:22.758189700-0500","15.505219800","192.168.0.178","192.168.0.186","25565","25858","2549959","7072","1460","0","0x0010"
"4650","2026-08-15T10:06:22.758189700-0500","15.505219800","192.168.0.178","192.168.0.186","25565","25858","2551419","7072","1460","0","0x0018"
"4651","2026-08-15T10:06:22.758224500-0500","15.505254600","192.168.0.186","192.168.0.178","25858","25565","7072","2552879","0","0","0x0010"
"4652","2026-08-15T10:06:22.758766200-0500","15.505796300","192.168.0.178","192.168.0.186","25565","25858","2552879","7072","1460","0","0x0010"
"4653","2026-08-15T10:06:22.758766200-0500","15.505796300","192.168.0.178","192.168.0.186","25565","25858","2554339","7072","588","0","0x0018"
"4654","2026-08-15T10:06:22.758807900-0500","15.505838000","192.168.0.186","192.168.0.178","25858","25565","7072","2554927","0","0","0x0010"
"4655","2026-08-15T10:06:22.775748500-0500","15.522778600","192.168.0.186","192.168.0.178","25858","25565","7072","2554927","28","0","0x0018"
"4656","2026-08-15T10:06:22.776417200-0500","15.523447300","192.168.0.186","192.168.0.178","25858","25565","7100","2554927","3","0","0x0018"
"4657","2026-08-15T10:06:22.777066200-0500","15.524096300","192.168.0.178","192.168.0.186","25565","25858","2554927","7103","0","0","0x0010"
"4658","2026-08-15T10:06:22.807271000-0500","15.554301100","192.168.0.178","192.168.0.186","25565","25858","2554927","7103","1460","0","0x0010"
"4659","2026-08-15T10:06:22.807271000-0500","15.554301100","192.168.0.178","192.168.0.186","25565","25858","2556387","7103","1460","0","0x0010"
"4660","2026-08-15T10:06:22.807316200-0500","15.554346300","192.168.0.186","192.168.0.178","25858","25565","7103","2557847","0","0","0x0010"
"4661","2026-08-15T10:06:22.807430500-0500","15.554460600","192.168.0.178","192.168.0.186","25565","25858","2557847","7103","1460","0","0x0010"
"4662","2026-08-15T10:06:22.807639200-0500","15.554669300","192.168.0.178","192.168.0.186","25565","25858","2559307","7103","1460","0","0x0010"
"4663","2026-08-15T10:06:22.807639200-0500","15.554669300","192.168.0.178","192.168.0.186","25565","25858","2560767","7103","1460","0","0x0010"
"4664","2026-08-15T10:06:22.807675100-0500","15.554705200","192.168.0.186","192.168.0.178","25858","25565","7103","2562227","0","0","0x0010"
"4665","2026-08-15T10:06:22.807899600-0500","15.554929700","192.168.0.178","192.168.0.186","25565","25858","2562227","7103","1460","0","0x0010"
"4666","2026-08-15T10:06:22.807899600-0500","15.554929700","192.168.0.178","192.168.0.186","25565","25858","2563687","7103","1460","0","0x0010"
"4667","2026-08-15T10:06:22.807930300-0500","15.554960400","192.168.0.186","192.168.0.178","25858","25565","7103","2565147","0","0","0x0010"
"4668","2026-08-15T10:06:22.808001600-0500","15.555031700","192.168.0.178","192.168.0.186","25565","25858","2565147","7103","1460","0","0x0010"
"4669","2026-08-15T10:06:22.808009800-0500","15.555039900","192.168.0.186","192.168.0.178","25858","25565","7103","2566607","0","0","0x0010"
"4670","2026-08-15T10:06:22.808243500-0500","15.555273600","192.168.0.178","192.168.0.186","25565","25858","2566607","7103","1460","0","0x0010"
"4671","2026-08-15T10:06:22.808335600-0500","15.555365700","192.168.0.178","192.168.0.186","25565","25858","2568067","7103","1460","0","0x0010"
"4672","2026-08-15T10:06:22.808345300-0500","15.555375400","192.168.0.186","192.168.0.178","25858","25565","7103","2569527","0","0","0x0010"
"4673","2026-08-15T10:06:22.808388000-0500","15.555418100","192.168.0.178","192.168.0.186","25565","25858","2569527","7103","1460","0","0x0018"
"4674","2026-08-15T10:06:22.808773100-0500","15.555803200","192.168.0.178","192.168.0.186","25565","25858","2570987","7103","1460","0","0x0010"
"4675","2026-08-15T10:06:22.808773100-0500","15.555803200","192.168.0.178","192.168.0.186","25565","25858","2572447","7103","151","0","0x0018"
"4676","2026-08-15T10:06:22.808810000-0500","15.555840100","192.168.0.186","192.168.0.178","25858","25565","7103","2572598","0","0","0x0010"
"4677","2026-08-15T10:06:22.826607000-0500","15.573637100","192.168.0.186","192.168.0.178","25858","25565","7103","2572598","28","0","0x0018"
"4678","2026-08-15T10:06:22.827192900-0500","15.574223000","192.168.0.186","192.168.0.178","25858","25565","7131","2572598","3","0","0x0018"
"4679","2026-08-15T10:06:22.827868000-0500","15.574898100","192.168.0.178","192.168.0.186","25565","25858","2572598","7134","0","0","0x0010"
"4680","2026-08-15T10:06:22.853564000-0500","15.600594100","192.168.0.178","192.168.0.186","25565","25858","2572598","7134","1460","0","0x0010"
"4681","2026-08-15T10:06:22.853564000-0500","15.600594100","192.168.0.178","192.168.0.186","25565","25858","2574058","7134","1460","0","0x0010"
"4682","2026-08-15T10:06:22.853600700-0500","15.600630800","192.168.0.186","192.168.0.178","25858","25565","7134","2575518","0","0","0x0010"
"4683","2026-08-15T10:06:22.853625800-0500","15.600655900","192.168.0.178","192.168.0.186","25565","25858","2575518","7134","1460","0","0x0010"
"4684","2026-08-15T10:06:22.853839800-0500","15.600869900","192.168.0.178","192.168.0.186","25565","25858","2576978","7134","1460","0","0x0010"
"4685","2026-08-15T10:06:22.853839800-0500","15.600869900","192.168.0.178","192.168.0.186","25565","25858","2578438","7134","1460","0","0x0010"
"4686","2026-08-15T10:06:22.853862100-0500","15.600892200","192.168.0.186","192.168.0.178","25858","25565","7134","2579898","0","0","0x0010"
"4687","2026-08-15T10:06:22.854057600-0500","15.601087700","192.168.0.178","192.168.0.186","25565","25858","2579898","7134","1460","0","0x0010"
"4688","2026-08-15T10:06:22.854075500-0500","15.601105600","192.168.0.186","192.168.0.178","25858","25565","7134","2581358","0","0","0x0010"
"4689","2026-08-15T10:06:22.854109200-0500","15.601139300","192.168.0.178","192.168.0.186","25565","25858","2581358","7134","1460","0","0x0010"
"4690","2026-08-15T10:06:22.854331100-0500","15.601361200","192.168.0.178","192.168.0.186","25565","25858","2582818","7134","1460","0","0x0010"
"4691","2026-08-15T10:06:22.854331100-0500","15.601361200","192.168.0.178","192.168.0.186","25565","25858","2584278","7134","1460","0","0x0010"
"4692","2026-08-15T10:06:22.854349500-0500","15.601379600","192.168.0.186","192.168.0.178","25858","25565","7134","2585738","0","0","0x0010"
"4693","2026-08-15T10:06:22.854539100-0500","15.601569200","192.168.0.178","192.168.0.186","25565","25858","2585738","7134","1460","0","0x0010"
"4694","2026-08-15T10:06:22.854556100-0500","15.601586200","192.168.0.186","192.168.0.178","25858","25565","7134","2587198","0","0","0x0010"
"4695","2026-08-15T10:06:22.854592900-0500","15.601623000","192.168.0.178","192.168.0.186","25565","25858","2587198","7134","1460","0","0x0018"
"4696","2026-08-15T10:06:22.855653700-0500","15.602683800","192.168.0.178","192.168.0.186","25565","25858","2588658","7134","12","0","0x0018"
"4697","2026-08-15T10:06:22.855671900-0500","15.602702000","192.168.0.186","192.168.0.178","25858","25565","7134","2588670","0","0","0x0010"
"4698","2026-08-15T10:06:22.875833300-0500","15.622863400","192.168.0.186","192.168.0.178","25858","25565","7134","2588670","28","0","0x0018"
"4699","2026-08-15T10:06:22.876452300-0500","15.623482400","192.168.0.186","192.168.0.178","25858","25565","7162","2588670","3","0","0x0018"
"4700","2026-08-15T10:06:22.877086300-0500","15.624116400","192.168.0.178","192.168.0.186","25565","25858","2588670","7165","0","0","0x0010"
"4701","2026-08-15T10:06:22.903460700-0500","15.650490800","192.168.0.178","192.168.0.186","25565","25858","2588670","7165","1460","0","0x0010"
"4702","2026-08-15T10:06:22.903460700-0500","15.650490800","192.168.0.178","192.168.0.186","25565","25858","2590130","7165","1460","0","0x0010"
"4703","2026-08-15T10:06:22.903537500-0500","15.650567600","192.168.0.186","192.168.0.178","25858","25565","7165","2591590","0","0","0x0010"
"4704","2026-08-15T10:06:22.903582200-0500","15.650612300","192.168.0.178","192.168.0.186","25565","25858","2591590","7165","1460","0","0x0010"
"4705","2026-08-15T10:06:22.903656700-0500","15.650686800","192.168.0.178","192.168.0.186","25565","25858","2593050","7165","1460","0","0x0010"
"4706","2026-08-15T10:06:22.903665500-0500","15.650695600","192.168.0.186","192.168.0.178","25858","25565","7165","2594510","0","0","0x0010"
"4707","2026-08-15T10:06:22.903912400-0500","15.650942500","192.168.0.178","192.168.0.186","25565","25858","2594510","7165","1460","0","0x0010"
"4708","2026-08-15T10:06:22.903912400-0500","15.650942500","192.168.0.178","192.168.0.186","25565","25858","2595970","7165","1460","0","0x0010"
"4709","2026-08-15T10:06:22.903965000-0500","15.650995100","192.168.0.186","192.168.0.178","25858","25565","7165","2597430","0","0","0x0010"
"4710","2026-08-15T10:06:22.904031900-0500","15.651062000","192.168.0.178","192.168.0.186","25565","25858","2597430","7165","1460","0","0x0010"
"4711","2026-08-15T10:06:22.904298300-0500","15.651328400","192.168.0.178","192.168.0.186","25565","25858","2598890","7165","1460","0","0x0010"
"4712","2026-08-15T10:06:22.904298300-0500","15.651328400","192.168.0.178","192.168.0.186","25565","25858","2600350","7165","1460","0","0x0010"
"4713","2026-08-15T10:06:22.904348000-0500","15.651378100","192.168.0.186","192.168.0.178","25858","25565","7165","2601810","0","0","0x0010"
"4714","2026-08-15T10:06:22.904413400-0500","15.651443500","192.168.0.178","192.168.0.186","25565","25858","2601810","7165","1460","0","0x0010"
"4715","2026-08-15T10:06:22.904424100-0500","15.651454200","192.168.0.186","192.168.0.178","25858","25565","7165","2603270","0","0","0x0010"
"4716","2026-08-15T10:06:22.904478500-0500","15.651508600","192.168.0.178","192.168.0.186","25565","25858","2603270","7165","990","0","0x0018"
"4717","2026-08-15T10:06:22.926757800-0500","15.673787900","192.168.0.186","192.168.0.178","25858","25565","7165","2604260","28","0","0x0018"
"4718","2026-08-15T10:06:22.928005000-0500","15.675035100","192.168.0.186","192.168.0.178","25858","25565","7193","2604260","3","0","0x0018"
"4719","2026-08-15T10:06:22.928773900-0500","15.675804000","192.168.0.178","192.168.0.186","25565","25858","2604260","7196","0","0","0x0010"
"4720","2026-08-15T10:06:22.956112200-0500","15.703142300","192.168.0.178","192.168.0.186","25565","25858","2604260","7196","1460","0","0x0010"
"4721","2026-08-15T10:06:22.956112200-0500","15.703142300","192.168.0.178","192.168.0.186","25565","25858","2605720","7196","1460","0","0x0010"
"4722","2026-08-15T10:06:22.956112200-0500","15.703142300","192.168.0.178","192.168.0.186","25565","25858","2607180","7196","289","0","0x0018"
"4723","2026-08-15T10:06:22.956197400-0500","15.703227500","192.168.0.186","192.168.0.178","25858","25565","7196","2607469","0","0","0x0010"
"4724","2026-08-15T10:06:22.976177800-0500","15.723207900","192.168.0.186","192.168.0.178","25858","25565","7196","2607469","28","0","0x0018"
"4725","2026-08-15T10:06:22.976851000-0500","15.723881100","192.168.0.186","192.168.0.178","25858","25565","7224","2607469","3","0","0x0018"
"4726","2026-08-15T10:06:22.977513200-0500","15.724543300","192.168.0.178","192.168.0.186","25565","25858","2607469","7227","0","0","0x0010"
"4727","2026-08-15T10:06:22.994162900-0500","15.741193000","192.168.0.178","192.168.0.186","25565","25858","2607469","7227","52","0","0x0018"
"4728","2026-08-15T10:06:22.994162900-0500","15.741193000","192.168.0.178","192.168.0.186","25565","25858","2607521","7227","52","0","0x0018"
"4729","2026-08-15T10:06:22.994162900-0500","15.741193000","192.168.0.178","192.168.0.186","25565","25858","2607573","7227","52","0","0x0018"
"4730","2026-08-15T10:06:22.994209700-0500","15.741239800","192.168.0.186","192.168.0.178","25858","25565","7227","2607625","0","0","0x0010"
"4731","2026-08-15T10:06:23.005165600-0500","15.752195700","192.168.0.178","192.168.0.186","25565","25858","2607625","7227","130","0","0x0018"
"4732","2026-08-15T10:06:23.005211600-0500","15.752241700","192.168.0.186","192.168.0.178","25858","25565","7227","2607755","0","0","0x0010"
"4733","2026-08-15T10:06:23.027128300-0500","15.774158400","192.168.0.186","192.168.0.178","25858","25565","7227","2607755","28","0","0x0018"
"4734","2026-08-15T10:06:23.028369600-0500","15.775399700","192.168.0.186","192.168.0.178","25858","25565","7255","2607755","3","0","0x0018"
"4735","2026-08-15T10:06:23.029052500-0500","15.776082600","192.168.0.178","192.168.0.186","25565","25858","2607755","7258","0","0","0x0010"
"4736","2026-08-15T10:06:23.055759600-0500","15.802789700","192.168.0.178","192.168.0.186","25565","25858","2607755","7258","403","0","0x0018"
"4737","2026-08-15T10:06:23.076949000-0500","15.823979100","192.168.0.186","192.168.0.178","25858","25565","7258","2608158","28","0","0x0018"
"4738","2026-08-15T10:06:23.078191000-0500","15.825221100","192.168.0.178","192.168.0.186","25565","25858","2608158","7286","11","0","0x0018"
"4739","2026-08-15T10:06:23.078191000-0500","15.825221100","192.168.0.178","192.168.0.186","25565","25858","2608169","7286","22","0","0x0018"
"4740","2026-08-15T10:06:23.078191000-0500","15.825221100","192.168.0.178","192.168.0.186","25565","25858","2608191","7286","33","0","0x0018"
"4741","2026-08-15T10:06:23.078191000-0500","15.825221100","192.168.0.178","192.168.0.186","25565","25858","2608224","7286","11","0","0x0018"
"4742","2026-08-15T10:06:23.078191000-0500","15.825221100","192.168.0.178","192.168.0.186","25565","25858","2608235","7286","22","0","0x0018"
"4743","2026-08-15T10:06:23.078212100-0500","15.825242200","192.168.0.186","192.168.0.178","25858","25565","7286","2608158","3","0","0x0018"
"4744","2026-08-15T10:06:23.078258500-0500","15.825288600","192.168.0.186","192.168.0.178","25858","25565","7289","2608257","0","0","0x0010"
"4745","2026-08-15T10:06:23.078321600-0500","15.825351700","192.168.0.178","192.168.0.186","25565","25858","2608257","7286","11","0","0x0018"
"4746","2026-08-15T10:06:23.078321600-0500","15.825351700","192.168.0.178","192.168.0.186","25565","25858","2608268","7286","22","0","0x0018"
"4747","2026-08-15T10:06:23.078341400-0500","15.825371500","192.168.0.186","192.168.0.178","25858","25565","7289","2608290","0","0","0x0010"
"4748","2026-08-15T10:06:23.078407600-0500","15.825437700","192.168.0.178","192.168.0.186","25565","25858","2608290","7286","86","0","0x0018"
"4749","2026-08-15T10:06:23.078416200-0500","15.825446300","192.168.0.186","192.168.0.178","25858","25565","7289","2608376","0","0","0x0010"
"4750","2026-08-15T10:06:23.103801900-0500","15.850832000","192.168.0.178","192.168.0.186","25565","25858","2608376","7289","122","0","0x0018"
"4751","2026-08-15T10:06:23.127202100-0500","15.874232200","192.168.0.186","192.168.0.178","25858","25565","7289","2608498","28","0","0x0018"
"4752","2026-08-15T10:06:23.128475800-0500","15.875505900","192.168.0.186","192.168.0.178","25858","25565","7317","2608498","3","0","0x0018"
"4753","2026-08-15T10:06:23.129115300-0500","15.876145400","192.168.0.178","192.168.0.186","25565","25858","2608498","7320","0","0","0x0010"
"4754","2026-08-15T10:06:23.153637000-0500","15.900667100","192.168.0.178","192.168.0.186","25565","25858","2608498","7320","119","0","0x0018"
"4755","2026-08-15T10:06:23.176644800-0500","15.923674900","192.168.0.186","192.168.0.178","25858","25565","7320","2608617","28","0","0x0018"
"4756","2026-08-15T10:06:23.177854900-0500","15.924885000","192.168.0.186","192.168.0.178","25858","25565","7348","2608617","3","0","0x0018"
"4757","2026-08-15T10:06:23.178609200-0500","15.925639300","192.168.0.178","192.168.0.186","25565","25858","2608617","7351","0","0","0x0010"
"4758","2026-08-15T10:06:23.203763500-0500","15.950793600","192.168.0.178","192.168.0.186","25565","25858","2608617","7351","479","0","0x0018"
"4759","2026-08-15T10:06:23.226960100-0500","15.973990200","192.168.0.186","192.168.0.178","25858","25565","7351","2609096","28","0","0x0018"
"4760","2026-08-15T10:06:23.227807900-0500","15.974838000","192.168.0.186","192.168.0.178","25858","25565","7379","2609096","3","0","0x0018"
"4761","2026-08-15T10:06:23.228607400-0500","15.975637500","192.168.0.178","192.168.0.186","25565","25858","2609096","7382","0","0","0x0010"
"4762","2026-08-15T10:06:23.253274500-0500","16.000304600","192.168.0.178","192.168.0.186","25565","25858","2609096","7382","90","0","0x0018"
"4763","2026-08-15T10:06:23.277312000-0500","16.024342100","192.168.0.186","192.168.0.178","25858","25565","7382","2609186","28","0","0x0018"
"4764","2026-08-15T10:06:23.278349200-0500","16.025379300","192.168.0.186","192.168.0.178","25858","25565","7410","2609186","3","0","0x0018"
"4765","2026-08-15T10:06:23.279022400-0500","16.026052500","192.168.0.178","192.168.0.186","25565","25858","2609186","7413","0","0","0x0010"
"4766","2026-08-15T10:06:23.305104900-0500","16.052135000","192.168.0.178","192.168.0.186","25565","25858","2609186","7413","94","0","0x0018"
"4767","2026-08-15T10:06:23.327192100-0500","16.074222200","192.168.0.186","192.168.0.178","25858","25565","7413","2609280","28","0","0x0018"
"4768","2026-08-15T10:06:23.328518600-0500","16.075548700","192.168.0.186","192.168.0.178","25858","25565","7441","2609280","3","0","0x0018"
"4769","2026-08-15T10:06:23.329295100-0500","16.076325200","192.168.0.178","192.168.0.186","25565","25858","2609280","7444","0","0","0x0010"
"4770","2026-08-15T10:06:23.352834500-0500","16.099864600","192.168.0.178","192.168.0.186","25565","25858","2609280","7444","211","0","0x0018"
"4771","2026-08-15T10:06:23.377330900-0500","16.124361000","192.168.0.186","192.168.0.178","25858","25565","7444","2609491","28","0","0x0018"
"4772","2026-08-15T10:06:23.378544200-0500","16.125574300","192.168.0.186","192.168.0.178","25858","25565","7472","2609491","3","0","0x0018"
"4773","2026-08-15T10:06:23.379271300-0500","16.126301400","192.168.0.178","192.168.0.186","25565","25858","2609491","7475","0","0","0x0010"
"4774","2026-08-15T10:06:23.403026700-0500","16.150056800","192.168.0.178","192.168.0.186","25565","25858","2609491","7475","472","0","0x0018"
"4775","2026-08-15T10:06:23.426943600-0500","16.173973700","192.168.0.186","192.168.0.178","25858","25565","7475","2609963","28","0","0x0018"
"4776","2026-08-15T10:06:23.428171300-0500","16.175201400","192.168.0.186","192.168.0.178","25858","25565","7503","2609963","3","0","0x0018"
"4777","2026-08-15T10:06:23.428865800-0500","16.175895900","192.168.0.178","192.168.0.186","25565","25858","2609963","7506","0","0","0x0010"
"4778","2026-08-15T10:06:23.456182100-0500","16.203212200","192.168.0.178","192.168.0.186","25565","25858","2609963","7506","226","0","0x0018"
"4779","2026-08-15T10:06:23.476844000-0500","16.223874100","192.168.0.186","192.168.0.178","25858","25565","7506","2610189","28","0","0x0018"
"4780","2026-08-15T10:06:23.478123600-0500","16.225153700","192.168.0.186","192.168.0.178","25858","25565","7534","2610189","3","0","0x0018"
"4781","2026-08-15T10:06:23.478757600-0500","16.225787700","192.168.0.178","192.168.0.186","25565","25858","2610189","7537","0","0","0x0010"
"4782","2026-08-15T10:06:23.494200500-0500","16.241230600","192.168.0.178","192.168.0.186","25565","25858","2610189","7537","52","0","0x0018"
"4783","2026-08-15T10:06:23.494200500-0500","16.241230600","192.168.0.178","192.168.0.186","25565","25858","2610241","7537","104","0","0x0018"
"4784","2026-08-15T10:06:23.494235600-0500","16.241265700","192.168.0.186","192.168.0.178","25858","25565","7537","2610345","0","0","0x0010"
"4785","2026-08-15T10:06:23.503768600-0500","16.250798700","192.168.0.178","192.168.0.186","25565","25858","2610345","7537","255","0","0x0018"
"4786","2026-08-15T10:06:23.527189000-0500","16.274219100","192.168.0.186","192.168.0.178","25858","25565","7537","2610600","28","0","0x0018"
"4787","2026-08-15T10:06:23.528261000-0500","16.275291100","192.168.0.186","192.168.0.178","25858","25565","7565","2610600","3","0","0x0018"
"4788","2026-08-15T10:06:23.529006300-0500","16.276036400","192.168.0.178","192.168.0.186","25565","25858","2610600","7568","0","0","0x0010"
"4789","2026-08-15T10:06:23.555311700-0500","16.302341800","192.168.0.178","192.168.0.186","25565","25858","2610600","7568","1460","0","0x0010"
"4790","2026-08-15T10:06:23.555311700-0500","16.302341800","192.168.0.178","192.168.0.186","25565","25858","2612060","7568","1460","0","0x0010"
"4791","2026-08-15T10:06:23.555375500-0500","16.302405600","192.168.0.186","192.168.0.178","25858","25565","7568","2613520","0","0","0x0010"
"4792","2026-08-15T10:06:23.555428300-0500","16.302458400","192.168.0.178","192.168.0.186","25565","25858","2613520","7568","1460","0","0x0010"
"4793","2026-08-15T10:06:23.555667100-0500","16.302697200","192.168.0.178","192.168.0.186","25565","25858","2614980","7568","1460","0","0x0010"
"4794","2026-08-15T10:06:23.555667100-0500","16.302697200","192.168.0.178","192.168.0.186","25565","25858","2616440","7568","1460","0","0x0010"
"4795","2026-08-15T10:06:23.555709100-0500","16.302739200","192.168.0.186","192.168.0.178","25858","25565","7568","2617900","0","0","0x0010"
"4796","2026-08-15T10:06:23.555760300-0500","16.302790400","192.168.0.178","192.168.0.186","25565","25858","2617900","7568","1460","0","0x0010"
"4797","2026-08-15T10:06:23.555781500-0500","16.302811600","192.168.0.186","192.168.0.178","25858","25565","7568","2619360","0","0","0x0010"
"4798","2026-08-15T10:06:23.556021300-0500","16.303051400","192.168.0.178","192.168.0.186","25565","25858","2619360","7568","1460","0","0x0010"
"4799","2026-08-15T10:06:23.556021300-0500","16.303051400","192.168.0.178","192.168.0.186","25565","25858","2620820","7568","1460","0","0x0010"
"4800","2026-08-15T10:06:23.556074300-0500","16.303104400","192.168.0.186","192.168.0.178","25858","25565","7568","2622280","0","0","0x0010"
"4801","2026-08-15T10:06:23.556142100-0500","16.303172200","192.168.0.178","192.168.0.186","25565","25858","2622280","7568","1460","0","0x0010"
"4802","2026-08-15T10:06:23.556396100-0500","16.303426200","192.168.0.178","192.168.0.186","25565","25858","2623740","7568","1460","0","0x0010"
"4803","2026-08-15T10:06:23.556396100-0500","16.303426200","192.168.0.178","192.168.0.186","25565","25858","2625200","7568","1460","0","0x0018"
"4804","2026-08-15T10:06:23.556454000-0500","16.303484100","192.168.0.186","192.168.0.178","25858","25565","7568","2626660","0","0","0x0010"
"4805","2026-08-15T10:06:23.556504600-0500","16.303534700","192.168.0.178","192.168.0.186","25565","25858","2626660","7568","1460","0","0x0010"
"4806","2026-08-15T10:06:23.556516900-0500","16.303547000","192.168.0.186","192.168.0.178","25858","25565","7568","2628120","0","0","0x0010"
"4807","2026-08-15T10:06:23.556565100-0500","16.303595200","192.168.0.178","192.168.0.186","25565","25858","2628120","7568","678","0","0x0018"
"4808","2026-08-15T10:06:23.575740500-0500","16.322770600","192.168.0.186","192.168.0.178","25858","25565","7568","2628798","28","0","0x0018"
"4809","2026-08-15T10:06:23.576267000-0500","16.323297100","192.168.0.186","192.168.0.178","25858","25565","7596","2628798","3","0","0x0018"
"4810","2026-08-15T10:06:23.576917600-0500","16.323947700","192.168.0.178","192.168.0.186","25565","25858","2628798","7599","0","0","0x0010"
"4811","2026-08-15T10:06:23.576917600-0500","16.323947700","192.168.0.178","192.168.0.186","25565","25858","2628798","7599","11","0","0x0018"
"4812","2026-08-15T10:06:23.576917600-0500","16.323947700","192.168.0.178","192.168.0.186","25565","25858","2628809","7599","22","0","0x0018"
"4813","2026-08-15T10:06:23.576917600-0500","16.323947700","192.168.0.178","192.168.0.186","25565","25858","2628831","7599","33","0","0x0018"
"4814","2026-08-15T10:06:23.576943700-0500","16.323973800","192.168.0.186","192.168.0.178","25858","25565","7599","2628864","0","0","0x0010"
"4815","2026-08-15T10:06:23.576975800-0500","16.324005900","192.168.0.178","192.168.0.186","25565","25858","2628864","7599","11","0","0x0018"
"4816","2026-08-15T10:06:23.576975800-0500","16.324005900","192.168.0.178","192.168.0.186","25565","25858","2628875","7599","22","0","0x0018"
"4817","2026-08-15T10:06:23.576975800-0500","16.324005900","192.168.0.178","192.168.0.186","25565","25858","2628897","7599","11","0","0x0018"
"4818","2026-08-15T10:06:23.576981000-0500","16.324011100","192.168.0.186","192.168.0.178","25858","25565","7599","2628908","0","0","0x0010"
"4819","2026-08-15T10:06:23.576989000-0500","16.324019100","192.168.0.178","192.168.0.186","25565","25858","2628908","7599","22","0","0x0018"
"4820","2026-08-15T10:06:23.577005500-0500","16.324035600","192.168.0.178","192.168.0.186","25565","25858","2628930","7599","11","0","0x0018"
"4821","2026-08-15T10:06:23.577008300-0500","16.324038400","192.168.0.186","192.168.0.178","25858","25565","7599","2628941","0","0","0x0010"
"4822","2026-08-15T10:06:23.577028700-0500","16.324058800","192.168.0.178","192.168.0.186","25565","25858","2628941","7599","22","0","0x0018"
"4823","2026-08-15T10:06:23.577042800-0500","16.324072900","192.168.0.178","192.168.0.186","25565","25858","2628963","7599","11","0","0x0018"
"4824","2026-08-15T10:06:23.577046300-0500","16.324076400","192.168.0.186","192.168.0.178","25858","25565","7599","2628974","0","0","0x0010"
"4825","2026-08-15T10:06:23.577065700-0500","16.324095800","192.168.0.178","192.168.0.186","25565","25858","2628974","7599","22","0","0x0018"
"4826","2026-08-15T10:06:23.577129200-0500","16.324159300","192.168.0.178","192.168.0.186","25565","25858","2628996","7599","20","0","0x0018"
"4827","2026-08-15T10:06:23.577136500-0500","16.324166600","192.168.0.186","192.168.0.178","25858","25565","7599","2629016","0","0","0x0010"
"4828","2026-08-15T10:06:23.607462300-0500","16.354492400","192.168.0.178","192.168.0.186","25565","25858","2629016","7599","89","0","0x0018"
"4829","2026-08-15T10:06:23.626920100-0500","16.373950200","192.168.0.186","192.168.0.178","25858","25565","7599","2629105","28","0","0x0018"
"4830","2026-08-15T10:06:23.628191500-0500","16.375221600","192.168.0.186","192.168.0.178","25858","25565","7627","2629105","3","0","0x0018"
"4831","2026-08-15T10:06:23.629029400-0500","16.376059500","192.168.0.178","192.168.0.186","25565","25858","2629105","7630","0","0","0x0010"
"4832","2026-08-15T10:06:23.659131300-0500","16.406161400","192.168.0.178","192.168.0.186","25565","25858","2629105","7630","191","0","0x0018"
"4833","2026-08-15T10:06:23.676809800-0500","16.423839900","192.168.0.186","192.168.0.178","25858","25565","7630","2629296","28","0","0x0018"
"4834","2026-08-15T10:06:23.678019100-0500","16.425049200","192.168.0.186","192.168.0.178","25858","25565","7658","2629296","3","0","0x0018"
"4835","2026-08-15T10:06:23.678676100-0500","16.425706200","192.168.0.178","192.168.0.186","25565","25858","2629296","7661","0","0","0x0010"
"4836","2026-08-15T10:06:23.706716000-0500","16.453746100","192.168.0.178","192.168.0.186","25565","25858","2629296","7661","1460","0","0x0010"
"4837","2026-08-15T10:06:23.706716000-0500","16.453746100","192.168.0.178","192.168.0.186","25565","25858","2630756","7661","1460","0","0x0010"
"4838","2026-08-15T10:06:23.706783100-0500","16.453813200","192.168.0.186","192.168.0.178","25858","25565","7661","2632216","0","0","0x0010"
"4839","2026-08-15T10:06:23.706833200-0500","16.453863300","192.168.0.178","192.168.0.186","25565","25858","2632216","7661","1460","0","0x0010"
"4840","2026-08-15T10:06:23.706961300-0500","16.453991400","192.168.0.178","192.168.0.186","25565","25858","2633676","7661","1460","0","0x0010"
"4841","2026-08-15T10:06:23.706971000-0500","16.454001100","192.168.0.186","192.168.0.178","25858","25565","7661","2635136","0","0","0x0010"
"4842","2026-08-15T10:06:23.707033000-0500","16.454063100","192.168.0.178","192.168.0.186","25565","25858","2635136","7661","1460","0","0x0010"
"4843","2026-08-15T10:06:23.707311300-0500","16.454341400","192.168.0.178","192.168.0.186","25565","25858","2636596","7661","1460","0","0x0010"
"4844","2026-08-15T10:06:23.707311300-0500","16.454341400","192.168.0.178","192.168.0.186","25565","25858","2638056","7661","1460","0","0x0010"
"4845","2026-08-15T10:06:23.707371400-0500","16.454401500","192.168.0.186","192.168.0.178","25858","25565","7661","2639516","0","0","0x0010"
"4846","2026-08-15T10:06:23.707440800-0500","16.454470900","192.168.0.178","192.168.0.186","25565","25858","2639516","7661","1460","0","0x0010"
"4847","2026-08-15T10:06:23.707452800-0500","16.454482900","192.168.0.186","192.168.0.178","25858","25565","7661","2640976","0","0","0x0010"
"4848","2026-08-15T10:06:23.707686700-0500","16.454716800","192.168.0.178","192.168.0.186","25565","25858","2640976","7661","1460","0","0x0010"
"4849","2026-08-15T10:06:23.707686700-0500","16.454716800","192.168.0.178","192.168.0.186","25565","25858","2642436","7661","1460","0","0x0010"
"4850","2026-08-15T10:06:23.707738100-0500","16.454768200","192.168.0.186","192.168.0.178","25858","25565","7661","2643896","0","0","0x0010"
"4851","2026-08-15T10:06:23.707798800-0500","16.454828900","192.168.0.178","192.168.0.186","25565","25858","2643896","7661","1460","0","0x0018"
"4852","2026-08-15T10:06:23.708083900-0500","16.455114000","192.168.0.178","192.168.0.186","25565","25858","2645356","7661","1460","0","0x0010"
"4853","2026-08-15T10:06:23.708083900-0500","16.455114000","192.168.0.178","192.168.0.186","25565","25858","2646816","7661","30","0","0x0018"
"4854","2026-08-15T10:06:23.708138300-0500","16.455168400","192.168.0.186","192.168.0.178","25858","25565","7661","2646846","0","0","0x0010"
"4855","2026-08-15T10:06:23.708457800-0500","16.455487900","192.168.0.186","192.168.0.178","25858","25565","7661","2646846","11","0","0x0018"
"4856","2026-08-15T10:06:23.725981500-0500","16.473011600","192.168.0.186","192.168.0.178","25858","25565","7672","2646846","28","0","0x0018"
"4857","2026-08-15T10:06:23.726513300-0500","16.473543400","192.168.0.186","192.168.0.178","25858","25565","7700","2646846","3","0","0x0018"
"4858","2026-08-15T10:06:23.726567700-0500","16.473597800","192.168.0.178","192.168.0.186","25565","25858","2646846","7700","0","0","0x0010"
"4859","2026-08-15T10:06:23.755539600-0500","16.502569700","192.168.0.178","192.168.0.186","25565","25858","2646846","7703","1460","0","0x0010"
"4860","2026-08-15T10:06:23.755539600-0500","16.502569700","192.168.0.178","192.168.0.186","25565","25858","2648306","7703","1460","0","0x0010"
"4861","2026-08-15T10:06:23.755589700-0500","16.502619800","192.168.0.186","192.168.0.178","25858","25565","7703","2649766","0","0","0x0010"
"4862","2026-08-15T10:06:23.755649900-0500","16.502680000","192.168.0.178","192.168.0.186","25565","25858","2649766","7703","1460","0","0x0010"
"4863","2026-08-15T10:06:23.755875700-0500","16.502905800","192.168.0.178","192.168.0.186","25565","25858","2651226","7703","1460","0","0x0010"
"4864","2026-08-15T10:06:23.755875700-0500","16.502905800","192.168.0.178","192.168.0.186","25565","25858","2652686","7703","1460","0","0x0010"
"4865","2026-08-15T10:06:23.755913100-0500","16.502943200","192.168.0.186","192.168.0.178","25858","25565","7703","2654146","0","0","0x0010"
"4866","2026-08-15T10:06:23.755992500-0500","16.503022600","192.168.0.178","192.168.0.186","25565","25858","2654146","7703","1460","0","0x0010"
"4867","2026-08-15T10:06:23.756003300-0500","16.503033400","192.168.0.186","192.168.0.178","25858","25565","7703","2655606","0","0","0x0010"
"4868","2026-08-15T10:06:23.756227800-0500","16.503257900","192.168.0.178","192.168.0.186","25565","25858","2655606","7703","1460","0","0x0010"
"4869","2026-08-15T10:06:23.756279200-0500","16.503309300","192.168.0.178","192.168.0.186","25565","25858","2657066","7703","1460","0","0x0010"
"4870","2026-08-15T10:06:23.756289100-0500","16.503319200","192.168.0.186","192.168.0.178","25858","25565","7703","2658526","0","0","0x0010"
"4871","2026-08-15T10:06:23.756522700-0500","16.503552800","192.168.0.178","192.168.0.186","25565","25858","2658526","7703","1460","0","0x0010"
"4872","2026-08-15T10:06:23.756522700-0500","16.503552800","192.168.0.178","192.168.0.186","25565","25858","2659986","7703","1460","0","0x0010"
"4873","2026-08-15T10:06:23.756556500-0500","16.503586600","192.168.0.186","192.168.0.178","25858","25565","7703","2661446","0","0","0x0010"
"4874","2026-08-15T10:06:23.756613300-0500","16.503643400","192.168.0.178","192.168.0.186","25565","25858","2661446","7703","1460","0","0x0018"
"4875","2026-08-15T10:06:23.756644900-0500","16.503675000","192.168.0.178","192.168.0.186","25565","25858","2662906","7703","255","0","0x0018"
"4876","2026-08-15T10:06:23.756654100-0500","16.503684200","192.168.0.186","192.168.0.178","25858","25565","7703","2663161","0","0","0x0010"
"4877","2026-08-15T10:06:23.759285300-0500","16.506315400","192.168.0.178","192.168.0.186","25565","25858","2663161","7703","52","0","0x0018"
"4878","2026-08-15T10:06:23.759285300-0500","16.506315400","192.168.0.178","192.168.0.186","25565","25858","2663213","7703","104","0","0x0018"
"4879","2026-08-15T10:06:23.759320700-0500","16.506350800","192.168.0.186","192.168.0.178","25858","25565","7703","2663317","0","0","0x0010"
"4880","2026-08-15T10:06:23.775904800-0500","16.522934900","192.168.0.186","192.168.0.178","25858","25565","7703","2663317","28","0","0x0018"
"4881","2026-08-15T10:06:23.776514600-0500","16.523544700","192.168.0.186","192.168.0.178","25858","25565","7731","2663317","3","0","0x0018"
"4882","2026-08-15T10:06:23.777159600-0500","16.524189700","192.168.0.178","192.168.0.186","25565","25858","2663317","7734","0","0","0x0010"
"4883","2026-08-15T10:06:23.807839300-0500","16.554869400","192.168.0.178","192.168.0.186","25565","25858","2663317","7734","1460","0","0x0010"
"4884","2026-08-15T10:06:23.807839300-0500","16.554869400","192.168.0.178","192.168.0.186","25565","25858","2664777","7734","1460","0","0x0010"
"4885","2026-08-15T10:06:23.807896500-0500","16.554926600","192.168.0.186","192.168.0.178","25858","25565","7734","2666237","0","0","0x0010"
"4886","2026-08-15T10:06:23.807945200-0500","16.554975300","192.168.0.178","192.168.0.186","25565","25858","2666237","7734","1460","0","0x0010"
"4887","2026-08-15T10:06:23.808180700-0500","16.555210800","192.168.0.178","192.168.0.186","25565","25858","2667697","7734","1460","0","0x0010"
"4888","2026-08-15T10:06:23.808180700-0500","16.555210800","192.168.0.178","192.168.0.186","25565","25858","2669157","7734","1460","0","0x0010"
"4889","2026-08-15T10:06:23.808230900-0500","16.555261000","192.168.0.186","192.168.0.178","25858","25565","7734","2670617","0","0","0x0010"
"4890","2026-08-15T10:06:23.808433000-0500","16.555463100","192.168.0.178","192.168.0.186","25565","25858","2670617","7734","1460","0","0x0010"
"4891","2026-08-15T10:06:23.808433000-0500","16.555463100","192.168.0.178","192.168.0.186","25565","25858","2672077","7734","1460","0","0x0010"
"4892","2026-08-15T10:06:23.808471800-0500","16.555501900","192.168.0.186","192.168.0.178","25858","25565","7734","2673537","0","0","0x0010"
"4893","2026-08-15T10:06:23.808540000-0500","16.555570100","192.168.0.178","192.168.0.186","25565","25858","2673537","7734","1460","0","0x0010"
"4894","2026-08-15T10:06:23.808549800-0500","16.555579900","192.168.0.186","192.168.0.178","25858","25565","7734","2674997","0","0","0x0010"
"4895","2026-08-15T10:06:23.808942400-0500","16.555972500","192.168.0.178","192.168.0.186","25565","25858","2674997","7734","1460","0","0x0010"
"4896","2026-08-15T10:06:23.808942400-0500","16.555972500","192.168.0.178","192.168.0.186","25565","25858","2676457","7734","1460","0","0x0010"
"4897","2026-08-15T10:06:23.808942400-0500","16.555972500","192.168.0.178","192.168.0.186","25565","25858","2677917","7734","1460","0","0x0018"
"4898","2026-08-15T10:06:23.809002600-0500","16.556032700","192.168.0.186","192.168.0.178","25858","25565","7734","2679377","0","0","0x0010"
"4899","2026-08-15T10:06:23.809054200-0500","16.556084300","192.168.0.178","192.168.0.186","25565","25858","2679377","7734","1460","0","0x0010"
"4900","2026-08-15T10:06:23.809065400-0500","16.556095500","192.168.0.186","192.168.0.178","25858","25565","7734","2680837","0","0","0x0010"
"4901","2026-08-15T10:06:23.809108900-0500","16.556139000","192.168.0.178","192.168.0.186","25565","25858","2680837","7734","981","0","0x0018"
"4902","2026-08-15T10:06:23.826653900-0500","16.573684000","192.168.0.186","192.168.0.178","25858","25565","7734","2681818","28","0","0x0018"
"4903","2026-08-15T10:06:23.827276400-0500","16.574306500","192.168.0.186","192.168.0.178","25858","25565","7762","2681818","3","0","0x0018"
"4904","2026-08-15T10:06:23.827926500-0500","16.574956600","192.168.0.178","192.168.0.186","25565","25858","2681818","7765","0","0","0x0010"
"4905","2026-08-15T10:06:23.857860400-0500","16.604890500","192.168.0.178","192.168.0.186","25565","25858","2681818","7765","1460","0","0x0010"
"4906","2026-08-15T10:06:23.857860400-0500","16.604890500","192.168.0.178","192.168.0.186","25565","25858","2683278","7765","1460","0","0x0010"
"4907","2026-08-15T10:06:23.857915100-0500","16.604945200","192.168.0.186","192.168.0.178","25858","25565","7765","2684738","0","0","0x0010"
"4908","2026-08-15T10:06:23.857969200-0500","16.604999300","192.168.0.178","192.168.0.186","25565","25858","2684738","7765","1460","0","0x0010"
"4909","2026-08-15T10:06:23.858113200-0500","16.605143300","192.168.0.178","192.168.0.186","25565","25858","2686198","7765","1460","0","0x0010"
"4910","2026-08-15T10:06:23.858120800-0500","16.605150900","192.168.0.186","192.168.0.178","25858","25565","7765","2687658","0","0","0x0010"
"4911","2026-08-15T10:06:23.858587300-0500","16.605617400","192.168.0.178","192.168.0.186","25565","25858","2687658","7765","1460","0","0x0010"
"4912","2026-08-15T10:06:23.858587300-0500","16.605617400","192.168.0.178","192.168.0.186","25565","25858","2689118","7765","1460","0","0x0010"
"4913","2026-08-15T10:06:23.858587300-0500","16.605617400","192.168.0.178","192.168.0.186","25565","25858","2690578","7765","1460","0","0x0010"
"4914","2026-08-15T10:06:23.858587300-0500","16.605617400","192.168.0.178","192.168.0.186","25565","25858","2692038","7765","1460","0","0x0010"
"4915","2026-08-15T10:06:23.858613300-0500","16.605643400","192.168.0.186","192.168.0.178","25858","25565","7765","2693498","0","0","0x0010"
"4916","2026-08-15T10:06:23.858719600-0500","16.605749700","192.168.0.178","192.168.0.186","25565","25858","2693498","7765","1417","0","0x0018"
"4917","2026-08-15T10:06:23.876535900-0500","16.623566000","192.168.0.186","192.168.0.178","25858","25565","7765","2694915","28","0","0x0018"
"4918","2026-08-15T10:06:23.877458800-0500","16.624488900","192.168.0.186","192.168.0.178","25858","25565","7793","2694915","3","0","0x0018"
"4919","2026-08-15T10:06:23.879909500-0500","16.626939600","192.168.0.178","192.168.0.186","25565","25858","2694915","7796","0","0","0x0010"
"4920","2026-08-15T10:06:23.904361000-0500","16.651391100","192.168.0.178","192.168.0.186","25565","25858","2694915","7796","1460","0","0x0010"
"4921","2026-08-15T10:06:23.904361000-0500","16.651391100","192.168.0.178","192.168.0.186","25565","25858","2696375","7796","1460","0","0x0010"
"4922","2026-08-15T10:06:23.904432000-0500","16.651462100","192.168.0.186","192.168.0.178","25858","25565","7796","2697835","0","0","0x0010"
"4923","2026-08-15T10:06:23.904485000-0500","16.651515100","192.168.0.178","192.168.0.186","25565","25858","2697835","7796","1460","0","0x0010"
"4924","2026-08-15T10:06:23.904722600-0500","16.651752700","192.168.0.178","192.168.0.186","25565","25858","2699295","7796","1460","0","0x0010"
"4925","2026-08-15T10:06:23.904722600-0500","16.651752700","192.168.0.178","192.168.0.186","25565","25858","2700755","7796","1460","0","0x0010"
"4926","2026-08-15T10:06:23.904781200-0500","16.651811300","192.168.0.186","192.168.0.178","25858","25565","7796","2702215","0","0","0x0010"
"4927","2026-08-15T10:06:23.904850800-0500","16.651880900","192.168.0.178","192.168.0.186","25565","25858","2702215","7796","1460","0","0x0010"
"4928","2026-08-15T10:06:23.904861900-0500","16.651892000","192.168.0.186","192.168.0.178","25858","25565","7796","2703675","0","0","0x0010"
"4929","2026-08-15T10:06:23.905158900-0500","16.652189000","192.168.0.178","192.168.0.186","25565","25858","2703675","7796","1460","0","0x0010"
"4930","2026-08-15T10:06:23.905158900-0500","16.652189000","192.168.0.178","192.168.0.186","25565","25858","2705135","7796","1460","0","0x0010"
"4931","2026-08-15T10:06:23.905221100-0500","16.652251200","192.168.0.186","192.168.0.178","25858","25565","7796","2706595","0","0","0x0010"
"4932","2026-08-15T10:06:23.905279200-0500","16.652309300","192.168.0.178","192.168.0.186","25565","25858","2706595","7796","1460","0","0x0010"
"4933","2026-08-15T10:06:23.905345300-0500","16.652375400","192.168.0.178","192.168.0.186","25565","25858","2708055","7796","1460","0","0x0010"
"4934","2026-08-15T10:06:23.905353300-0500","16.652383400","192.168.0.186","192.168.0.178","25858","25565","7796","2709515","0","0","0x0010"
"4935","2026-08-15T10:06:23.905587200-0500","16.652617300","192.168.0.178","192.168.0.186","25565","25858","2709515","7796","1460","0","0x0018"
"4936","2026-08-15T10:06:23.905587200-0500","16.652617300","192.168.0.178","192.168.0.186","25565","25858","2710975","7796","1460","0","0x0010"
"4937","2026-08-15T10:06:23.905636700-0500","16.652666800","192.168.0.186","192.168.0.178","25858","25565","7796","2712435","0","0","0x0010"
"4938","2026-08-15T10:06:23.905702100-0500","16.652732200","192.168.0.178","192.168.0.186","25565","25858","2712435","7796","1460","0","0x0010"
"4939","2026-08-15T10:06:23.905943800-0500","16.652973900","192.168.0.178","192.168.0.186","25565","25858","2713895","7796","1460","0","0x0010"
"4940","2026-08-15T10:06:23.905943800-0500","16.652973900","192.168.0.178","192.168.0.186","25565","25858","2715355","7796","1460","0","0x0010"
"4941","2026-08-15T10:06:23.905983100-0500","16.653013200","192.168.0.186","192.168.0.178","25858","25565","7796","2716815","0","0","0x0010"
"4942","2026-08-15T10:06:23.906047600-0500","16.653077700","192.168.0.178","192.168.0.186","25565","25858","2716815","7796","1265","0","0x0018"
"4943","2026-08-15T10:06:23.906072800-0500","16.653102900","192.168.0.186","192.168.0.178","25858","25565","7796","2718080","0","0","0x0010"
"4944","2026-08-15T10:06:23.925658900-0500","16.672689000","192.168.0.186","192.168.0.178","25858","25565","7796","2718080","28","0","0x0018"
"4945","2026-08-15T10:06:23.926146600-0500","16.673176700","192.168.0.186","192.168.0.178","25858","25565","7824","2718080","3","0","0x0018"
"4946","2026-08-15T10:06:23.926762600-0500","16.673792700","192.168.0.178","192.168.0.186","25565","25858","2718080","7827","0","0","0x0010"
"4947","2026-08-15T10:06:23.954388700-0500","16.701418800","192.168.0.178","192.168.0.186","25565","25858","2718080","7827","1460","0","0x0010"
"4948","2026-08-15T10:06:23.954388700-0500","16.701418800","192.168.0.178","192.168.0.186","25565","25858","2719540","7827","1460","0","0x0010"
"4949","2026-08-15T10:06:23.954458300-0500","16.701488400","192.168.0.186","192.168.0.178","25858","25565","7827","2721000","0","0","0x0010"
"4950","2026-08-15T10:06:23.954511000-0500","16.701541100","192.168.0.178","192.168.0.186","25565","25858","2721000","7827","1460","0","0x0010"
"4951","2026-08-15T10:06:23.954763900-0500","16.701794000","192.168.0.178","192.168.0.186","25565","25858","2722460","7827","1460","0","0x0010"
"4952","2026-08-15T10:06:23.954763900-0500","16.701794000","192.168.0.178","192.168.0.186","25565","25858","2723920","7827","1460","0","0x0010"
"4953","2026-08-15T10:06:23.954808700-0500","16.701838800","192.168.0.186","192.168.0.178","25858","25565","7827","2725380","0","0","0x0010"
"4954","2026-08-15T10:06:23.954870300-0500","16.701900400","192.168.0.178","192.168.0.186","25565","25858","2725380","7827","1460","0","0x0010"
"4955","2026-08-15T10:06:23.954879400-0500","16.701909500","192.168.0.186","192.168.0.178","25858","25565","7827","2726840","0","0","0x0010"
"4956","2026-08-15T10:06:23.955108400-0500","16.702138500","192.168.0.178","192.168.0.186","25565","25858","2726840","7827","1460","0","0x0010"
"4957","2026-08-15T10:06:23.955108400-0500","16.702138500","192.168.0.178","192.168.0.186","25565","25858","2728300","7827","1460","0","0x0010"
"4958","2026-08-15T10:06:23.955155800-0500","16.702185900","192.168.0.186","192.168.0.178","25858","25565","7827","2729760","0","0","0x0010"
"4959","2026-08-15T10:06:23.955218700-0500","16.702248800","192.168.0.178","192.168.0.186","25565","25858","2729760","7827","1460","0","0x0010"
"4960","2026-08-15T10:06:23.955475200-0500","16.702505300","192.168.0.178","192.168.0.186","25565","25858","2731220","7827","1460","0","0x0010"
"4961","2026-08-15T10:06:23.955475200-0500","16.702505300","192.168.0.178","192.168.0.186","25565","25858","2732680","7827","1460","0","0x0018"
"4962","2026-08-15T10:06:23.955521400-0500","16.702551500","192.168.0.186","192.168.0.178","25858","25565","7827","2734140","0","0","0x0010"
"4963","2026-08-15T10:06:23.955587200-0500","16.702617300","192.168.0.178","192.168.0.186","25565","25858","2734140","7827","1460","0","0x0010"
"4964","2026-08-15T10:06:23.955601300-0500","16.702631400","192.168.0.186","192.168.0.178","25858","25565","7827","2735600","0","0","0x0010"
"4965","2026-08-15T10:06:23.955867900-0500","16.702898000","192.168.0.178","192.168.0.186","25565","25858","2735600","7827","1293","0","0x0018"
"4966","2026-08-15T10:06:23.976160300-0500","16.723190400","192.168.0.186","192.168.0.178","25858","25565","7827","2736893","28","0","0x0018"
"4967","2026-08-15T10:06:23.976768500-0500","16.723798600","192.168.0.186","192.168.0.178","25858","25565","7855","2736893","3","0","0x0018"
"4968","2026-08-15T10:06:23.981566300-0500","16.728596400","192.168.0.178","192.168.0.186","25565","25858","2736893","7858","0","0","0x0010"
"4969","2026-08-15T10:06:23.993809300-0500","16.740839400","192.168.0.178","192.168.0.186","25565","25858","2736893","7858","52","0","0x0018"
"4970","2026-08-15T10:06:23.993809300-0500","16.740839400","192.168.0.178","192.168.0.186","25565","25858","2736945","7858","52","0","0x0018"
"4971","2026-08-15T10:06:23.993841500-0500","16.740871600","192.168.0.186","192.168.0.178","25858","25565","7858","2736997","0","0","0x0010"
"4972","2026-08-15T10:06:23.993927300-0500","16.740957400","192.168.0.178","192.168.0.186","25565","25858","2736997","7858","52","0","0x0018"
"4973","2026-08-15T10:06:24.004550900-0500","16.751581000","192.168.0.178","192.168.0.186","25565","25858","2737049","7858","1460","0","0x0010"
"4974","2026-08-15T10:06:24.004550900-0500","16.751581000","192.168.0.178","192.168.0.186","25565","25858","2738509","7858","1460","0","0x0010"
"4975","2026-08-15T10:06:24.004595000-0500","16.751625100","192.168.0.186","192.168.0.178","25858","25565","7858","2739969","0","0","0x0010"
"4976","2026-08-15T10:06:24.004655500-0500","16.751685600","192.168.0.178","192.168.0.186","25565","25858","2739969","7858","1460","0","0x0010"
"4977","2026-08-15T10:06:24.004668400-0500","16.751698500","192.168.0.186","192.168.0.178","25858","25565","7858","2741429","0","0","0x0010"
"4978","2026-08-15T10:06:24.004905500-0500","16.751935600","192.168.0.178","192.168.0.186","25565","25858","2741429","7858","1460","0","0x0010"
"4979","2026-08-15T10:06:24.004905500-0500","16.751935600","192.168.0.178","192.168.0.186","25565","25858","2742889","7858","1460","0","0x0010"
"4980","2026-08-15T10:06:24.004936400-0500","16.751966500","192.168.0.186","192.168.0.178","25858","25565","7858","2744349","0","0","0x0010"
"4981","2026-08-15T10:06:24.005052700-0500","16.752082800","192.168.0.178","192.168.0.186","25565","25858","2744349","7858","1460","0","0x0010"
"4982","2026-08-15T10:06:24.005176200-0500","16.752206300","192.168.0.178","192.168.0.186","25565","25858","2745809","7858","1460","0","0x0010"
"4983","2026-08-15T10:06:24.005190500-0500","16.752220600","192.168.0.186","192.168.0.178","25858","25565","7858","2747269","0","0","0x0010"
"4984","2026-08-15T10:06:24.005406600-0500","16.752436700","192.168.0.178","192.168.0.186","25565","25858","2747269","7858","1460","0","0x0010"
"4985","2026-08-15T10:06:24.005406600-0500","16.752436700","192.168.0.178","192.168.0.186","25565","25858","2748729","7858","1460","0","0x0010"
"4986","2026-08-15T10:06:24.005439900-0500","16.752470000","192.168.0.186","192.168.0.178","25858","25565","7858","2750189","0","0","0x0010"
"4987","2026-08-15T10:06:24.005504900-0500","16.752535000","192.168.0.178","192.168.0.186","25565","25858","2750189","7858","1460","0","0x0010"
"4988","2026-08-15T10:06:24.005733700-0500","16.752763800","192.168.0.178","192.168.0.186","25565","25858","2751649","7858","1460","0","0x0018"
"4989","2026-08-15T10:06:24.005733700-0500","16.752763800","192.168.0.178","192.168.0.186","25565","25858","2753109","7858","805","0","0x0018"
"4990","2026-08-15T10:06:24.005770000-0500","16.752800100","192.168.0.186","192.168.0.178","25858","25565","7858","2753914","0","0","0x0010"
"4991","2026-08-15T10:06:24.026162800-0500","16.773192900","192.168.0.186","192.168.0.178","25858","25565","7858","2753914","28","0","0x0018"
"4992","2026-08-15T10:06:24.026671100-0500","16.773701200","192.168.0.186","192.168.0.178","25858","25565","7886","2753914","3","0","0x0018"
"4993","2026-08-15T10:06:24.027260500-0500","16.774290600","192.168.0.178","192.168.0.186","25565","25858","2753914","7889","0","0","0x0010"
"4994","2026-08-15T10:06:24.056649100-0500","16.803679200","192.168.0.178","192.168.0.186","25565","25858","2753914","7889","1460","0","0x0010"
"4995","2026-08-15T10:06:24.056649100-0500","16.803679200","192.168.0.178","192.168.0.186","25565","25858","2755374","7889","1460","0","0x0010"
"4996","2026-08-15T10:06:24.056691600-0500","16.803721700","192.168.0.186","192.168.0.178","25858","25565","7889","2756834","0","0","0x0010"
"4997","2026-08-15T10:06:24.056734600-0500","16.803764700","192.168.0.178","192.168.0.186","25565","25858","2756834","7889","1460","0","0x0010"
"4998","2026-08-15T10:06:24.056871100-0500","16.803901200","192.168.0.178","192.168.0.186","25565","25858","2758294","7889","1460","0","0x0010"
"4999","2026-08-15T10:06:24.056887900-0500","16.803918000","192.168.0.186","192.168.0.178","25858","25565","7889","2759754","0","0","0x0010"
"5000","2026-08-15T10:06:24.057079600-0500","16.804109700","192.168.0.178","192.168.0.186","25565","25858","2759754","7889","1460","0","0x0010"
"5001","2026-08-15T10:06:24.057079600-0500","16.804109700","192.168.0.178","192.168.0.186","25565","25858","2761214","7889","1460","0","0x0010"
"5002","2026-08-15T10:06:24.057097800-0500","16.804127900","192.168.0.186","192.168.0.178","25858","25565","7889","2762674","0","0","0x0010"
"5003","2026-08-15T10:06:24.057304700-0500","16.804334800","192.168.0.178","192.168.0.186","25565","25858","2762674","7889","1460","0","0x0010"
"5004","2026-08-15T10:06:24.057353800-0500","16.804383900","192.168.0.178","192.168.0.186","25565","25858","2764134","7889","1460","0","0x0010"
"5005","2026-08-15T10:06:24.057359300-0500","16.804389400","192.168.0.186","192.168.0.178","25858","25565","7889","2765594","0","0","0x0010"
"5006","2026-08-15T10:06:24.057550700-0500","16.804580800","192.168.0.178","192.168.0.186","25565","25858","2765594","7889","1460","0","0x0010"
"5007","2026-08-15T10:06:24.057550700-0500","16.804580800","192.168.0.178","192.168.0.186","25565","25858","2767054","7889","966","0","0x0018"
"5008","2026-08-15T10:06:24.057574000-0500","16.804604100","192.168.0.186","192.168.0.178","25858","25565","7889","2768020","0","0","0x0010"
"5009","2026-08-15T10:06:24.076652100-0500","16.823682200","192.168.0.186","192.168.0.178","25858","25565","7889","2768020","28","0","0x0018"
"5010","2026-08-15T10:06:24.077178200-0500","16.824208300","192.168.0.186","192.168.0.178","25858","25565","7917","2768020","3","0","0x0018"
"5011","2026-08-15T10:06:24.077773000-0500","16.824803100","192.168.0.178","192.168.0.186","25565","25858","2768020","7920","0","0","0x0010"
"5012","2026-08-15T10:06:24.104694500-0500","16.851724600","192.168.0.178","192.168.0.186","25565","25858","2768020","7920","1460","0","0x0010"
"5013","2026-08-15T10:06:24.104694500-0500","16.851724600","192.168.0.178","192.168.0.186","25565","25858","2769480","7920","1460","0","0x0010"
"5014","2026-08-15T10:06:24.104733700-0500","16.851763800","192.168.0.186","192.168.0.178","25858","25565","7920","2770940","0","0","0x0010"
"5015","2026-08-15T10:06:24.104788300-0500","16.851818400","192.168.0.178","192.168.0.186","25565","25858","2770940","7920","1460","0","0x0010"
"5016","2026-08-15T10:06:24.105013600-0500","16.852043700","192.168.0.178","192.168.0.186","25565","25858","2772400","7920","1460","0","0x0010"
"5017","2026-08-15T10:06:24.105034900-0500","16.852065000","192.168.0.186","192.168.0.178","25858","25565","7920","2773860","0","0","0x0010"
"5018","2026-08-15T10:06:24.105069000-0500","16.852099100","192.168.0.178","192.168.0.186","25565","25858","2773860","7920","1460","0","0x0010"
"5019","2026-08-15T10:06:24.105232900-0500","16.852263000","192.168.0.178","192.168.0.186","25565","25858","2775320","7920","1460","0","0x0010"
"5020","2026-08-15T10:06:24.105254300-0500","16.852284400","192.168.0.186","192.168.0.178","25858","25565","7920","2776780","0","0","0x0010"
"5021","2026-08-15T10:06:24.105312300-0500","16.852342400","192.168.0.178","192.168.0.186","25565","25858","2776780","7920","1460","0","0x0010"
"5022","2026-08-15T10:06:24.105528900-0500","16.852559000","192.168.0.178","192.168.0.186","25565","25858","2778240","7920","1460","0","0x0010"
"5023","2026-08-15T10:06:24.105528900-0500","16.852559000","192.168.0.178","192.168.0.186","25565","25858","2779700","7920","1460","0","0x0010"
"5024","2026-08-15T10:06:24.105551900-0500","16.852582000","192.168.0.186","192.168.0.178","25858","25565","7920","2781160","0","0","0x0010"
"5025","2026-08-15T10:06:24.105775800-0500","16.852805900","192.168.0.178","192.168.0.186","25565","25858","2781160","7920","1460","0","0x0010"
"5026","2026-08-15T10:06:24.105775800-0500","16.852805900","192.168.0.178","192.168.0.186","25565","25858","2782620","7920","1460","0","0x0018"
"5027","2026-08-15T10:06:24.105803100-0500","16.852833200","192.168.0.186","192.168.0.178","25858","25565","7920","2784080","0","0","0x0010"
"5028","2026-08-15T10:06:24.105985500-0500","16.853015600","192.168.0.178","192.168.0.186","25565","25858","2784080","7920","1460","0","0x0010"
"5029","2026-08-15T10:06:24.105985500-0500","16.853015600","192.168.0.178","192.168.0.186","25565","25858","2785540","7920","621","0","0x0018"
"5030","2026-08-15T10:06:24.106011000-0500","16.853041100","192.168.0.186","192.168.0.178","25858","25565","7920","2786161","0","0","0x0010"
"5031","2026-08-15T10:06:24.126383800-0500","16.873413900","192.168.0.186","192.168.0.178","25858","25565","7920","2786161","28","0","0x0018"
"5032","2026-08-15T10:06:24.127336200-0500","16.874366300","192.168.0.186","192.168.0.178","25858","25565","7948","2786161","3","0","0x0018"
"5033","2026-08-15T10:06:24.127573900-0500","16.874604000","192.168.0.178","192.168.0.186","25565","25858","2786161","7948","11","0","0x0018"
"5034","2026-08-15T10:06:24.127573900-0500","16.874604000","192.168.0.178","192.168.0.186","25565","25858","2786172","7948","22","0","0x0018"
"5035","2026-08-15T10:06:24.127612700-0500","16.874642800","192.168.0.186","192.168.0.178","25858","25565","7951","2786194","0","0","0x0010"
"5036","2026-08-15T10:06:24.127671900-0500","16.874702000","192.168.0.178","192.168.0.186","25565","25858","2786194","7951","185","0","0x0018"
"5037","2026-08-15T10:06:24.154483400-0500","16.901513500","192.168.0.178","192.168.0.186","25565","25858","2786379","7951","130","0","0x0018"
"5038","2026-08-15T10:06:24.154542600-0500","16.901572700","192.168.0.186","192.168.0.178","25858","25565","7951","2786509","0","0","0x0010"
"5039","2026-08-15T10:06:24.177405300-0500","16.924435400","192.168.0.186","192.168.0.178","25858","25565","7951","2786509","28","0","0x0018"
"5040","2026-08-15T10:06:24.178410500-0500","16.925440600","192.168.0.186","192.168.0.178","25858","25565","7979","2786509","3","0","0x0018"
"5041","2026-08-15T10:06:24.179270500-0500","16.926300600","192.168.0.178","192.168.0.186","25565","25858","2786509","7982","0","0","0x0010"
"5042","2026-08-15T10:06:24.205129300-0500","16.952159400","192.168.0.178","192.168.0.186","25565","25858","2786509","7982","392","0","0x0018"
"5043","2026-08-15T10:06:24.227290200-0500","16.974320300","192.168.0.186","192.168.0.178","25858","25565","7982","2786901","28","0","0x0018"
"5044","2026-08-15T10:06:24.228510800-0500","16.975540900","192.168.0.186","192.168.0.178","25858","25565","8010","2786901","3","0","0x0018"
"5045","2026-08-15T10:06:24.229307100-0500","16.976337200","192.168.0.178","192.168.0.186","25565","25858","2786901","8013","0","0","0x0010"
"5046","2026-08-15T10:06:24.254265200-0500","17.001295300","192.168.0.178","192.168.0.186","25565","25858","2786901","8013","356","0","0x0018"
"5047","2026-08-15T10:06:24.259457300-0500","17.006487400","192.168.0.178","192.168.0.186","25565","25858","2787257","8013","52","0","0x0018"
"5048","2026-08-15T10:06:24.259457300-0500","17.006487400","192.168.0.178","192.168.0.186","25565","25858","2787309","8013","104","0","0x0018"
"5049","2026-08-15T10:06:24.259510700-0500","17.006540800","192.168.0.186","192.168.0.178","25858","25565","8013","2787413","0","0","0x0010"
"5050","2026-08-15T10:06:24.277538200-0500","17.024568300","192.168.0.186","192.168.0.178","25858","25565","8013","2787413","28","0","0x0018"
"5051","2026-08-15T10:06:24.278540400-0500","17.025570500","192.168.0.186","192.168.0.178","25858","25565","8041","2787413","3","0","0x0018"
"5052","2026-08-15T10:06:24.279258600-0500","17.026288700","192.168.0.178","192.168.0.186","25565","25858","2787413","8044","0","0","0x0010"
"5053","2026-08-15T10:06:24.305560600-0500","17.052590700","192.168.0.178","192.168.0.186","25565","25858","2787413","8044","410","0","0x0018"
"5054","2026-08-15T10:06:24.327133700-0500","17.074163800","192.168.0.186","192.168.0.178","25858","25565","8044","2787823","28","0","0x0018"
"5055","2026-08-15T10:06:24.328404200-0500","17.075434300","192.168.0.186","192.168.0.178","25858","25565","8072","2787823","3","0","0x0018"
"5056","2026-08-15T10:06:24.329068500-0500","17.076098600","192.168.0.178","192.168.0.186","25565","25858","2787823","8075","0","0","0x0010"
"5057","2026-08-15T10:06:24.354119200-0500","17.101149300","192.168.0.178","192.168.0.186","25565","25858","2787823","8075","126","0","0x0018"
"5058","2026-08-15T10:06:24.376140200-0500","17.123170300","192.168.0.186","192.168.0.178","25858","25565","8075","2787949","28","0","0x0018"
"5059","2026-08-15T10:06:24.376827600-0500","17.123857700","192.168.0.186","192.168.0.178","25858","25565","8103","2787949","3","0","0x0018"
"5060","2026-08-15T10:06:24.377506200-0500","17.124536300","192.168.0.178","192.168.0.186","25565","25858","2787949","8106","0","0","0x0010"
"5061","2026-08-15T10:06:24.404215600-0500","17.151245700","192.168.0.178","192.168.0.186","25565","25858","2787949","8106","52","0","0x0018"
"5062","2026-08-15T10:06:24.427036700-0500","17.174066800","192.168.0.186","192.168.0.178","25858","25565","8106","2788001","28","0","0x0018"
"5063","2026-08-15T10:06:24.428277700-0500","17.175307800","192.168.0.186","192.168.0.178","25858","25565","8134","2788001","3","0","0x0018"
"5064","2026-08-15T10:06:24.429009300-0500","17.176039400","192.168.0.178","192.168.0.186","25565","25858","2788001","8137","0","0","0x0010"
"5065","2026-08-15T10:06:24.454385200-0500","17.201415300","192.168.0.178","192.168.0.186","25565","25858","2788001","8137","269","0","0x0018"
"5066","2026-08-15T10:06:24.476808300-0500","17.223838400","192.168.0.186","192.168.0.178","25858","25565","8137","2788270","28","0","0x0018"
"5067","2026-08-15T10:06:24.478097500-0500","17.225127600","192.168.0.186","192.168.0.178","25858","25565","8165","2788270","3","0","0x0018"
"5068","2026-08-15T10:06:24.478728800-0500","17.225758900","192.168.0.178","192.168.0.186","25565","25858","2788270","8168","0","0","0x0010"
"5069","2026-08-15T10:06:24.497631500-0500","17.244661600","192.168.0.178","192.168.0.186","25565","25858","2788270","8168","52","0","0x0018"
"5070","2026-08-15T10:06:24.497631500-0500","17.244661600","192.168.0.178","192.168.0.186","25565","25858","2788322","8168","104","0","0x0018"
"5071","2026-08-15T10:06:24.497684300-0500","17.244714400","192.168.0.186","192.168.0.178","25858","25565","8168","2788426","0","0","0x0010"
"5072","2026-08-15T10:06:24.504293400-0500","17.251323500","192.168.0.178","192.168.0.186","25565","25858","2788426","8168","64","0","0x0018"
"5073","2026-08-15T10:06:24.526829800-0500","17.273859900","192.168.0.186","192.168.0.178","25858","25565","8168","2788490","28","0","0x0018"
"5074","2026-08-15T10:06:24.528078800-0500","17.275108900","192.168.0.186","192.168.0.178","25858","25565","8196","2788490","3","0","0x0018"
"5075","2026-08-15T10:06:24.528918800-0500","17.275948900","192.168.0.178","192.168.0.186","25565","25858","2788490","8199","0","0","0x0010"
"5076","2026-08-15T10:06:24.554794200-0500","17.301824300","192.168.0.178","192.168.0.186","25565","25858","2788490","8199","188","0","0x0018"
"5077","2026-08-15T10:06:24.576895700-0500","17.323925800","192.168.0.186","192.168.0.178","25858","25565","8199","2788678","28","0","0x0018"
"5078","2026-08-15T10:06:24.578161900-0500","17.325192000","192.168.0.186","192.168.0.178","25858","25565","8227","2788678","3","0","0x0018"
"5079","2026-08-15T10:06:24.578593300-0500","17.325623400","192.168.0.178","192.168.0.186","25565","25858","2788678","8230","0","0","0x0010"
"5080","2026-08-15T10:06:24.603866200-0500","17.350896300","192.168.0.178","192.168.0.186","25565","25858","2788678","8230","1460","0","0x0010"
"5081","2026-08-15T10:06:24.603866200-0500","17.350896300","192.168.0.178","192.168.0.186","25565","25858","2790138","8230","1460","0","0x0010"
"5082","2026-08-15T10:06:24.603934500-0500","17.350964600","192.168.0.186","192.168.0.178","25858","25565","8230","2791598","0","0","0x0010"
"5083","2026-08-15T10:06:24.603986100-0500","17.351016200","192.168.0.178","192.168.0.186","25565","25858","2791598","8230","1460","0","0x0010"
"5084","2026-08-15T10:06:24.604039200-0500","17.351069300","192.168.0.178","192.168.0.186","25565","25858","2793058","8230","834","0","0x0018"
"5085","2026-08-15T10:06:24.604057000-0500","17.351087100","192.168.0.186","192.168.0.178","25858","25565","8230","2793892","0","0","0x0010"
"5086","2026-08-15T10:06:24.627089200-0500","17.374119300","192.168.0.186","192.168.0.178","25858","25565","8230","2793892","28","0","0x0018"
"5087","2026-08-15T10:06:24.628340300-0500","17.375370400","192.168.0.186","192.168.0.178","25858","25565","8258","2793892","3","0","0x0018"
"5088","2026-08-15T10:06:24.629011600-0500","17.376041700","192.168.0.178","192.168.0.186","25565","25858","2793892","8261","0","0","0x0010"
"5089","2026-08-15T10:06:24.654557100-0500","17.401587200","192.168.0.178","192.168.0.186","25565","25858","2793892","8261","1460","0","0x0010"
"5090","2026-08-15T10:06:24.654557100-0500","17.401587200","192.168.0.178","192.168.0.186","25565","25858","2795352","8261","1460","0","0x0010"
"5091","2026-08-15T10:06:24.654598800-0500","17.401628900","192.168.0.186","192.168.0.178","25858","25565","8261","2796812","0","0","0x0010"
"5092","2026-08-15T10:06:24.654654100-0500","17.401684200","192.168.0.178","192.168.0.186","25565","25858","2796812","8261","1460","0","0x0010"
"5093","2026-08-15T10:06:24.654901500-0500","17.401931600","192.168.0.178","192.168.0.186","25565","25858","2798272","8261","1460","0","0x0010"
"5094","2026-08-15T10:06:24.654901500-0500","17.401931600","192.168.0.178","192.168.0.186","25565","25858","2799732","8261","1460","0","0x0010"
"5095","2026-08-15T10:06:24.654921200-0500","17.401951300","192.168.0.186","192.168.0.178","25858","25565","8261","2801192","0","0","0x0010"
"5096","2026-08-15T10:06:24.655134300-0500","17.402164400","192.168.0.178","192.168.0.186","25565","25858","2801192","8261","1460","0","0x0010"
"5097","2026-08-15T10:06:24.655154000-0500","17.402184100","192.168.0.186","192.168.0.178","25858","25565","8261","2802652","0","0","0x0010"
"5098","2026-08-15T10:06:24.655206400-0500","17.402236500","192.168.0.178","192.168.0.186","25565","25858","2802652","8261","1460","0","0x0010"
"5099","2026-08-15T10:06:24.655283300-0500","17.402313400","192.168.0.178","192.168.0.186","25565","25858","2804112","8261","1460","0","0x0010"
"5100","2026-08-15T10:06:24.655289100-0500","17.402319200","192.168.0.186","192.168.0.178","25858","25565","8261","2805572","0","0","0x0010"
"5101","2026-08-15T10:06:24.655472600-0500","17.402502700","192.168.0.178","192.168.0.186","25565","25858","2805572","8261","1460","0","0x0010"
"5102","2026-08-15T10:06:24.655526900-0500","17.402557000","192.168.0.178","192.168.0.186","25565","25858","2807032","8261","1460","0","0x0010"
"5103","2026-08-15T10:06:24.655535200-0500","17.402565300","192.168.0.186","192.168.0.178","25858","25565","8261","2808492","0","0","0x0010"
"5104","2026-08-15T10:06:24.655739900-0500","17.402770000","192.168.0.178","192.168.0.186","25565","25858","2808492","8261","1326","0","0x0018"
"5105","2026-08-15T10:06:24.676179600-0500","17.423209700","192.168.0.186","192.168.0.178","25858","25565","8261","2809818","28","0","0x0018"
"5106","2026-08-15T10:06:24.676761600-0500","17.423791700","192.168.0.186","192.168.0.178","25858","25565","8289","2809818","3","0","0x0018"
"5107","2026-08-15T10:06:24.677345500-0500","17.424375600","192.168.0.178","192.168.0.186","25565","25858","2809818","8292","0","0","0x0010"
"5108","2026-08-15T10:06:24.703772600-0500","17.450802700","192.168.0.178","192.168.0.186","25565","25858","2809818","8292","1460","0","0x0010"
"5109","2026-08-15T10:06:24.703772600-0500","17.450802700","192.168.0.178","192.168.0.186","25565","25858","2811278","8292","1460","0","0x0010"
"5110","2026-08-15T10:06:24.703839000-0500","17.450869100","192.168.0.186","192.168.0.178","25858","25565","8292","2812738","0","0","0x0010"
"5111","2026-08-15T10:06:24.703890400-0500","17.450920500","192.168.0.178","192.168.0.186","25565","25858","2812738","8292","1460","0","0x0010"
"5112","2026-08-15T10:06:24.704019200-0500","17.451049300","192.168.0.178","192.168.0.186","25565","25858","2814198","8292","1460","0","0x0010"
"5113","2026-08-15T10:06:24.704028200-0500","17.451058300","192.168.0.186","192.168.0.178","25858","25565","8292","2815658","0","0","0x0010"
"5114","2026-08-15T10:06:24.704091200-0500","17.451121300","192.168.0.178","192.168.0.186","25565","25858","2815658","8292","1460","0","0x0010"
"5115","2026-08-15T10:06:24.704370100-0500","17.451400200","192.168.0.178","192.168.0.186","25565","25858","2817118","8292","1460","0","0x0010"
"5116","2026-08-15T10:06:24.704370100-0500","17.451400200","192.168.0.178","192.168.0.186","25565","25858","2818578","8292","1460","0","0x0010"
"5117","2026-08-15T10:06:24.704422300-0500","17.451452400","192.168.0.186","192.168.0.178","25858","25565","8292","2820038","0","0","0x0010"
"5118","2026-08-15T10:06:24.704503600-0500","17.451533700","192.168.0.178","192.168.0.186","25565","25858","2820038","8292","1460","0","0x0010"
"5119","2026-08-15T10:06:24.704515000-0500","17.451545100","192.168.0.186","192.168.0.178","25858","25565","8292","2821498","0","0","0x0010"
"5120","2026-08-15T10:06:24.704746500-0500","17.451776600","192.168.0.178","192.168.0.186","25565","25858","2821498","8292","1460","0","0x0010"
"5121","2026-08-15T10:06:24.704746500-0500","17.451776600","192.168.0.178","192.168.0.186","25565","25858","2822958","8292","1460","0","0x0010"
"5122","2026-08-15T10:06:24.704796500-0500","17.451826600","192.168.0.186","192.168.0.178","25858","25565","8292","2824418","0","0","0x0010"
"5123","2026-08-15T10:06:24.704860900-0500","17.451891000","192.168.0.178","192.168.0.186","25565","25858","2824418","8292","1460","0","0x0018"
"5124","2026-08-15T10:06:24.705133200-0500","17.452163300","192.168.0.178","192.168.0.186","25565","25858","2825878","8292","1460","0","0x0010"
"5125","2026-08-15T10:06:24.705133200-0500","17.452163300","192.168.0.178","192.168.0.186","25565","25858","2827338","8292","151","0","0x0018"
"5126","2026-08-15T10:06:24.705184700-0500","17.452214800","192.168.0.186","192.168.0.178","25858","25565","8292","2827489","0","0","0x0010"
"5127","2026-08-15T10:06:24.725807900-0500","17.472838000","192.168.0.186","192.168.0.178","25858","25565","8292","2827489","28","0","0x0018"
"5128","2026-08-15T10:06:24.726289400-0500","17.473319500","192.168.0.186","192.168.0.178","25858","25565","8320","2827489","3","0","0x0018"
"5129","2026-08-15T10:06:24.726909200-0500","17.473939300","192.168.0.178","192.168.0.186","25565","25858","2827489","8323","0","0","0x0010"
"5130","2026-08-15T10:06:24.754702800-0500","17.501732900","192.168.0.178","192.168.0.186","25565","25858","2827489","8323","1460","0","0x0010"
"5131","2026-08-15T10:06:24.754702800-0500","17.501732900","192.168.0.178","192.168.0.186","25565","25858","2828949","8323","1460","0","0x0010"
"5132","2026-08-15T10:06:24.754742700-0500","17.501772800","192.168.0.186","192.168.0.178","25858","25565","8323","2830409","0","0","0x0010"
"5133","2026-08-15T10:06:24.754802000-0500","17.501832100","192.168.0.178","192.168.0.186","25565","25858","2830409","8323","1460","0","0x0010"
"5134","2026-08-15T10:06:24.755037900-0500","17.502068000","192.168.0.178","192.168.0.186","25565","25858","2831869","8323","1460","0","0x0010"
"5135","2026-08-15T10:06:24.755037900-0500","17.502068000","192.168.0.178","192.168.0.186","25565","25858","2833329","8323","1460","0","0x0010"
"5136","2026-08-15T10:06:24.755069200-0500","17.502099300","192.168.0.186","192.168.0.178","25858","25565","8323","2834789","0","0","0x0010"
"5137","2026-08-15T10:06:24.755283400-0500","17.502313500","192.168.0.178","192.168.0.186","25565","25858","2834789","8323","1460","0","0x0010"
"5138","2026-08-15T10:06:24.755283400-0500","17.502313500","192.168.0.178","192.168.0.186","25565","25858","2836249","8323","1460","0","0x0010"
"5139","2026-08-15T10:06:24.755308300-0500","17.502338400","192.168.0.186","192.168.0.178","25858","25565","8323","2837709","0","0","0x0010"
"5140","2026-08-15T10:06:24.755519500-0500","17.502549600","192.168.0.178","192.168.0.186","25565","25858","2837709","8323","1460","0","0x0010"
"5141","2026-08-15T10:06:24.755519500-0500","17.502549600","192.168.0.178","192.168.0.186","25565","25858","2839169","8323","1460","0","0x0010"
"5142","2026-08-15T10:06:24.755555900-0500","17.502586000","192.168.0.186","192.168.0.178","25858","25565","8323","2840629","0","0","0x0010"
"5143","2026-08-15T10:06:24.755727300-0500","17.502757400","192.168.0.178","192.168.0.186","25565","25858","2840629","8323","1460","0","0x0010"
"5144","2026-08-15T10:06:24.755757400-0500","17.502787500","192.168.0.186","192.168.0.178","25858","25565","8323","2842089","0","0","0x0010"
"5145","2026-08-15T10:06:24.755797100-0500","17.502827200","192.168.0.178","192.168.0.186","25565","25858","2842089","8323","1460","0","0x0018"
"5146","2026-08-15T10:06:24.756009200-0500","17.503039300","192.168.0.178","192.168.0.186","25565","25858","2843549","8323","1460","0","0x0010"
"5147","2026-08-15T10:06:24.756009200-0500","17.503039300","192.168.0.178","192.168.0.186","25565","25858","2845009","8323","1151","0","0x0018"
"5148","2026-08-15T10:06:24.756043000-0500","17.503073100","192.168.0.186","192.168.0.178","25858","25565","8323","2846160","0","0","0x0010"
"5149","2026-08-15T10:06:24.756306600-0500","17.503336700","192.168.0.186","192.168.0.178","25858","25565","8323","2846160","11","0","0x0018"
"5150","2026-08-15T10:06:24.758695600-0500","17.505725700","192.168.0.178","192.168.0.186","25565","25858","2846160","8334","52","0","0x0018"
"5151","2026-08-15T10:06:24.758695600-0500","17.505725700","192.168.0.178","192.168.0.186","25565","25858","2846212","8334","52","0","0x0018"
"5152","2026-08-15T10:06:24.758695600-0500","17.505725700","192.168.0.178","192.168.0.186","25565","25858","2846264","8334","52","0","0x0018"
"5153","2026-08-15T10:06:24.758733100-0500","17.505763200","192.168.0.186","192.168.0.178","25858","25565","8334","2846316","0","0","0x0010"
"5154","2026-08-15T10:06:24.776135100-0500","17.523165200","192.168.0.186","192.168.0.178","25858","25565","8334","2846316","28","0","0x0018"
"5155","2026-08-15T10:06:24.776753000-0500","17.523783100","192.168.0.186","192.168.0.178","25858","25565","8362","2846316","3","0","0x0018"
"5156","2026-08-15T10:06:24.777373900-0500","17.524404000","192.168.0.178","192.168.0.186","25565","25858","2846316","8365","0","0","0x0010"
"5157","2026-08-15T10:06:24.804699300-0500","17.551729400","192.168.0.178","192.168.0.186","25565","25858","2846316","8365","1460","0","0x0010"
"5158","2026-08-15T10:06:24.804699300-0500","17.551729400","192.168.0.178","192.168.0.186","25565","25858","2847776","8365","1460","0","0x0010"
"5159","2026-08-15T10:06:24.804742900-0500","17.551773000","192.168.0.186","192.168.0.178","25858","25565","8365","2849236","0","0","0x0010"
"5160","2026-08-15T10:06:24.804798200-0500","17.551828300","192.168.0.178","192.168.0.186","25565","25858","2849236","8365","1460","0","0x0010"
"5161","2026-08-15T10:06:24.805026900-0500","17.552057000","192.168.0.178","192.168.0.186","25565","25858","2850696","8365","1460","0","0x0010"
"5162","2026-08-15T10:06:24.805026900-0500","17.552057000","192.168.0.178","192.168.0.186","25565","25858","2852156","8365","1460","0","0x0010"
"5163","2026-08-15T10:06:24.805048300-0500","17.552078400","192.168.0.186","192.168.0.178","25858","25565","8365","2853616","0","0","0x0010"
"5164","2026-08-15T10:06:24.805258000-0500","17.552288100","192.168.0.178","192.168.0.186","25565","25858","2853616","8365","1460","0","0x0010"
"5165","2026-08-15T10:06:24.805284700-0500","17.552314800","192.168.0.186","192.168.0.178","25858","25565","8365","2855076","0","0","0x0010"
"5166","2026-08-15T10:06:24.805336200-0500","17.552366300","192.168.0.178","192.168.0.186","25565","25858","2855076","8365","1460","0","0x0010"
"5167","2026-08-15T10:06:24.805398100-0500","17.552428200","192.168.0.178","192.168.0.186","25565","25858","2856536","8365","1460","0","0x0010"
"5168","2026-08-15T10:06:24.805408300-0500","17.552438400","192.168.0.186","192.168.0.178","25858","25565","8365","2857996","0","0","0x0010"
"5169","2026-08-15T10:06:24.805611200-0500","17.552641300","192.168.0.178","192.168.0.186","25565","25858","2857996","8365","1460","0","0x0010"
"5170","2026-08-15T10:06:24.805668100-0500","17.552698200","192.168.0.178","192.168.0.186","25565","25858","2859456","8365","1460","0","0x0010"
"5171","2026-08-15T10:06:24.805677000-0500","17.552707100","192.168.0.186","192.168.0.178","25858","25565","8365","2860916","0","0","0x0010"
"5172","2026-08-15T10:06:24.805890600-0500","17.552920700","192.168.0.178","192.168.0.186","25565","25858","2860916","8365","1460","0","0x0018"
"5173","2026-08-15T10:06:24.805890600-0500","17.552920700","192.168.0.178","192.168.0.186","25565","25858","2862376","8365","1460","0","0x0010"
"5174","2026-08-15T10:06:24.805912100-0500","17.552942200","192.168.0.186","192.168.0.178","25858","25565","8365","2863836","0","0","0x0010"
"5175","2026-08-15T10:06:24.806137100-0500","17.553167200","192.168.0.178","192.168.0.186","25565","25858","2863836","8365","1460","0","0x0010"
"5176","2026-08-15T10:06:24.806137100-0500","17.553167200","192.168.0.178","192.168.0.186","25565","25858","2865296","8365","1162","0","0x0018"
"5177","2026-08-15T10:06:24.806162300-0500","17.553192400","192.168.0.186","192.168.0.178","25858","25565","8365","2866458","0","0","0x0010"
"5178","2026-08-15T10:06:24.826654300-0500","17.573684400","192.168.0.186","192.168.0.178","25858","25565","8365","2866458","28","0","0x0018"
"5179","2026-08-15T10:06:24.827592700-0500","17.574622800","192.168.0.186","192.168.0.178","25858","25565","8393","2866458","3","0","0x0018"
"5180","2026-08-15T10:06:24.827717800-0500","17.574747900","192.168.0.178","192.168.0.186","25565","25858","2866458","8393","11","0","0x0018"
"5181","2026-08-15T10:06:24.827717800-0500","17.574747900","192.168.0.178","192.168.0.186","25565","25858","2866469","8393","22","0","0x0018"
"5182","2026-08-15T10:06:24.827717800-0500","17.574747900","192.168.0.178","192.168.0.186","25565","25858","2866491","8393","110","0","0x0018"
"5183","2026-08-15T10:06:24.827760300-0500","17.574790400","192.168.0.186","192.168.0.178","25858","25565","8396","2866601","0","0","0x0010"
"5184","2026-08-15T10:06:24.827803200-0500","17.574833300","192.168.0.178","192.168.0.186","25565","25858","2866601","8393","75","0","0x0018"
"5185","2026-08-15T10:06:24.827810400-0500","17.574840500","192.168.0.186","192.168.0.178","25858","25565","8396","2866676","0","0","0x0010"
"5186","2026-08-15T10:06:24.855457800-0500","17.602487900","192.168.0.178","192.168.0.186","25565","25858","2866676","8396","54","0","0x0018"
"5187","2026-08-15T10:06:24.876831500-0500","17.623861600","192.168.0.186","192.168.0.178","25858","25565","8396","2866730","28","0","0x0018"
"5188","2026-08-15T10:06:24.878232500-0500","17.625262600","192.168.0.186","192.168.0.178","25858","25565","8424","2866730","3","0","0x0018"
"5189","2026-08-15T10:06:24.879048200-0500","17.626078300","192.168.0.178","192.168.0.186","25565","25858","2866730","8427","0","0","0x0010"
"5190","2026-08-15T10:06:24.904128600-0500","17.651158700","192.168.0.178","192.168.0.186","25565","25858","2866730","8427","247","0","0x0018"
"5191","2026-08-15T10:06:24.926324900-0500","17.673355000","192.168.0.186","192.168.0.178","25858","25565","8427","2866977","28","0","0x0018"
"5192","2026-08-15T10:06:24.927502300-0500","17.674532400","192.168.0.186","192.168.0.178","25858","25565","8455","2866977","3","0","0x0018"
"5193","2026-08-15T10:06:24.930639100-0500","17.677669200","192.168.0.178","192.168.0.186","25565","25858","2866977","8458","0","0","0x0010"
"5194","2026-08-15T10:06:24.943846600-0500","17.690876700","192.168.0.178","192.168.0.186","25565","25858","2866977","8458","52","0","0x0018"
"5195","2026-08-15T10:06:24.943846600-0500","17.690876700","192.168.0.178","192.168.0.186","25565","25858","2867029","8458","52","0","0x0018"
"5196","2026-08-15T10:06:24.943846600-0500","17.690876700","192.168.0.178","192.168.0.186","25565","25858","2867081","8458","52","0","0x0018"
"5197","2026-08-15T10:06:24.943903300-0500","17.690933400","192.168.0.186","192.168.0.178","25858","25565","8458","2867133","0","0","0x0010"
"5198","2026-08-15T10:06:24.954433800-0500","17.701463900","192.168.0.178","192.168.0.186","25565","25858","2867133","8458","26","0","0x0018"
"5199","2026-08-15T10:06:24.954486900-0500","17.701517000","192.168.0.186","192.168.0.178","25858","25565","8458","2867159","0","0","0x0010"
"5200","2026-08-15T10:06:24.977368800-0500","17.724398900","192.168.0.186","192.168.0.178","25858","25565","8458","2867159","13","0","0x0018"
"5201","2026-08-15T10:06:24.977407000-0500","17.724437100","192.168.0.186","192.168.0.178","25858","25565","8471","2867159","4","0","0x0018"
"5202","2026-08-15T10:06:24.977428900-0500","17.724459000","192.168.0.186","192.168.0.178","25858","25565","8475","2867159","28","0","0x0018"
"5203","2026-08-15T10:06:24.978256200-0500","17.725286300","192.168.0.178","192.168.0.186","25565","25858","2867159","8503","0","0","0x0010"
"5204","2026-08-15T10:06:24.978634200-0500","17.725664300","192.168.0.186","192.168.0.178","25858","25565","8503","2867159","3","0","0x0018"
"5205","2026-08-15T10:06:24.978736700-0500","17.725766800","192.168.0.178","192.168.0.186","25565","25858","2867159","8503","78","0","0x0018"
"5206","2026-08-15T10:06:24.978736700-0500","17.725766800","192.168.0.178","192.168.0.186","25565","25858","2867237","8503","12","0","0x0018"
"5207","2026-08-15T10:06:24.978785000-0500","17.725815100","192.168.0.186","192.168.0.178","25858","25565","8506","2867249","0","0","0x0010"
"5208","2026-08-15T10:06:25.004052900-0500","17.751083000","192.168.0.178","192.168.0.186","25565","25858","2867249","8506","168","0","0x0018"
"5209","2026-08-15T10:06:25.026849000-0500","17.773879100","192.168.0.186","192.168.0.178","25858","25565","8506","2867417","28","0","0x0018"
"5210","2026-08-15T10:06:25.028220100-0500","17.775250200","192.168.0.186","192.168.0.178","25858","25565","8534","2867417","3","0","0x0018"
"5211","2026-08-15T10:06:25.029002200-0500","17.776032300","192.168.0.178","192.168.0.186","25565","25858","2867417","8537","0","0","0x0010"
"5212","2026-08-15T10:06:25.053868900-0500","17.800899000","192.168.0.178","192.168.0.186","25565","25858","2867417","8537","1460","0","0x0010"
"5213","2026-08-15T10:06:25.053868900-0500","17.800899000","192.168.0.178","192.168.0.186","25565","25858","2868877","8537","1460","0","0x0010"
"5214","2026-08-15T10:06:25.053944000-0500","17.800974100","192.168.0.186","192.168.0.178","25858","25565","8537","2870337","0","0","0x0010"
"5215","2026-08-15T10:06:25.053996500-0500","17.801026600","192.168.0.178","192.168.0.186","25565","25858","2870337","8537","1460","0","0x0010"
"5216","2026-08-15T10:06:25.054118200-0500","17.801148300","192.168.0.178","192.168.0.186","25565","25858","2871797","8537","1460","0","0x0010"
"5217","2026-08-15T10:06:25.054131400-0500","17.801161500","192.168.0.186","192.168.0.178","25858","25565","8537","2873257","0","0","0x0010"
"5218","2026-08-15T10:06:25.054196200-0500","17.801226300","192.168.0.178","192.168.0.186","25565","25858","2873257","8537","1460","0","0x0010"
"5219","2026-08-15T10:06:25.054472900-0500","17.801503000","192.168.0.178","192.168.0.186","25565","25858","2874717","8537","1460","0","0x0010"
"5220","2026-08-15T10:06:25.054472900-0500","17.801503000","192.168.0.178","192.168.0.186","25565","25858","2876177","8537","1460","0","0x0010"
"5221","2026-08-15T10:06:25.054513200-0500","17.801543300","192.168.0.186","192.168.0.178","25858","25565","8537","2877637","0","0","0x0010"
"5222","2026-08-15T10:06:25.054591900-0500","17.801622000","192.168.0.178","192.168.0.186","25565","25858","2877637","8537","1460","0","0x0010"
"5223","2026-08-15T10:06:25.054591900-0500","17.801622000","192.168.0.178","192.168.0.186","25565","25858","2879097","8537","167","0","0x0018"
"5224","2026-08-15T10:06:25.054616100-0500","17.801646200","192.168.0.186","192.168.0.178","25858","25565","8537","2879264","0","0","0x0010"
"5225","2026-08-15T10:06:25.076110500-0500","17.823140600","192.168.0.186","192.168.0.178","25858","25565","8537","2879264","28","0","0x0018"
"5226","2026-08-15T10:06:25.076765800-0500","17.823795900","192.168.0.186","192.168.0.178","25858","25565","8565","2879264","3","0","0x0018"
"5227","2026-08-15T10:06:25.077541400-0500","17.824571500","192.168.0.178","192.168.0.186","25565","25858","2879264","8568","0","0","0x0010"
"5228","2026-08-15T10:06:25.104274700-0500","17.851304800","192.168.0.178","192.168.0.186","25565","25858","2879264","8568","1460","0","0x0010"
"5229","2026-08-15T10:06:25.104274700-0500","17.851304800","192.168.0.178","192.168.0.186","25565","25858","2880724","8568","1460","0","0x0010"
"5230","2026-08-15T10:06:25.104346800-0500","17.851376900","192.168.0.186","192.168.0.178","25858","25565","8568","2882184","0","0","0x0010"
"5231","2026-08-15T10:06:25.104390800-0500","17.851420900","192.168.0.178","192.168.0.186","25565","25858","2882184","8568","1460","0","0x0010"
"5232","2026-08-15T10:06:25.104520600-0500","17.851550700","192.168.0.178","192.168.0.186","25565","25858","2883644","8568","1460","0","0x0010"
"5233","2026-08-15T10:06:25.104538900-0500","17.851569000","192.168.0.186","192.168.0.178","25858","25565","8568","2885104","0","0","0x0010"
"5234","2026-08-15T10:06:25.104595700-0500","17.851625800","192.168.0.178","192.168.0.186","25565","25858","2885104","8568","1460","0","0x0010"
"5235","2026-08-15T10:06:25.104860100-0500","17.851890200","192.168.0.178","192.168.0.186","25565","25858","2886564","8568","1460","0","0x0010"
"5236","2026-08-15T10:06:25.104860100-0500","17.851890200","192.168.0.178","192.168.0.186","25565","25858","2888024","8568","1460","0","0x0010"
"5237","2026-08-15T10:06:25.104895700-0500","17.851925800","192.168.0.186","192.168.0.178","25858","25565","8568","2889484","0","0","0x0010"
"5238","2026-08-15T10:06:25.105107600-0500","17.852137700","192.168.0.178","192.168.0.186","25565","25858","2889484","8568","1460","0","0x0010"
"5239","2026-08-15T10:06:25.105107600-0500","17.852137700","192.168.0.178","192.168.0.186","25565","25858","2890944","8568","1460","0","0x0010"
"5240","2026-08-15T10:06:25.105154200-0500","17.852184300","192.168.0.186","192.168.0.178","25858","25565","8568","2892404","0","0","0x0010"
"5241","2026-08-15T10:06:25.105218900-0500","17.852249000","192.168.0.178","192.168.0.186","25565","25858","2892404","8568","1460","0","0x0010"
"5242","2026-08-15T10:06:25.105228500-0500","17.852258600","192.168.0.186","192.168.0.178","25858","25565","8568","2893864","0","0","0x0010"
"5243","2026-08-15T10:06:25.105424400-0500","17.852454500","192.168.0.178","192.168.0.186","25565","25858","2893864","8568","1460","0","0x0018"
"5244","2026-08-15T10:06:25.105498200-0500","17.852528300","192.168.0.178","192.168.0.186","25565","25858","2895324","8568","1460","0","0x0010"
"5245","2026-08-15T10:06:25.105512300-0500","17.852542400","192.168.0.186","192.168.0.178","25858","25565","8568","2896784","0","0","0x0010"
"5246","2026-08-15T10:06:25.105627100-0500","17.852657200","192.168.0.178","192.168.0.186","25565","25858","2896784","8568","1460","0","0x0010"
"5247","2026-08-15T10:06:25.105680600-0500","17.852710700","192.168.0.178","192.168.0.186","25565","25858","2898244","8568","914","0","0x0018"
"5248","2026-08-15T10:06:25.105698100-0500","17.852728200","192.168.0.186","192.168.0.178","25858","25565","8568","2899158","0","0","0x0010"
"5249","2026-08-15T10:06:25.126038800-0500","17.873068900","192.168.0.186","192.168.0.178","25858","25565","8568","2899158","28","0","0x0018"
"5250","2026-08-15T10:06:25.126610600-0500","17.873640700","192.168.0.186","192.168.0.178","25858","25565","8596","2899158","3","0","0x0018"
"5251","2026-08-15T10:06:25.127183600-0500","17.874213700","192.168.0.178","192.168.0.186","25565","25858","2899158","8599","0","0","0x0010"
"5252","2026-08-15T10:06:25.156211300-0500","17.903241400","192.168.0.178","192.168.0.186","25565","25858","2899158","8599","1460","0","0x0010"
"5253","2026-08-15T10:06:25.156211300-0500","17.903241400","192.168.0.178","192.168.0.186","25565","25858","2900618","8599","1460","0","0x0010"
"5254","2026-08-15T10:06:25.156272800-0500","17.903302900","192.168.0.186","192.168.0.178","25858","25565","8599","2902078","0","0","0x0010"
"5255","2026-08-15T10:06:25.156323700-0500","17.903353800","192.168.0.178","192.168.0.186","25565","25858","2902078","8599","1460","0","0x0010"
"5256","2026-08-15T10:06:25.156550100-0500","17.903580200","192.168.0.178","192.168.0.186","25565","25858","2903538","8599","1460","0","0x0010"
"5257","2026-08-15T10:06:25.156550100-0500","17.903580200","192.168.0.178","192.168.0.186","25565","25858","2904998","8599","1460","0","0x0010"
"5258","2026-08-15T10:06:25.156593200-0500","17.903623300","192.168.0.186","192.168.0.178","25858","25565","8599","2906458","0","0","0x0010"
"5259","2026-08-15T10:06:25.156709200-0500","17.903739300","192.168.0.178","192.168.0.186","25565","25858","2906458","8599","1460","0","0x0010"
"5260","2026-08-15T10:06:25.156723000-0500","17.903753100","192.168.0.186","192.168.0.178","25858","25565","8599","2907918","0","0","0x0010"
"5261","2026-08-15T10:06:25.156783600-0500","17.903813700","192.168.0.178","192.168.0.186","25565","25858","2907918","8599","1460","0","0x0010"
"5262","2026-08-15T10:06:25.157044500-0500","17.904074600","192.168.0.178","192.168.0.186","25565","25858","2909378","8599","1460","0","0x0010"
"5263","2026-08-15T10:06:25.157044500-0500","17.904074600","192.168.0.178","192.168.0.186","25565","25858","2910838","8599","1460","0","0x0010"
"5264","2026-08-15T10:06:25.157083400-0500","17.904113500","192.168.0.186","192.168.0.178","25858","25565","8599","2912298","0","0","0x0010"
"5265","2026-08-15T10:06:25.157192800-0500","17.904222900","192.168.0.178","192.168.0.186","25565","25858","2912298","8599","1460","0","0x0010"
"5266","2026-08-15T10:06:25.157202200-0500","17.904232300","192.168.0.186","192.168.0.178","25858","25565","8599","2913758","0","0","0x0010"
"5267","2026-08-15T10:06:25.157439200-0500","17.904469300","192.168.0.178","192.168.0.186","25565","25858","2913758","8599","1460","0","0x0018"
"5268","2026-08-15T10:06:25.157439200-0500","17.904469300","192.168.0.178","192.168.0.186","25565","25858","2915218","8599","1460","0","0x0010"
"5269","2026-08-15T10:06:25.157439200-0500","17.904469300","192.168.0.178","192.168.0.186","25565","25858","2916678","8599","70","0","0x0018"
"5270","2026-08-15T10:06:25.157481900-0500","17.904512000","192.168.0.186","192.168.0.178","25858","25565","8599","2916748","0","0","0x0010"
"5271","2026-08-15T10:06:25.175652700-0500","17.922682800","192.168.0.186","192.168.0.178","25858","25565","8599","2916748","28","0","0x0018"
"5272","2026-08-15T10:06:25.176201500-0500","17.923231600","192.168.0.186","192.168.0.178","25858","25565","8627","2916748","3","0","0x0018"
"5273","2026-08-15T10:06:25.176846600-0500","17.923876700","192.168.0.178","192.168.0.186","25565","25858","2916748","8630","0","0","0x0010"
"5274","2026-08-15T10:06:25.203665000-0500","17.950695100","192.168.0.178","192.168.0.186","25565","25858","2916748","8630","1460","0","0x0010"
"5275","2026-08-15T10:06:25.203665000-0500","17.950695100","192.168.0.178","192.168.0.186","25565","25858","2918208","8630","1460","0","0x0010"
"5276","2026-08-15T10:06:25.203722000-0500","17.950752100","192.168.0.186","192.168.0.178","25858","25565","8630","2919668","0","0","0x0010"
"5277","2026-08-15T10:06:25.203783200-0500","17.950813300","192.168.0.178","192.168.0.186","25565","25858","2919668","8630","1460","0","0x0010"
"5278","2026-08-15T10:06:25.204001500-0500","17.951031600","192.168.0.178","192.168.0.186","25565","25858","2921128","8630","1460","0","0x0010"
"5279","2026-08-15T10:06:25.204001500-0500","17.951031600","192.168.0.178","192.168.0.186","25565","25858","2922588","8630","1460","0","0x0010"
"5280","2026-08-15T10:06:25.204029100-0500","17.951059200","192.168.0.186","192.168.0.178","25858","25565","8630","2924048","0","0","0x0010"
"5281","2026-08-15T10:06:25.204249000-0500","17.951279100","192.168.0.178","192.168.0.186","25565","25858","2924048","8630","1460","0","0x0010"
"5282","2026-08-15T10:06:25.204249000-0500","17.951279100","192.168.0.178","192.168.0.186","25565","25858","2925508","8630","1460","0","0x0010"
"5283","2026-08-15T10:06:25.204276100-0500","17.951306200","192.168.0.186","192.168.0.178","25858","25565","8630","2926968","0","0","0x0010"
"5284","2026-08-15T10:06:25.204493500-0500","17.951523600","192.168.0.178","192.168.0.186","25565","25858","2926968","8630","1460","0","0x0010"
"5285","2026-08-15T10:06:25.204493500-0500","17.951523600","192.168.0.178","192.168.0.186","25565","25858","2928428","8630","1460","0","0x0010"
"5286","2026-08-15T10:06:25.204520400-0500","17.951550500","192.168.0.186","192.168.0.178","25858","25565","8630","2929888","0","0","0x0010"
"5287","2026-08-15T10:06:25.204739300-0500","17.951769400","192.168.0.178","192.168.0.186","25565","25858","2929888","8630","1460","0","0x0010"
"5288","2026-08-15T10:06:25.204739300-0500","17.951769400","192.168.0.178","192.168.0.186","25565","25858","2931348","8630","1460","0","0x0018"
"5289","2026-08-15T10:06:25.204766800-0500","17.951796900","192.168.0.186","192.168.0.178","25858","25565","8630","2932808","0","0","0x0010"
"5290","2026-08-15T10:06:25.204987000-0500","17.952017100","192.168.0.178","192.168.0.186","25565","25858","2932808","8630","1460","0","0x0010"
"5291","2026-08-15T10:06:25.204987000-0500","17.952017100","192.168.0.178","192.168.0.186","25565","25858","2934268","8630","1460","0","0x0010"
"5292","2026-08-15T10:06:25.205018000-0500","17.952048100","192.168.0.186","192.168.0.178","25858","25565","8630","2935728","0","0","0x0010"
"5293","2026-08-15T10:06:25.205064600-0500","17.952094700","192.168.0.178","192.168.0.186","25565","25858","2935728","8630","676","0","0x0018"
"5294","2026-08-15T10:06:25.205082100-0500","17.952112200","192.168.0.186","192.168.0.178","25858","25565","8630","2936404","0","0","0x0010"
"5295","2026-08-15T10:06:25.226464900-0500","17.973495000","192.168.0.186","192.168.0.178","25858","25565","8630","2936404","28","0","0x0018"
"5296","2026-08-15T10:06:25.227015300-0500","17.974045400","192.168.0.186","192.168.0.178","25858","25565","8658","2936404","3","0","0x0018"
"5297","2026-08-15T10:06:25.227567400-0500","17.974597500","192.168.0.178","192.168.0.186","25565","25858","2936404","8661","0","0","0x0010"
"5298","2026-08-15T10:06:25.257007800-0500","18.004037900","192.168.0.178","192.168.0.186","25565","25858","2936404","8661","1460","0","0x0010"
"5299","2026-08-15T10:06:25.257007800-0500","18.004037900","192.168.0.178","192.168.0.186","25565","25858","2937864","8661","1460","0","0x0010"
"5300","2026-08-15T10:06:25.257054700-0500","18.004084800","192.168.0.186","192.168.0.178","25858","25565","8661","2939324","0","0","0x0010"
"5301","2026-08-15T10:06:25.257116400-0500","18.004146500","192.168.0.178","192.168.0.186","25565","25858","2939324","8661","1460","0","0x0010"
"5302","2026-08-15T10:06:25.257354800-0500","18.004384900","192.168.0.178","192.168.0.186","25565","25858","2940784","8661","1460","0","0x0010"
"5303","2026-08-15T10:06:25.257354800-0500","18.004384900","192.168.0.178","192.168.0.186","25565","25858","2942244","8661","1460","0","0x0010"
"5304","2026-08-15T10:06:25.257387300-0500","18.004417400","192.168.0.186","192.168.0.178","25858","25565","8661","2943704","0","0","0x0010"
"5305","2026-08-15T10:06:25.257591400-0500","18.004621500","192.168.0.178","192.168.0.186","25565","25858","2943704","8661","1460","0","0x0010"
"5306","2026-08-15T10:06:25.257591400-0500","18.004621500","192.168.0.178","192.168.0.186","25565","25858","2945164","8661","1460","0","0x0010"
"5307","2026-08-15T10:06:25.257625300-0500","18.004655400","192.168.0.186","192.168.0.178","25858","25565","8661","2946624","0","0","0x0010"
"5308","2026-08-15T10:06:25.257852100-0500","18.004882200","192.168.0.178","192.168.0.186","25565","25858","2946624","8661","1460","0","0x0010"
"5309","2026-08-15T10:06:25.257852100-0500","18.004882200","192.168.0.178","192.168.0.186","25565","25858","2948084","8661","1460","0","0x0010"
"5310","2026-08-15T10:06:25.257852100-0500","18.004882200","192.168.0.178","192.168.0.186","25565","25858","2949544","8661","50","0","0x0018"
"5311","2026-08-15T10:06:25.257888900-0500","18.004919000","192.168.0.186","192.168.0.178","25858","25565","8661","2949594","0","0","0x0010"
"5312","2026-08-15T10:06:25.258770500-0500","18.005800600","192.168.0.178","192.168.0.186","25565","25858","2949594","8661","52","0","0x0018"
"5313","2026-08-15T10:06:25.258841000-0500","18.005871100","192.168.0.178","192.168.0.186","25565","25858","2949646","8661","52","0","0x0018"
"5314","2026-08-15T10:06:25.258841000-0500","18.005871100","192.168.0.178","192.168.0.186","25565","25858","2949698","8661","52","0","0x0018"
"5315","2026-08-15T10:06:25.258853800-0500","18.005883900","192.168.0.186","192.168.0.178","25858","25565","8661","2949750","0","0","0x0010"
"5316","2026-08-15T10:06:25.276737300-0500","18.023767400","192.168.0.186","192.168.0.178","25858","25565","8661","2949750","28","0","0x0018"
"5317","2026-08-15T10:06:25.277710900-0500","18.024741000","192.168.0.186","192.168.0.178","25858","25565","8689","2949750","3","0","0x0018"
"5318","2026-08-15T10:06:25.278580900-0500","18.025611000","192.168.0.178","192.168.0.186","25565","25858","2949750","8692","0","0","0x0010"
"5319","2026-08-15T10:06:25.306041800-0500","18.053071900","192.168.0.178","192.168.0.186","25565","25858","2949750","8692","1460","0","0x0010"
"5320","2026-08-15T10:06:25.306041800-0500","18.053071900","192.168.0.178","192.168.0.186","25565","25858","2951210","8692","1460","0","0x0010"
"5321","2026-08-15T10:06:25.306108400-0500","18.053138500","192.168.0.186","192.168.0.178","25858","25565","8692","2952670","0","0","0x0010"
"5322","2026-08-15T10:06:25.306162600-0500","18.053192700","192.168.0.178","192.168.0.186","25565","25858","2952670","8692","1460","0","0x0010"
"5323","2026-08-15T10:06:25.306403300-0500","18.053433400","192.168.0.178","192.168.0.186","25565","25858","2954130","8692","1460","0","0x0010"
"5324","2026-08-15T10:06:25.306403300-0500","18.053433400","192.168.0.178","192.168.0.186","25565","25858","2955590","8692","1460","0","0x0010"
"5325","2026-08-15T10:06:25.306456000-0500","18.053486100","192.168.0.186","192.168.0.178","25858","25565","8692","2957050","0","0","0x0010"
"5326","2026-08-15T10:06:25.306505100-0500","18.053535200","192.168.0.178","192.168.0.186","25565","25858","2957050","8692","1460","0","0x0010"
"5327","2026-08-15T10:06:25.306515900-0500","18.053546000","192.168.0.186","192.168.0.178","25858","25565","8692","2958510","0","0","0x0010"
"5328","2026-08-15T10:06:25.306749800-0500","18.053779900","192.168.0.178","192.168.0.186","25565","25858","2958510","8692","1460","0","0x0010"
"5329","2026-08-15T10:06:25.306749800-0500","18.053779900","192.168.0.178","192.168.0.186","25565","25858","2959970","8692","1460","0","0x0010"
"5330","2026-08-15T10:06:25.306799000-0500","18.053829100","192.168.0.186","192.168.0.178","25858","25565","8692","2961430","0","0","0x0010"
"5331","2026-08-15T10:06:25.306865300-0500","18.053895400","192.168.0.178","192.168.0.186","25565","25858","2961430","8692","1460","0","0x0010"
"5332","2026-08-15T10:06:25.307136800-0500","18.054166900","192.168.0.178","192.168.0.186","25565","25858","2962890","8692","1460","0","0x0010"
"5333","2026-08-15T10:06:25.307136800-0500","18.054166900","192.168.0.178","192.168.0.186","25565","25858","2964350","8692","1460","0","0x0018"
"5334","2026-08-15T10:06:25.307190900-0500","18.054221000","192.168.0.186","192.168.0.178","25858","25565","8692","2965810","0","0","0x0010"
"5335","2026-08-15T10:06:25.309017500-0500","18.056047600","192.168.0.178","192.168.0.186","25565","25858","2965810","8692","1460","0","0x0010"
"5336","2026-08-15T10:06:25.309017500-0500","18.056047600","192.168.0.178","192.168.0.186","25565","25858","2967270","8692","1460","0","0x0010"
"5337","2026-08-15T10:06:25.309078200-0500","18.056108300","192.168.0.186","192.168.0.178","25858","25565","8692","2968730","0","0","0x0010"
"5338","2026-08-15T10:06:25.309168900-0500","18.056199000","192.168.0.178","192.168.0.186","25565","25858","2968730","8692","1460","0","0x0010"
"5339","2026-08-15T10:06:25.309168900-0500","18.056199000","192.168.0.178","192.168.0.186","25565","25858","2970190","8692","308","0","0x0018"
"5340","2026-08-15T10:06:25.309188200-0500","18.056218300","192.168.0.186","192.168.0.178","25858","25565","8692","2970498","0","0","0x0010"
"5341","2026-08-15T10:06:25.326356100-0500","18.073386200","192.168.0.186","192.168.0.178","25858","25565","8692","2970498","28","0","0x0018"
"5342","2026-08-15T10:06:25.326905800-0500","18.073935900","192.168.0.186","192.168.0.178","25858","25565","8720","2970498","3","0","0x0018"
"5343","2026-08-15T10:06:25.327575200-0500","18.074605300","192.168.0.178","192.168.0.186","25565","25858","2970498","8723","0","0","0x0010"
"5344","2026-08-15T10:06:25.355409500-0500","18.102439600","192.168.0.178","192.168.0.186","25565","25858","2970498","8723","1460","0","0x0010"
"5345","2026-08-15T10:06:25.355409500-0500","18.102439600","192.168.0.178","192.168.0.186","25565","25858","2971958","8723","1460","0","0x0010"
"5346","2026-08-15T10:06:25.355466900-0500","18.102497000","192.168.0.186","192.168.0.178","25858","25565","8723","2973418","0","0","0x0010"
"5347","2026-08-15T10:06:25.355515700-0500","18.102545800","192.168.0.178","192.168.0.186","25565","25858","2973418","8723","1460","0","0x0010"
"5348","2026-08-15T10:06:25.355515700-0500","18.102545800","192.168.0.178","192.168.0.186","25565","25858","2974878","8723","16","0","0x0018"
"5349","2026-08-15T10:06:25.355529800-0500","18.102559900","192.168.0.186","192.168.0.178","25858","25565","8723","2974894","0","0","0x0010"
"5350","2026-08-15T10:06:25.376906100-0500","18.123936200","192.168.0.186","192.168.0.178","25858","25565","8723","2974894","28","0","0x0018"
"5351","2026-08-15T10:06:25.378194400-0500","18.125224500","192.168.0.186","192.168.0.178","25858","25565","8751","2974894","3","0","0x0018"
"5352","2026-08-15T10:06:25.378509000-0500","18.125539100","192.168.0.178","192.168.0.186","25565","25858","2974894","8751","11","0","0x0018"
"5353","2026-08-15T10:06:25.378509000-0500","18.125539100","192.168.0.178","192.168.0.186","25565","25858","2974905","8751","11","0","0x0018"
"5354","2026-08-15T10:06:25.378565700-0500","18.125595800","192.168.0.186","192.168.0.178","25858","25565","8754","2974916","0","0","0x0010"
"5355","2026-08-15T10:06:25.378830300-0500","18.125860400","192.168.0.178","192.168.0.186","25565","25858","2974916","8754","11","0","0x0018"
"5356","2026-08-15T10:06:25.378830300-0500","18.125860400","192.168.0.178","192.168.0.186","25565","25858","2974927","8754","11","0","0x0018"
"5357","2026-08-15T10:06:25.378884300-0500","18.125914400","192.168.0.186","192.168.0.178","25858","25565","8754","2974938","0","0","0x0010"
"5358","2026-08-15T10:06:25.378926300-0500","18.125956400","192.168.0.178","192.168.0.186","25565","25858","2974938","8754","11","0","0x0018"
"5359","2026-08-15T10:06:25.378989300-0500","18.126019400","192.168.0.178","192.168.0.186","25565","25858","2974949","8754","11","0","0x0018"
"5360","2026-08-15T10:06:25.379002200-0500","18.126032300","192.168.0.186","192.168.0.178","25858","25565","8754","2974960","0","0","0x0010"
"5361","2026-08-15T10:06:25.379051200-0500","18.126081300","192.168.0.178","192.168.0.186","25565","25858","2974960","8754","11","0","0x0018"
"5362","2026-08-15T10:06:25.379051200-0500","18.126081300","192.168.0.178","192.168.0.186","25565","25858","2974971","8754","11","0","0x0018"
"5363","2026-08-15T10:06:25.379065600-0500","18.126095700","192.168.0.186","192.168.0.178","25858","25565","8754","2974982","0","0","0x0010"
"5364","2026-08-15T10:06:25.379108300-0500","18.126138400","192.168.0.178","192.168.0.186","25565","25858","2974982","8754","11","0","0x0018"
"5365","2026-08-15T10:06:25.379163300-0500","18.126193400","192.168.0.178","192.168.0.186","25565","25858","2974993","8754","11","0","0x0018"
"5366","2026-08-15T10:06:25.379175200-0500","18.126205300","192.168.0.186","192.168.0.178","25858","25565","8754","2975004","0","0","0x0010"
"5367","2026-08-15T10:06:25.379227800-0500","18.126257900","192.168.0.178","192.168.0.186","25565","25858","2975004","8754","11","0","0x0018"
"5368","2026-08-15T10:06:25.379227800-0500","18.126257900","192.168.0.178","192.168.0.186","25565","25858","2975015","8754","11","0","0x0018"
"5369","2026-08-15T10:06:25.379241400-0500","18.126271500","192.168.0.186","192.168.0.178","25858","25565","8754","2975026","0","0","0x0010"
"5370","2026-08-15T10:06:25.379286600-0500","18.126316700","192.168.0.178","192.168.0.186","25565","25858","2975026","8754","11","0","0x0018"
"5371","2026-08-15T10:06:25.379343500-0500","18.126373600","192.168.0.178","192.168.0.186","25565","25858","2975037","8754","11","0","0x0018"
"5372","2026-08-15T10:06:25.379355400-0500","18.126385500","192.168.0.186","192.168.0.178","25858","25565","8754","2975048","0","0","0x0010"
"5373","2026-08-15T10:06:25.379412500-0500","18.126442600","192.168.0.178","192.168.0.186","25565","25858","2975048","8754","11","0","0x0018"
"5374","2026-08-15T10:06:25.379463700-0500","18.126493800","192.168.0.178","192.168.0.186","25565","25858","2975059","8754","11","0","0x0018"
"5375","2026-08-15T10:06:25.379463700-0500","18.126493800","192.168.0.178","192.168.0.186","25565","25858","2975070","8754","11","0","0x0018"
"5376","2026-08-15T10:06:25.379476500-0500","18.126506600","192.168.0.186","192.168.0.178","25858","25565","8754","2975081","0","0","0x0010"
"5377","2026-08-15T10:06:25.379803500-0500","18.126833600","192.168.0.178","192.168.0.186","25565","25858","2975081","8754","11","0","0x0018"
"5378","2026-08-15T10:06:25.379803500-0500","18.126833600","192.168.0.178","192.168.0.186","25565","25858","2975092","8754","11","0","0x0018"
"5379","2026-08-15T10:06:25.379859400-0500","18.126889500","192.168.0.186","192.168.0.178","25858","25565","8754","2975103","0","0","0x0010"
"5380","2026-08-15T10:06:25.379952800-0500","18.126982900","192.168.0.178","192.168.0.186","25565","25858","2975103","8754","9","0","0x0018"
"5381","2026-08-15T10:06:25.379966800-0500","18.126996900","192.168.0.186","192.168.0.178","25858","25565","8754","2975112","0","0","0x0010"
"5382","2026-08-15T10:06:25.406191200-0500","18.153221300","192.168.0.178","192.168.0.186","25565","25858","2975112","8754","180","0","0x0018"
"5383","2026-08-15T10:06:25.426706100-0500","18.173736200","192.168.0.186","192.168.0.178","25858","25565","8754","2975292","28","0","0x0018"
"5384","2026-08-15T10:06:25.427984800-0500","18.175014900","192.168.0.186","192.168.0.178","25858","25565","8782","2975292","3","0","0x0018"
"5385","2026-08-15T10:06:25.428647000-0500","18.175677100","192.168.0.178","192.168.0.186","25565","25858","2975292","8785","0","0","0x0010"
"5386","2026-08-15T10:06:25.443151200-0500","18.190181300","192.168.0.178","192.168.0.186","25565","25858","2975292","8785","52","0","0x0018"
"5387","2026-08-15T10:06:25.443151200-0500","18.190181300","192.168.0.178","192.168.0.186","25565","25858","2975344","8785","52","0","0x0018"
"5388","2026-08-15T10:06:25.443216700-0500","18.190246800","192.168.0.186","192.168.0.178","25858","25565","8785","2975396","0","0","0x0010"
"5389","2026-08-15T10:06:25.443534900-0500","18.190565000","192.168.0.178","192.168.0.186","25565","25858","2975396","8785","52","0","0x0018"
"5390","2026-08-15T10:06:25.456421700-0500","18.203451800","192.168.0.178","192.168.0.186","25565","25858","2975448","8785","44","0","0x0018"
"5391","2026-08-15T10:06:25.456472600-0500","18.203502700","192.168.0.186","192.168.0.178","25858","25565","8785","2975492","0","0","0x0010"
"5392","2026-08-15T10:06:25.476677800-0500","18.223707900","192.168.0.186","192.168.0.178","25858","25565","8785","2975492","28","0","0x0018"
"5393","2026-08-15T10:06:25.477928400-0500","18.224958500","192.168.0.186","192.168.0.178","25858","25565","8813","2975492","3","0","0x0018"
"5394","2026-08-15T10:06:25.478571400-0500","18.225601500","192.168.0.178","192.168.0.186","25565","25858","2975492","8816","0","0","0x0010"
"5395","2026-08-15T10:06:25.504590600-0500","18.251620700","192.168.0.178","192.168.0.186","25565","25858","2975492","8816","184","0","0x0018"
"5396","2026-08-15T10:06:25.527087300-0500","18.274117400","192.168.0.186","192.168.0.178","25858","25565","8816","2975676","28","0","0x0018"
"5397","2026-08-15T10:06:25.528346000-0500","18.275376100","192.168.0.186","192.168.0.178","25858","25565","8844","2975676","3","0","0x0018"
"5398","2026-08-15T10:06:25.529046300-0500","18.276076400","192.168.0.178","192.168.0.186","25565","25858","2975676","8847","0","0","0x0010"
"5399","2026-08-15T10:06:25.553749100-0500","18.300779200","192.168.0.178","192.168.0.186","25565","25858","2975676","8847","88","0","0x0018"
"5400","2026-08-15T10:06:25.575960300-0500","18.322990400","192.168.0.186","192.168.0.178","25858","25565","8847","2975764","28","0","0x0018"
"5401","2026-08-15T10:06:25.576586800-0500","18.323616900","192.168.0.186","192.168.0.178","25858","25565","8875","2975764","3","0","0x0018"
"5402","2026-08-15T10:06:25.577425800-0500","18.324455900","192.168.0.178","192.168.0.186","25565","25858","2975764","8878","0","0","0x0010"
"5403","2026-08-15T10:06:25.606440600-0500","18.353470700","192.168.0.178","192.168.0.186","25565","25858","2975764","8878","28","0","0x0018"
"5404","2026-08-15T10:06:25.626391600-0500","18.373421700","192.168.0.186","192.168.0.178","25858","25565","8878","2975792","28","0","0x0018"
"5405","2026-08-15T10:06:25.627339100-0500","18.374369200","192.168.0.186","192.168.0.178","25858","25565","8906","2975792","3","0","0x0018"
"5406","2026-08-15T10:06:25.627991700-0500","18.375021800","192.168.0.178","192.168.0.186","25565","25858","2975792","8909","0","0","0x0010"
"5407","2026-08-15T10:06:25.653569300-0500","18.400599400","192.168.0.178","192.168.0.186","25565","25858","2975792","8909","97","0","0x0018"
"5408","2026-08-15T10:06:25.676074400-0500","18.423104500","192.168.0.186","192.168.0.178","25858","25565","8909","2975889","28","0","0x0018"
"5409","2026-08-15T10:06:25.676460600-0500","18.423490700","192.168.0.186","192.168.0.178","25858","25565","8937","2975889","3","0","0x0018"
"5410","2026-08-15T10:06:25.676979400-0500","18.424009500","192.168.0.178","192.168.0.186","25565","25858","2975889","8940","0","0","0x0010"
"5411","2026-08-15T10:06:25.705376900-0500","18.452407000","192.168.0.178","192.168.0.186","25565","25858","2975889","8940","1460","0","0x0010"
"5412","2026-08-15T10:06:25.705376900-0500","18.452407000","192.168.0.178","192.168.0.186","25565","25858","2977349","8940","1460","0","0x0010"
"5413","2026-08-15T10:06:25.705422200-0500","18.452452300","192.168.0.186","192.168.0.178","25858","25565","8940","2978809","0","0","0x0010"
"5414","2026-08-15T10:06:25.705480100-0500","18.452510200","192.168.0.178","192.168.0.186","25565","25858","2978809","8940","1460","0","0x0010"
"5415","2026-08-15T10:06:25.705718600-0500","18.452748700","192.168.0.178","192.168.0.186","25565","25858","2980269","8940","1460","0","0x0010"
"5416","2026-08-15T10:06:25.705718600-0500","18.452748700","192.168.0.178","192.168.0.186","25565","25858","2981729","8940","1460","0","0x0010"
"5417","2026-08-15T10:06:25.705751400-0500","18.452781500","192.168.0.186","192.168.0.178","25858","25565","8940","2983189","0","0","0x0010"
"5418","2026-08-15T10:06:25.705965800-0500","18.452995900","192.168.0.178","192.168.0.186","25565","25858","2983189","8940","1460","0","0x0010"
"5419","2026-08-15T10:06:25.705965800-0500","18.452995900","192.168.0.178","192.168.0.186","25565","25858","2984649","8940","1460","0","0x0010"
"5420","2026-08-15T10:06:25.705999700-0500","18.453029800","192.168.0.186","192.168.0.178","25858","25565","8940","2986109","0","0","0x0010"
"5421","2026-08-15T10:06:25.706215900-0500","18.453246000","192.168.0.178","192.168.0.186","25565","25858","2986109","8940","1460","0","0x0010"
"5422","2026-08-15T10:06:25.706215900-0500","18.453246000","192.168.0.178","192.168.0.186","25565","25858","2987569","8940","1460","0","0x0010"
"5423","2026-08-15T10:06:25.706254100-0500","18.453284200","192.168.0.186","192.168.0.178","25858","25565","8940","2989029","0","0","0x0010"
"5424","2026-08-15T10:06:25.706326100-0500","18.453356200","192.168.0.178","192.168.0.186","25565","25858","2989029","8940","1460","0","0x0010"
"5425","2026-08-15T10:06:25.706339000-0500","18.453369100","192.168.0.186","192.168.0.178","25858","25565","8940","2990489","0","0","0x0010"
"5426","2026-08-15T10:06:25.706557400-0500","18.453587500","192.168.0.178","192.168.0.186","25565","25858","2990489","8940","1460","0","0x0018"
"5427","2026-08-15T10:06:25.706623200-0500","18.453653300","192.168.0.178","192.168.0.186","25565","25858","2991949","8940","1460","0","0x0010"
"5428","2026-08-15T10:06:25.706636400-0500","18.453666500","192.168.0.186","192.168.0.178","25858","25565","8940","2993409","0","0","0x0010"
"5429","2026-08-15T10:06:25.706716400-0500","18.453746500","192.168.0.178","192.168.0.186","25565","25858","2993409","8940","1460","0","0x0010"
"5430","2026-08-15T10:06:25.706949800-0500","18.453979900","192.168.0.178","192.168.0.186","25565","25858","2994869","8940","1460","0","0x0010"
"5431","2026-08-15T10:06:25.706949800-0500","18.453979900","192.168.0.178","192.168.0.186","25565","25858","2996329","8940","1460","0","0x0010"
"5432","2026-08-15T10:06:25.706982800-0500","18.454012900","192.168.0.186","192.168.0.178","25858","25565","8940","2997789","0","0","0x0010"
"5433","2026-08-15T10:06:25.707232900-0500","18.454263000","192.168.0.178","192.168.0.186","25565","25858","2997789","8940","1460","0","0x0010"
"5434","2026-08-15T10:06:25.707232900-0500","18.454263000","192.168.0.178","192.168.0.186","25565","25858","2999249","8940","59","0","0x0018"
"5435","2026-08-15T10:06:25.707282600-0500","18.454312700","192.168.0.186","192.168.0.178","25858","25565","8940","2999308","0","0","0x0010"
"5436","2026-08-15T10:06:25.726325400-0500","18.473355500","192.168.0.186","192.168.0.178","25858","25565","8940","2999308","28","0","0x0018"
"5437","2026-08-15T10:06:25.726859600-0500","18.473889700","192.168.0.186","192.168.0.178","25858","25565","8968","2999308","3","0","0x0018"
"5438","2026-08-15T10:06:25.727427400-0500","18.474457500","192.168.0.178","192.168.0.186","25565","25858","2999308","8971","0","0","0x0010"
"5439","2026-08-15T10:06:25.755232400-0500","18.502262500","192.168.0.178","192.168.0.186","25565","25858","2999308","8971","149","0","0x0018"
"5440","2026-08-15T10:06:25.758243900-0500","18.505274000","192.168.0.178","192.168.0.186","25565","25858","2999457","8971","52","0","0x0018"
"5441","2026-08-15T10:06:25.758243900-0500","18.505274000","192.168.0.178","192.168.0.186","25565","25858","2999509","8971","52","0","0x0018"
"5442","2026-08-15T10:06:25.758281600-0500","18.505311700","192.168.0.186","192.168.0.178","25858","25565","8971","2999561","0","0","0x0010"
"5443","2026-08-15T10:06:25.758879000-0500","18.505909100","192.168.0.178","192.168.0.186","25565","25858","2999561","8971","52","0","0x0018"
"5444","2026-08-15T10:06:25.758920000-0500","18.505950100","192.168.0.186","192.168.0.178","25858","25565","8971","2999613","0","0","0x0010"
"5445","2026-08-15T10:06:25.776845300-0500","18.523875400","192.168.0.186","192.168.0.178","25858","25565","8971","2999613","28","0","0x0018"
"5446","2026-08-15T10:06:25.778161600-0500","18.525191700","192.168.0.186","192.168.0.178","25858","25565","8999","2999613","3","0","0x0018"
"5447","2026-08-15T10:06:25.778546100-0500","18.525576200","192.168.0.178","192.168.0.186","25565","25858","2999613","9002","0","0","0x0010"
"5448","2026-08-15T10:06:25.805037000-0500","18.552067100","192.168.0.178","192.168.0.186","25565","25858","2999613","9002","149","0","0x0018"
"5449","2026-08-15T10:06:25.805245500-0500","18.552275600","192.168.0.186","192.168.0.178","25858","25565","9002","2999762","11","0","0x0018"
"5450","2026-08-15T10:06:25.827052200-0500","18.574082300","192.168.0.186","192.168.0.178","25858","25565","9013","2999762","28","0","0x0018"
"5451","2026-08-15T10:06:25.827951100-0500","18.574981200","192.168.0.178","192.168.0.186","25565","25858","2999762","9041","0","0","0x0010"
"5452","2026-08-15T10:06:25.828286200-0500","18.575316300","192.168.0.186","192.168.0.178","25858","25565","9041","2999762","3","0","0x0018"
"5453","2026-08-15T10:06:25.857957100-0500","18.604987200","192.168.0.178","192.168.0.186","25565","25858","2999762","9044","1460","0","0x0010"
"5454","2026-08-15T10:06:25.857957100-0500","18.604987200","192.168.0.178","192.168.0.186","25565","25858","3001222","9044","1460","0","0x0010"
"5455","2026-08-15T10:06:25.858032400-0500","18.605062500","192.168.0.186","192.168.0.178","25858","25565","9044","3002682","0","0","0x0010"
"5456","2026-08-15T10:06:25.858079000-0500","18.605109100","192.168.0.178","192.168.0.186","25565","25858","3002682","9044","1460","0","0x0010"
"5457","2026-08-15T10:06:25.858309200-0500","18.605339300","192.168.0.178","192.168.0.186","25565","25858","3004142","9044","1460","0","0x0010"
"5458","2026-08-15T10:06:25.858309200-0500","18.605339300","192.168.0.178","192.168.0.186","25565","25858","3005602","9044","1460","0","0x0010"
"5459","2026-08-15T10:06:25.858349100-0500","18.605379200","192.168.0.186","192.168.0.178","25858","25565","9044","3007062","0","0","0x0010"
"5460","2026-08-15T10:06:25.858422500-0500","18.605452600","192.168.0.178","192.168.0.186","25565","25858","3007062","9044","1460","0","0x0010"
"5461","2026-08-15T10:06:25.858432500-0500","18.605462600","192.168.0.186","192.168.0.178","25858","25565","9044","3008522","0","0","0x0010"
"5462","2026-08-15T10:06:25.858951400-0500","18.605981500","192.168.0.178","192.168.0.186","25565","25858","3008522","9044","1460","0","0x0010"
"5463","2026-08-15T10:06:25.858951400-0500","18.605981500","192.168.0.178","192.168.0.186","25565","25858","3009982","9044","1460","0","0x0010"
"5464","2026-08-15T10:06:25.858951400-0500","18.605981500","192.168.0.178","192.168.0.186","25565","25858","3011442","9044","1304","0","0x0018"
"5465","2026-08-15T10:06:25.859010000-0500","18.606040100","192.168.0.186","192.168.0.178","25858","25565","9044","3012746","0","0","0x0010"
"5466","2026-08-15T10:06:25.876427300-0500","18.623457400","192.168.0.186","192.168.0.178","25858","25565","9044","3012746","28","0","0x0018"
"5467","2026-08-15T10:06:25.877075100-0500","18.624105200","192.168.0.186","192.168.0.178","25858","25565","9072","3012746","3","0","0x0018"
"5468","2026-08-15T10:06:25.877647700-0500","18.624677800","192.168.0.178","192.168.0.186","25565","25858","3012746","9075","0","0","0x0010"
"5469","2026-08-15T10:06:25.877647700-0500","18.624677800","192.168.0.178","192.168.0.186","25565","25858","3012746","9075","11","0","0x0018"
"5470","2026-08-15T10:06:25.877761200-0500","18.624791300","192.168.0.178","192.168.0.186","25565","25858","3012757","9075","11","0","0x0018"
"5471","2026-08-15T10:06:25.877770800-0500","18.624800900","192.168.0.186","192.168.0.178","25858","25565","9075","3012768","0","0","0x0010"
"5472","2026-08-15T10:06:25.878478900-0500","18.625509000","192.168.0.178","192.168.0.186","25565","25858","3012768","9075","11","0","0x0018"
"5473","2026-08-15T10:06:25.878478900-0500","18.625509000","192.168.0.178","192.168.0.186","25565","25858","3012779","9075","11","0","0x0018"
"5474","2026-08-15T10:06:25.878478900-0500","18.625509000","192.168.0.178","192.168.0.186","25565","25858","3012790","9075","11","0","0x0018"
"5475","2026-08-15T10:06:25.878496900-0500","18.625527000","192.168.0.186","192.168.0.178","25858","25565","9075","3012801","0","0","0x0010"
"5476","2026-08-15T10:06:25.878538100-0500","18.625568200","192.168.0.178","192.168.0.186","25565","25858","3012801","9075","11","0","0x0018"
"5477","2026-08-15T10:06:25.878538100-0500","18.625568200","192.168.0.178","192.168.0.186","25565","25858","3012812","9075","11","0","0x0018"
"5478","2026-08-15T10:06:25.878543600-0500","18.625573700","192.168.0.186","192.168.0.178","25858","25565","9075","3012823","0","0","0x0010"
"5479","2026-08-15T10:06:25.878590000-0500","18.625620100","192.168.0.178","192.168.0.186","25565","25858","3012823","9075","11","0","0x0018"
"5480","2026-08-15T10:06:25.878590000-0500","18.625620100","192.168.0.178","192.168.0.186","25565","25858","3012834","9075","11","0","0x0018"
"5481","2026-08-15T10:06:25.878593800-0500","18.625623900","192.168.0.186","192.168.0.178","25858","25565","9075","3012845","0","0","0x0010"
"5482","2026-08-15T10:06:25.879130000-0500","18.626160100","192.168.0.178","192.168.0.186","25565","25858","3012845","9075","11","0","0x0018"
"5483","2026-08-15T10:06:25.879130000-0500","18.626160100","192.168.0.178","192.168.0.186","25565","25858","3012856","9075","11","0","0x0018"
"5484","2026-08-15T10:06:25.879130000-0500","18.626160100","192.168.0.178","192.168.0.186","25565","25858","3012867","9075","11","0","0x0018"
"5485","2026-08-15T10:06:25.879130000-0500","18.626160100","192.168.0.178","192.168.0.186","25565","25858","3012878","9075","11","0","0x0018"
"5486","2026-08-15T10:06:25.879130000-0500","18.626160100","192.168.0.178","192.168.0.186","25565","25858","3012889","9075","11","0","0x0018"
"5487","2026-08-15T10:06:25.879130000-0500","18.626160100","192.168.0.178","192.168.0.186","25565","25858","3012900","9075","11","0","0x0018"
"5488","2026-08-15T10:06:25.879130000-0500","18.626160100","192.168.0.178","192.168.0.186","25565","25858","3012911","9075","11","0","0x0018"
"5489","2026-08-15T10:06:25.879130000-0500","18.626160100","192.168.0.178","192.168.0.186","25565","25858","3012922","9075","11","0","0x0018"
"5490","2026-08-15T10:06:25.879130000-0500","18.626160100","192.168.0.178","192.168.0.186","25565","25858","3012933","9075","11","0","0x0018"
"5491","2026-08-15T10:06:25.879130000-0500","18.626160100","192.168.0.178","192.168.0.186","25565","25858","3012944","9075","11","0","0x0018"
"5492","2026-08-15T10:06:25.879152100-0500","18.626182200","192.168.0.186","192.168.0.178","25858","25565","9075","3012955","0","0","0x0010"
"5493","2026-08-15T10:06:25.879212000-0500","18.626242100","192.168.0.178","192.168.0.186","25565","25858","3012955","9075","9","0","0x0018"
"5494","2026-08-15T10:06:25.879216300-0500","18.626246400","192.168.0.186","192.168.0.178","25858","25565","9075","3012964","0","0","0x0010"
"5495","2026-08-15T10:06:25.906283200-0500","18.653313300","192.168.0.178","192.168.0.186","25565","25858","3012964","9075","158","0","0x0018"
"5496","2026-08-15T10:06:25.926580300-0500","18.673610400","192.168.0.186","192.168.0.178","25858","25565","9075","3013122","28","0","0x0018"
"5497","2026-08-15T10:06:25.927581900-0500","18.674612000","192.168.0.186","192.168.0.178","25858","25565","9103","3013122","3","0","0x0018"
"5498","2026-08-15T10:06:25.928279500-0500","18.675309600","192.168.0.178","192.168.0.186","25565","25858","3013122","9106","0","0","0x0010"
"5499","2026-08-15T10:06:25.947488900-0500","18.694519000","192.168.0.178","192.168.0.186","25565","25858","3013122","9106","52","0","0x0018"
"5500","2026-08-15T10:06:25.947488900-0500","18.694519000","192.168.0.178","192.168.0.186","25565","25858","3013174","9106","52","0","0x0018"
"5501","2026-08-15T10:06:25.947488900-0500","18.694519000","192.168.0.178","192.168.0.186","25565","25858","3013226","9106","52","0","0x0018"
"5502","2026-08-15T10:06:25.947548100-0500","18.694578200","192.168.0.186","192.168.0.178","25858","25565","9106","3013278","0","0","0x0010"
"5503","2026-08-15T10:06:25.954641000-0500","18.701671100","192.168.0.178","192.168.0.186","25565","25858","3013278","9106","117","0","0x0018"
"5504","2026-08-15T10:06:25.954688800-0500","18.701718900","192.168.0.186","192.168.0.178","25858","25565","9106","3013395","0","0","0x0010"
"5505","2026-08-15T10:06:25.977395200-0500","18.724425300","192.168.0.186","192.168.0.178","25858","25565","9106","3013395","28","0","0x0018"
"5506","2026-08-15T10:06:25.978699700-0500","18.725729800","192.168.0.186","192.168.0.178","25858","25565","9134","3013395","3","0","0x0018"
"5507","2026-08-15T10:06:25.979515200-0500","18.726545300","192.168.0.178","192.168.0.186","25565","25858","3013395","9137","0","0","0x0010"
"5508","2026-08-15T10:06:26.005206100-0500","18.752236200","192.168.0.178","192.168.0.186","25565","25858","3013395","9137","166","0","0x0018"
"5509","2026-08-15T10:06:26.027325600-0500","18.774355700","192.168.0.186","192.168.0.178","25858","25565","9137","3013561","36","0","0x0018"
"5510","2026-08-15T10:06:26.028566900-0500","18.775597000","192.168.0.186","192.168.0.178","25858","25565","9173","3013561","3","0","0x0018"
"5511","2026-08-15T10:06:26.029555200-0500","18.776585300","192.168.0.178","192.168.0.186","25565","25858","3013561","9176","0","0","0x0010"
"5512","2026-08-15T10:06:26.053900100-0500","18.800930200","192.168.0.178","192.168.0.186","25565","25858","3013561","9176","51","0","0x0018"
"5513","2026-08-15T10:06:26.077069700-0500","18.824099800","192.168.0.186","192.168.0.178","25858","25565","9176","3013612","36","0","0x0018"
"5514","2026-08-15T10:06:26.078379800-0500","18.825409900","192.168.0.186","192.168.0.178","25858","25565","9212","3013612","3","0","0x0018"
"5515","2026-08-15T10:06:26.079101600-0500","18.826131700","192.168.0.178","192.168.0.186","25565","25858","3013612","9215","0","0","0x0010"
"5516","2026-08-15T10:06:26.105618500-0500","18.852648600","192.168.0.178","192.168.0.186","25565","25858","3013612","9215","142","0","0x0018"
"5517","2026-08-15T10:06:26.126415000-0500","18.873445100","192.168.0.186","192.168.0.178","25858","25565","9215","3013754","36","0","0x0018"
"5518","2026-08-15T10:06:26.126989200-0500","18.874019300","192.168.0.186","192.168.0.178","25858","25565","9251","3013754","3","0","0x0018"
"5519","2026-08-15T10:06:26.127658600-0500","18.874688700","192.168.0.178","192.168.0.186","25565","25858","3013754","9254","0","0","0x0010"
"5520","2026-08-15T10:06:26.154720100-0500","18.901750200","192.168.0.178","192.168.0.186","25565","25858","3013754","9254","216","0","0x0018"
"5521","2026-08-15T10:06:26.177027900-0500","18.924058000","192.168.0.186","192.168.0.178","25858","25565","9254","3013970","36","0","0x0018"
"5522","2026-08-15T10:06:26.178127800-0500","18.925157900","192.168.0.186","192.168.0.178","25858","25565","9290","3013970","3","0","0x0018"
"5523","2026-08-15T10:06:26.178962100-0500","18.925992200","192.168.0.178","192.168.0.186","25565","25858","3013970","9293","0","0","0x0010"
"5524","2026-08-15T10:06:26.205780200-0500","18.952810300","192.168.0.178","192.168.0.186","25565","25858","3013970","9293","62","0","0x0018"
"5525","2026-08-15T10:06:26.227089600-0500","18.974119700","192.168.0.186","192.168.0.178","25858","25565","9293","3014032","36","0","0x0018"
"5526","2026-08-15T10:06:26.228297800-0500","18.975327900","192.168.0.186","192.168.0.178","25858","25565","9329","3014032","3","0","0x0018"
"5527","2026-08-15T10:06:26.228991200-0500","18.976021300","192.168.0.178","192.168.0.186","25565","25858","3014032","9332","0","0","0x0010"
"5528","2026-08-15T10:06:26.258505800-0500","19.005535900","192.168.0.178","192.168.0.186","25565","25858","3014032","9332","157","0","0x0018"
"5529","2026-08-15T10:06:26.276984600-0500","19.024014700","192.168.0.186","192.168.0.178","25858","25565","9332","3014189","36","0","0x0018"
"5530","2026-08-15T10:06:26.278208300-0500","19.025238400","192.168.0.186","192.168.0.178","25858","25565","9368","3014189","3","0","0x0018"
"5531","2026-08-15T10:06:26.278856900-0500","19.025887000","192.168.0.178","192.168.0.186","25565","25858","3014189","9371","0","0","0x0010"
"5532","2026-08-15T10:06:26.305291100-0500","19.052321200","192.168.0.178","192.168.0.186","25565","25858","3014189","9371","172","0","0x0018"
"5533","2026-08-15T10:06:26.310759200-0500","19.057789300","192.168.0.178","192.168.0.186","25565","25858","3014361","9371","52","0","0x0018"
"5534","2026-08-15T10:06:26.310814500-0500","19.057844600","192.168.0.186","192.168.0.178","25858","25565","9371","3014413","0","0","0x0010"
"5535","2026-08-15T10:06:26.310899600-0500","19.057929700","192.168.0.178","192.168.0.186","25565","25858","3014413","9371","52","0","0x0018"
"5536","2026-08-15T10:06:26.310899600-0500","19.057929700","192.168.0.178","192.168.0.186","25565","25858","3014465","9371","52","0","0x0018"
"5537","2026-08-15T10:06:26.310915800-0500","19.057945900","192.168.0.186","192.168.0.178","25858","25565","9371","3014517","0","0","0x0010"
"5538","2026-08-15T10:06:26.327024500-0500","19.074054600","192.168.0.186","192.168.0.178","25858","25565","9371","3014517","28","0","0x0018"
"5539","2026-08-15T10:06:26.328199700-0500","19.075229800","192.168.0.186","192.168.0.178","25858","25565","9399","3014517","3","0","0x0018"
"5540","2026-08-15T10:06:26.328786900-0500","19.075817000","192.168.0.178","192.168.0.186","25565","25858","3014517","9402","0","0","0x0010"
"5541","2026-08-15T10:06:26.356624800-0500","19.103654900","192.168.0.178","192.168.0.186","25565","25858","3014517","9402","166","0","0x0018"
"5542","2026-08-15T10:06:26.375952500-0500","19.122982600","192.168.0.186","192.168.0.178","25858","25565","9402","3014683","28","0","0x0018"
"5543","2026-08-15T10:06:26.376554700-0500","19.123584800","192.168.0.186","192.168.0.178","25858","25565","9430","3014683","3","0","0x0018"
"5544","2026-08-15T10:06:26.377173800-0500","19.124203900","192.168.0.178","192.168.0.186","25565","25858","3014683","9433","0","0","0x0010"
"5545","2026-08-15T10:06:26.377481100-0500","19.124511200","192.168.0.178","192.168.0.186","25565","25858","3014683","9433","11","0","0x0018"
"5546","2026-08-15T10:06:26.377481100-0500","19.124511200","192.168.0.178","192.168.0.186","25565","25858","3014694","9433","11","0","0x0018"
"5547","2026-08-15T10:06:26.377508600-0500","19.124538700","192.168.0.186","192.168.0.178","25858","25565","9433","3014705","0","0","0x0010"
"5548","2026-08-15T10:06:26.377757300-0500","19.124787400","192.168.0.178","192.168.0.186","25565","25858","3014705","9433","11","0","0x0018"
"5549","2026-08-15T10:06:26.377757300-0500","19.124787400","192.168.0.178","192.168.0.186","25565","25858","3014716","9433","11","0","0x0018"
"5550","2026-08-15T10:06:26.377779100-0500","19.124809200","192.168.0.186","192.168.0.178","25858","25565","9433","3014727","0","0","0x0010"
"5551","2026-08-15T10:06:26.377868200-0500","19.124898300","192.168.0.178","192.168.0.186","25565","25858","3014727","9433","11","0","0x0018"
"5552","2026-08-15T10:06:26.377868200-0500","19.124898300","192.168.0.178","192.168.0.186","25565","25858","3014738","9433","22","0","0x0018"
"5553","2026-08-15T10:06:26.377868200-0500","19.124898300","192.168.0.178","192.168.0.186","25565","25858","3014760","9433","11","0","0x0018"
"5554","2026-08-15T10:06:26.377868200-0500","19.124898300","192.168.0.178","192.168.0.186","25565","25858","3014771","9433","11","0","0x0018"
"5555","2026-08-15T10:06:26.377876700-0500","19.124906800","192.168.0.186","192.168.0.178","25858","25565","9433","3014782","0","0","0x0010"
"5556","2026-08-15T10:06:26.377921300-0500","19.124951400","192.168.0.178","192.168.0.186","25565","25858","3014782","9433","11","0","0x0018"
"5557","2026-08-15T10:06:26.378082700-0500","19.125112800","192.168.0.178","192.168.0.186","25565","25858","3014793","9433","11","0","0x0018"
"5558","2026-08-15T10:06:26.378082700-0500","19.125112800","192.168.0.178","192.168.0.186","25565","25858","3014804","9433","11","0","0x0018"
"5559","2026-08-15T10:06:26.378101200-0500","19.125131300","192.168.0.186","192.168.0.178","25858","25565","9433","3014815","0","0","0x0010"
"5560","2026-08-15T10:06:26.378151000-0500","19.125181100","192.168.0.178","192.168.0.186","25565","25858","3014815","9433","11","0","0x0018"
"5561","2026-08-15T10:06:26.378151000-0500","19.125181100","192.168.0.178","192.168.0.186","25565","25858","3014826","9433","11","0","0x0018"
"5562","2026-08-15T10:06:26.378155600-0500","19.125185700","192.168.0.186","192.168.0.178","25858","25565","9433","3014837","0","0","0x0010"
"5563","2026-08-15T10:06:26.378185300-0500","19.125215400","192.168.0.178","192.168.0.186","25565","25858","3014837","9433","11","0","0x0018"
"5564","2026-08-15T10:06:26.378190200-0500","19.125220300","192.168.0.186","192.168.0.178","25858","25565","9433","3014848","0","0","0x0010"
"5565","2026-08-15T10:06:26.378361000-0500","19.125391100","192.168.0.178","192.168.0.186","25565","25858","3014848","9433","11","0","0x0018"
"5566","2026-08-15T10:06:26.378361000-0500","19.125391100","192.168.0.178","192.168.0.186","25565","25858","3014859","9433","11","0","0x0018"
"5567","2026-08-15T10:06:26.378361000-0500","19.125391100","192.168.0.178","192.168.0.186","25565","25858","3014870","9433","11","0","0x0018"
"5568","2026-08-15T10:06:26.378378400-0500","19.125408500","192.168.0.186","192.168.0.178","25858","25565","9433","3014881","0","0","0x0010"
"5569","2026-08-15T10:06:26.378439300-0500","19.125469400","192.168.0.178","192.168.0.186","25565","25858","3014881","9433","11","0","0x0018"
"5570","2026-08-15T10:06:26.378439300-0500","19.125469400","192.168.0.178","192.168.0.186","25565","25858","3014892","9433","9","0","0x0018"
"5571","2026-08-15T10:06:26.378443500-0500","19.125473600","192.168.0.186","192.168.0.178","25858","25565","9433","3014901","0","0","0x0010"
"5572","2026-08-15T10:06:26.394423300-0500","19.141453400","192.168.0.178","192.168.0.186","25565","25858","3014901","9433","52","0","0x0018"
"5573","2026-08-15T10:06:26.394423300-0500","19.141453400","192.168.0.178","192.168.0.186","25565","25858","3014953","9433","52","0","0x0018"
"5574","2026-08-15T10:06:26.394423300-0500","19.141453400","192.168.0.178","192.168.0.186","25565","25858","3015005","9433","52","0","0x0018"
"5575","2026-08-15T10:06:26.394463200-0500","19.141493300","192.168.0.186","192.168.0.178","25858","25565","9433","3015057","0","0","0x0010"
"5576","2026-08-15T10:06:26.406286800-0500","19.153316900","192.168.0.178","192.168.0.186","25565","25858","3015057","9433","405","0","0x0018"
"5577","2026-08-15T10:06:26.426693700-0500","19.173723800","192.168.0.186","192.168.0.178","25858","25565","9433","3015462","28","0","0x0018"
"5578","2026-08-15T10:06:26.427953200-0500","19.174983300","192.168.0.186","192.168.0.178","25858","25565","9461","3015462","3","0","0x0018"
"5579","2026-08-15T10:06:26.448817800-0500","19.195847900","192.168.0.178","192.168.0.186","25565","25858","3015462","9464","0","0","0x0010"
"5580","2026-08-15T10:06:26.456691500-0500","19.203721600","192.168.0.178","192.168.0.186","25565","25858","3015462","9464","62","0","0x0018"
"5581","2026-08-15T10:06:26.476640400-0500","19.223670500","192.168.0.186","192.168.0.178","25858","25565","9464","3015524","28","0","0x0018"
"5582","2026-08-15T10:06:26.477871900-0500","19.224902000","192.168.0.186","192.168.0.178","25858","25565","9492","3015524","3","0","0x0018"
"5583","2026-08-15T10:06:26.478553700-0500","19.225583800","192.168.0.178","192.168.0.186","25565","25858","3015524","9495","0","0","0x0010"
"5584","2026-08-15T10:06:26.505711100-0500","19.252741200","192.168.0.178","192.168.0.186","25565","25858","3015524","9495","1460","0","0x0010"
"5585","2026-08-15T10:06:26.505711100-0500","19.252741200","192.168.0.178","192.168.0.186","25565","25858","3016984","9495","1460","0","0x0010"
"5586","2026-08-15T10:06:26.505778700-0500","19.252808800","192.168.0.186","192.168.0.178","25858","25565","9495","3018444","0","0","0x0010"
"5587","2026-08-15T10:06:26.505838000-0500","19.252868100","192.168.0.178","192.168.0.186","25565","25858","3018444","9495","1460","0","0x0010"
"5588","2026-08-15T10:06:26.506117100-0500","19.253147200","192.168.0.178","192.168.0.186","25565","25858","3019904","9495","1460","0","0x0010"
"5589","2026-08-15T10:06:26.506117100-0500","19.253147200","192.168.0.178","192.168.0.186","25565","25858","3021364","9495","199","0","0x0018"
"5590","2026-08-15T10:06:26.506172000-0500","19.253202100","192.168.0.186","192.168.0.178","25858","25565","9495","3021563","0","0","0x0010"
"5591","2026-08-15T10:06:26.526864900-0500","19.273895000","192.168.0.186","192.168.0.178","25858","25565","9495","3021563","28","0","0x0018"
"5592","2026-08-15T10:06:26.528130100-0500","19.275160200","192.168.0.186","192.168.0.178","25858","25565","9523","3021563","3","0","0x0018"
"5593","2026-08-15T10:06:26.528863000-0500","19.275893100","192.168.0.178","192.168.0.186","25565","25858","3021563","9526","0","0","0x0010"
"5594","2026-08-15T10:06:26.554895700-0500","19.301925800","192.168.0.178","192.168.0.186","25565","25858","3021563","9526","193","0","0x0018"
"5595","2026-08-15T10:06:26.576855100-0500","19.323885200","192.168.0.186","192.168.0.178","25858","25565","9526","3021756","28","0","0x0018"
"5596","2026-08-15T10:06:26.578089600-0500","19.325119700","192.168.0.186","192.168.0.178","25858","25565","9554","3021756","3","0","0x0018"
"5597","2026-08-15T10:06:26.578530800-0500","19.325560900","192.168.0.178","192.168.0.186","25565","25858","3021756","9557","0","0","0x0010"
"5598","2026-08-15T10:06:26.607494000-0500","19.354524100","192.168.0.178","192.168.0.186","25565","25858","3021756","9557","1460","0","0x0010"
"5599","2026-08-15T10:06:26.607494000-0500","19.354524100","192.168.0.178","192.168.0.186","25565","25858","3023216","9557","1460","0","0x0010"
"5600","2026-08-15T10:06:26.607559800-0500","19.354589900","192.168.0.186","192.168.0.178","25858","25565","9557","3024676","0","0","0x0010"
"5601","2026-08-15T10:06:26.607611500-0500","19.354641600","192.168.0.178","192.168.0.186","25565","25858","3024676","9557","1460","0","0x0010"
"5602","2026-08-15T10:06:26.607710100-0500","19.354740200","192.168.0.178","192.168.0.186","25565","25858","3026136","9557","1460","0","0x0010"
"5603","2026-08-15T10:06:26.607720300-0500","19.354750400","192.168.0.186","192.168.0.178","25858","25565","9557","3027596","0","0","0x0010"
"5604","2026-08-15T10:06:26.607926200-0500","19.354956300","192.168.0.178","192.168.0.186","25565","25858","3027596","9557","1460","0","0x0010"
"5605","2026-08-15T10:06:26.607995100-0500","19.355025200","192.168.0.178","192.168.0.186","25565","25858","3029056","9557","1460","0","0x0010"
"5606","2026-08-15T10:06:26.608010300-0500","19.355040400","192.168.0.186","192.168.0.178","25858","25565","9557","3030516","0","0","0x0010"
"5607","2026-08-15T10:06:26.608066100-0500","19.355096200","192.168.0.178","192.168.0.186","25565","25858","3030516","9557","1460","0","0x0010"
"5608","2026-08-15T10:06:26.608335700-0500","19.355365800","192.168.0.178","192.168.0.186","25565","25858","3031976","9557","1460","0","0x0010"
"5609","2026-08-15T10:06:26.608335700-0500","19.355365800","192.168.0.178","192.168.0.186","25565","25858","3033436","9557","1460","0","0x0010"
"5610","2026-08-15T10:06:26.608386500-0500","19.355416600","192.168.0.186","192.168.0.178","25858","25565","9557","3034896","0","0","0x0010"
"5611","2026-08-15T10:06:26.608484300-0500","19.355514400","192.168.0.178","192.168.0.186","25565","25858","3034896","9557","1460","0","0x0010"
"5612","2026-08-15T10:06:26.608508700-0500","19.355538800","192.168.0.186","192.168.0.178","25858","25565","9557","3036356","0","0","0x0010"
"5613","2026-08-15T10:06:26.608565800-0500","19.355595900","192.168.0.178","192.168.0.186","25565","25858","3036356","9557","1460","0","0x0018"
"5614","2026-08-15T10:06:26.608835900-0500","19.355866000","192.168.0.178","192.168.0.186","25565","25858","3037816","9557","1460","0","0x0010"
"5615","2026-08-15T10:06:26.608835900-0500","19.355866000","192.168.0.178","192.168.0.186","25565","25858","3039276","9557","1460","0","0x0010"
"5616","2026-08-15T10:06:26.608878000-0500","19.355908100","192.168.0.186","192.168.0.178","25858","25565","9557","3040736","0","0","0x0010"
"5617","2026-08-15T10:06:26.608925100-0500","19.355955200","192.168.0.178","192.168.0.186","25565","25858","3040736","9557","933","0","0x0018"
"5618","2026-08-15T10:06:26.608943900-0500","19.355974000","192.168.0.186","192.168.0.178","25858","25565","9557","3041669","0","0","0x0010"
"5619","2026-08-15T10:06:26.626458600-0500","19.373488700","192.168.0.186","192.168.0.178","25858","25565","9557","3041669","28","0","0x0018"
"5620","2026-08-15T10:06:26.626978200-0500","19.374008300","192.168.0.186","192.168.0.178","25858","25565","9585","3041669","3","0","0x0018"
"5621","2026-08-15T10:06:26.627648500-0500","19.374678600","192.168.0.178","192.168.0.186","25565","25858","3041669","9588","0","0","0x0010"
"5622","2026-08-15T10:06:26.657619900-0500","19.404650000","192.168.0.178","192.168.0.186","25565","25858","3041669","9588","1460","0","0x0010"
"5623","2026-08-15T10:06:26.657619900-0500","19.404650000","192.168.0.178","192.168.0.186","25565","25858","3043129","9588","1460","0","0x0010"
"5624","2026-08-15T10:06:26.657667100-0500","19.404697200","192.168.0.186","192.168.0.178","25858","25565","9588","3044589","0","0","0x0010"
"5625","2026-08-15T10:06:26.657731400-0500","19.404761500","192.168.0.178","192.168.0.186","25565","25858","3044589","9588","1460","0","0x0010"
"5626","2026-08-15T10:06:26.657950200-0500","19.404980300","192.168.0.178","192.168.0.186","25565","25858","3046049","9588","1460","0","0x0010"
"5627","2026-08-15T10:06:26.657950200-0500","19.404980300","192.168.0.178","192.168.0.186","25565","25858","3047509","9588","1460","0","0x0010"
"5628","2026-08-15T10:06:26.657974000-0500","19.405004100","192.168.0.186","192.168.0.178","25858","25565","9588","3048969","0","0","0x0010"
"5629","2026-08-15T10:06:26.658195400-0500","19.405225500","192.168.0.178","192.168.0.186","25565","25858","3048969","9588","1460","0","0x0010"
"5630","2026-08-15T10:06:26.658195400-0500","19.405225500","192.168.0.178","192.168.0.186","25565","25858","3050429","9588","1460","0","0x0010"
"5631","2026-08-15T10:06:26.658217700-0500","19.405247800","192.168.0.186","192.168.0.178","25858","25565","9588","3051889","0","0","0x0010"
"5632","2026-08-15T10:06:26.658757000-0500","19.405787100","192.168.0.178","192.168.0.186","25565","25858","3051889","9588","1460","0","0x0010"
"5633","2026-08-15T10:06:26.658757000-0500","19.405787100","192.168.0.178","192.168.0.186","25565","25858","3053349","9588","1460","0","0x0010"
"5634","2026-08-15T10:06:26.658757000-0500","19.405787100","192.168.0.178","192.168.0.186","25565","25858","3054809","9588","650","0","0x0018"
"5635","2026-08-15T10:06:26.658790800-0500","19.405820900","192.168.0.186","192.168.0.178","25858","25565","9588","3055459","0","0","0x0010"
"5636","2026-08-15T10:06:26.676699700-0500","19.423729800","192.168.0.186","192.168.0.178","25858","25565","9588","3055459","28","0","0x0018"
"5637","2026-08-15T10:06:26.677570300-0500","19.424600400","192.168.0.186","192.168.0.178","25858","25565","9616","3055459","3","0","0x0018"
"5638","2026-08-15T10:06:26.678413500-0500","19.425443600","192.168.0.178","192.168.0.186","25565","25858","3055459","9619","0","0","0x0010"
"5639","2026-08-15T10:06:26.704073300-0500","19.451103400","192.168.0.178","192.168.0.186","25565","25858","3055459","9619","234","0","0x0018"
"5640","2026-08-15T10:06:26.727143800-0500","19.474173900","192.168.0.186","192.168.0.178","25858","25565","9619","3055693","28","0","0x0018"
"5641","2026-08-15T10:06:26.728303900-0500","19.475334000","192.168.0.186","192.168.0.178","25858","25565","9647","3055693","3","0","0x0018"
"5642","2026-08-15T10:06:26.732413200-0500","19.479443300","192.168.0.178","192.168.0.186","25565","25858","3055693","9650","0","0","0x0010"
"5643","2026-08-15T10:06:26.754383300-0500","19.501413400","192.168.0.178","192.168.0.186","25565","25858","3055693","9650","62","0","0x0018"
"5644","2026-08-15T10:06:26.776475000-0500","19.523505100","192.168.0.186","192.168.0.178","25858","25565","9650","3055755","28","0","0x0018"
"5645","2026-08-15T10:06:26.777372000-0500","19.524402100","192.168.0.186","192.168.0.178","25858","25565","9678","3055755","3","0","0x0018"
"5646","2026-08-15T10:06:26.778096400-0500","19.525126500","192.168.0.178","192.168.0.186","25565","25858","3055755","9681","0","0","0x0010"
"5647","2026-08-15T10:06:26.803959100-0500","19.550989200","192.168.0.178","192.168.0.186","25565","25858","3055755","9681","141","0","0x0018"
"5648","2026-08-15T10:06:26.808454600-0500","19.555484700","192.168.0.178","192.168.0.186","25565","25858","3055896","9681","52","0","0x0018"
"5649","2026-08-15T10:06:26.808507800-0500","19.555537900","192.168.0.186","192.168.0.178","25858","25565","9681","3055948","0","0","0x0010"
"5650","2026-08-15T10:06:26.808963900-0500","19.555994000","192.168.0.178","192.168.0.186","25565","25858","3055948","9681","52","0","0x0018"
"5651","2026-08-15T10:06:26.808963900-0500","19.555994000","192.168.0.178","192.168.0.186","25565","25858","3056000","9681","52","0","0x0018"
"5652","2026-08-15T10:06:26.809021700-0500","19.556051800","192.168.0.186","192.168.0.178","25858","25565","9681","3056052","0","0","0x0010"
"5653","2026-08-15T10:06:26.826742600-0500","19.573772700","192.168.0.186","192.168.0.178","25858","25565","9681","3056052","28","0","0x0018"
"5654","2026-08-15T10:06:26.827888300-0500","19.574918400","192.168.0.186","192.168.0.178","25858","25565","9709","3056052","3","0","0x0018"
"5655","2026-08-15T10:06:26.828592500-0500","19.575622600","192.168.0.178","192.168.0.186","25565","25858","3056052","9712","0","0","0x0010"
"5656","2026-08-15T10:06:26.857988700-0500","19.605018800","192.168.0.178","192.168.0.186","25565","25858","3056052","9712","286","0","0x0018"
"5657","2026-08-15T10:06:26.858349400-0500","19.605379500","192.168.0.186","192.168.0.178","25858","25565","9712","3056338","11","0","0x0018"
"5658","2026-08-15T10:06:26.877098400-0500","19.624128500","192.168.0.186","192.168.0.178","25858","25565","9723","3056338","28","0","0x0018"
"5659","2026-08-15T10:06:26.877937900-0500","19.624968000","192.168.0.178","192.168.0.186","25565","25858","3056338","9751","0","0","0x0010"
"5660","2026-08-15T10:06:26.878346200-0500","19.625376300","192.168.0.186","192.168.0.178","25858","25565","9751","3056338","3","0","0x0018"
"5661","2026-08-15T10:06:26.893915700-0500","19.640945800","192.168.0.178","192.168.0.186","25565","25858","3056338","9754","52","0","0x0018"
"5662","2026-08-15T10:06:26.893915700-0500","19.640945800","192.168.0.178","192.168.0.186","25565","25858","3056390","9754","52","0","0x0018"
"5663","2026-08-15T10:06:26.893915700-0500","19.640945800","192.168.0.178","192.168.0.186","25565","25858","3056442","9754","52","0","0x0018"
"5664","2026-08-15T10:06:26.893969500-0500","19.640999600","192.168.0.186","192.168.0.178","25858","25565","9754","3056494","0","0","0x0010"
"5665","2026-08-15T10:06:26.905201000-0500","19.652231100","192.168.0.178","192.168.0.186","25565","25858","3056494","9754","1460","0","0x0010"
"5666","2026-08-15T10:06:26.905201000-0500","19.652231100","192.168.0.178","192.168.0.186","25565","25858","3057954","9754","1460","0","0x0010"
"5667","2026-08-15T10:06:26.905256300-0500","19.652286400","192.168.0.186","192.168.0.178","25858","25565","9754","3059414","0","0","0x0010"
"5668","2026-08-15T10:06:26.905402100-0500","19.652432200","192.168.0.178","192.168.0.186","25565","25858","3059414","9754","1460","0","0x0010"
"5669","2026-08-15T10:06:26.905414600-0500","19.652444700","192.168.0.186","192.168.0.178","25858","25565","9754","3060874","0","0","0x0010"
"5670","2026-08-15T10:06:26.905443200-0500","19.652473300","192.168.0.178","192.168.0.186","25565","25858","3060874","9754","1460","0","0x0010"
"5671","2026-08-15T10:06:26.905512700-0500","19.652542800","192.168.0.178","192.168.0.186","25565","25858","3062334","9754","1460","0","0x0010"
"5672","2026-08-15T10:06:26.905521400-0500","19.652551500","192.168.0.186","192.168.0.178","25858","25565","9754","3063794","0","0","0x0010"
"5673","2026-08-15T10:06:26.905702800-0500","19.652732900","192.168.0.178","192.168.0.186","25565","25858","3063794","9754","1460","0","0x0010"
"5674","2026-08-15T10:06:26.905772100-0500","19.652802200","192.168.0.178","192.168.0.186","25565","25858","3065254","9754","1460","0","0x0010"
"5675","2026-08-15T10:06:26.905788200-0500","19.652818300","192.168.0.186","192.168.0.178","25858","25565","9754","3066714","0","0","0x0010"
"5676","2026-08-15T10:06:26.906027400-0500","19.653057500","192.168.0.178","192.168.0.186","25565","25858","3066714","9754","1460","0","0x0010"
"5677","2026-08-15T10:06:26.906027400-0500","19.653057500","192.168.0.178","192.168.0.186","25565","25858","3068174","9754","1460","0","0x0010"
"5678","2026-08-15T10:06:26.906086100-0500","19.653116200","192.168.0.186","192.168.0.178","25858","25565","9754","3069634","0","0","0x0010"
"5679","2026-08-15T10:06:26.906170400-0500","19.653200500","192.168.0.178","192.168.0.186","25565","25858","3069634","9754","1460","0","0x0010"
"5680","2026-08-15T10:06:26.906413600-0500","19.653443700","192.168.0.178","192.168.0.186","25565","25858","3071094","9754","1460","0","0x0018"
"5681","2026-08-15T10:06:26.906413600-0500","19.653443700","192.168.0.178","192.168.0.186","25565","25858","3072554","9754","1460","0","0x0010"
"5682","2026-08-15T10:06:26.906465100-0500","19.653495200","192.168.0.186","192.168.0.178","25858","25565","9754","3074014","0","0","0x0010"
"5683","2026-08-15T10:06:26.906518000-0500","19.653548100","192.168.0.178","192.168.0.186","25565","25858","3074014","9754","1216","0","0x0018"
"5684","2026-08-15T10:06:26.906534700-0500","19.653564800","192.168.0.186","192.168.0.178","25858","25565","9754","3075230","0","0","0x0010"
"5685","2026-08-15T10:06:26.926284900-0500","19.673315000","192.168.0.186","192.168.0.178","25858","25565","9754","3075230","28","0","0x0018"
"5686","2026-08-15T10:06:26.926819000-0500","19.673849100","192.168.0.186","192.168.0.178","25858","25565","9782","3075230","3","0","0x0018"
"5687","2026-08-15T10:06:26.927522700-0500","19.674552800","192.168.0.178","192.168.0.186","25565","25858","3075230","9782","11","0","0x0018"
"5688","2026-08-15T10:06:26.927903300-0500","19.674933400","192.168.0.178","192.168.0.186","25565","25858","3075241","9785","11","0","0x0018"
"5689","2026-08-15T10:06:26.927903300-0500","19.674933400","192.168.0.178","192.168.0.186","25565","25858","3075252","9785","11","0","0x0018"
"5690","2026-08-15T10:06:26.927903300-0500","19.674933400","192.168.0.178","192.168.0.186","25565","25858","3075263","9785","11","0","0x0018"
"5691","2026-08-15T10:06:26.927924800-0500","19.674954900","192.168.0.186","192.168.0.178","25858","25565","9785","3075274","0","0","0x0010"
"5692","2026-08-15T10:06:26.927970800-0500","19.675000900","192.168.0.178","192.168.0.186","25565","25858","3075274","9785","11","0","0x0018"
"5693","2026-08-15T10:06:26.927970800-0500","19.675000900","192.168.0.178","192.168.0.186","25565","25858","3075285","9785","11","0","0x0018"
"5694","2026-08-15T10:06:26.927975300-0500","19.675005400","192.168.0.186","192.168.0.178","25858","25565","9785","3075296","0","0","0x0010"
"5695","2026-08-15T10:06:26.928122600-0500","19.675152700","192.168.0.178","192.168.0.186","25565","25858","3075296","9785","11","0","0x0018"
"5696","2026-08-15T10:06:26.928122600-0500","19.675152700","192.168.0.178","192.168.0.186","25565","25858","3075307","9785","11","0","0x0018"
"5697","2026-08-15T10:06:26.928141100-0500","19.675171200","192.168.0.186","192.168.0.178","25858","25565","9785","3075318","0","0","0x0010"
"5698","2026-08-15T10:06:26.928356500-0500","19.675386600","192.168.0.178","192.168.0.186","25565","25858","3075318","9785","11","0","0x0018"
"5699","2026-08-15T10:06:26.928356500-0500","19.675386600","192.168.0.178","192.168.0.186","25565","25858","3075329","9785","11","0","0x0018"
"5700","2026-08-15T10:06:26.928356500-0500","19.675386600","192.168.0.178","192.168.0.186","25565","25858","3075340","9785","11","0","0x0018"
"5701","2026-08-15T10:06:26.928356500-0500","19.675386600","192.168.0.178","192.168.0.186","25565","25858","3075351","9785","11","0","0x0018"
"5702","2026-08-15T10:06:26.928376700-0500","19.675406800","192.168.0.186","192.168.0.178","25858","25565","9785","3075362","0","0","0x0010"
"5703","2026-08-15T10:06:26.928427500-0500","19.675457600","192.168.0.178","192.168.0.186","25565","25858","3075362","9785","11","0","0x0018"
"5704","2026-08-15T10:06:26.928593300-0500","19.675623400","192.168.0.178","192.168.0.186","25565","25858","3075373","9785","11","0","0x0018"
"5705","2026-08-15T10:06:26.928593300-0500","19.675623400","192.168.0.178","192.168.0.186","25565","25858","3075384","9785","11","0","0x0018"
"5706","2026-08-15T10:06:26.928593300-0500","19.675623400","192.168.0.178","192.168.0.186","25565","25858","3075395","9785","11","0","0x0018"
"5707","2026-08-15T10:06:26.928593300-0500","19.675623400","192.168.0.178","192.168.0.186","25565","25858","3075406","9785","11","0","0x0018"
"5708","2026-08-15T10:06:26.928613100-0500","19.675643200","192.168.0.186","192.168.0.178","25858","25565","9785","3075417","0","0","0x0010"
"5709","2026-08-15T10:06:26.928669000-0500","19.675699100","192.168.0.178","192.168.0.186","25565","25858","3075417","9785","22","0","0x0018"
"5710","2026-08-15T10:06:26.928669000-0500","19.675699100","192.168.0.178","192.168.0.186","25565","25858","3075439","9785","9","0","0x0018"
"5711","2026-08-15T10:06:26.928675300-0500","19.675705400","192.168.0.186","192.168.0.178","25858","25565","9785","3075448","0","0","0x0010"
"5712","2026-08-15T10:06:26.954565200-0500","19.701595300","192.168.0.178","192.168.0.186","25565","25858","3075448","9785","31","0","0x0018"
"5713","2026-08-15T10:06:26.954602300-0500","19.701632400","192.168.0.186","192.168.0.178","25858","25565","9785","3075479","0","0","0x0010"
"5714","2026-08-15T10:06:26.976796500-0500","19.723826600","192.168.0.186","192.168.0.178","25858","25565","9785","3075479","28","0","0x0018"
"5715","2026-08-15T10:06:26.977697200-0500","19.724727300","192.168.0.186","192.168.0.178","25858","25565","9813","3075479","3","0","0x0018"
"5716","2026-08-15T10:06:26.978432400-0500","19.725462500","192.168.0.178","192.168.0.186","25565","25858","3075479","9816","0","0","0x0010"
"5717","2026-08-15T10:06:27.003958200-0500","19.750988300","192.168.0.178","192.168.0.186","25565","25858","3075479","9816","61","0","0x0018"
"5718","2026-08-15T10:06:27.027159400-0500","19.774189500","192.168.0.186","192.168.0.178","25858","25565","9816","3075540","36","0","0x0018"
"5719","2026-08-15T10:06:27.028286100-0500","19.775316200","192.168.0.186","192.168.0.178","25858","25565","9852","3075540","3","0","0x0018"
"5720","2026-08-15T10:06:27.029082000-0500","19.776112100","192.168.0.178","192.168.0.186","25565","25858","3075540","9855","0","0","0x0010"
"5721","2026-08-15T10:06:27.054310700-0500","19.801340800","192.168.0.178","192.168.0.186","25565","25858","3075540","9855","66","0","0x0018"
"5722","2026-08-15T10:06:27.076846000-0500","19.823876100","192.168.0.186","192.168.0.178","25858","25565","9855","3075606","36","0","0x0018"
"5723","2026-08-15T10:06:27.078051900-0500","19.825082000","192.168.0.186","192.168.0.178","25858","25565","9891","3075606","3","0","0x0018"
"5724","2026-08-15T10:06:27.078764500-0500","19.825794600","192.168.0.178","192.168.0.186","25565","25858","3075606","9894","0","0","0x0010"
"5725","2026-08-15T10:06:27.106615100-0500","19.853645200","192.168.0.178","192.168.0.186","25565","25858","3075606","9894","148","0","0x0018"
"5726","2026-08-15T10:06:27.127117200-0500","19.874147300","192.168.0.186","192.168.0.178","25858","25565","9894","3075754","36","0","0x0018"
"5727","2026-08-15T10:06:27.128270600-0500","19.875300700","192.168.0.186","192.168.0.178","25858","25565","9930","3075754","3","0","0x0018"
"5728","2026-08-15T10:06:27.129009100-0500","19.876039200","192.168.0.178","192.168.0.186","25565","25858","3075754","9933","0","0","0x0010"
"5729","2026-08-15T10:06:27.153860400-0500","19.900890500","192.168.0.178","192.168.0.186","25565","25858","3075754","9933","37","0","0x0018"
"5730","2026-08-15T10:06:27.176367100-0500","19.923397200","192.168.0.186","192.168.0.178","25858","25565","9933","3075791","36","0","0x0018"
"5731","2026-08-15T10:06:27.176834000-0500","19.923864100","192.168.0.186","192.168.0.178","25858","25565","9969","3075791","3","0","0x0018"
"5732","2026-08-15T10:06:27.177491000-0500","19.924521100","192.168.0.178","192.168.0.186","25565","25858","3075791","9972","0","0","0x0010"
"5733","2026-08-15T10:06:27.203404600-0500","19.950434700","192.168.0.178","192.168.0.186","25565","25858","3075791","9972","51","0","0x0018"
"5734","2026-08-15T10:06:27.226431500-0500","19.973461600","192.168.0.186","192.168.0.178","25858","25565","9972","3075842","36","0","0x0018"
"5735","2026-08-15T10:06:27.227199200-0500","19.974229300","192.168.0.186","192.168.0.178","25858","25565","10008","3075842","3","0","0x0018"
"5736","2026-08-15T10:06:27.227875300-0500","19.974905400","192.168.0.178","192.168.0.186","25565","25858","3075842","10011","0","0","0x0010"
"5737","2026-08-15T10:06:27.253611800-0500","20.000641900","192.168.0.178","192.168.0.186","25565","25858","3075842","10011","16","0","0x0018"
"5738","2026-08-15T10:06:27.276817600-0500","20.023847700","192.168.0.186","192.168.0.178","25858","25565","10011","3075858","36","0","0x0018"
"5739","2026-08-15T10:06:27.277949100-0500","20.024979200","192.168.0.186","192.168.0.178","25858","25565","10047","3075858","3","0","0x0018"
"5740","2026-08-15T10:06:27.278618500-0500","20.025648600","192.168.0.178","192.168.0.186","25565","25858","3075858","10050","0","0","0x0010"
"5741","2026-08-15T10:06:27.308200500-0500","20.055230600","192.168.0.178","192.168.0.186","25565","25858","3075858","10050","149","0","0x0018"
"5742","2026-08-15T10:06:27.326952600-0500","20.073982700","192.168.0.186","192.168.0.178","25858","25565","10050","3076007","28","0","0x0018"
"5743","2026-08-15T10:06:27.328078600-0500","20.075108700","192.168.0.186","192.168.0.178","25858","25565","10078","3076007","3","0","0x0018"
"5744","2026-08-15T10:06:27.328838000-0500","20.075868100","192.168.0.178","192.168.0.186","25565","25858","3076007","10081","0","0","0x0010"
"5745","2026-08-15T10:06:27.344711800-0500","20.091741900","192.168.0.178","192.168.0.186","25565","25858","3076007","10081","52","0","0x0018"
"5746","2026-08-15T10:06:27.344711800-0500","20.091741900","192.168.0.178","192.168.0.186","25565","25858","3076059","10081","52","0","0x0018"
"5747","2026-08-15T10:06:27.344711800-0500","20.091741900","192.168.0.178","192.168.0.186","25565","25858","3076111","10081","52","0","0x0018"
"5748","2026-08-15T10:06:27.344774900-0500","20.091805000","192.168.0.186","192.168.0.178","25858","25565","10081","3076163","0","0","0x0010"
"5749","2026-08-15T10:06:27.355914700-0500","20.102944800","192.168.0.178","192.168.0.186","25565","25858","3076163","10081","130","0","0x0018"
"5750","2026-08-15T10:06:27.355965900-0500","20.102996000","192.168.0.186","192.168.0.178","25858","25565","10081","3076293","0","0","0x0010"
"5751","2026-08-15T10:06:27.359795300-0500","20.106825400","192.168.0.178","192.168.0.186","25565","25858","3076293","10081","52","0","0x0018"
"5752","2026-08-15T10:06:27.359795300-0500","20.106825400","192.168.0.178","192.168.0.186","25565","25858","3076345","10081","52","0","0x0018"
"5753","2026-08-15T10:06:27.359840300-0500","20.106870400","192.168.0.186","192.168.0.178","25858","25565","10081","3076397","0","0","0x0010"
"5754","2026-08-15T10:06:27.359922800-0500","20.106952900","192.168.0.178","192.168.0.186","25565","25858","3076397","10081","52","0","0x0018"
"5755","2026-08-15T10:06:27.377336300-0500","20.124366400","192.168.0.186","192.168.0.178","25858","25565","10081","3076449","28","0","0x0018"
"5756","2026-08-15T10:06:27.378459100-0500","20.125489200","192.168.0.186","192.168.0.178","25858","25565","10109","3076449","3","0","0x0018"
"5757","2026-08-15T10:06:27.379187800-0500","20.126217900","192.168.0.178","192.168.0.186","25565","25858","3076449","10112","0","0","0x0010"
"5758","2026-08-15T10:06:27.405500700-0500","20.152530800","192.168.0.178","192.168.0.186","25565","25858","3076449","10112","1460","0","0x0010"
"5759","2026-08-15T10:06:27.405500700-0500","20.152530800","192.168.0.178","192.168.0.186","25565","25858","3077909","10112","1460","0","0x0010"
"5760","2026-08-15T10:06:27.405564600-0500","20.152594700","192.168.0.186","192.168.0.178","25858","25565","10112","3079369","0","0","0x0010"
"5761","2026-08-15T10:06:27.405608000-0500","20.152638100","192.168.0.178","192.168.0.186","25565","25858","3079369","10112","1460","0","0x0010"
"5762","2026-08-15T10:06:27.405665900-0500","20.152696000","192.168.0.178","192.168.0.186","25565","25858","3080829","10112","1460","0","0x0010"
"5763","2026-08-15T10:06:27.405680500-0500","20.152710600","192.168.0.186","192.168.0.178","25858","25565","10112","3082289","0","0","0x0010"
"5764","2026-08-15T10:06:27.405924800-0500","20.152954900","192.168.0.178","192.168.0.186","25565","25858","3082289","10112","1460","0","0x0010"
"5765","2026-08-15T10:06:27.405924800-0500","20.152954900","192.168.0.178","192.168.0.186","25565","25858","3083749","10112","1460","0","0x0010"
"5766","2026-08-15T10:06:27.405966600-0500","20.152996700","192.168.0.186","192.168.0.178","25858","25565","10112","3085209","0","0","0x0010"
"5767","2026-08-15T10:06:27.406039500-0500","20.153069600","192.168.0.178","192.168.0.186","25565","25858","3085209","10112","1460","0","0x0010"
"5768","2026-08-15T10:06:27.406300100-0500","20.153330200","192.168.0.178","192.168.0.186","25565","25858","3086669","10112","1460","0","0x0010"
"5769","2026-08-15T10:06:27.406300100-0500","20.153330200","192.168.0.178","192.168.0.186","25565","25858","3088129","10112","1460","0","0x0010"
"5770","2026-08-15T10:06:27.406359600-0500","20.153389700","192.168.0.186","192.168.0.178","25858","25565","10112","3089589","0","0","0x0010"
"5771","2026-08-15T10:06:27.406409300-0500","20.153439400","192.168.0.178","192.168.0.186","25565","25858","3089589","10112","1460","0","0x0010"
"5772","2026-08-15T10:06:27.406421300-0500","20.153451400","192.168.0.186","192.168.0.178","25858","25565","10112","3091049","0","0","0x0010"
"5773","2026-08-15T10:06:27.406700400-0500","20.153730500","192.168.0.178","192.168.0.186","25565","25858","3091049","10112","1460","0","0x0018"
"5774","2026-08-15T10:06:27.409103000-0500","20.156133100","192.168.0.178","192.168.0.186","25565","25858","3092509","10112","324","0","0x0018"
"5775","2026-08-15T10:06:27.409149700-0500","20.156179800","192.168.0.186","192.168.0.178","25858","25565","10112","3092833","0","0","0x0010"
"5776","2026-08-15T10:06:27.426177800-0500","20.173207900","192.168.0.186","192.168.0.178","25858","25565","10112","3092833","28","0","0x0018"
"5777","2026-08-15T10:06:27.426714800-0500","20.173744900","192.168.0.186","192.168.0.178","25858","25565","10140","3092833","3","0","0x0018"
"5778","2026-08-15T10:06:27.427380700-0500","20.174410800","192.168.0.178","192.168.0.186","25565","25858","3092833","10143","0","0","0x0010"
"5779","2026-08-15T10:06:27.454902200-0500","20.201932300","192.168.0.178","192.168.0.186","25565","25858","3092833","10143","1460","0","0x0010"
"5780","2026-08-15T10:06:27.454902200-0500","20.201932300","192.168.0.178","192.168.0.186","25565","25858","3094293","10143","1460","0","0x0010"
"5781","2026-08-15T10:06:27.454967900-0500","20.201998000","192.168.0.186","192.168.0.178","25858","25565","10143","3095753","0","0","0x0010"
"5782","2026-08-15T10:06:27.455021900-0500","20.202052000","192.168.0.178","192.168.0.186","25565","25858","3095753","10143","1460","0","0x0010"
"5783","2026-08-15T10:06:27.455246100-0500","20.202276200","192.168.0.178","192.168.0.186","25565","25858","3097213","10143","1460","0","0x0010"
"5784","2026-08-15T10:06:27.455246100-0500","20.202276200","192.168.0.178","192.168.0.186","25565","25858","3098673","10143","1460","0","0x0010"
"5785","2026-08-15T10:06:27.455291400-0500","20.202321500","192.168.0.186","192.168.0.178","25858","25565","10143","3100133","0","0","0x0010"
"5786","2026-08-15T10:06:27.455357500-0500","20.202387600","192.168.0.178","192.168.0.186","25565","25858","3100133","10143","1460","0","0x0010"
"5787","2026-08-15T10:06:27.455372700-0500","20.202402800","192.168.0.186","192.168.0.178","25858","25565","10143","3101593","0","0","0x0010"
"5788","2026-08-15T10:06:27.455615700-0500","20.202645800","192.168.0.178","192.168.0.186","25565","25858","3101593","10143","1460","0","0x0010"
"5789","2026-08-15T10:06:27.455615700-0500","20.202645800","192.168.0.178","192.168.0.186","25565","25858","3103053","10143","1460","0","0x0010"
"5790","2026-08-15T10:06:27.455669400-0500","20.202699500","192.168.0.186","192.168.0.178","25858","25565","10143","3104513","0","0","0x0010"
"5791","2026-08-15T10:06:27.455731900-0500","20.202762000","192.168.0.178","192.168.0.186","25565","25858","3104513","10143","1460","0","0x0010"
"5792","2026-08-15T10:06:27.456027100-0500","20.203057200","192.168.0.178","192.168.0.186","25565","25858","3105973","10143","1460","0","0x0010"
"5793","2026-08-15T10:06:27.456027100-0500","20.203057200","192.168.0.178","192.168.0.186","25565","25858","3107433","10143","604","0","0x0018"
"5794","2026-08-15T10:06:27.456077700-0500","20.203107800","192.168.0.186","192.168.0.178","25858","25565","10143","3108037","0","0","0x0010"
"5795","2026-08-15T10:06:27.476763000-0500","20.223793100","192.168.0.186","192.168.0.178","25858","25565","10143","3108037","28","0","0x0018"
"5796","2026-08-15T10:06:27.478000100-0500","20.225030200","192.168.0.186","192.168.0.178","25858","25565","10171","3108037","3","0","0x0018"
"5797","2026-08-15T10:06:27.478672500-0500","20.225702600","192.168.0.178","192.168.0.186","25565","25858","3108037","10174","0","0","0x0010"
"5798","2026-08-15T10:06:27.506751800-0500","20.253781900","192.168.0.178","192.168.0.186","25565","25858","3108037","10174","26","0","0x0018"
"5799","2026-08-15T10:06:27.526940200-0500","20.273970300","192.168.0.186","192.168.0.178","25858","25565","10174","3108063","28","0","0x0018"
"5800","2026-08-15T10:06:27.528105700-0500","20.275135800","192.168.0.186","192.168.0.178","25858","25565","10202","3108063","3","0","0x0018"
"5801","2026-08-15T10:06:27.528931500-0500","20.275961600","192.168.0.178","192.168.0.186","25565","25858","3108063","10205","0","0","0x0010"
"5802","2026-08-15T10:06:27.554041600-0500","20.301071700","192.168.0.178","192.168.0.186","25565","25858","3108063","10205","12","0","0x0018"
"5803","2026-08-15T10:06:27.576818200-0500","20.323848300","192.168.0.186","192.168.0.178","25858","25565","10205","3108075","28","0","0x0018"
"5804","2026-08-15T10:06:27.577954400-0500","20.324984500","192.168.0.186","192.168.0.178","25858","25565","10233","3108075","3","0","0x0018"
"5805","2026-08-15T10:06:27.578625100-0500","20.325655200","192.168.0.178","192.168.0.186","25565","25858","3108075","10236","0","0","0x0010"
"5806","2026-08-15T10:06:27.606608800-0500","20.353638900","192.168.0.178","192.168.0.186","25565","25858","3108075","10236","1460","0","0x0010"
"5807","2026-08-15T10:06:27.606608800-0500","20.353638900","192.168.0.178","192.168.0.186","25565","25858","3109535","10236","1460","0","0x0010"
"5808","2026-08-15T10:06:27.606670300-0500","20.353700400","192.168.0.186","192.168.0.178","25858","25565","10236","3110995","0","0","0x0010"
"5809","2026-08-15T10:06:27.606729600-0500","20.353759700","192.168.0.178","192.168.0.186","25565","25858","3110995","10236","1460","0","0x0010"
"5810","2026-08-15T10:06:27.606807300-0500","20.353837400","192.168.0.178","192.168.0.186","25565","25858","3112455","10236","1460","0","0x0010"
"5811","2026-08-15T10:06:27.606816400-0500","20.353846500","192.168.0.186","192.168.0.178","25858","25565","10236","3113915","0","0","0x0010"
"5812","2026-08-15T10:06:27.607059300-0500","20.354089400","192.168.0.178","192.168.0.186","25565","25858","3113915","10236","1460","0","0x0010"
"5813","2026-08-15T10:06:27.607059300-0500","20.354089400","192.168.0.178","192.168.0.186","25565","25858","3115375","10236","1460","0","0x0010"
"5814","2026-08-15T10:06:27.607112100-0500","20.354142200","192.168.0.186","192.168.0.178","25858","25565","10236","3116835","0","0","0x0010"
"5815","2026-08-15T10:06:27.607180500-0500","20.354210600","192.168.0.178","192.168.0.186","25565","25858","3116835","10236","1460","0","0x0010"
"5816","2026-08-15T10:06:27.607439700-0500","20.354469800","192.168.0.178","192.168.0.186","25565","25858","3118295","10236","1460","0","0x0010"
"5817","2026-08-15T10:06:27.607439700-0500","20.354469800","192.168.0.178","192.168.0.186","25565","25858","3119755","10236","1460","0","0x0010"
"5818","2026-08-15T10:06:27.607504000-0500","20.354534100","192.168.0.186","192.168.0.178","25858","25565","10236","3121215","0","0","0x0010"
"5819","2026-08-15T10:06:27.607570200-0500","20.354600300","192.168.0.178","192.168.0.186","25565","25858","3121215","10236","1460","0","0x0010"
"5820","2026-08-15T10:06:27.607582600-0500","20.354612700","192.168.0.186","192.168.0.178","25858","25565","10236","3122675","0","0","0x0010"
"5821","2026-08-15T10:06:27.607875900-0500","20.354906000","192.168.0.178","192.168.0.186","25565","25858","3122675","10236","1460","0","0x0018"
"5822","2026-08-15T10:06:27.607875900-0500","20.354906000","192.168.0.178","192.168.0.186","25565","25858","3124135","10236","1460","0","0x0010"
"5823","2026-08-15T10:06:27.607875900-0500","20.354906000","192.168.0.178","192.168.0.186","25565","25858","3125595","10236","605","0","0x0018"
"5824","2026-08-15T10:06:27.607924400-0500","20.354954500","192.168.0.186","192.168.0.178","25858","25565","10236","3126200","0","0","0x0010"
"5825","2026-08-15T10:06:27.626357800-0500","20.373387900","192.168.0.186","192.168.0.178","25858","25565","10236","3126200","28","0","0x0018"
"5826","2026-08-15T10:06:27.626815000-0500","20.373845100","192.168.0.186","192.168.0.178","25858","25565","10264","3126200","3","0","0x0018"
"5827","2026-08-15T10:06:27.627548200-0500","20.374578300","192.168.0.178","192.168.0.186","25565","25858","3126200","10267","0","0","0x0010"
"5828","2026-08-15T10:06:27.628258700-0500","20.375288800","192.168.0.178","192.168.0.186","25565","25858","3126200","10267","11","0","0x0018"
"5829","2026-08-15T10:06:27.628325400-0500","20.375355500","192.168.0.178","192.168.0.186","25565","25858","3126211","10267","11","0","0x0018"
"5830","2026-08-15T10:06:27.628325400-0500","20.375355500","192.168.0.178","192.168.0.186","25565","25858","3126222","10267","11","0","0x0018"
"5831","2026-08-15T10:06:27.628334700-0500","20.375364800","192.168.0.186","192.168.0.178","25858","25565","10267","3126233","0","0","0x0010"
"5832","2026-08-15T10:06:27.628411200-0500","20.375441300","192.168.0.178","192.168.0.186","25565","25858","3126233","10267","11","0","0x0018"
"5833","2026-08-15T10:06:27.628419000-0500","20.375449100","192.168.0.186","192.168.0.178","25858","25565","10267","3126244","0","0","0x0010"
"5834","2026-08-15T10:06:27.628426300-0500","20.375456400","192.168.0.178","192.168.0.186","25565","25858","3126244","10267","11","0","0x0018"
"5835","2026-08-15T10:06:27.628583700-0500","20.375613800","192.168.0.178","192.168.0.186","25565","25858","3126255","10267","11","0","0x0018"
"5836","2026-08-15T10:06:27.628583700-0500","20.375613800","192.168.0.178","192.168.0.186","25565","25858","3126266","10267","11","0","0x0018"
"5837","2026-08-15T10:06:27.628602400-0500","20.375632500","192.168.0.186","192.168.0.178","25858","25565","10267","3126277","0","0","0x0010"
"5838","2026-08-15T10:06:27.628667200-0500","20.375697300","192.168.0.178","192.168.0.186","25565","25858","3126277","10267","11","0","0x0018"
"5839","2026-08-15T10:06:27.628667200-0500","20.375697300","192.168.0.178","192.168.0.186","25565","25858","3126288","10267","11","0","0x0018"
"5840","2026-08-15T10:06:27.628673500-0500","20.375703600","192.168.0.186","192.168.0.178","25858","25565","10267","3126299","0","0","0x0010"
"5841","2026-08-15T10:06:27.628712900-0500","20.375743000","192.168.0.178","192.168.0.186","25565","25858","3126299","10267","11","0","0x0018"
"5842","2026-08-15T10:06:27.628717800-0500","20.375747900","192.168.0.186","192.168.0.178","25858","25565","10267","3126310","0","0","0x0010"
"5843","2026-08-15T10:06:27.628904400-0500","20.375934500","192.168.0.178","192.168.0.186","25565","25858","3126310","10267","11","0","0x0018"
"5844","2026-08-15T10:06:27.628904400-0500","20.375934500","192.168.0.178","192.168.0.186","25565","25858","3126321","10267","11","0","0x0018"
"5845","2026-08-15T10:06:27.628927600-0500","20.375957700","192.168.0.186","192.168.0.178","25858","25565","10267","3126332","0","0","0x0010"
"5846","2026-08-15T10:06:27.628976800-0500","20.376006900","192.168.0.178","192.168.0.186","25565","25858","3126332","10267","11","0","0x0018"
"5847","2026-08-15T10:06:27.628976800-0500","20.376006900","192.168.0.178","192.168.0.186","25565","25858","3126343","10267","11","0","0x0018"
"5848","2026-08-15T10:06:27.628983000-0500","20.376013100","192.168.0.186","192.168.0.178","25858","25565","10267","3126354","0","0","0x0010"
"5849","2026-08-15T10:06:27.629171000-0500","20.376201100","192.168.0.178","192.168.0.186","25565","25858","3126354","10267","11","0","0x0018"
"5850","2026-08-15T10:06:27.629171000-0500","20.376201100","192.168.0.178","192.168.0.186","25565","25858","3126365","10267","11","0","0x0018"
"5851","2026-08-15T10:06:27.629171000-0500","20.376201100","192.168.0.178","192.168.0.186","25565","25858","3126376","10267","11","0","0x0018"
"5852","2026-08-15T10:06:27.629171000-0500","20.376201100","192.168.0.178","192.168.0.186","25565","25858","3126387","10267","11","0","0x0018"
"5853","2026-08-15T10:06:27.629192600-0500","20.376222700","192.168.0.186","192.168.0.178","25858","25565","10267","3126398","0","0","0x0010"
"5854","2026-08-15T10:06:27.629243400-0500","20.376273500","192.168.0.178","192.168.0.186","25565","25858","3126398","10267","11","0","0x0018"
"5855","2026-08-15T10:06:27.629255300-0500","20.376285400","192.168.0.178","192.168.0.186","25565","25858","3126409","10267","9","0","0x0018"
"5856","2026-08-15T10:06:27.629258500-0500","20.376288600","192.168.0.186","192.168.0.178","25858","25565","10267","3126418","0","0","0x0010"
"5857","2026-08-15T10:06:27.654428900-0500","20.401459000","192.168.0.178","192.168.0.186","25565","25858","3126418","10267","176","0","0x0018"
"5858","2026-08-15T10:06:27.675808500-0500","20.422838600","192.168.0.186","192.168.0.178","25858","25565","10267","3126594","28","0","0x0018"
"5859","2026-08-15T10:06:27.676393700-0500","20.423423800","192.168.0.186","192.168.0.178","25858","25565","10295","3126594","3","0","0x0018"
"5860","2026-08-15T10:06:27.678121200-0500","20.425151300","192.168.0.178","192.168.0.186","25565","25858","3126594","10298","0","0","0x0010"
"5861","2026-08-15T10:06:27.726498200-0500","20.473528300","192.168.0.186","192.168.0.178","25858","25565","10298","3126594","28","0","0x0018"
"5862","2026-08-15T10:06:27.727345100-0500","20.474375200","192.168.0.186","192.168.0.178","25858","25565","10326","3126594","3","0","0x0018"
"5863","2026-08-15T10:06:27.727941400-0500","20.474971500","192.168.0.178","192.168.0.186","25565","25858","3126594","10329","0","0","0x0010"
"5864","2026-08-15T10:06:27.753705300-0500","20.500735400","192.168.0.178","192.168.0.186","25565","25858","3126594","10329","32","0","0x0018"
"5865","2026-08-15T10:06:27.776779900-0500","20.523810000","192.168.0.186","192.168.0.178","25858","25565","10329","3126626","28","0","0x0018"
"5866","2026-08-15T10:06:27.777928200-0500","20.524958300","192.168.0.186","192.168.0.178","25858","25565","10357","3126626","3","0","0x0018"
"5867","2026-08-15T10:06:27.778576700-0500","20.525606800","192.168.0.178","192.168.0.186","25565","25858","3126626","10360","0","0","0x0010"
"5868","2026-08-15T10:06:27.805075500-0500","20.552105600","192.168.0.178","192.168.0.186","25565","25858","3126626","10360","166","0","0x0018"
"5869","2026-08-15T10:06:27.827056100-0500","20.574086200","192.168.0.186","192.168.0.178","25858","25565","10360","3126792","28","0","0x0018"
"5870","2026-08-15T10:06:27.828242500-0500","20.575272600","192.168.0.186","192.168.0.178","25858","25565","10388","3126792","3","0","0x0018"
"5871","2026-08-15T10:06:27.829177700-0500","20.576207800","192.168.0.178","192.168.0.186","25565","25858","3126792","10391","0","0","0x0010"
"5872","2026-08-15T10:06:27.844667200-0500","20.591697300","192.168.0.178","192.168.0.186","25565","25858","3126792","10391","52","0","0x0018"
"5873","2026-08-15T10:06:27.844667200-0500","20.591697300","192.168.0.178","192.168.0.186","25565","25858","3126844","10391","52","0","0x0018"
"5874","2026-08-15T10:06:27.844667200-0500","20.591697300","192.168.0.178","192.168.0.186","25565","25858","3126896","10391","52","0","0x0018"
"5875","2026-08-15T10:06:27.844715500-0500","20.591745600","192.168.0.186","192.168.0.178","25858","25565","10391","3126948","0","0","0x0010"
"5876","2026-08-15T10:06:27.854896900-0500","20.601927000","192.168.0.178","192.168.0.186","25565","25858","3126948","10391","104","0","0x0018"
"5877","2026-08-15T10:06:27.854946400-0500","20.601976500","192.168.0.186","192.168.0.178","25858","25565","10391","3127052","0","0","0x0010"
"5878","2026-08-15T10:06:27.858895400-0500","20.605925500","192.168.0.178","192.168.0.186","25565","25858","3127052","10391","52","0","0x0018"
"5879","2026-08-15T10:06:27.858895400-0500","20.605925500","192.168.0.178","192.168.0.186","25565","25858","3127104","10391","52","0","0x0018"
"5880","2026-08-15T10:06:27.858942400-0500","20.605972500","192.168.0.186","192.168.0.178","25858","25565","10391","3127156","0","0","0x0010"
"5881","2026-08-15T10:06:27.859516200-0500","20.606546300","192.168.0.178","192.168.0.186","25565","25858","3127156","10391","52","0","0x0018"
"5882","2026-08-15T10:06:27.876627900-0500","20.623658000","192.168.0.186","192.168.0.178","25858","25565","10391","3127208","28","0","0x0018"
"5883","2026-08-15T10:06:27.877427400-0500","20.624457500","192.168.0.186","192.168.0.178","25858","25565","10419","3127208","3","0","0x0018"
"5884","2026-08-15T10:06:27.878177400-0500","20.625207500","192.168.0.178","192.168.0.186","25565","25858","3127208","10422","0","0","0x0010"
"5885","2026-08-15T10:06:27.907317800-0500","20.654347900","192.168.0.178","192.168.0.186","25565","25858","3127208","10422","73","0","0x0018"
"5886","2026-08-15T10:06:27.907499000-0500","20.654529100","192.168.0.186","192.168.0.178","25858","25565","10422","3127281","11","0","0x0018"
"5887","2026-08-15T10:06:27.926955400-0500","20.673985500","192.168.0.186","192.168.0.178","25858","25565","10433","3127281","28","0","0x0018"
"5888","2026-08-15T10:06:27.927664400-0500","20.674694500","192.168.0.178","192.168.0.186","25565","25858","3127281","10461","0","0","0x0010"
"5889","2026-08-15T10:06:27.928081900-0500","20.675112000","192.168.0.186","192.168.0.178","25858","25565","10461","3127281","3","0","0x0018"
"5890","2026-08-15T10:06:27.958897800-0500","20.705927900","192.168.0.178","192.168.0.186","25565","25858","3127281","10464","310","0","0x0018"
"5891","2026-08-15T10:06:27.976947700-0500","20.723977800","192.168.0.186","192.168.0.178","25858","25565","10464","3127591","28","0","0x0018"
"5892","2026-08-15T10:06:27.978081600-0500","20.725111700","192.168.0.186","192.168.0.178","25858","25565","10492","3127591","3","0","0x0018"
"5893","2026-08-15T10:06:27.979014300-0500","20.726044400","192.168.0.178","192.168.0.186","25565","25858","3127591","10495","0","0","0x0010"
"5894","2026-08-15T10:06:28.004492800-0500","20.751522900","192.168.0.178","192.168.0.186","25565","25858","3127591","10495","37","0","0x0018"
"5895","2026-08-15T10:06:28.026979500-0500","20.774009600","192.168.0.186","192.168.0.178","25858","25565","10495","3127628","28","0","0x0018"
"5896","2026-08-15T10:06:28.028112800-0500","20.775142900","192.168.0.186","192.168.0.178","25858","25565","10523","3127628","3","0","0x0018"
"5897","2026-08-15T10:06:28.028964400-0500","20.775994500","192.168.0.178","192.168.0.186","25565","25858","3127628","10526","0","0","0x0010"
"5898","2026-08-15T10:06:28.054541000-0500","20.801571100","192.168.0.178","192.168.0.186","25565","25858","3127628","10526","186","0","0x0018"
"5899","2026-08-15T10:06:28.076616900-0500","20.823647000","192.168.0.186","192.168.0.178","25858","25565","10526","3127814","28","0","0x0018"
"5900","2026-08-15T10:06:28.077745800-0500","20.824775900","192.168.0.186","192.168.0.178","25858","25565","10554","3127814","3","0","0x0018"
"5901","2026-08-15T10:06:28.078562900-0500","20.825593000","192.168.0.178","192.168.0.186","25565","25858","3127814","10557","0","0","0x0010"
"5902","2026-08-15T10:06:28.103623900-0500","20.850654000","192.168.0.178","192.168.0.186","25565","25858","3127814","10557","178","0","0x0018"
"5903","2026-08-15T10:06:28.127034000-0500","20.874064100","192.168.0.186","192.168.0.178","25858","25565","10557","3127992","28","0","0x0018"
"5904","2026-08-15T10:06:28.128140700-0500","20.875170800","192.168.0.186","192.168.0.178","25858","25565","10585","3127992","3","0","0x0018"
"5905","2026-08-15T10:06:28.128846400-0500","20.875876500","192.168.0.178","192.168.0.186","25565","25858","3127992","10588","0","0","0x0010"
"5906","2026-08-15T10:06:28.157573800-0500","20.904603900","192.168.0.178","192.168.0.186","25565","25858","3127992","10588","20","0","0x0018"
"5907","2026-08-15T10:06:28.176630300-0500","20.923660400","192.168.0.186","192.168.0.178","25858","25565","10588","3128012","28","0","0x0018"
"5908","2026-08-15T10:06:28.177454500-0500","20.924484600","192.168.0.186","192.168.0.178","25858","25565","10616","3128012","3","0","0x0018"
"5909","2026-08-15T10:06:28.178211400-0500","20.925241500","192.168.0.178","192.168.0.186","25565","25858","3128012","10619","0","0","0x0010"
"5910","2026-08-15T10:06:28.203710600-0500","20.950740700","192.168.0.178","192.168.0.186","25565","25858","3128012","10619","54","0","0x0018"
"5911","2026-08-15T10:06:28.227069900-0500","20.974100000","192.168.0.186","192.168.0.178","25858","25565","10619","3128066","28","0","0x0018"
"5912","2026-08-15T10:06:28.228185300-0500","20.975215400","192.168.0.186","192.168.0.178","25858","25565","10647","3128066","3","0","0x0018"
"5913","2026-08-15T10:06:28.228969500-0500","20.975999600","192.168.0.178","192.168.0.186","25565","25858","3128066","10650","0","0","0x0010"
"5914","2026-08-15T10:06:28.253868900-0500","21.000899000","192.168.0.178","192.168.0.186","25565","25858","3128066","10650","36","0","0x0018"
"5915","2026-08-15T10:06:28.276776700-0500","21.023806800","192.168.0.186","192.168.0.178","25858","25565","10650","3128102","28","0","0x0018"
"5916","2026-08-15T10:06:28.277916000-0500","21.024946100","192.168.0.186","192.168.0.178","25858","25565","10678","3128102","3","0","0x0018"
"5917","2026-08-15T10:06:28.278470000-0500","21.025500100","192.168.0.178","192.168.0.186","25565","25858","3128102","10681","0","0","0x0010"
"5918","2026-08-15T10:06:28.306366100-0500","21.053396200","192.168.0.178","192.168.0.186","25565","25858","3128102","10681","135","0","0x0018"
"5919","2026-08-15T10:06:28.326957600-0500","21.073987700","192.168.0.186","192.168.0.178","25858","25565","10681","3128237","28","0","0x0018"
"5920","2026-08-15T10:06:28.328068000-0500","21.075098100","192.168.0.186","192.168.0.178","25858","25565","10709","3128237","3","0","0x0018"
"5921","2026-08-15T10:06:28.328937900-0500","21.075968000","192.168.0.178","192.168.0.186","25565","25858","3128237","10712","0","0","0x0010"
"5922","2026-08-15T10:06:28.344410400-0500","21.091440500","192.168.0.178","192.168.0.186","25565","25858","3128237","10712","52","0","0x0018"
"5923","2026-08-15T10:06:28.344410400-0500","21.091440500","192.168.0.178","192.168.0.186","25565","25858","3128289","10712","52","0","0x0018"
"5924","2026-08-15T10:06:28.344410400-0500","21.091440500","192.168.0.178","192.168.0.186","25565","25858","3128341","10712","52","0","0x0018"
"5925","2026-08-15T10:06:28.344477000-0500","21.091507100","192.168.0.186","192.168.0.178","25858","25565","10712","3128393","0","0","0x0010"
"5926","2026-08-15T10:06:28.358845000-0500","21.105875100","192.168.0.178","192.168.0.186","25565","25858","3128393","10712","1460","0","0x0010"
"5927","2026-08-15T10:06:28.358845000-0500","21.105875100","192.168.0.178","192.168.0.186","25565","25858","3129853","10712","1460","0","0x0010"
"5928","2026-08-15T10:06:28.358845000-0500","21.105875100","192.168.0.178","192.168.0.186","25565","25858","3131313","10712","1460","0","0x0010"
"5929","2026-08-15T10:06:28.358845000-0500","21.105875100","192.168.0.178","192.168.0.186","25565","25858","3132773","10712","1460","0","0x0010"
"5930","2026-08-15T10:06:28.358925100-0500","21.105955200","192.168.0.186","192.168.0.178","25858","25565","10712","3134233","0","0","0x0010"
"5931","2026-08-15T10:06:28.358989000-0500","21.106019100","192.168.0.178","192.168.0.186","25565","25858","3134233","10712","1460","0","0x0010"
"5932","2026-08-15T10:06:28.359006100-0500","21.106036200","192.168.0.186","192.168.0.178","25858","25565","10712","3135693","0","0","0x0010"
"5933","2026-08-15T10:06:28.359056700-0500","21.106086800","192.168.0.178","192.168.0.186","25565","25858","3135693","10712","1460","0","0x0010"
"5934","2026-08-15T10:06:28.359147500-0500","21.106177600","192.168.0.178","192.168.0.186","25565","25858","3137153","10712","1460","0","0x0010"
"5935","2026-08-15T10:06:28.359155200-0500","21.106185300","192.168.0.186","192.168.0.178","25858","25565","10712","3138613","0","0","0x0010"
"5936","2026-08-15T10:06:28.359399500-0500","21.106429600","192.168.0.178","192.168.0.186","25565","25858","3138613","10712","1460","0","0x0010"
"5937","2026-08-15T10:06:28.359399500-0500","21.106429600","192.168.0.178","192.168.0.186","25565","25858","3140073","10712","1460","0","0x0010"
"5938","2026-08-15T10:06:28.359446200-0500","21.106476300","192.168.0.186","192.168.0.178","25858","25565","10712","3141533","0","0","0x0010"
"5939","2026-08-15T10:06:28.359499400-0500","21.106529500","192.168.0.178","192.168.0.186","25565","25858","3141533","10712","1460","0","0x0010"
"5940","2026-08-15T10:06:28.359761000-0500","21.106791100","192.168.0.178","192.168.0.186","25565","25858","3142993","10712","1460","0","0x0018"
"5941","2026-08-15T10:06:28.359761000-0500","21.106791100","192.168.0.178","192.168.0.186","25565","25858","3144453","10712","1460","0","0x0010"
"5942","2026-08-15T10:06:28.359803600-0500","21.106833700","192.168.0.186","192.168.0.178","25858","25565","10712","3145913","0","0","0x0010"
"5943","2026-08-15T10:06:28.359879900-0500","21.106910000","192.168.0.178","192.168.0.186","25565","25858","3145913","10712","1460","0","0x0010"
"5944","2026-08-15T10:06:28.359890900-0500","21.106921000","192.168.0.186","192.168.0.178","25858","25565","10712","3147373","0","0","0x0010"
"5945","2026-08-15T10:06:28.360139200-0500","21.107169300","192.168.0.178","192.168.0.186","25565","25858","3147373","10712","1460","0","0x0010"
"5946","2026-08-15T10:06:28.360139200-0500","21.107169300","192.168.0.178","192.168.0.186","25565","25858","3148833","10712","1285","0","0x0018"
"5947","2026-08-15T10:06:28.360139200-0500","21.107169300","192.168.0.178","192.168.0.186","25565","25858","3150118","10712","52","0","0x0018"
"5948","2026-08-15T10:06:28.360139200-0500","21.107169300","192.168.0.178","192.168.0.186","25565","25858","3150170","10712","52","0","0x0018"
"5949","2026-08-15T10:06:28.360139200-0500","21.107169300","192.168.0.178","192.168.0.186","25565","25858","3150222","10712","52","0","0x0018"
"5950","2026-08-15T10:06:28.360193600-0500","21.107223700","192.168.0.186","192.168.0.178","25858","25565","10712","3150274","0","0","0x0010"
"5951","2026-08-15T10:06:28.376546800-0500","21.123576900","192.168.0.186","192.168.0.178","25858","25565","10712","3150274","28","0","0x0018"
"5952","2026-08-15T10:06:28.377046300-0500","21.124076400","192.168.0.186","192.168.0.178","25858","25565","10740","3150274","3","0","0x0018"
"5953","2026-08-15T10:06:28.377746300-0500","21.124776400","192.168.0.178","192.168.0.186","25565","25858","3150274","10743","0","0","0x0010"
"5954","2026-08-15T10:06:28.406959100-0500","21.153989200","192.168.0.178","192.168.0.186","25565","25858","3150274","10743","1460","0","0x0010"
"5955","2026-08-15T10:06:28.406959100-0500","21.153989200","192.168.0.178","192.168.0.186","25565","25858","3151734","10743","1460","0","0x0010"
"5956","2026-08-15T10:06:28.407029800-0500","21.154059900","192.168.0.186","192.168.0.178","25858","25565","10743","3153194","0","0","0x0010"
"5957","2026-08-15T10:06:28.407083400-0500","21.154113500","192.168.0.178","192.168.0.186","25565","25858","3153194","10743","1460","0","0x0010"
"5958","2026-08-15T10:06:28.407324800-0500","21.154354900","192.168.0.178","192.168.0.186","25565","25858","3154654","10743","1460","0","0x0010"
"5959","2026-08-15T10:06:28.407324800-0500","21.154354900","192.168.0.178","192.168.0.186","25565","25858","3156114","10743","1460","0","0x0010"
"5960","2026-08-15T10:06:28.407377500-0500","21.154407600","192.168.0.186","192.168.0.178","25858","25565","10743","3157574","0","0","0x0010"
"5961","2026-08-15T10:06:28.407424000-0500","21.154454100","192.168.0.178","192.168.0.186","25565","25858","3157574","10743","1460","0","0x0010"
"5962","2026-08-15T10:06:28.407435500-0500","21.154465600","192.168.0.186","192.168.0.178","25858","25565","10743","3159034","0","0","0x0010"
"5963","2026-08-15T10:06:28.407658200-0500","21.154688300","192.168.0.178","192.168.0.186","25565","25858","3159034","10743","1460","0","0x0010"
"5964","2026-08-15T10:06:28.407761500-0500","21.154791600","192.168.0.178","192.168.0.186","25565","25858","3160494","10743","1460","0","0x0010"
"5965","2026-08-15T10:06:28.407776400-0500","21.154806500","192.168.0.186","192.168.0.178","25858","25565","10743","3161954","0","0","0x0010"
"5966","2026-08-15T10:06:28.407818200-0500","21.154848300","192.168.0.178","192.168.0.186","25565","25858","3161954","10743","1460","0","0x0010"
"5967","2026-08-15T10:06:28.408062500-0500","21.155092600","192.168.0.178","192.168.0.186","25565","25858","3163414","10743","1460","0","0x0010"
"5968","2026-08-15T10:06:28.408062500-0500","21.155092600","192.168.0.178","192.168.0.186","25565","25858","3164874","10743","1460","0","0x0018"
"5969","2026-08-15T10:06:28.408120500-0500","21.155150600","192.168.0.186","192.168.0.178","25858","25565","10743","3166334","0","0","0x0010"
"5970","2026-08-15T10:06:28.408325200-0500","21.155355300","192.168.0.178","192.168.0.186","25565","25858","3166334","10743","1460","0","0x0010"
"5971","2026-08-15T10:06:28.408325200-0500","21.155355300","192.168.0.178","192.168.0.186","25565","25858","3167794","10743","793","0","0x0018"
"5972","2026-08-15T10:06:28.408380500-0500","21.155410600","192.168.0.186","192.168.0.178","25858","25565","10743","3168587","0","0","0x0010"
"5973","2026-08-15T10:06:28.426729500-0500","21.173759600","192.168.0.186","192.168.0.178","25858","25565","10743","3168587","28","0","0x0018"
"5974","2026-08-15T10:06:28.427827000-0500","21.174857100","192.168.0.186","192.168.0.178","25858","25565","10771","3168587","3","0","0x0018"
"5975","2026-08-15T10:06:28.428464200-0500","21.175494300","192.168.0.178","192.168.0.186","25565","25858","3168587","10774","0","0","0x0010"
"5976","2026-08-15T10:06:28.454759600-0500","21.201789700","192.168.0.178","192.168.0.186","25565","25858","3168587","10774","1460","0","0x0010"
"5977","2026-08-15T10:06:28.454759600-0500","21.201789700","192.168.0.178","192.168.0.186","25565","25858","3170047","10774","1460","0","0x0010"
"5978","2026-08-15T10:06:28.454817800-0500","21.201847900","192.168.0.186","192.168.0.178","25858","25565","10774","3171507","0","0","0x0010"
"5979","2026-08-15T10:06:28.454870100-0500","21.201900200","192.168.0.178","192.168.0.186","25565","25858","3171507","10774","1460","0","0x0010"
"5980","2026-08-15T10:06:28.455113400-0500","21.202143500","192.168.0.178","192.168.0.186","25565","25858","3172967","10774","1460","0","0x0010"
"5981","2026-08-15T10:06:28.455113400-0500","21.202143500","192.168.0.178","192.168.0.186","25565","25858","3174427","10774","1460","0","0x0010"
"5982","2026-08-15T10:06:28.455155000-0500","21.202185100","192.168.0.186","192.168.0.178","25858","25565","10774","3175887","0","0","0x0010"
"5983","2026-08-15T10:06:28.455224100-0500","21.202254200","192.168.0.178","192.168.0.186","25565","25858","3175887","10774","1460","0","0x0010"
"5984","2026-08-15T10:06:28.455245500-0500","21.202275600","192.168.0.186","192.168.0.178","25858","25565","10774","3177347","0","0","0x0010"
"5985","2026-08-15T10:06:28.455333600-0500","21.202363700","192.168.0.178","192.168.0.186","25565","25858","3177347","10774","1460","0","0x0010"
"5986","2026-08-15T10:06:28.455574500-0500","21.202604600","192.168.0.178","192.168.0.186","25565","25858","3178807","10774","1460","0","0x0010"
"5987","2026-08-15T10:06:28.455574500-0500","21.202604600","192.168.0.178","192.168.0.186","25565","25858","3180267","10774","816","0","0x0018"
"5988","2026-08-15T10:06:28.455638200-0500","21.202668300","192.168.0.186","192.168.0.178","25858","25565","10774","3181083","0","0","0x0010"
"5989","2026-08-15T10:06:28.477077100-0500","21.224107200","192.168.0.186","192.168.0.178","25858","25565","10774","3181083","28","0","0x0018"
"5990","2026-08-15T10:06:28.478174100-0500","21.225204200","192.168.0.186","192.168.0.178","25858","25565","10802","3181083","3","0","0x0018"
"5991","2026-08-15T10:06:28.478851500-0500","21.225881600","192.168.0.178","192.168.0.186","25565","25858","3181083","10805","0","0","0x0010"
"5992","2026-08-15T10:06:28.504807800-0500","21.251837900","192.168.0.178","192.168.0.186","25565","25858","3181083","10805","1460","0","0x0010"
"5993","2026-08-15T10:06:28.504807800-0500","21.251837900","192.168.0.178","192.168.0.186","25565","25858","3182543","10805","1460","0","0x0010"
"5994","2026-08-15T10:06:28.504874700-0500","21.251904800","192.168.0.186","192.168.0.178","25858","25565","10805","3184003","0","0","0x0010"
"5995","2026-08-15T10:06:28.504922000-0500","21.251952100","192.168.0.178","192.168.0.186","25565","25858","3184003","10805","1460","0","0x0010"
"5996","2026-08-15T10:06:28.505049400-0500","21.252079500","192.168.0.178","192.168.0.186","25565","25858","3185463","10805","1460","0","0x0010"
"5997","2026-08-15T10:06:28.505064600-0500","21.252094700","192.168.0.186","192.168.0.178","25858","25565","10805","3186923","0","0","0x0010"
"5998","2026-08-15T10:06:28.505123700-0500","21.252153800","192.168.0.178","192.168.0.186","25565","25858","3186923","10805","1460","0","0x0010"
"5999","2026-08-15T10:06:28.505389300-0500","21.252419400","192.168.0.178","192.168.0.186","25565","25858","3188383","10805","1460","0","0x0010"
"6000","2026-08-15T10:06:28.505389300-0500","21.252419400","192.168.0.178","192.168.0.186","25565","25858","3189843","10805","1460","0","0x0010"
"6001","2026-08-15T10:06:28.505442300-0500","21.252472400","192.168.0.186","192.168.0.178","25858","25565","10805","3191303","0","0","0x0010"
"6002","2026-08-15T10:06:28.505508500-0500","21.252538600","192.168.0.178","192.168.0.186","25565","25858","3191303","10805","1460","0","0x0010"
"6003","2026-08-15T10:06:28.505519600-0500","21.252549700","192.168.0.186","192.168.0.178","25858","25565","10805","3192763","0","0","0x0010"
"6004","2026-08-15T10:06:28.505751500-0500","21.252781600","192.168.0.178","192.168.0.186","25565","25858","3192763","10805","1460","0","0x0010"
"6005","2026-08-15T10:06:28.505751500-0500","21.252781600","192.168.0.178","192.168.0.186","25565","25858","3194223","10805","1460","0","0x0010"
"6006","2026-08-15T10:06:28.505808100-0500","21.252838200","192.168.0.186","192.168.0.178","25858","25565","10805","3195683","0","0","0x0010"
"6007","2026-08-15T10:06:28.505895100-0500","21.252925200","192.168.0.178","192.168.0.186","25565","25858","3195683","10805","1460","0","0x0018"
"6008","2026-08-15T10:06:28.506161000-0500","21.253191100","192.168.0.178","192.168.0.186","25565","25858","3197143","10805","1460","0","0x0010"
"6009","2026-08-15T10:06:28.506161000-0500","21.253191100","192.168.0.178","192.168.0.186","25565","25858","3198603","10805","1460","0","0x0010"
"6010","2026-08-15T10:06:28.506200200-0500","21.253230300","192.168.0.186","192.168.0.178","25858","25565","10805","3200063","0","0","0x0010"
"6011","2026-08-15T10:06:28.506253500-0500","21.253283600","192.168.0.178","192.168.0.186","25565","25858","3200063","10805","903","0","0x0018"
"6012","2026-08-15T10:06:28.506273400-0500","21.253303500","192.168.0.186","192.168.0.178","25858","25565","10805","3200966","0","0","0x0010"
"6013","2026-08-15T10:06:28.526397100-0500","21.273427200","192.168.0.186","192.168.0.178","25858","25565","10805","3200966","28","0","0x0018"
"6014","2026-08-15T10:06:28.526973200-0500","21.274003300","192.168.0.186","192.168.0.178","25858","25565","10833","3200966","3","0","0x0018"
"6015","2026-08-15T10:06:28.527499500-0500","21.274529600","192.168.0.178","192.168.0.186","25565","25858","3200966","10836","0","0","0x0010"
"6016","2026-08-15T10:06:28.527932400-0500","21.274962500","192.168.0.178","192.168.0.186","25565","25858","3200966","10836","11","0","0x0018"
"6017","2026-08-15T10:06:28.527999200-0500","21.275029300","192.168.0.178","192.168.0.186","25565","25858","3200977","10836","11","0","0x0018"
"6018","2026-08-15T10:06:28.527999200-0500","21.275029300","192.168.0.178","192.168.0.186","25565","25858","3200988","10836","11","0","0x0018"
"6019","2026-08-15T10:06:28.528006700-0500","21.275036800","192.168.0.186","192.168.0.178","25858","25565","10836","3200999","0","0","0x0010"
"6020","2026-08-15T10:06:28.528192900-0500","21.275223000","192.168.0.178","192.168.0.186","25565","25858","3200999","10836","11","0","0x0018"
"6021","2026-08-15T10:06:28.528192900-0500","21.275223000","192.168.0.178","192.168.0.186","25565","25858","3201010","10836","11","0","0x0018"
"6022","2026-08-15T10:06:28.528192900-0500","21.275223000","192.168.0.178","192.168.0.186","25565","25858","3201021","10836","11","0","0x0018"
"6023","2026-08-15T10:06:28.528215400-0500","21.275245500","192.168.0.186","192.168.0.178","25858","25565","10836","3201032","0","0","0x0010"
"6024","2026-08-15T10:06:28.528267700-0500","21.275297800","192.168.0.178","192.168.0.186","25565","25858","3201032","10836","11","0","0x0018"
"6025","2026-08-15T10:06:28.528267700-0500","21.275297800","192.168.0.178","192.168.0.186","25565","25858","3201043","10836","11","0","0x0018"
"6026","2026-08-15T10:06:28.528274200-0500","21.275304300","192.168.0.186","192.168.0.178","25858","25565","10836","3201054","0","0","0x0010"
"6027","2026-08-15T10:06:28.528311000-0500","21.275341100","192.168.0.178","192.168.0.186","25565","25858","3201054","10836","11","0","0x0018"
"6028","2026-08-15T10:06:28.528617600-0500","21.275647700","192.168.0.178","192.168.0.186","25565","25858","3201065","10836","11","0","0x0018"
"6029","2026-08-15T10:06:28.528617600-0500","21.275647700","192.168.0.178","192.168.0.186","25565","25858","3201076","10836","11","0","0x0018"
"6030","2026-08-15T10:06:28.528617600-0500","21.275647700","192.168.0.178","192.168.0.186","25565","25858","3201087","10836","11","0","0x0018"
"6031","2026-08-15T10:06:28.528640300-0500","21.275670400","192.168.0.186","192.168.0.178","25858","25565","10836","3201098","0","0","0x0010"
"6032","2026-08-15T10:06:28.528719200-0500","21.275749300","192.168.0.178","192.168.0.186","25565","25858","3201098","10836","11","0","0x0018"
"6033","2026-08-15T10:06:28.528719200-0500","21.275749300","192.168.0.178","192.168.0.186","25565","25858","3201109","10836","11","0","0x0018"
"6034","2026-08-15T10:06:28.528719200-0500","21.275749300","192.168.0.178","192.168.0.186","25565","25858","3201120","10836","11","0","0x0018"
"6035","2026-08-15T10:06:28.528725600-0500","21.275755700","192.168.0.186","192.168.0.178","25858","25565","10836","3201131","0","0","0x0010"
"6036","2026-08-15T10:06:28.528772800-0500","21.275802900","192.168.0.178","192.168.0.186","25565","25858","3201131","10836","11","0","0x0018"
"6037","2026-08-15T10:06:28.528777900-0500","21.275808000","192.168.0.186","192.168.0.178","25858","25565","10836","3201142","0","0","0x0010"
"6038","2026-08-15T10:06:28.529099900-0500","21.276130000","192.168.0.178","192.168.0.186","25565","25858","3201142","10836","11","0","0x0018"
"6039","2026-08-15T10:06:28.529099900-0500","21.276130000","192.168.0.178","192.168.0.186","25565","25858","3201153","10836","11","0","0x0018"
"6040","2026-08-15T10:06:28.529099900-0500","21.276130000","192.168.0.178","192.168.0.186","25565","25858","3201164","10836","11","0","0x0018"
"6041","2026-08-15T10:06:28.529099900-0500","21.276130000","192.168.0.178","192.168.0.186","25565","25858","3201175","10836","9","0","0x0018"
"6042","2026-08-15T10:06:28.529119900-0500","21.276150000","192.168.0.186","192.168.0.178","25858","25565","10836","3201184","0","0","0x0010"
"6043","2026-08-15T10:06:28.553649700-0500","21.300679800","192.168.0.178","192.168.0.186","25565","25858","3201184","10836","50","0","0x0018"
"6044","2026-08-15T10:06:28.576990700-0500","21.324020800","192.168.0.186","192.168.0.178","25858","25565","10836","3201234","28","0","0x0018"
"6045","2026-08-15T10:06:28.578116600-0500","21.325146700","192.168.0.186","192.168.0.178","25858","25565","10864","3201234","3","0","0x0018"
"6046","2026-08-15T10:06:28.578856900-0500","21.325887000","192.168.0.178","192.168.0.186","25565","25858","3201234","10867","0","0","0x0010"
"6047","2026-08-15T10:06:28.605664900-0500","21.352695000","192.168.0.178","192.168.0.186","25565","25858","3201234","10867","6","0","0x0018"
"6048","2026-08-15T10:06:28.627019700-0500","21.374049800","192.168.0.186","192.168.0.178","25858","25565","10867","3201240","28","0","0x0018"
"6049","2026-08-15T10:06:28.628139800-0500","21.375169900","192.168.0.186","192.168.0.178","25858","25565","10895","3201240","3","0","0x0018"
"6050","2026-08-15T10:06:28.628867900-0500","21.375898000","192.168.0.178","192.168.0.186","25565","25858","3201240","10898","0","0","0x0010"
"6051","2026-08-15T10:06:28.654831500-0500","21.401861600","192.168.0.178","192.168.0.186","25565","25858","3201240","10898","182","0","0x0018"
"6052","2026-08-15T10:06:28.677072300-0500","21.424102400","192.168.0.186","192.168.0.178","25858","25565","10898","3201422","28","0","0x0018"
"6053","2026-08-15T10:06:28.678055100-0500","21.425085200","192.168.0.186","192.168.0.178","25858","25565","10926","3201422","3","0","0x0018"
"6054","2026-08-15T10:06:28.678711100-0500","21.425741200","192.168.0.178","192.168.0.186","25565","25858","3201422","10929","0","0","0x0010"
"6055","2026-08-15T10:06:28.703286900-0500","21.450317000","192.168.0.178","192.168.0.186","25565","25858","3201422","10929","44","0","0x0018"
"6056","2026-08-15T10:06:28.727040100-0500","21.474070200","192.168.0.186","192.168.0.178","25858","25565","10929","3201466","28","0","0x0018"
"6057","2026-08-15T10:06:28.728221300-0500","21.475251400","192.168.0.186","192.168.0.178","25858","25565","10957","3201466","3","0","0x0018"
"6058","2026-08-15T10:06:28.728918100-0500","21.475948200","192.168.0.178","192.168.0.186","25565","25858","3201466","10960","0","0","0x0010"
"6059","2026-08-15T10:06:28.776018600-0500","21.523048700","192.168.0.186","192.168.0.178","25858","25565","10960","3201466","28","0","0x0018"
"6060","2026-08-15T10:06:28.776651400-0500","21.523681500","192.168.0.186","192.168.0.178","25858","25565","10988","3201466","3","0","0x0018"
"6061","2026-08-15T10:06:28.777225700-0500","21.524255800","192.168.0.178","192.168.0.186","25565","25858","3201466","10991","0","0","0x0010"
"6062","2026-08-15T10:06:28.805740100-0500","21.552770200","192.168.0.178","192.168.0.186","25565","25858","3201466","10991","168","0","0x0018"
"6063","2026-08-15T10:06:28.827311200-0500","21.574341300","192.168.0.186","192.168.0.178","25858","25565","10991","3201634","28","0","0x0018"
"6064","2026-08-15T10:06:28.828425100-0500","21.575455200","192.168.0.186","192.168.0.178","25858","25565","11019","3201634","3","0","0x0018"
"6065","2026-08-15T10:06:28.829083400-0500","21.576113500","192.168.0.178","192.168.0.186","25565","25858","3201634","11022","0","0","0x0010"
"6066","2026-08-15T10:06:28.844379100-0500","21.591409200","192.168.0.178","192.168.0.186","25565","25858","3201634","11022","52","0","0x0018"
"6067","2026-08-15T10:06:28.844379100-0500","21.591409200","192.168.0.178","192.168.0.186","25565","25858","3201686","11022","52","0","0x0018"
"6068","2026-08-15T10:06:28.844379100-0500","21.591409200","192.168.0.178","192.168.0.186","25565","25858","3201738","11022","52","0","0x0018"
"6069","2026-08-15T10:06:28.844438000-0500","21.591468100","192.168.0.186","192.168.0.178","25858","25565","11022","3201790","0","0","0x0010"
"6070","2026-08-15T10:06:28.855628700-0500","21.602658800","192.168.0.178","192.168.0.186","25565","25858","3201790","11022","124","0","0x0018"
"6071","2026-08-15T10:06:28.855678000-0500","21.602708100","192.168.0.186","192.168.0.178","25858","25565","11022","3201914","0","0","0x0010"
"6072","2026-08-15T10:06:28.858912700-0500","21.605942800","192.168.0.178","192.168.0.186","25565","25858","3201914","11022","52","0","0x0018"
"6073","2026-08-15T10:06:28.859037000-0500","21.606067100","192.168.0.178","192.168.0.186","25565","25858","3201966","11022","52","0","0x0018"
"6074","2026-08-15T10:06:28.859054000-0500","21.606084100","192.168.0.186","192.168.0.178","25858","25565","11022","3202018","0","0","0x0010"
"6075","2026-08-15T10:06:28.859099700-0500","21.606129800","192.168.0.178","192.168.0.186","25565","25858","3202018","11022","52","0","0x0018"
"6076","2026-08-15T10:06:28.876747000-0500","21.623777100","192.168.0.186","192.168.0.178","25858","25565","11022","3202070","28","0","0x0018"
"6077","2026-08-15T10:06:28.878163900-0500","21.625194000","192.168.0.186","192.168.0.178","25858","25565","11050","3202070","3","0","0x0018"
"6078","2026-08-15T10:06:28.878857800-0500","21.625887900","192.168.0.178","192.168.0.186","25565","25858","3202070","11053","0","0","0x0010"
"6079","2026-08-15T10:06:28.903623000-0500","21.650653100","192.168.0.178","192.168.0.186","25565","25858","3202070","11053","168","0","0x0018"
"6080","2026-08-15T10:06:28.926878600-0500","21.673908700","192.168.0.186","192.168.0.178","25858","25565","11053","3202238","28","0","0x0018"
"6081","2026-08-15T10:06:28.928009400-0500","21.675039500","192.168.0.186","192.168.0.178","25858","25565","11081","3202238","3","0","0x0018"
"6082","2026-08-15T10:06:28.928797100-0500","21.675827200","192.168.0.178","192.168.0.186","25565","25858","3202238","11084","0","0","0x0010"
"6083","2026-08-15T10:06:28.952844900-0500","21.699875000","192.168.0.178","192.168.0.186","25565","25858","3202238","11084","77","0","0x0018"
"6084","2026-08-15T10:06:28.953034700-0500","21.700064800","192.168.0.186","192.168.0.178","25858","25565","11084","3202315","11","0","0x0018"
"6085","2026-08-15T10:06:28.976734900-0500","21.723765000","192.168.0.186","192.168.0.178","25858","25565","11095","3202315","28","0","0x0018"
"6086","2026-08-15T10:06:28.977522900-0500","21.724553000","192.168.0.178","192.168.0.186","25565","25858","3202315","11123","0","0","0x0010"
"6087","2026-08-15T10:06:28.977860500-0500","21.724890600","192.168.0.186","192.168.0.178","25858","25565","11123","3202315","3","0","0x0018"
"6088","2026-08-15T10:06:29.003552000-0500","21.750582100","192.168.0.178","192.168.0.186","25565","25858","3202315","11126","26","0","0x0018"
"6089","2026-08-15T10:06:29.026926400-0500","21.773956500","192.168.0.186","192.168.0.178","25858","25565","11126","3202341","28","0","0x0018"
"6090","2026-08-15T10:06:29.028065000-0500","21.775095100","192.168.0.186","192.168.0.178","25858","25565","11154","3202341","3","0","0x0018"
"6091","2026-08-15T10:06:29.028834100-0500","21.775864200","192.168.0.178","192.168.0.186","25565","25858","3202341","11157","0","0","0x0010"
"6092","2026-08-15T10:06:29.058270900-0500","21.805301000","192.168.0.178","192.168.0.186","25565","25858","3202341","11157","36","0","0x0018"
"6093","2026-08-15T10:06:29.076697800-0500","21.823727900","192.168.0.186","192.168.0.178","25858","25565","11157","3202377","28","0","0x0018"
"6094","2026-08-15T10:06:29.077493100-0500","21.824523200","192.168.0.186","192.168.0.178","25858","25565","11185","3202377","3","0","0x0018"
"6095","2026-08-15T10:06:29.078257200-0500","21.825287300","192.168.0.178","192.168.0.186","25565","25858","3202377","11188","0","0","0x0010"
"6096","2026-08-15T10:06:29.103990200-0500","21.851020300","192.168.0.178","192.168.0.186","25565","25858","3202377","11188","172","0","0x0018"
"6097","2026-08-15T10:06:29.127095700-0500","21.874125800","192.168.0.186","192.168.0.178","25858","25565","11188","3202549","28","0","0x0018"
"6098","2026-08-15T10:06:29.128226800-0500","21.875256900","192.168.0.186","192.168.0.178","25858","25565","11216","3202549","3","0","0x0018"
"6099","2026-08-15T10:06:29.128927200-0500","21.875957300","192.168.0.178","192.168.0.186","25565","25858","3202549","11219","0","0","0x0010"
"6100","2026-08-15T10:06:29.153445200-0500","21.900475300","192.168.0.178","192.168.0.186","25565","25858","3202549","11219","45","0","0x0018"
"6101","2026-08-15T10:06:29.176692900-0500","21.923723000","192.168.0.186","192.168.0.178","25858","25565","11219","3202594","28","0","0x0018"
"6102","2026-08-15T10:06:29.177792200-0500","21.924822300","192.168.0.186","192.168.0.178","25858","25565","11247","3202594","3","0","0x0018"
"6103","2026-08-15T10:06:29.178426500-0500","21.925456600","192.168.0.178","192.168.0.186","25565","25858","3202594","11250","0","0","0x0010"
"6104","2026-08-15T10:06:29.203481900-0500","21.950512000","192.168.0.178","192.168.0.186","25565","25858","3202594","11250","14","0","0x0018"
"6105","2026-08-15T10:06:29.227078700-0500","21.974108800","192.168.0.186","192.168.0.178","25858","25565","11250","3202608","28","0","0x0018"
"6106","2026-08-15T10:06:29.228230300-0500","21.975260400","192.168.0.186","192.168.0.178","25858","25565","11278","3202608","3","0","0x0018"
"6107","2026-08-15T10:06:29.228951500-0500","21.975981600","192.168.0.178","192.168.0.186","25565","25858","3202608","11281","0","0","0x0010"
"6108","2026-08-15T10:06:29.255536300-0500","22.002566400","192.168.0.178","192.168.0.186","25565","25858","3202608","11281","171","0","0x0018"
"6109","2026-08-15T10:06:29.276895300-0500","22.023925400","192.168.0.186","192.168.0.178","25858","25565","11281","3202779","28","0","0x0018"
"6110","2026-08-15T10:06:29.278013600-0500","22.025043700","192.168.0.186","192.168.0.178","25858","25565","11309","3202779","3","0","0x0018"
"6111","2026-08-15T10:06:29.278679100-0500","22.025709200","192.168.0.178","192.168.0.186","25565","25858","3202779","11312","0","0","0x0010"
"6112","2026-08-15T10:06:29.294028600-0500","22.041058700","192.168.0.178","192.168.0.186","25565","25858","3202779","11312","52","0","0x0018"
"6113","2026-08-15T10:06:29.294028600-0500","22.041058700","192.168.0.178","192.168.0.186","25565","25858","3202831","11312","52","0","0x0018"
"6114","2026-08-15T10:06:29.294085500-0500","22.041115600","192.168.0.186","192.168.0.178","25858","25565","11312","3202883","0","0","0x0010"
"6115","2026-08-15T10:06:29.294138900-0500","22.041169000","192.168.0.178","192.168.0.186","25565","25858","3202883","11312","52","0","0x0018"
"6116","2026-08-15T10:06:29.303230900-0500","22.050261000","192.168.0.178","192.168.0.186","25565","25858","3202935","11312","34","0","0x0018"
"6117","2026-08-15T10:06:29.303262300-0500","22.050292400","192.168.0.186","192.168.0.178","25858","25565","11312","3202969","0","0","0x0010"
"6118","2026-08-15T10:06:29.326713700-0500","22.073743800","192.168.0.186","192.168.0.178","25858","25565","11312","3202969","28","0","0x0018"
"6119","2026-08-15T10:06:29.327322600-0500","22.074352700","192.168.0.186","192.168.0.178","25858","25565","11340","3202969","3","0","0x0018"
"6120","2026-08-15T10:06:29.327982600-0500","22.075012700","192.168.0.178","192.168.0.186","25565","25858","3202969","11343","0","0","0x0010"
"6121","2026-08-15T10:06:29.354955100-0500","22.101985200","192.168.0.178","192.168.0.186","25565","25858","3202969","11343","118","0","0x0018"
"6122","2026-08-15T10:06:29.358889300-0500","22.105919400","192.168.0.178","192.168.0.186","25565","25858","3203087","11343","52","0","0x0018"
"6123","2026-08-15T10:06:29.358889300-0500","22.105919400","192.168.0.178","192.168.0.186","25565","25858","3203139","11343","52","0","0x0018"
"6124","2026-08-15T10:06:29.358948700-0500","22.105978800","192.168.0.186","192.168.0.178","25858","25565","11343","3203191","0","0","0x0010"
"6125","2026-08-15T10:06:29.359035000-0500","22.106065100","192.168.0.178","192.168.0.186","25565","25858","3203191","11343","52","0","0x0018"
"6126","2026-08-15T10:06:29.359050700-0500","22.106080800","192.168.0.186","192.168.0.178","25858","25565","11343","3203243","0","0","0x0010"
"6127","2026-08-15T10:06:29.377152100-0500","22.124182200","192.168.0.186","192.168.0.178","25858","25565","11343","3203243","28","0","0x0018"
"6128","2026-08-15T10:06:29.378496200-0500","22.125526300","192.168.0.186","192.168.0.178","25858","25565","11371","3203243","3","0","0x0018"
"6129","2026-08-15T10:06:29.379187300-0500","22.126217400","192.168.0.178","192.168.0.186","25565","25858","3203243","11374","0","0","0x0010"
"6130","2026-08-15T10:06:29.404795600-0500","22.151825700","192.168.0.178","192.168.0.186","25565","25858","3203243","11374","45","0","0x0018"
"6131","2026-08-15T10:06:29.426703500-0500","22.173733600","192.168.0.186","192.168.0.178","25858","25565","11374","3203288","28","0","0x0018"
"6132","2026-08-15T10:06:29.427875700-0500","22.174905800","192.168.0.186","192.168.0.178","25858","25565","11402","3203288","3","0","0x0018"
"6133","2026-08-15T10:06:29.428341500-0500","22.175371600","192.168.0.178","192.168.0.186","25565","25858","3203288","11405","0","0","0x0010"
"6134","2026-08-15T10:06:29.453786600-0500","22.200816700","192.168.0.178","192.168.0.186","25565","25858","3203288","11405","45","0","0x0018"
"6135","2026-08-15T10:06:29.476731500-0500","22.223761600","192.168.0.186","192.168.0.178","25858","25565","11405","3203333","28","0","0x0018"
"6136","2026-08-15T10:06:29.477946300-0500","22.224976400","192.168.0.186","192.168.0.178","25858","25565","11433","3203333","3","0","0x0018"
"6137","2026-08-15T10:06:29.478575100-0500","22.225605200","192.168.0.178","192.168.0.186","25565","25858","3203333","11436","0","0","0x0010"
"6138","2026-08-15T10:06:29.503385300-0500","22.250415400","192.168.0.178","192.168.0.186","25565","25858","3203333","11436","26","0","0x0018"
"6139","2026-08-15T10:06:29.526870300-0500","22.273900400","192.168.0.186","192.168.0.178","25858","25565","11436","3203359","28","0","0x0018"
"6140","2026-08-15T10:06:29.527969000-0500","22.274999100","192.168.0.186","192.168.0.178","25858","25565","11464","3203359","3","0","0x0018"
"6141","2026-08-15T10:06:29.528657900-0500","22.275688000","192.168.0.178","192.168.0.186","25565","25858","3203359","11467","0","0","0x0010"
"6142","2026-08-15T10:06:29.555270700-0500","22.302300800","192.168.0.178","192.168.0.186","25565","25858","3203359","11467","69","0","0x0018"
"6143","2026-08-15T10:06:29.576058600-0500","22.323088700","192.168.0.186","192.168.0.178","25858","25565","11467","3203428","28","0","0x0018"
"6144","2026-08-15T10:06:29.576644600-0500","22.323674700","192.168.0.186","192.168.0.178","25858","25565","11495","3203428","3","0","0x0018"
"6145","2026-08-15T10:06:29.577301800-0500","22.324331900","192.168.0.178","192.168.0.186","25565","25858","3203428","11498","0","0","0x0010"
"6146","2026-08-15T10:06:29.603593200-0500","22.350623300","192.168.0.178","192.168.0.186","25565","25858","3203428","11498","51","0","0x0018"
"6147","2026-08-15T10:06:29.627528800-0500","22.374558900","192.168.0.186","192.168.0.178","25858","25565","11498","3203479","28","0","0x0018"
"6148","2026-08-15T10:06:29.628591800-0500","22.375621900","192.168.0.186","192.168.0.178","25858","25565","11526","3203479","3","0","0x0018"
"6149","2026-08-15T10:06:29.628946700-0500","22.375976800","192.168.0.178","192.168.0.186","25565","25858","3203479","11529","0","0","0x0010"
"6150","2026-08-15T10:06:29.629619000-0500","22.376649100","192.168.0.178","192.168.0.186","25565","25858","3203479","11529","11","0","0x0018"
"6151","2026-08-15T10:06:29.629619000-0500","22.376649100","192.168.0.178","192.168.0.186","25565","25858","3203490","11529","11","0","0x0018"
"6152","2026-08-15T10:06:29.629665000-0500","22.376695100","192.168.0.186","192.168.0.178","25858","25565","11529","3203501","0","0","0x0010"
"6153","2026-08-15T10:06:29.629729800-0500","22.376759900","192.168.0.178","192.168.0.186","25565","25858","3203501","11529","11","0","0x0018"
"6154","2026-08-15T10:06:29.629729800-0500","22.376759900","192.168.0.178","192.168.0.186","25565","25858","3203512","11529","11","0","0x0018"
"6155","2026-08-15T10:06:29.629741200-0500","22.376771300","192.168.0.186","192.168.0.178","25858","25565","11529","3203523","0","0","0x0010"
"6156","2026-08-15T10:06:29.629784600-0500","22.376814700","192.168.0.178","192.168.0.186","25565","25858","3203523","11529","11","0","0x0018"
"6157","2026-08-15T10:06:29.629849300-0500","22.376879400","192.168.0.178","192.168.0.186","25565","25858","3203534","11529","11","0","0x0018"
"6158","2026-08-15T10:06:29.629855900-0500","22.376886000","192.168.0.186","192.168.0.178","25858","25565","11529","3203545","0","0","0x0010"
"6159","2026-08-15T10:06:29.629948100-0500","22.376978200","192.168.0.178","192.168.0.186","25565","25858","3203545","11529","11","0","0x0018"
"6160","2026-08-15T10:06:29.629948100-0500","22.376978200","192.168.0.178","192.168.0.186","25565","25858","3203556","11529","11","0","0x0018"
"6161","2026-08-15T10:06:29.629957200-0500","22.376987300","192.168.0.186","192.168.0.178","25858","25565","11529","3203567","0","0","0x0010"
"6162","2026-08-15T10:06:29.630012400-0500","22.377042500","192.168.0.178","192.168.0.186","25565","25858","3203567","11529","11","0","0x0018"
"6163","2026-08-15T10:06:29.630060800-0500","22.377090900","192.168.0.178","192.168.0.186","25565","25858","3203578","11529","11","0","0x0018"
"6164","2026-08-15T10:06:29.630072200-0500","22.377102300","192.168.0.186","192.168.0.178","25858","25565","11529","3203589","0","0","0x0010"
"6165","2026-08-15T10:06:29.630085300-0500","22.377115400","192.168.0.178","192.168.0.186","25565","25858","3203589","11529","11","0","0x0018"
"6166","2026-08-15T10:06:29.630177900-0500","22.377208000","192.168.0.178","192.168.0.186","25565","25858","3203600","11529","11","0","0x0018"
"6167","2026-08-15T10:06:29.630184400-0500","22.377214500","192.168.0.186","192.168.0.178","25858","25565","11529","3203611","0","0","0x0010"
"6168","2026-08-15T10:06:29.630233500-0500","22.377263600","192.168.0.178","192.168.0.186","25565","25858","3203611","11529","11","0","0x0018"
"6169","2026-08-15T10:06:29.630266500-0500","22.377296600","192.168.0.178","192.168.0.186","25565","25858","3203622","11529","11","0","0x0018"
"6170","2026-08-15T10:06:29.630275500-0500","22.377305600","192.168.0.186","192.168.0.178","25858","25565","11529","3203633","0","0","0x0010"
"6171","2026-08-15T10:06:29.630348200-0500","22.377378300","192.168.0.178","192.168.0.186","25565","25858","3203633","11529","11","0","0x0018"
"6172","2026-08-15T10:06:29.630348200-0500","22.377378300","192.168.0.178","192.168.0.186","25565","25858","3203644","11529","11","0","0x0018"
"6173","2026-08-15T10:06:29.630355800-0500","22.377385900","192.168.0.186","192.168.0.178","25858","25565","11529","3203655","0","0","0x0010"
"6174","2026-08-15T10:06:29.630404300-0500","22.377434400","192.168.0.178","192.168.0.186","25565","25858","3203655","11529","11","0","0x0018"
"6175","2026-08-15T10:06:29.630576000-0500","22.377606100","192.168.0.178","192.168.0.186","25565","25858","3203666","11529","11","0","0x0018"
"6176","2026-08-15T10:06:29.630576000-0500","22.377606100","192.168.0.178","192.168.0.186","25565","25858","3203677","11529","11","0","0x0018"
"6177","2026-08-15T10:06:29.630576000-0500","22.377606100","192.168.0.178","192.168.0.186","25565","25858","3203688","11529","9","0","0x0018"
"6178","2026-08-15T10:06:29.630611800-0500","22.377641900","192.168.0.186","192.168.0.178","25858","25565","11529","3203697","0","0","0x0010"
"6179","2026-08-15T10:06:29.655161700-0500","22.402191800","192.168.0.178","192.168.0.186","25565","25858","3203697","11529","20","0","0x0018"
"6180","2026-08-15T10:06:29.676544400-0500","22.423574500","192.168.0.186","192.168.0.178","25858","25565","11529","3203717","28","0","0x0018"
"6181","2026-08-15T10:06:29.677724400-0500","22.424754500","192.168.0.186","192.168.0.178","25858","25565","11557","3203717","3","0","0x0018"
"6182","2026-08-15T10:06:29.678551400-0500","22.425581500","192.168.0.178","192.168.0.186","25565","25858","3203717","11560","0","0","0x0010"
"6183","2026-08-15T10:06:29.702754400-0500","22.449784500","192.168.0.178","192.168.0.186","25565","25858","3203717","11560","193","0","0x0018"
"6184","2026-08-15T10:06:29.727159300-0500","22.474189400","192.168.0.186","192.168.0.178","25858","25565","11560","3203910","28","0","0x0018"
"6185","2026-08-15T10:06:29.728302200-0500","22.475332300","192.168.0.186","192.168.0.178","25858","25565","11588","3203910","3","0","0x0018"
"6186","2026-08-15T10:06:29.729054400-0500","22.476084500","192.168.0.178","192.168.0.186","25565","25858","3203910","11591","0","0","0x0010"
"6187","2026-08-15T10:06:29.753122700-0500","22.500152800","192.168.0.178","192.168.0.186","25565","25858","3203910","11591","135","0","0x0018"
"6188","2026-08-15T10:06:29.776709600-0500","22.523739700","192.168.0.186","192.168.0.178","25858","25565","11591","3204045","28","0","0x0018"
"6189","2026-08-15T10:06:29.777830900-0500","22.524861000","192.168.0.186","192.168.0.178","25858","25565","11619","3204045","3","0","0x0018"
"6190","2026-08-15T10:06:29.778500700-0500","22.525530800","192.168.0.178","192.168.0.186","25565","25858","3204045","11622","0","0","0x0010"
"6191","2026-08-15T10:06:29.794728200-0500","22.541758300","192.168.0.178","192.168.0.186","25565","25858","3204045","11622","52","0","0x0018"
"6192","2026-08-15T10:06:29.794728200-0500","22.541758300","192.168.0.178","192.168.0.186","25565","25858","3204097","11622","52","0","0x0018"
"6193","2026-08-15T10:06:29.794728200-0500","22.541758300","192.168.0.178","192.168.0.186","25565","25858","3204149","11622","52","0","0x0018"
"6194","2026-08-15T10:06:29.794789100-0500","22.541819200","192.168.0.186","192.168.0.178","25858","25565","11622","3204201","0","0","0x0010"
"6195","2026-08-15T10:06:29.804216400-0500","22.551246500","192.168.0.178","192.168.0.186","25565","25858","3204201","11622","159","0","0x0018"
"6196","2026-08-15T10:06:29.804267400-0500","22.551297500","192.168.0.186","192.168.0.178","25858","25565","11622","3204360","0","0","0x0010"
"6197","2026-08-15T10:06:29.808857000-0500","22.555887100","192.168.0.178","192.168.0.186","25565","25858","3204360","11622","52","0","0x0018"
"6198","2026-08-15T10:06:29.809035000-0500","22.556065100","192.168.0.178","192.168.0.186","25565","25858","3204412","11622","52","0","0x0018"
"6199","2026-08-15T10:06:29.809058600-0500","22.556088700","192.168.0.186","192.168.0.178","25858","25565","11622","3204464","0","0","0x0010"
"6200","2026-08-15T10:06:29.809156200-0500","22.556186300","192.168.0.178","192.168.0.186","25565","25858","3204464","11622","52","0","0x0018"
"6201","2026-08-15T10:06:29.827017000-0500","22.574047100","192.168.0.186","192.168.0.178","25858","25565","11622","3204516","28","0","0x0018"
"6202","2026-08-15T10:06:29.828325800-0500","22.575355900","192.168.0.186","192.168.0.178","25858","25565","11650","3204516","3","0","0x0018"
"6203","2026-08-15T10:06:29.829074500-0500","22.576104600","192.168.0.178","192.168.0.186","25565","25858","3204516","11653","0","0","0x0010"
"6204","2026-08-15T10:06:29.852980400-0500","22.600010500","192.168.0.178","192.168.0.186","25565","25858","3204516","11653","93","0","0x0018"
"6205","2026-08-15T10:06:29.876849600-0500","22.623879700","192.168.0.186","192.168.0.178","25858","25565","11653","3204609","28","0","0x0018"
"6206","2026-08-15T10:06:29.877885000-0500","22.624915100","192.168.0.186","192.168.0.178","25858","25565","11681","3204609","3","0","0x0018"
"6207","2026-08-15T10:06:29.878463600-0500","22.625493700","192.168.0.178","192.168.0.186","25565","25858","3204609","11684","0","0","0x0010"
"6208","2026-08-15T10:06:29.902731700-0500","22.649761800","192.168.0.178","192.168.0.186","25565","25858","3204609","11684","316","0","0x0018"
"6209","2026-08-15T10:06:29.926849200-0500","22.673879300","192.168.0.186","192.168.0.178","25858","25565","11684","3204925","28","0","0x0018"
"6210","2026-08-15T10:06:29.928072100-0500","22.675102200","192.168.0.186","192.168.0.178","25858","25565","11712","3204925","3","0","0x0018"
"6211","2026-08-15T10:06:29.928579100-0500","22.675609200","192.168.0.178","192.168.0.186","25565","25858","3204925","11715","0","0","0x0010"
"6212","2026-08-15T10:06:29.952674300-0500","22.699704400","192.168.0.178","192.168.0.186","25565","25858","3204925","11715","20","0","0x0018"
"6213","2026-08-15T10:06:29.976674000-0500","22.723704100","192.168.0.186","192.168.0.178","25858","25565","11715","3204945","28","0","0x0018"
"6214","2026-08-15T10:06:29.977792400-0500","22.724822500","192.168.0.186","192.168.0.178","25858","25565","11743","3204945","3","0","0x0018"
"6215","2026-08-15T10:06:29.978525000-0500","22.725555100","192.168.0.178","192.168.0.186","25565","25858","3204945","11746","0","0","0x0010"
"6216","2026-08-15T10:06:30.006754800-0500","22.753784900","192.168.0.178","192.168.0.186","25565","25858","3204945","11746","45","0","0x0018"
"6217","2026-08-15T10:06:30.006949200-0500","22.753979300","192.168.0.186","192.168.0.178","25858","25565","11746","3204990","11","0","0x0018"
"6218","2026-08-15T10:06:30.027036200-0500","22.774066300","192.168.0.186","192.168.0.178","25858","25565","11757","3204990","28","0","0x0018"
"6219","2026-08-15T10:06:30.027772200-0500","22.774802300","192.168.0.178","192.168.0.186","25565","25858","3204990","11785","0","0","0x0010"
"6220","2026-08-15T10:06:30.028137400-0500","22.775167500","192.168.0.186","192.168.0.178","25858","25565","11785","3204990","3","0","0x0018"
"6221","2026-08-15T10:06:30.053976900-0500","22.801007000","192.168.0.178","192.168.0.186","25565","25858","3204990","11788","376","0","0x0018"
"6222","2026-08-15T10:06:30.076736700-0500","22.823766800","192.168.0.186","192.168.0.178","25858","25565","11788","3205366","28","0","0x0018"
"6223","2026-08-15T10:06:30.078110900-0500","22.825141000","192.168.0.186","192.168.0.178","25858","25565","11816","3205366","3","0","0x0018"
"6224","2026-08-15T10:06:30.078597100-0500","22.825627200","192.168.0.178","192.168.0.186","25565","25858","3205366","11819","0","0","0x0010"
"6225","2026-08-15T10:06:30.102618100-0500","22.849648200","192.168.0.178","192.168.0.186","25565","25858","3205366","11819","42","0","0x0018"
"6226","2026-08-15T10:06:30.127003000-0500","22.874033100","192.168.0.186","192.168.0.178","25858","25565","11819","3205408","28","0","0x0018"
"6227","2026-08-15T10:06:30.128057400-0500","22.875087500","192.168.0.186","192.168.0.178","25858","25565","11847","3205408","3","0","0x0018"
"6228","2026-08-15T10:06:30.129274200-0500","22.876304300","192.168.0.178","192.168.0.186","25565","25858","3205408","11850","0","0","0x0010"
"6229","2026-08-15T10:06:30.152316400-0500","22.899346500","192.168.0.178","192.168.0.186","25565","25858","3205408","11850","188","0","0x0018"
"6230","2026-08-15T10:06:30.177375200-0500","22.924405300","192.168.0.186","192.168.0.178","25858","25565","11850","3205596","28","0","0x0018"
"6231","2026-08-15T10:06:30.178341100-0500","22.925371200","192.168.0.186","192.168.0.178","25858","25565","11878","3205596","3","0","0x0018"
"6232","2026-08-15T10:06:30.179116200-0500","22.926146300","192.168.0.178","192.168.0.186","25565","25858","3205596","11881","0","0","0x0010"
"6233","2026-08-15T10:06:30.202981600-0500","22.950011700","192.168.0.178","192.168.0.186","25565","25858","3205596","11881","20","0","0x0018"
"6234","2026-08-15T10:06:30.226239900-0500","22.973270000","192.168.0.186","192.168.0.178","25858","25565","11881","3205616","28","0","0x0018"
"6235","2026-08-15T10:06:30.227005500-0500","22.974035600","192.168.0.186","192.168.0.178","25858","25565","11909","3205616","3","0","0x0018"
"6236","2026-08-15T10:06:30.227711800-0500","22.974741900","192.168.0.178","192.168.0.186","25565","25858","3205616","11912","0","0","0x0010"
"6237","2026-08-15T10:06:30.253914000-0500","23.000944100","192.168.0.178","192.168.0.186","25565","25858","3205616","11912","251","0","0x0018"
"6238","2026-08-15T10:06:30.258925800-0500","23.005955900","192.168.0.178","192.168.0.186","25565","25858","3205867","11912","52","0","0x0018"
"6239","2026-08-15T10:06:30.258925800-0500","23.005955900","192.168.0.178","192.168.0.186","25565","25858","3205919","11912","52","0","0x0018"
"6240","2026-08-15T10:06:30.258925800-0500","23.005955900","192.168.0.178","192.168.0.186","25565","25858","3205971","11912","52","0","0x0018"
"6241","2026-08-15T10:06:30.258984300-0500","23.006014400","192.168.0.186","192.168.0.178","25858","25565","11912","3206023","0","0","0x0010"
"6242","2026-08-15T10:06:30.276871400-0500","23.023901500","192.168.0.186","192.168.0.178","25858","25565","11912","3206023","28","0","0x0018"
"6243","2026-08-15T10:06:30.278004200-0500","23.025034300","192.168.0.186","192.168.0.178","25858","25565","11940","3206023","3","0","0x0018"
"6244","2026-08-15T10:06:30.278424000-0500","23.025454100","192.168.0.178","192.168.0.186","25565","25858","3206023","11943","0","0","0x0010"
"6245","2026-08-15T10:06:30.295673800-0500","23.042703900","192.168.0.178","192.168.0.186","25565","25858","3206023","11943","52","0","0x0018"
"6246","2026-08-15T10:06:30.295673800-0500","23.042703900","192.168.0.178","192.168.0.186","25565","25858","3206075","11943","52","0","0x0018"
"6247","2026-08-15T10:06:30.295673800-0500","23.042703900","192.168.0.178","192.168.0.186","25565","25858","3206127","11943","52","0","0x0018"
"6248","2026-08-15T10:06:30.295733800-0500","23.042763900","192.168.0.186","192.168.0.178","25858","25565","11943","3206179","0","0","0x0010"
"6249","2026-08-15T10:06:30.302893500-0500","23.049923600","192.168.0.178","192.168.0.186","25565","25858","3206179","11943","40","0","0x0018"
"6250","2026-08-15T10:06:30.302941800-0500","23.049971900","192.168.0.186","192.168.0.178","25858","25565","11943","3206219","0","0","0x0010"
"6251","2026-08-15T10:06:30.327072900-0500","23.074103000","192.168.0.186","192.168.0.178","25858","25565","11943","3206219","28","0","0x0018"
"6252","2026-08-15T10:06:30.328255000-0500","23.075285100","192.168.0.186","192.168.0.178","25858","25565","11971","3206219","3","0","0x0018"
"6253","2026-08-15T10:06:30.329001100-0500","23.076031200","192.168.0.178","192.168.0.186","25565","25858","3206219","11974","0","0","0x0010"
"6254","2026-08-15T10:06:30.352780100-0500","23.099810200","192.168.0.178","192.168.0.186","25565","25858","3206219","11974","14","0","0x0018"
"6255","2026-08-15T10:06:30.376214600-0500","23.123244700","192.168.0.186","192.168.0.178","25858","25565","11974","3206233","28","0","0x0018"
"6256","2026-08-15T10:06:30.376995700-0500","23.124025800","192.168.0.186","192.168.0.178","25858","25565","12002","3206233","3","0","0x0018"
"6257","2026-08-15T10:06:30.377655500-0500","23.124685600","192.168.0.178","192.168.0.186","25565","25858","3206233","12005","0","0","0x0010"
"6258","2026-08-15T10:06:30.401936300-0500","23.148966400","192.168.0.178","192.168.0.186","25565","25858","3206233","12005","31","0","0x0018"
"6259","2026-08-15T10:06:30.426635500-0500","23.173665600","192.168.0.186","192.168.0.178","25858","25565","12005","3206264","28","0","0x0018"
"6260","2026-08-15T10:06:30.427808400-0500","23.174838500","192.168.0.186","192.168.0.178","25858","25565","12033","3206264","3","0","0x0018"
"6261","2026-08-15T10:06:30.428527500-0500","23.175557600","192.168.0.178","192.168.0.186","25565","25858","3206264","12036","0","0","0x0010"
"6262","2026-08-15T10:06:30.452350800-0500","23.199380900","192.168.0.178","192.168.0.186","25565","25858","3206264","12036","51","0","0x0018"
"6263","2026-08-15T10:06:30.476871700-0500","23.223901800","192.168.0.186","192.168.0.178","25858","25565","12036","3206315","28","0","0x0018"
"6264","2026-08-15T10:06:30.478022100-0500","23.225052200","192.168.0.186","192.168.0.178","25858","25565","12064","3206315","3","0","0x0018"
"6265","2026-08-15T10:06:30.478724100-0500","23.225754200","192.168.0.178","192.168.0.186","25565","25858","3206315","12067","0","0","0x0010"
"6266","2026-08-15T10:06:30.502109400-0500","23.249139500","192.168.0.178","192.168.0.186","25565","25858","3206315","12067","20","0","0x0018"
"6267","2026-08-15T10:06:30.526726600-0500","23.273756700","192.168.0.186","192.168.0.178","25858","25565","12067","3206335","28","0","0x0018"
"6268","2026-08-15T10:06:30.527908300-0500","23.274938400","192.168.0.186","192.168.0.178","25858","25565","12095","3206335","3","0","0x0018"
"6269","2026-08-15T10:06:30.528661900-0500","23.275692000","192.168.0.178","192.168.0.186","25565","25858","3206335","12098","0","0","0x0010"
"6270","2026-08-15T10:06:30.552182900-0500","23.299213000","192.168.0.178","192.168.0.186","25565","25858","3206335","12098","31","0","0x0018"
"6271","2026-08-15T10:06:30.576960800-0500","23.323990900","192.168.0.186","192.168.0.178","25858","25565","12098","3206366","28","0","0x0018"
"6272","2026-08-15T10:06:30.578136300-0500","23.325166400","192.168.0.186","192.168.0.178","25858","25565","12126","3206366","3","0","0x0018"
"6273","2026-08-15T10:06:30.578954300-0500","23.325984400","192.168.0.178","192.168.0.186","25565","25858","3206366","12129","0","0","0x0010"
"6274","2026-08-15T10:06:30.603522900-0500","23.350553000","192.168.0.178","192.168.0.186","25565","25858","3206366","12129","45","0","0x0018"
"6275","2026-08-15T10:06:30.626329500-0500","23.373359600","192.168.0.186","192.168.0.178","25858","25565","12129","3206411","28","0","0x0018"
"6276","2026-08-15T10:06:30.626953000-0500","23.373983100","192.168.0.186","192.168.0.178","25858","25565","12157","3206411","3","0","0x0018"
"6277","2026-08-15T10:06:30.627593500-0500","23.374623600","192.168.0.178","192.168.0.186","25565","25858","3206411","12160","0","0","0x0010"
"6278","2026-08-15T10:06:30.652224200-0500","23.399254300","192.168.0.178","192.168.0.186","25565","25858","3206411","12160","20","0","0x0018"
"6279","2026-08-15T10:06:30.659207300-0500","23.406237400","192.168.0.178","192.168.0.186","25565","25858","3206431","12160","52","0","0x0018"
"6280","2026-08-15T10:06:30.659270500-0500","23.406300600","192.168.0.186","192.168.0.178","25858","25565","12160","3206483","0","0","0x0010"
"6281","2026-08-15T10:06:30.659334900-0500","23.406365000","192.168.0.178","192.168.0.186","25565","25858","3206483","12160","52","0","0x0018"
"6282","2026-08-15T10:06:30.660272900-0500","23.407303000","192.168.0.178","192.168.0.186","25565","25858","3206535","12160","52","0","0x0018"
"6283","2026-08-15T10:06:30.660320900-0500","23.407351000","192.168.0.186","192.168.0.178","25858","25565","12160","3206587","0","0","0x0010"
"6284","2026-08-15T10:06:30.676911100-0500","23.423941200","192.168.0.186","192.168.0.178","25858","25565","12160","3206587","28","0","0x0018"
"6285","2026-08-15T10:06:30.678094800-0500","23.425124900","192.168.0.186","192.168.0.178","25858","25565","12188","3206587","3","0","0x0018"
"6286","2026-08-15T10:06:30.678531600-0500","23.425561700","192.168.0.178","192.168.0.186","25565","25858","3206587","12191","0","0","0x0010"
"6287","2026-08-15T10:06:30.726916300-0500","23.473946400","192.168.0.186","192.168.0.178","25858","25565","12191","3206587","28","0","0x0018"
"6288","2026-08-15T10:06:30.728040600-0500","23.475070700","192.168.0.186","192.168.0.178","25858","25565","12219","3206587","3","0","0x0018"
"6289","2026-08-15T10:06:30.728687000-0500","23.475717100","192.168.0.178","192.168.0.186","25565","25858","3206587","12222","0","0","0x0010"
"6290","2026-08-15T10:06:30.731525900-0500","23.478556000","192.168.0.178","192.168.0.186","25565","25858","3206587","12222","135","0","0x0018"
"6291","2026-08-15T10:06:30.731617000-0500","23.478647100","192.168.0.178","192.168.0.186","25565","25858","3206722","12222","52","0","0x0018"
"6292","2026-08-15T10:06:30.731630300-0500","23.478660400","192.168.0.186","192.168.0.178","25858","25565","12222","3206774","0","0","0x0010"
"6293","2026-08-15T10:06:30.732336200-0500","23.479366300","192.168.0.178","192.168.0.186","25565","25858","3206774","12222","52","0","0x0018"
"6294","2026-08-15T10:06:30.732336200-0500","23.479366300","192.168.0.178","192.168.0.186","25565","25858","3206826","12222","52","0","0x0018"
"6295","2026-08-15T10:06:30.732372300-0500","23.479402400","192.168.0.186","192.168.0.178","25858","25565","12222","3206878","0","0","0x0010"
"6296","2026-08-15T10:06:30.757156300-0500","23.504186400","192.168.0.178","192.168.0.186","25565","25858","3206878","12222","62","0","0x0018"
"6297","2026-08-15T10:06:30.776735000-0500","23.523765100","192.168.0.186","192.168.0.178","25858","25565","12222","3206940","28","0","0x0018"
"6298","2026-08-15T10:06:30.777883200-0500","23.524913300","192.168.0.186","192.168.0.178","25858","25565","12250","3206940","3","0","0x0018"
"6299","2026-08-15T10:06:30.778553200-0500","23.525583300","192.168.0.178","192.168.0.186","25565","25858","3206940","12253","11","0","0x0018"
"6300","2026-08-15T10:06:30.778553200-0500","23.525583300","192.168.0.178","192.168.0.186","25565","25858","3206951","12253","11","0","0x0018"
"6301","2026-08-15T10:06:30.778553200-0500","23.525583300","192.168.0.178","192.168.0.186","25565","25858","3206962","12253","11","0","0x0018"
"6302","2026-08-15T10:06:30.778553200-0500","23.525583300","192.168.0.178","192.168.0.186","25565","25858","3206973","12253","11","0","0x0018"
"6303","2026-08-15T10:06:30.778621600-0500","23.525651700","192.168.0.186","192.168.0.178","25858","25565","12253","3206984","0","0","0x0010"
"6304","2026-08-15T10:06:30.778663400-0500","23.525693500","192.168.0.178","192.168.0.186","25565","25858","3206984","12253","11","0","0x0018"
"6305","2026-08-15T10:06:30.778663400-0500","23.525693500","192.168.0.178","192.168.0.186","25565","25858","3206995","12253","11","0","0x0018"
"6306","2026-08-15T10:06:30.778675800-0500","23.525705900","192.168.0.186","192.168.0.178","25858","25565","12253","3207006","0","0","0x0010"
"6307","2026-08-15T10:06:30.778724100-0500","23.525754200","192.168.0.178","192.168.0.186","25565","25858","3207006","12253","11","0","0x0018"
"6308","2026-08-15T10:06:30.778724100-0500","23.525754200","192.168.0.178","192.168.0.186","25565","25858","3207017","12253","11","0","0x0018"
"6309","2026-08-15T10:06:30.778733200-0500","23.525763300","192.168.0.186","192.168.0.178","25858","25565","12253","3207028","0","0","0x0010"
"6310","2026-08-15T10:06:30.778781000-0500","23.525811100","192.168.0.178","192.168.0.186","25565","25858","3207028","12253","11","0","0x0018"
"6311","2026-08-15T10:06:30.778995800-0500","23.526025900","192.168.0.178","192.168.0.186","25565","25858","3207039","12253","11","0","0x0018"
"6312","2026-08-15T10:06:30.778995800-0500","23.526025900","192.168.0.178","192.168.0.186","25565","25858","3207050","12253","11","0","0x0018"
"6313","2026-08-15T10:06:30.778995800-0500","23.526025900","192.168.0.178","192.168.0.186","25565","25858","3207061","12253","11","0","0x0018"
"6314","2026-08-15T10:06:30.779047500-0500","23.526077600","192.168.0.186","192.168.0.178","25858","25565","12253","3207072","0","0","0x0010"
"6315","2026-08-15T10:06:30.779087900-0500","23.526118000","192.168.0.178","192.168.0.186","25565","25858","3207072","12253","11","0","0x0018"
"6316","2026-08-15T10:06:30.779087900-0500","23.526118000","192.168.0.178","192.168.0.186","25565","25858","3207083","12253","11","0","0x0018"
"6317","2026-08-15T10:06:30.779100700-0500","23.526130800","192.168.0.186","192.168.0.178","25858","25565","12253","3207094","0","0","0x0010"
"6318","2026-08-15T10:06:30.779138600-0500","23.526168700","192.168.0.178","192.168.0.186","25565","25858","3207094","12253","11","0","0x0018"
"6319","2026-08-15T10:06:30.779138600-0500","23.526168700","192.168.0.178","192.168.0.186","25565","25858","3207105","12253","11","0","0x0018"
"6320","2026-08-15T10:06:30.779155000-0500","23.526185100","192.168.0.186","192.168.0.178","25858","25565","12253","3207116","0","0","0x0010"
"6321","2026-08-15T10:06:30.779203200-0500","23.526233300","192.168.0.178","192.168.0.186","25565","25858","3207116","12253","11","0","0x0018"
"6322","2026-08-15T10:06:30.779203200-0500","23.526233300","192.168.0.178","192.168.0.186","25565","25858","3207127","12253","11","0","0x0018"
"6323","2026-08-15T10:06:30.779217800-0500","23.526247900","192.168.0.186","192.168.0.178","25858","25565","12253","3207138","0","0","0x0010"
"6324","2026-08-15T10:06:30.779256800-0500","23.526286900","192.168.0.178","192.168.0.186","25565","25858","3207138","12253","11","0","0x0018"
"6325","2026-08-15T10:06:30.779295200-0500","23.526325300","192.168.0.178","192.168.0.186","25565","25858","3207149","12253","9","0","0x0018"
"6326","2026-08-15T10:06:30.779302500-0500","23.526332600","192.168.0.186","192.168.0.178","25858","25565","12253","3207158","0","0","0x0010"
"6327","2026-08-15T10:06:30.804129400-0500","23.551159500","192.168.0.178","192.168.0.186","25565","25858","3207158","12253","141","0","0x0018"
"6328","2026-08-15T10:06:30.827392900-0500","23.574423000","192.168.0.186","192.168.0.178","25858","25565","12253","3207299","28","0","0x0018"
"6329","2026-08-15T10:06:30.828580000-0500","23.575610100","192.168.0.186","192.168.0.178","25858","25565","12281","3207299","3","0","0x0018"
"6330","2026-08-15T10:06:30.832122200-0500","23.579152300","192.168.0.178","192.168.0.186","25565","25858","3207299","12284","0","0","0x0010"
"6331","2026-08-15T10:06:30.843939200-0500","23.590969300","192.168.0.178","192.168.0.186","25565","25858","3207299","12284","52","0","0x0018"
"6332","2026-08-15T10:06:30.843939200-0500","23.590969300","192.168.0.178","192.168.0.186","25565","25858","3207351","12284","52","0","0x0018"
"6333","2026-08-15T10:06:30.843939200-0500","23.590969300","192.168.0.178","192.168.0.186","25565","25858","3207403","12284","52","0","0x0018"
"6334","2026-08-15T10:06:30.843996700-0500","23.591026800","192.168.0.186","192.168.0.178","25858","25565","12284","3207455","0","0","0x0010"
"6335","2026-08-15T10:06:30.852302400-0500","23.599332500","192.168.0.178","192.168.0.186","25565","25858","3207455","12284","31","0","0x0018"
"6336","2026-08-15T10:06:30.852352500-0500","23.599382600","192.168.0.186","192.168.0.178","25858","25565","12284","3207486","0","0","0x0010"
"6337","2026-08-15T10:06:30.875930900-0500","23.622961000","192.168.0.186","192.168.0.178","25858","25565","12284","3207486","28","0","0x0018"
"6338","2026-08-15T10:06:30.876534700-0500","23.623564800","192.168.0.186","192.168.0.178","25858","25565","12312","3207486","3","0","0x0018"
"6339","2026-08-15T10:06:30.877164600-0500","23.624194700","192.168.0.178","192.168.0.186","25565","25858","3207486","12315","0","0","0x0010"
"6340","2026-08-15T10:06:30.903646200-0500","23.650676300","192.168.0.178","192.168.0.186","25565","25858","3207486","12315","82","0","0x0018"
"6341","2026-08-15T10:06:30.926838500-0500","23.673868600","192.168.0.186","192.168.0.178","25858","25565","12315","3207568","28","0","0x0018"
"6342","2026-08-15T10:06:30.928108900-0500","23.675139000","192.168.0.186","192.168.0.178","25858","25565","12343","3207568","3","0","0x0018"
"6343","2026-08-15T10:06:30.928917800-0500","23.675947900","192.168.0.178","192.168.0.186","25565","25858","3207568","12346","0","0","0x0010"
"6344","2026-08-15T10:06:30.954271200-0500","23.701301300","192.168.0.178","192.168.0.186","25565","25858","3207568","12346","31","0","0x0018"
"6345","2026-08-15T10:06:30.976540900-0500","23.723571000","192.168.0.186","192.168.0.178","25858","25565","12346","3207599","28","0","0x0018"
"6346","2026-08-15T10:06:30.977380300-0500","23.724410400","192.168.0.186","192.168.0.178","25858","25565","12374","3207599","3","0","0x0018"
"6347","2026-08-15T10:06:30.981450400-0500","23.728480500","192.168.0.178","192.168.0.186","25565","25858","3207599","12377","0","0","0x0010"
"6348","2026-08-15T10:06:31.003621400-0500","23.750651500","192.168.0.178","192.168.0.186","25565","25858","3207599","12377","50","0","0x0018"
"6349","2026-08-15T10:06:31.003800000-0500","23.750830100","192.168.0.186","192.168.0.178","25858","25565","12377","3207649","11","0","0x0018"
"6350","2026-08-15T10:06:31.026873500-0500","23.773903600","192.168.0.186","192.168.0.178","25858","25565","12388","3207649","28","0","0x0018"
"6351","2026-08-15T10:06:31.027588500-0500","23.774618600","192.168.0.178","192.168.0.186","25565","25858","3207649","12416","0","0","0x0010"
"6352","2026-08-15T10:06:31.028032500-0500","23.775062600","192.168.0.186","192.168.0.178","25858","25565","12416","3207649","3","0","0x0018"
"6353","2026-08-15T10:06:31.052800100-0500","23.799830200","192.168.0.178","192.168.0.186","25565","25858","3207649","12419","62","0","0x0018"
"6354","2026-08-15T10:06:31.076860600-0500","23.823890700","192.168.0.186","192.168.0.178","25858","25565","12419","3207711","36","0","0x0018"
"6355","2026-08-15T10:06:31.078046000-0500","23.825076100","192.168.0.186","192.168.0.178","25858","25565","12455","3207711","3","0","0x0018"
"6356","2026-08-15T10:06:31.078682600-0500","23.825712700","192.168.0.178","192.168.0.186","25565","25858","3207711","12458","0","0","0x0010"
"6357","2026-08-15T10:06:31.103315900-0500","23.850346000","192.168.0.178","192.168.0.186","25565","25858","3207711","12458","62","0","0x0018"
"6358","2026-08-15T10:06:31.127297200-0500","23.874327300","192.168.0.186","192.168.0.178","25858","25565","12458","3207773","36","0","0x0018"
"6359","2026-08-15T10:06:31.128117400-0500","23.875147500","192.168.0.186","192.168.0.178","25858","25565","12494","3207773","3","0","0x0018"
"6360","2026-08-15T10:06:31.128762000-0500","23.875792100","192.168.0.178","192.168.0.186","25565","25858","3207773","12497","0","0","0x0010"
"6361","2026-08-15T10:06:31.153091700-0500","23.900121800","192.168.0.178","192.168.0.186","25565","25858","3207773","12497","26","0","0x0018"
"6362","2026-08-15T10:06:31.176995800-0500","23.924025900","192.168.0.186","192.168.0.178","25858","25565","12497","3207799","36","0","0x0018"
"6363","2026-08-15T10:06:31.178063500-0500","23.925093600","192.168.0.186","192.168.0.178","25858","25565","12533","3207799","3","0","0x0018"
"6364","2026-08-15T10:06:31.178701000-0500","23.925731100","192.168.0.178","192.168.0.186","25565","25858","3207799","12536","0","0","0x0010"
"6365","2026-08-15T10:06:31.201780500-0500","23.948810600","192.168.0.178","192.168.0.186","25565","25858","3207799","12536","241","0","0x0018"
"6366","2026-08-15T10:06:31.227121000-0500","23.974151100","192.168.0.186","192.168.0.178","25858","25565","12536","3208040","36","0","0x0018"
"6367","2026-08-15T10:06:31.228441500-0500","23.975471600","192.168.0.186","192.168.0.178","25858","25565","12572","3208040","3","0","0x0018"
"6368","2026-08-15T10:06:31.229169300-0500","23.976199400","192.168.0.178","192.168.0.186","25565","25858","3208040","12575","0","0","0x0010"
"6369","2026-08-15T10:06:31.252082400-0500","23.999112500","192.168.0.178","192.168.0.186","25565","25858","3208040","12575","51","0","0x0018"
"6370","2026-08-15T10:06:31.277244700-0500","24.024274800","192.168.0.186","192.168.0.178","25858","25565","12575","3208091","36","0","0x0018"
"6371","2026-08-15T10:06:31.278401800-0500","24.025431900","192.168.0.186","192.168.0.178","25858","25565","12611","3208091","3","0","0x0018"
"6372","2026-08-15T10:06:31.279117700-0500","24.026147800","192.168.0.178","192.168.0.186","25565","25858","3208091","12614","0","0","0x0010"
"6373","2026-08-15T10:06:31.306561800-0500","24.053591900","192.168.0.178","192.168.0.186","25565","25858","3208091","12614","104","0","0x0018"
"6374","2026-08-15T10:06:31.326405600-0500","24.073435700","192.168.0.186","192.168.0.178","25858","25565","12614","3208195","36","0","0x0018"
"6375","2026-08-15T10:06:31.327028600-0500","24.074058700","192.168.0.186","192.168.0.178","25858","25565","12650","3208195","3","0","0x0018"
"6376","2026-08-15T10:06:31.331413500-0500","24.078443600","192.168.0.178","192.168.0.186","25565","25858","3208195","12653","0","0","0x0010"
"6377","2026-08-15T10:06:31.344572300-0500","24.091602400","192.168.0.178","192.168.0.186","25565","25858","3208195","12653","52","0","0x0018"
"6378","2026-08-15T10:06:31.344572300-0500","24.091602400","192.168.0.178","192.168.0.186","25565","25858","3208247","12653","52","0","0x0018"
"6379","2026-08-15T10:06:31.344605900-0500","24.091636000","192.168.0.186","192.168.0.178","25858","25565","12653","3208299","0","0","0x0010"
"6380","2026-08-15T10:06:31.344879600-0500","24.091909700","192.168.0.178","192.168.0.186","25565","25858","3208299","12653","52","0","0x0018"
"6381","2026-08-15T10:06:31.352644500-0500","24.099674600","192.168.0.178","192.168.0.186","25565","25858","3208351","12653","121","0","0x0018"
"6382","2026-08-15T10:06:31.352661700-0500","24.099691800","192.168.0.186","192.168.0.178","25858","25565","12653","3208472","0","0","0x0010"
"6383","2026-08-15T10:06:31.376070500-0500","24.123100600","192.168.0.186","192.168.0.178","25858","25565","12653","3208472","28","0","0x0018"
"6384","2026-08-15T10:06:31.376815000-0500","24.123845100","192.168.0.186","192.168.0.178","25858","25565","12681","3208472","3","0","0x0018"
"6385","2026-08-15T10:06:31.377448400-0500","24.124478500","192.168.0.178","192.168.0.186","25565","25858","3208472","12684","0","0","0x0010"
"6386","2026-08-15T10:06:31.402096700-0500","24.149126800","192.168.0.178","192.168.0.186","25565","25858","3208472","12684","62","0","0x0018"
"6387","2026-08-15T10:06:31.426731100-0500","24.173761200","192.168.0.186","192.168.0.178","25858","25565","12684","3208534","28","0","0x0018"
"6388","2026-08-15T10:06:31.427587200-0500","24.174617300","192.168.0.186","192.168.0.178","25858","25565","12712","3208534","3","0","0x0018"
"6389","2026-08-15T10:06:31.428261900-0500","24.175292000","192.168.0.178","192.168.0.186","25565","25858","3208534","12715","0","0","0x0010"
"6390","2026-08-15T10:06:31.476732500-0500","24.223762600","192.168.0.186","192.168.0.178","25858","25565","12715","3208534","28","0","0x0018"
"6391","2026-08-15T10:06:31.478009800-0500","24.225039900","192.168.0.186","192.168.0.178","25858","25565","12743","3208534","3","0","0x0018"
"6392","2026-08-15T10:06:31.478725200-0500","24.225755300","192.168.0.178","192.168.0.186","25565","25858","3208534","12746","0","0","0x0010"
"6393","2026-08-15T10:06:31.501784500-0500","24.248814600","192.168.0.178","192.168.0.186","25565","25858","3208534","12746","105","0","0x0018"
"6394","2026-08-15T10:06:31.525952500-0500","24.272982600","192.168.0.186","192.168.0.178","25858","25565","12746","3208639","28","0","0x0018"
"6395","2026-08-15T10:06:31.526374700-0500","24.273404800","192.168.0.186","192.168.0.178","25858","25565","12774","3208639","3","0","0x0018"
"6396","2026-08-15T10:06:31.526922900-0500","24.273953000","192.168.0.178","192.168.0.186","25565","25858","3208639","12777","0","0","0x0010"
"6397","2026-08-15T10:06:31.553058900-0500","24.300089000","192.168.0.178","192.168.0.186","25565","25858","3208639","12777","62","0","0x0018"
"6398","2026-08-15T10:06:31.576780100-0500","24.323810200","192.168.0.186","192.168.0.178","25858","25565","12777","3208701","36","0","0x0018"
"6399","2026-08-15T10:06:31.577966400-0500","24.324996500","192.168.0.186","192.168.0.178","25858","25565","12813","3208701","3","0","0x0018"
"6400","2026-08-15T10:06:31.578533600-0500","24.325563700","192.168.0.178","192.168.0.186","25565","25858","3208701","12816","0","0","0x0010"
"6401","2026-08-15T10:06:31.627036700-0500","24.374066800","192.168.0.186","192.168.0.178","25858","25565","12816","3208701","36","0","0x0018"
"6402","2026-08-15T10:06:31.627958500-0500","24.374988600","192.168.0.186","192.168.0.178","25858","25565","12852","3208701","3","0","0x0018"
"6403","2026-08-15T10:06:31.628570300-0500","24.375600400","192.168.0.178","192.168.0.186","25565","25858","3208701","12855","0","0","0x0010"
"6404","2026-08-15T10:06:31.651779700-0500","24.398809800","192.168.0.178","192.168.0.186","25565","25858","3208701","12855","96","0","0x0018"
"6405","2026-08-15T10:06:31.676491600-0500","24.423521700","192.168.0.186","192.168.0.178","25858","25565","12855","3208797","36","0","0x0018"
"6406","2026-08-15T10:06:31.677240400-0500","24.424270500","192.168.0.186","192.168.0.178","25858","25565","12891","3208797","3","0","0x0018"
"6407","2026-08-15T10:06:31.677995400-0500","24.425025500","192.168.0.178","192.168.0.186","25565","25858","3208797","12894","0","0","0x0010"
"6408","2026-08-15T10:06:31.701784600-0500","24.448814700","192.168.0.178","192.168.0.186","25565","25858","3208797","12894","86","0","0x0018"
"6409","2026-08-15T10:06:31.726938400-0500","24.473968500","192.168.0.186","192.168.0.178","25858","25565","12894","3208883","36","0","0x0018"
"6410","2026-08-15T10:06:31.728135100-0500","24.475165200","192.168.0.186","192.168.0.178","25858","25565","12930","3208883","3","0","0x0018"
"6411","2026-08-15T10:06:31.728814600-0500","24.475844700","192.168.0.178","192.168.0.186","25565","25858","3208883","12933","0","0","0x0010"
"6412","2026-08-15T10:06:31.776684200-0500","24.523714300","192.168.0.186","192.168.0.178","25858","25565","12933","3208883","36","0","0x0018"
"6413","2026-08-15T10:06:31.777849700-0500","24.524879800","192.168.0.186","192.168.0.178","25858","25565","12969","3208883","3","0","0x0018"
"6414","2026-08-15T10:06:31.778564100-0500","24.525594200","192.168.0.178","192.168.0.186","25565","25858","3208883","12972","0","0","0x0010"
"6415","2026-08-15T10:06:31.801450700-0500","24.548480800","192.168.0.178","192.168.0.186","25565","25858","3208883","12972","95","0","0x0018"
"6416","2026-08-15T10:06:31.827109600-0500","24.574139700","192.168.0.186","192.168.0.178","25858","25565","12972","3208978","36","0","0x0018"
"6417","2026-08-15T10:06:31.828324000-0500","24.575354100","192.168.0.186","192.168.0.178","25858","25565","13008","3208978","3","0","0x0018"
"6418","2026-08-15T10:06:31.829094800-0500","24.576124900","192.168.0.178","192.168.0.186","25565","25858","3208978","13011","0","0","0x0010"
"6419","2026-08-15T10:06:31.852687300-0500","24.599717400","192.168.0.178","192.168.0.186","25565","25858","3208978","13011","166","0","0x0018"
"6420","2026-08-15T10:06:31.876813400-0500","24.623843500","192.168.0.186","192.168.0.178","25858","25565","13011","3209144","36","0","0x0018"
"6421","2026-08-15T10:06:31.877912900-0500","24.624943000","192.168.0.186","192.168.0.178","25858","25565","13047","3209144","3","0","0x0018"
"6422","2026-08-15T10:06:31.878609300-0500","24.625639400","192.168.0.178","192.168.0.186","25565","25858","3209144","13050","0","0","0x0010"
"6423","2026-08-15T10:06:31.878609300-0500","24.625639400","192.168.0.178","192.168.0.186","25565","25858","3209144","13050","11","0","0x0018"
"6424","2026-08-15T10:06:31.878609300-0500","24.625639400","192.168.0.178","192.168.0.186","25565","25858","3209155","13050","11","0","0x0018"
"6425","2026-08-15T10:06:31.878675200-0500","24.625705300","192.168.0.186","192.168.0.178","25858","25565","13050","3209166","0","0","0x0010"
"6426","2026-08-15T10:06:31.878723200-0500","24.625753300","192.168.0.178","192.168.0.186","25565","25858","3209166","13050","11","0","0x0018"
"6427","2026-08-15T10:06:31.878723200-0500","24.625753300","192.168.0.178","192.168.0.186","25565","25858","3209177","13050","11","0","0x0018"
"6428","2026-08-15T10:06:31.878735400-0500","24.625765500","192.168.0.186","192.168.0.178","25858","25565","13050","3209188","0","0","0x0010"
"6429","2026-08-15T10:06:31.878772500-0500","24.625802600","192.168.0.178","192.168.0.186","25565","25858","3209188","13050","11","0","0x0018"
"6430","2026-08-15T10:06:31.878834000-0500","24.625864100","192.168.0.178","192.168.0.186","25565","25858","3209199","13050","11","0","0x0018"
"6431","2026-08-15T10:06:31.878845600-0500","24.625875700","192.168.0.186","192.168.0.178","25858","25565","13050","3209210","0","0","0x0010"
"6432","2026-08-15T10:06:31.878895500-0500","24.625925600","192.168.0.178","192.168.0.186","25565","25858","3209210","13050","11","0","0x0018"
"6433","2026-08-15T10:06:31.878929600-0500","24.625959700","192.168.0.178","192.168.0.186","25565","25858","3209221","13050","11","0","0x0018"
"6434","2026-08-15T10:06:31.878940600-0500","24.625970700","192.168.0.186","192.168.0.178","25858","25565","13050","3209232","0","0","0x0010"
"6435","2026-08-15T10:06:31.878993100-0500","24.626023200","192.168.0.178","192.168.0.186","25565","25858","3209232","13050","11","0","0x0018"
"6436","2026-08-15T10:06:31.879257700-0500","24.626287800","192.168.0.178","192.168.0.186","25565","25858","3209243","13050","11","0","0x0018"
"6437","2026-08-15T10:06:31.879257700-0500","24.626287800","192.168.0.178","192.168.0.186","25565","25858","3209254","13050","11","0","0x0018"
"6438","2026-08-15T10:06:31.879257700-0500","24.626287800","192.168.0.178","192.168.0.186","25565","25858","3209265","13050","11","0","0x0018"
"6439","2026-08-15T10:06:31.879312200-0500","24.626342300","192.168.0.186","192.168.0.178","25858","25565","13050","3209276","0","0","0x0010"
"6440","2026-08-15T10:06:31.879353000-0500","24.626383100","192.168.0.178","192.168.0.186","25565","25858","3209276","13050","11","0","0x0018"
"6441","2026-08-15T10:06:31.879353000-0500","24.626383100","192.168.0.178","192.168.0.186","25565","25858","3209287","13050","11","0","0x0018"
"6442","2026-08-15T10:06:31.879353000-0500","24.626383100","192.168.0.178","192.168.0.186","25565","25858","3209298","13050","11","0","0x0018"
"6443","2026-08-15T10:06:31.879372800-0500","24.626402900","192.168.0.186","192.168.0.178","25858","25565","13050","3209309","0","0","0x0010"
"6444","2026-08-15T10:06:31.879408200-0500","24.626438300","192.168.0.178","192.168.0.186","25565","25858","3209309","13050","11","0","0x0018"
"6445","2026-08-15T10:06:31.879408200-0500","24.626438300","192.168.0.178","192.168.0.186","25565","25858","3209320","13050","11","0","0x0018"
"6446","2026-08-15T10:06:31.879418900-0500","24.626449000","192.168.0.186","192.168.0.178","25858","25565","13050","3209331","0","0","0x0010"
"6447","2026-08-15T10:06:31.879467900-0500","24.626498000","192.168.0.178","192.168.0.186","25565","25858","3209331","13050","11","0","0x0018"
"6448","2026-08-15T10:06:31.879481500-0500","24.626511600","192.168.0.186","192.168.0.178","25858","25565","13050","3209342","0","0","0x0010"
"6449","2026-08-15T10:06:31.879532000-0500","24.626562100","192.168.0.178","192.168.0.186","25565","25858","3209342","13050","11","0","0x0018"
"6450","2026-08-15T10:06:31.879604700-0500","24.626634800","192.168.0.178","192.168.0.186","25565","25858","3209353","13050","9","0","0x0018"
"6451","2026-08-15T10:06:31.879617100-0500","24.626647200","192.168.0.186","192.168.0.178","25858","25565","13050","3209362","0","0","0x0010"
"6452","2026-08-15T10:06:31.894487000-0500","24.641517100","192.168.0.178","192.168.0.186","25565","25858","3209362","13050","52","0","0x0018"
"6453","2026-08-15T10:06:31.894487000-0500","24.641517100","192.168.0.178","192.168.0.186","25565","25858","3209414","13050","52","0","0x0018"
"6454","2026-08-15T10:06:31.894487000-0500","24.641517100","192.168.0.178","192.168.0.186","25565","25858","3209466","13050","52","0","0x0018"
"6455","2026-08-15T10:06:31.894538100-0500","24.641568200","192.168.0.186","192.168.0.178","25858","25565","13050","3209518","0","0","0x0010"
"6456","2026-08-15T10:06:31.902514000-0500","24.649544100","192.168.0.178","192.168.0.186","25565","25858","3209518","13050","31","0","0x0018"
"6457","2026-08-15T10:06:31.902557400-0500","24.649587500","192.168.0.186","192.168.0.178","25858","25565","13050","3209549","0","0","0x0010"
"6458","2026-08-15T10:06:31.925941500-0500","24.672971600","192.168.0.186","192.168.0.178","25858","25565","13050","3209549","28","0","0x0018"
"6459","2026-08-15T10:06:31.926430300-0500","24.673460400","192.168.0.186","192.168.0.178","25858","25565","13078","3209549","3","0","0x0018"
"6460","2026-08-15T10:06:31.927066600-0500","24.674096700","192.168.0.178","192.168.0.186","25565","25858","3209549","13081","0","0","0x0010"
"6461","2026-08-15T10:06:31.951898900-0500","24.698929000","192.168.0.178","192.168.0.186","25565","25858","3209549","13081","109","0","0x0018"
"6462","2026-08-15T10:06:31.977194900-0500","24.724225000","192.168.0.186","192.168.0.178","25858","25565","13081","3209658","28","0","0x0018"
"6463","2026-08-15T10:06:31.978505900-0500","24.725536000","192.168.0.186","192.168.0.178","25858","25565","13109","3209658","3","0","0x0018"
"6464","2026-08-15T10:06:31.979139700-0500","24.726169800","192.168.0.178","192.168.0.186","25565","25858","3209658","13112","0","0","0x0010"
"6465","2026-08-15T10:06:32.002121800-0500","24.749151900","192.168.0.178","192.168.0.186","25565","25858","3209658","13112","62","0","0x0018"
"6466","2026-08-15T10:06:32.027131700-0500","24.774161800","192.168.0.186","192.168.0.178","25858","25565","13112","3209720","28","0","0x0018"
"6467","2026-08-15T10:06:32.028369800-0500","24.775399900","192.168.0.186","192.168.0.178","25858","25565","13140","3209720","3","0","0x0018"
"6468","2026-08-15T10:06:32.029057700-0500","24.776087800","192.168.0.178","192.168.0.186","25565","25858","3209720","13143","0","0","0x0010"
"6469","2026-08-15T10:06:32.052057700-0500","24.799087800","192.168.0.178","192.168.0.186","25565","25858","3209720","13143","23","0","0x0018"
"6470","2026-08-15T10:06:32.052377900-0500","24.799408000","192.168.0.186","192.168.0.178","25858","25565","13143","3209743","11","0","0x0018"
"6471","2026-08-15T10:06:32.077107500-0500","24.824137600","192.168.0.186","192.168.0.178","25858","25565","13154","3209743","36","0","0x0018"
"6472","2026-08-15T10:06:32.077911300-0500","24.824941400","192.168.0.178","192.168.0.186","25565","25858","3209743","13190","0","0","0x0010"
"6473","2026-08-15T10:06:32.078220300-0500","24.825250400","192.168.0.186","192.168.0.178","25858","25565","13190","3209743","3","0","0x0018"
"6474","2026-08-15T10:06:32.102228000-0500","24.849258100","192.168.0.178","192.168.0.186","25565","25858","3209743","13193","102","0","0x0018"
"6475","2026-08-15T10:06:32.127043500-0500","24.874073600","192.168.0.186","192.168.0.178","25858","25565","13193","3209845","28","0","0x0018"
"6476","2026-08-15T10:06:32.128156600-0500","24.875186700","192.168.0.186","192.168.0.178","25858","25565","13221","3209845","3","0","0x0018"
"6477","2026-08-15T10:06:32.128841400-0500","24.875871500","192.168.0.178","192.168.0.186","25565","25858","3209845","13224","0","0","0x0010"
"6478","2026-08-15T10:06:32.151647500-0500","24.898677600","192.168.0.178","192.168.0.186","25565","25858","3209845","13224","70","0","0x0018"
"6479","2026-08-15T10:06:32.177017500-0500","24.924047600","192.168.0.186","192.168.0.178","25858","25565","13224","3209915","36","0","0x0018"
"6480","2026-08-15T10:06:32.178203900-0500","24.925234000","192.168.0.186","192.168.0.178","25858","25565","13260","3209915","3","0","0x0018"
"6481","2026-08-15T10:06:32.178847900-0500","24.925878000","192.168.0.178","192.168.0.186","25565","25858","3209915","13263","0","0","0x0010"
"6482","2026-08-15T10:06:32.201234400-0500","24.948264500","192.168.0.178","192.168.0.186","25565","25858","3209915","13263","6","0","0x0018"
"6483","2026-08-15T10:06:32.227161300-0500","24.974191400","192.168.0.186","192.168.0.178","25858","25565","13263","3209921","36","0","0x0018"
"6484","2026-08-15T10:06:32.228017600-0500","24.975047700","192.168.0.186","192.168.0.178","25858","25565","13299","3209921","3","0","0x0018"
"6485","2026-08-15T10:06:32.228759200-0500","24.975789300","192.168.0.178","192.168.0.186","25565","25858","3209921","13302","0","0","0x0010"
"6486","2026-08-15T10:06:32.254060800-0500","25.001090900","192.168.0.178","192.168.0.186","25565","25858","3209921","13302","86","0","0x0018"
"6487","2026-08-15T10:06:32.276921000-0500","25.023951100","192.168.0.186","192.168.0.178","25858","25565","13302","3210007","36","0","0x0018"
"6488","2026-08-15T10:06:32.278089800-0500","25.025119900","192.168.0.186","192.168.0.178","25858","25565","13338","3210007","3","0","0x0018"
"6489","2026-08-15T10:06:32.278817100-0500","25.025847200","192.168.0.178","192.168.0.186","25565","25858","3210007","13341","0","0","0x0010"
"6490","2026-08-15T10:06:32.301602100-0500","25.048632200","192.168.0.178","192.168.0.186","25565","25858","3210007","13341","57","0","0x0018"
"6491","2026-08-15T10:06:32.327011600-0500","25.074041700","192.168.0.186","192.168.0.178","25858","25565","13341","3210064","36","0","0x0018"
"6492","2026-08-15T10:06:32.328148500-0500","25.075178600","192.168.0.186","192.168.0.178","25858","25565","13377","3210064","3","0","0x0018"
"6493","2026-08-15T10:06:32.328784800-0500","25.075814900","192.168.0.178","192.168.0.186","25565","25858","3210064","13380","0","0","0x0010"
"6494","2026-08-15T10:06:32.351912700-0500","25.098942800","192.168.0.178","192.168.0.186","25565","25858","3210064","13380","104","0","0x0018"
"6495","2026-08-15T10:06:32.377135100-0500","25.124165200","192.168.0.186","192.168.0.178","25858","25565","13380","3210168","36","0","0x0018"
"6496","2026-08-15T10:06:32.378287400-0500","25.125317500","192.168.0.186","192.168.0.178","25858","25565","13416","3210168","3","0","0x0018"
"6497","2026-08-15T10:06:32.379056000-0500","25.126086100","192.168.0.178","192.168.0.186","25565","25858","3210168","13419","0","0","0x0010"
"6498","2026-08-15T10:06:32.394130500-0500","25.141160600","192.168.0.178","192.168.0.186","25565","25858","3210168","13419","52","0","0x0018"
"6499","2026-08-15T10:06:32.394130500-0500","25.141160600","192.168.0.178","192.168.0.186","25565","25858","3210220","13419","52","0","0x0018"
"6500","2026-08-15T10:06:32.394163600-0500","25.141193700","192.168.0.186","192.168.0.178","25858","25565","13419","3210272","0","0","0x0010"
"6501","2026-08-15T10:06:32.394442700-0500","25.141472800","192.168.0.178","192.168.0.186","25565","25858","3210272","13419","52","0","0x0018"
"6502","2026-08-15T10:06:32.401287200-0500","25.148317300","192.168.0.178","192.168.0.186","25565","25858","3210324","13419","75","0","0x0018"
"6503","2026-08-15T10:06:32.401306500-0500","25.148336600","192.168.0.186","192.168.0.178","25858","25565","13419","3210399","0","0","0x0010"
"6504","2026-08-15T10:06:32.427145800-0500","25.174175900","192.168.0.186","192.168.0.178","25858","25565","13419","3210399","36","0","0x0018"
"6505","2026-08-15T10:06:32.428262800-0500","25.175292900","192.168.0.186","192.168.0.178","25858","25565","13455","3210399","3","0","0x0018"
"6506","2026-08-15T10:06:32.429024500-0500","25.176054600","192.168.0.178","192.168.0.186","25565","25858","3210399","13458","0","0","0x0010"
"6507","2026-08-15T10:06:32.451610200-0500","25.198640300","192.168.0.178","192.168.0.186","25565","25858","3210399","13458","51","0","0x0018"
"6508","2026-08-15T10:06:32.476495800-0500","25.223525900","192.168.0.186","192.168.0.178","25858","25565","13458","3210450","36","0","0x0018"
"6509","2026-08-15T10:06:32.477230300-0500","25.224260400","192.168.0.186","192.168.0.178","25858","25565","13494","3210450","3","0","0x0018"
"6510","2026-08-15T10:06:32.478171100-0500","25.225201200","192.168.0.178","192.168.0.186","25565","25858","3210450","13497","0","0","0x0010"
"6511","2026-08-15T10:06:32.502416200-0500","25.249446300","192.168.0.178","192.168.0.186","25565","25858","3210450","13497","12","0","0x0018"
"6512","2026-08-15T10:06:32.526930800-0500","25.273960900","192.168.0.186","192.168.0.178","25858","25565","13497","3210462","28","0","0x0018"
"6513","2026-08-15T10:06:32.528053300-0500","25.275083400","192.168.0.186","192.168.0.178","25858","25565","13525","3210462","3","0","0x0018"
"6514","2026-08-15T10:06:32.528816000-0500","25.275846100","192.168.0.178","192.168.0.186","25565","25858","3210462","13528","0","0","0x0010"
"6515","2026-08-15T10:06:32.552098100-0500","25.299128200","192.168.0.178","192.168.0.186","25565","25858","3210462","13528","91","0","0x0018"
"6516","2026-08-15T10:06:32.576838300-0500","25.323868400","192.168.0.186","192.168.0.178","25858","25565","13528","3210553","28","0","0x0018"
"6517","2026-08-15T10:06:32.578026600-0500","25.325056700","192.168.0.186","192.168.0.178","25858","25565","13556","3210553","3","0","0x0018"
"6518","2026-08-15T10:06:32.578762000-0500","25.325792100","192.168.0.178","192.168.0.186","25565","25858","3210553","13559","0","0","0x0010"
"6519","2026-08-15T10:06:32.601578900-0500","25.348609000","192.168.0.178","192.168.0.186","25565","25858","3210553","13559","51","0","0x0018"
"6520","2026-08-15T10:06:32.627029900-0500","25.374060000","192.168.0.186","192.168.0.178","25858","25565","13559","3210604","36","0","0x0018"
"6521","2026-08-15T10:06:32.628330900-0500","25.375361000","192.168.0.186","192.168.0.178","25858","25565","13595","3210604","3","0","0x0018"
"6522","2026-08-15T10:06:32.629101400-0500","25.376131500","192.168.0.178","192.168.0.186","25565","25858","3210604","13598","0","0","0x0010"
"6523","2026-08-15T10:06:32.653020600-0500","25.400050700","192.168.0.178","192.168.0.186","25565","25858","3210604","13598","1460","0","0x0010"
"6524","2026-08-15T10:06:32.653020600-0500","25.400050700","192.168.0.178","192.168.0.186","25565","25858","3212064","13598","1460","0","0x0010"
"6525","2026-08-15T10:06:32.653083100-0500","25.400113200","192.168.0.186","192.168.0.178","25858","25565","13598","3213524","0","0","0x0010"
"6526","2026-08-15T10:06:32.653138500-0500","25.400168600","192.168.0.178","192.168.0.186","25565","25858","3213524","13598","1460","0","0x0010"
"6527","2026-08-15T10:06:32.653191200-0500","25.400221300","192.168.0.178","192.168.0.186","25565","25858","3214984","13598","1102","0","0x0018"
"6528","2026-08-15T10:06:32.653211000-0500","25.400241100","192.168.0.186","192.168.0.178","25858","25565","13598","3216086","0","0","0x0010"
"6529","2026-08-15T10:06:32.677168800-0500","25.424198900","192.168.0.186","192.168.0.178","25858","25565","13598","3216086","36","0","0x0018"
"6530","2026-08-15T10:06:32.678370100-0500","25.425400200","192.168.0.186","192.168.0.178","25858","25565","13634","3216086","3","0","0x0018"
"6531","2026-08-15T10:06:32.679145700-0500","25.426175800","192.168.0.178","192.168.0.186","25565","25858","3216086","13637","0","0","0x0010"
"6532","2026-08-15T10:06:32.694468900-0500","25.441499000","192.168.0.178","192.168.0.186","25565","25858","3216086","13637","52","0","0x0018"
"6533","2026-08-15T10:06:32.694468900-0500","25.441499000","192.168.0.178","192.168.0.186","25565","25858","3216138","13637","52","0","0x0018"
"6534","2026-08-15T10:06:32.694468900-0500","25.441499000","192.168.0.178","192.168.0.186","25565","25858","3216190","13637","52","0","0x0018"
"6535","2026-08-15T10:06:32.694533000-0500","25.441563100","192.168.0.186","192.168.0.178","25858","25565","13637","3216242","0","0","0x0010"
"6536","2026-08-15T10:06:32.702372600-0500","25.449402700","192.168.0.178","192.168.0.186","25565","25858","3216242","13637","94","0","0x0018"
"6537","2026-08-15T10:06:32.702392800-0500","25.449422900","192.168.0.186","192.168.0.178","25858","25565","13637","3216336","0","0","0x0010"
"6538","2026-08-15T10:06:32.726622100-0500","25.473652200","192.168.0.186","192.168.0.178","25858","25565","13637","3216336","36","0","0x0018"
"6539","2026-08-15T10:06:32.727368600-0500","25.474398700","192.168.0.186","192.168.0.178","25858","25565","13673","3216336","3","0","0x0018"
"6540","2026-08-15T10:06:32.728094300-0500","25.475124400","192.168.0.178","192.168.0.186","25565","25858","3216336","13676","0","0","0x0010"
"6541","2026-08-15T10:06:32.751439000-0500","25.498469100","192.168.0.178","192.168.0.186","25565","25858","3216336","13676","51","0","0x0018"
"6542","2026-08-15T10:06:32.776787500-0500","25.523817600","192.168.0.186","192.168.0.178","25858","25565","13676","3216387","36","0","0x0018"
"6543","2026-08-15T10:06:32.778002400-0500","25.525032500","192.168.0.186","192.168.0.178","25858","25565","13712","3216387","3","0","0x0018"
"6544","2026-08-15T10:06:32.778690900-0500","25.525721000","192.168.0.178","192.168.0.186","25565","25858","3216387","13715","0","0","0x0010"
"6545","2026-08-15T10:06:32.802981600-0500","25.550011700","192.168.0.178","192.168.0.186","25565","25858","3216387","13715","8","0","0x0018"
"6546","2026-08-15T10:06:32.827108900-0500","25.574139000","192.168.0.186","192.168.0.178","25858","25565","13715","3216395","28","0","0x0018"
"6547","2026-08-15T10:06:32.828489300-0500","25.575519400","192.168.0.186","192.168.0.178","25858","25565","13743","3216395","3","0","0x0018"
"6548","2026-08-15T10:06:32.828523700-0500","25.575553800","192.168.0.178","192.168.0.186","25565","25858","3216395","13743","11","0","0x0018"
"6549","2026-08-15T10:06:32.828523700-0500","25.575553800","192.168.0.178","192.168.0.186","25565","25858","3216406","13743","11","0","0x0018"
"6550","2026-08-15T10:06:32.828523700-0500","25.575553800","192.168.0.178","192.168.0.186","25565","25858","3216417","13743","11","0","0x0018"
"6551","2026-08-15T10:06:32.828639200-0500","25.575669300","192.168.0.186","192.168.0.178","25858","25565","13746","3216428","0","0","0x0010"
"6552","2026-08-15T10:06:32.828727700-0500","25.575757800","192.168.0.178","192.168.0.186","25565","25858","3216428","13743","11","0","0x0018"
"6553","2026-08-15T10:06:32.828727700-0500","25.575757800","192.168.0.178","192.168.0.186","25565","25858","3216439","13743","11","0","0x0018"
"6554","2026-08-15T10:06:32.828727700-0500","25.575757800","192.168.0.178","192.168.0.186","25565","25858","3216450","13743","11","0","0x0018"
"6555","2026-08-15T10:06:32.828727700-0500","25.575757800","192.168.0.178","192.168.0.186","25565","25858","3216461","13743","11","0","0x0018"
"6556","2026-08-15T10:06:32.828727700-0500","25.575757800","192.168.0.178","192.168.0.186","25565","25858","3216472","13746","11","0","0x0018"
"6557","2026-08-15T10:06:32.828727700-0500","25.575757800","192.168.0.178","192.168.0.186","25565","25858","3216483","13746","11","0","0x0018"
"6558","2026-08-15T10:06:32.828753000-0500","25.575783100","192.168.0.186","192.168.0.178","25858","25565","13746","3216494","0","0","0x0010"
"6559","2026-08-15T10:06:32.828786200-0500","25.575816300","192.168.0.178","192.168.0.186","25565","25858","3216494","13746","11","0","0x0018"
"6560","2026-08-15T10:06:32.828794000-0500","25.575824100","192.168.0.186","192.168.0.178","25858","25565","13746","3216505","0","0","0x0010"
"6561","2026-08-15T10:06:32.828864200-0500","25.575894300","192.168.0.178","192.168.0.186","25565","25858","3216505","13746","11","0","0x0018"
"6562","2026-08-15T10:06:32.828864200-0500","25.575894300","192.168.0.178","192.168.0.186","25565","25858","3216516","13746","11","0","0x0018"
"6563","2026-08-15T10:06:32.828873300-0500","25.575903400","192.168.0.186","192.168.0.178","25858","25565","13746","3216527","0","0","0x0010"
"6564","2026-08-15T10:06:32.828923200-0500","25.575953300","192.168.0.178","192.168.0.186","25565","25858","3216527","13746","11","0","0x0018"
"6565","2026-08-15T10:06:32.829259200-0500","25.576289300","192.168.0.178","192.168.0.186","25565","25858","3216538","13746","11","0","0x0018"
"6566","2026-08-15T10:06:32.829259200-0500","25.576289300","192.168.0.178","192.168.0.186","25565","25858","3216549","13746","11","0","0x0018"
"6567","2026-08-15T10:06:32.829259200-0500","25.576289300","192.168.0.178","192.168.0.186","25565","25858","3216560","13746","11","0","0x0018"
"6568","2026-08-15T10:06:32.829307500-0500","25.576337600","192.168.0.186","192.168.0.178","25858","25565","13746","3216571","0","0","0x0010"
"6569","2026-08-15T10:06:32.829355400-0500","25.576385500","192.168.0.178","192.168.0.186","25565","25858","3216571","13746","11","0","0x0018"
"6570","2026-08-15T10:06:32.829355400-0500","25.576385500","192.168.0.178","192.168.0.186","25565","25858","3216582","13746","11","0","0x0018"
"6571","2026-08-15T10:06:32.829367100-0500","25.576397200","192.168.0.186","192.168.0.178","25858","25565","13746","3216593","0","0","0x0010"
"6572","2026-08-15T10:06:32.829394600-0500","25.576424700","192.168.0.178","192.168.0.186","25565","25858","3216593","13746","11","0","0x0018"
"6573","2026-08-15T10:06:32.829394600-0500","25.576424700","192.168.0.178","192.168.0.186","25565","25858","3216604","13746","9","0","0x0018"
"6574","2026-08-15T10:06:32.829403400-0500","25.576433500","192.168.0.186","192.168.0.178","25858","25565","13746","3216613","0","0","0x0010"
"6575","2026-08-15T10:06:32.853288800-0500","25.600318900","192.168.0.178","192.168.0.186","25565","25858","3216613","13746","190","0","0x0018"
"6576","2026-08-15T10:06:32.877258900-0500","25.624289000","192.168.0.186","192.168.0.178","25858","25565","13746","3216803","36","0","0x0018"
"6577","2026-08-15T10:06:32.878420800-0500","25.625450900","192.168.0.186","192.168.0.178","25858","25565","13782","3216803","3","0","0x0018"
"6578","2026-08-15T10:06:32.879067500-0500","25.626097600","192.168.0.178","192.168.0.186","25565","25858","3216803","13785","0","0","0x0010"
"6579","2026-08-15T10:06:32.894305000-0500","25.641335100","192.168.0.178","192.168.0.186","25565","25858","3216803","13785","52","0","0x0018"
"6580","2026-08-15T10:06:32.894305000-0500","25.641335100","192.168.0.178","192.168.0.186","25565","25858","3216855","13785","52","0","0x0018"
"6581","2026-08-15T10:06:32.894305000-0500","25.641335100","192.168.0.178","192.168.0.186","25565","25858","3216907","13785","52","0","0x0018"
"6582","2026-08-15T10:06:32.894361200-0500","25.641391300","192.168.0.186","192.168.0.178","25858","25565","13785","3216959","0","0","0x0010"
"6583","2026-08-15T10:06:32.901775400-0500","25.648805500","192.168.0.178","192.168.0.186","25565","25858","3216959","13785","106","0","0x0018"
"6584","2026-08-15T10:06:32.901820600-0500","25.648850700","192.168.0.186","192.168.0.178","25858","25565","13785","3217065","0","0","0x0010"
"6585","2026-08-15T10:06:32.926864100-0500","25.673894200","192.168.0.186","192.168.0.178","25858","25565","13785","3217065","36","0","0x0018"
"6586","2026-08-15T10:06:32.928020200-0500","25.675050300","192.168.0.186","192.168.0.178","25858","25565","13821","3217065","3","0","0x0018"
"6587","2026-08-15T10:06:32.928648800-0500","25.675678900","192.168.0.178","192.168.0.186","25565","25858","3217065","13824","0","0","0x0010"
"6588","2026-08-15T10:06:32.951719900-0500","25.698750000","192.168.0.178","192.168.0.186","25565","25858","3217065","13824","11","0","0x0018"
"6589","2026-08-15T10:06:32.976251900-0500","25.723282000","192.168.0.186","192.168.0.178","25858","25565","13824","3217076","36","0","0x0018"
"6590","2026-08-15T10:06:32.977049800-0500","25.724079900","192.168.0.186","192.168.0.178","25858","25565","13860","3217076","3","0","0x0018"
"6591","2026-08-15T10:06:32.977718600-0500","25.724748700","192.168.0.178","192.168.0.186","25565","25858","3217076","13863","0","0","0x0010"
"6592","2026-08-15T10:06:33.001359700-0500","25.748389800","192.168.0.178","192.168.0.186","25565","25858","3217076","13863","87","0","0x0018"
"6593","2026-08-15T10:06:33.027084000-0500","25.774114100","192.168.0.186","192.168.0.178","25858","25565","13863","3217163","36","0","0x0018"
"6594","2026-08-15T10:06:33.027959600-0500","25.774989700","192.168.0.186","192.168.0.178","25858","25565","13899","3217163","3","0","0x0018"
"6595","2026-08-15T10:06:33.029255400-0500","25.776285500","192.168.0.178","192.168.0.186","25565","25858","3217163","13902","0","0","0x0010"
"6596","2026-08-15T10:06:33.053240900-0500","25.800271000","192.168.0.178","192.168.0.186","25565","25858","3217163","13902","214","0","0x0018"
"6597","2026-08-15T10:06:33.053515000-0500","25.800545100","192.168.0.186","192.168.0.178","25858","25565","13902","3217377","11","0","0x0018"
"6598","2026-08-15T10:06:33.076835400-0500","25.823865500","192.168.0.186","192.168.0.178","25858","25565","13913","3217377","36","0","0x0018"
"6599","2026-08-15T10:06:33.077560900-0500","25.824591000","192.168.0.178","192.168.0.186","25565","25858","3217377","13949","0","0","0x0010"
"6600","2026-08-15T10:06:33.077983700-0500","25.825013800","192.168.0.186","192.168.0.178","25858","25565","13949","3217377","3","0","0x0018"
"6601","2026-08-15T10:06:33.101120700-0500","25.848150800","192.168.0.178","192.168.0.186","25565","25858","3217377","13952","31","0","0x0018"
"6602","2026-08-15T10:06:33.126923100-0500","25.873953200","192.168.0.186","192.168.0.178","25858","25565","13952","3217408","28","0","0x0018"
"6603","2026-08-15T10:06:33.127996700-0500","25.875026800","192.168.0.186","192.168.0.178","25858","25565","13980","3217408","3","0","0x0018"
"6604","2026-08-15T10:06:33.128735000-0500","25.875765100","192.168.0.178","192.168.0.186","25565","25858","3217408","13983","0","0","0x0010"
"6605","2026-08-15T10:06:33.151927600-0500","25.898957700","192.168.0.178","192.168.0.186","25565","25858","3217408","13983","680","0","0x0018"
"6606","2026-08-15T10:06:33.176734200-0500","25.923764300","192.168.0.186","192.168.0.178","25858","25565","13983","3218088","28","0","0x0018"
"6607","2026-08-15T10:06:33.177951000-0500","25.924981100","192.168.0.186","192.168.0.178","25858","25565","14011","3218088","3","0","0x0018"
"6608","2026-08-15T10:06:33.178592200-0500","25.925622300","192.168.0.178","192.168.0.186","25565","25858","3218088","14014","0","0","0x0010"
"6609","2026-08-15T10:06:33.201642200-0500","25.948672300","192.168.0.178","192.168.0.186","25565","25858","3218088","14014","64","0","0x0018"
"6610","2026-08-15T10:06:33.226355500-0500","25.973385600","192.168.0.186","192.168.0.178","25858","25565","14014","3218152","28","0","0x0018"
"6611","2026-08-15T10:06:33.227018500-0500","25.974048600","192.168.0.186","192.168.0.178","25858","25565","14042","3218152","3","0","0x0018"
"6612","2026-08-15T10:06:33.227709900-0500","25.974740000","192.168.0.178","192.168.0.186","25565","25858","3218152","14045","0","0","0x0010"
"6613","2026-08-15T10:06:33.252720900-0500","25.999751000","192.168.0.178","192.168.0.186","25565","25858","3218152","14045","148","0","0x0018"
"6614","2026-08-15T10:06:33.276749600-0500","26.023779700","192.168.0.186","192.168.0.178","25858","25565","14045","3218300","28","0","0x0018"
"6615","2026-08-15T10:06:33.277611300-0500","26.024641400","192.168.0.186","192.168.0.178","25858","25565","14073","3218300","3","0","0x0018"
"6616","2026-08-15T10:06:33.278322400-0500","26.025352500","192.168.0.178","192.168.0.186","25565","25858","3218300","14076","0","0","0x0010"
"6617","2026-08-15T10:06:33.297183800-0500","26.044213900","192.168.0.178","192.168.0.186","25565","25858","3218300","14076","52","0","0x0018"
"6618","2026-08-15T10:06:33.297183800-0500","26.044213900","192.168.0.178","192.168.0.186","25565","25858","3218352","14076","52","0","0x0018"
"6619","2026-08-15T10:06:33.297183800-0500","26.044213900","192.168.0.178","192.168.0.186","25565","25858","3218404","14076","52","0","0x0018"
"6620","2026-08-15T10:06:33.297234700-0500","26.044264800","192.168.0.186","192.168.0.178","25858","25565","14076","3218456","0","0","0x0010"
"6621","2026-08-15T10:06:33.301344200-0500","26.048374300","192.168.0.178","192.168.0.186","25565","25858","3218456","14076","197","0","0x0018"
"6622","2026-08-15T10:06:33.301396900-0500","26.048427000","192.168.0.186","192.168.0.178","25858","25565","14076","3218653","0","0","0x0010"
"6623","2026-08-15T10:06:33.326939300-0500","26.073969400","192.168.0.186","192.168.0.178","25858","25565","14076","3218653","28","0","0x0018"
"6624","2026-08-15T10:06:33.328115500-0500","26.075145600","192.168.0.186","192.168.0.178","25858","25565","14104","3218653","3","0","0x0018"
"6625","2026-08-15T10:06:33.328832600-0500","26.075862700","192.168.0.178","192.168.0.186","25565","25858","3218653","14107","0","0","0x0010"
"6626","2026-08-15T10:06:33.351439400-0500","26.098469500","192.168.0.178","192.168.0.186","25565","25858","3218653","14107","43","0","0x0018"
"6627","2026-08-15T10:06:33.376765700-0500","26.123795800","192.168.0.186","192.168.0.178","25858","25565","14107","3218696","36","0","0x0018"
"6628","2026-08-15T10:06:33.377944400-0500","26.124974500","192.168.0.186","192.168.0.178","25858","25565","14143","3218696","3","0","0x0018"
"6629","2026-08-15T10:06:33.378516100-0500","26.125546200","192.168.0.178","192.168.0.186","25565","25858","3218696","14146","0","0","0x0010"
"6630","2026-08-15T10:06:33.401872300-0500","26.148902400","192.168.0.178","192.168.0.186","25565","25858","3218696","14146","30","0","0x0018"
"6631","2026-08-15T10:06:33.426938700-0500","26.173968800","192.168.0.186","192.168.0.178","25858","25565","14146","3218726","36","0","0x0018"
"6632","2026-08-15T10:06:33.428025600-0500","26.175055700","192.168.0.186","192.168.0.178","25858","25565","14182","3218726","3","0","0x0018"
"6633","2026-08-15T10:06:33.428768800-0500","26.175798900","192.168.0.178","192.168.0.186","25565","25858","3218726","14185","0","0","0x0010"
"6634","2026-08-15T10:06:33.451693600-0500","26.198723700","192.168.0.178","192.168.0.186","25565","25858","3218726","14185","136","0","0x0018"
"6635","2026-08-15T10:06:33.476971400-0500","26.224001500","192.168.0.186","192.168.0.178","25858","25565","14185","3218862","36","0","0x0018"
"6636","2026-08-15T10:06:33.478074800-0500","26.225104900","192.168.0.186","192.168.0.178","25858","25565","14221","3218862","3","0","0x0018"
"6637","2026-08-15T10:06:33.478798900-0500","26.225829000","192.168.0.178","192.168.0.186","25565","25858","3218862","14224","0","0","0x0010"
"6638","2026-08-15T10:06:33.502055200-0500","26.249085300","192.168.0.178","192.168.0.186","25565","25858","3218862","14224","43","0","0x0018"
"6639","2026-08-15T10:06:33.527200400-0500","26.274230500","192.168.0.186","192.168.0.178","25858","25565","14224","3218905","36","0","0x0018"
"6640","2026-08-15T10:06:33.528126600-0500","26.275156700","192.168.0.186","192.168.0.178","25858","25565","14260","3218905","3","0","0x0018"
"6641","2026-08-15T10:06:33.528887900-0500","26.275918000","192.168.0.178","192.168.0.186","25565","25858","3218905","14263","0","0","0x0010"
"6642","2026-08-15T10:06:33.552320200-0500","26.299350300","192.168.0.178","192.168.0.186","25565","25858","3218905","14263","20","0","0x0018"
"6643","2026-08-15T10:06:33.576908000-0500","26.323938100","192.168.0.186","192.168.0.178","25858","25565","14263","3218925","36","0","0x0018"
"6644","2026-08-15T10:06:33.578014300-0500","26.325044400","192.168.0.186","192.168.0.178","25858","25565","14299","3218925","3","0","0x0018"
"6645","2026-08-15T10:06:33.578716100-0500","26.325746200","192.168.0.178","192.168.0.186","25565","25858","3218925","14302","0","0","0x0010"
"6646","2026-08-15T10:06:33.602351500-0500","26.349381600","192.168.0.178","192.168.0.186","25565","25858","3218925","14302","295","0","0x0018"
"6647","2026-08-15T10:06:33.627171000-0500","26.374201100","192.168.0.186","192.168.0.178","25858","25565","14302","3219220","28","0","0x0018"
"6648","2026-08-15T10:06:33.628384700-0500","26.375414800","192.168.0.186","192.168.0.178","25858","25565","14330","3219220","3","0","0x0018"
"6649","2026-08-15T10:06:33.630493300-0500","26.377523400","192.168.0.178","192.168.0.186","25565","25858","3219220","14333","0","0","0x0010"
"6650","2026-08-15T10:06:33.654745900-0500","26.401776000","192.168.0.178","192.168.0.186","25565","25858","3219220","14333","1460","0","0x0010"
"6651","2026-08-15T10:06:33.654745900-0500","26.401776000","192.168.0.178","192.168.0.186","25565","25858","3220680","14333","1460","0","0x0010"
"6652","2026-08-15T10:06:33.654822500-0500","26.401852600","192.168.0.186","192.168.0.178","25858","25565","14333","3222140","0","0","0x0010"
"6653","2026-08-15T10:06:33.654871900-0500","26.401902000","192.168.0.178","192.168.0.186","25565","25858","3222140","14333","1460","0","0x0010"
"6654","2026-08-15T10:06:33.654945500-0500","26.401975600","192.168.0.178","192.168.0.186","25565","25858","3223600","14333","1460","0","0x0010"
"6655","2026-08-15T10:06:33.654959700-0500","26.401989800","192.168.0.186","192.168.0.178","25858","25565","14333","3225060","0","0","0x0010"
"6656","2026-08-15T10:06:33.655207300-0500","26.402237400","192.168.0.178","192.168.0.186","25565","25858","3225060","14333","1460","0","0x0010"
"6657","2026-08-15T10:06:33.655207300-0500","26.402237400","192.168.0.178","192.168.0.186","25565","25858","3226520","14333","1460","0","0x0010"
"6658","2026-08-15T10:06:33.655249600-0500","26.402279700","192.168.0.186","192.168.0.178","25858","25565","14333","3227980","0","0","0x0010"
"6659","2026-08-15T10:06:33.655322800-0500","26.402352900","192.168.0.178","192.168.0.186","25565","25858","3227980","14333","1460","0","0x0010"
"6660","2026-08-15T10:06:33.655583200-0500","26.402613300","192.168.0.178","192.168.0.186","25565","25858","3229440","14333","1460","0","0x0010"
"6661","2026-08-15T10:06:33.655583200-0500","26.402613300","192.168.0.178","192.168.0.186","25565","25858","3230900","14333","1460","0","0x0010"
"6662","2026-08-15T10:06:33.655635300-0500","26.402665400","192.168.0.186","192.168.0.178","25858","25565","14333","3232360","0","0","0x0010"
"6663","2026-08-15T10:06:33.655692600-0500","26.402722700","192.168.0.178","192.168.0.186","25565","25858","3232360","14333","1051","0","0x0018"
"6664","2026-08-15T10:06:33.655715700-0500","26.402745800","192.168.0.186","192.168.0.178","25858","25565","14333","3233411","0","0","0x0010"
"6665","2026-08-15T10:06:33.676179700-0500","26.423209800","192.168.0.186","192.168.0.178","25858","25565","14333","3233411","36","0","0x0018"
"6666","2026-08-15T10:06:33.676727600-0500","26.423757700","192.168.0.186","192.168.0.178","25858","25565","14369","3233411","3","0","0x0018"
"6667","2026-08-15T10:06:33.677598400-0500","26.424628500","192.168.0.178","192.168.0.186","25565","25858","3233411","14372","0","0","0x0010"
"6668","2026-08-15T10:06:33.677598400-0500","26.424628500","192.168.0.178","192.168.0.186","25565","25858","3233411","14372","11","0","0x0018"
"6669","2026-08-15T10:06:33.677598400-0500","26.424628500","192.168.0.178","192.168.0.186","25565","25858","3233422","14372","11","0","0x0018"
"6670","2026-08-15T10:06:33.677598400-0500","26.424628500","192.168.0.178","192.168.0.186","25565","25858","3233433","14372","11","0","0x0018"
"6671","2026-08-15T10:06:33.677629400-0500","26.424659500","192.168.0.186","192.168.0.178","25858","25565","14372","3233444","0","0","0x0010"
"6672","2026-08-15T10:06:33.677712000-0500","26.424742100","192.168.0.178","192.168.0.186","25565","25858","3233444","14372","11","0","0x0018"
"6673","2026-08-15T10:06:33.677712000-0500","26.424742100","192.168.0.178","192.168.0.186","25565","25858","3233455","14372","11","0","0x0018"
"6674","2026-08-15T10:06:33.677717000-0500","26.424747100","192.168.0.186","192.168.0.178","25858","25565","14372","3233466","0","0","0x0010"
"6675","2026-08-15T10:06:33.677751600-0500","26.424781700","192.168.0.178","192.168.0.186","25565","25858","3233466","14372","11","0","0x0018"
"6676","2026-08-15T10:06:33.677755500-0500","26.424785600","192.168.0.186","192.168.0.178","25858","25565","14372","3233477","0","0","0x0010"
"6677","2026-08-15T10:06:33.677924000-0500","26.424954100","192.168.0.178","192.168.0.186","25565","25858","3233477","14372","11","0","0x0018"
"6678","2026-08-15T10:06:33.677924000-0500","26.424954100","192.168.0.178","192.168.0.186","25565","25858","3233488","14372","11","0","0x0018"
"6679","2026-08-15T10:06:33.677924000-0500","26.424954100","192.168.0.178","192.168.0.186","25565","25858","3233499","14372","11","0","0x0018"
"6680","2026-08-15T10:06:33.677943600-0500","26.424973700","192.168.0.186","192.168.0.178","25858","25565","14372","3233510","0","0","0x0010"
"6681","2026-08-15T10:06:33.677994500-0500","26.425024600","192.168.0.178","192.168.0.186","25565","25858","3233510","14372","11","0","0x0018"
"6682","2026-08-15T10:06:33.677994500-0500","26.425024600","192.168.0.178","192.168.0.186","25565","25858","3233521","14372","11","0","0x0018"
"6683","2026-08-15T10:06:33.678000800-0500","26.425030900","192.168.0.186","192.168.0.178","25858","25565","14372","3233532","0","0","0x0010"
"6684","2026-08-15T10:06:33.678024000-0500","26.425054100","192.168.0.178","192.168.0.186","25565","25858","3233532","14372","11","0","0x0018"
"6685","2026-08-15T10:06:33.678028800-0500","26.425058900","192.168.0.186","192.168.0.178","25858","25565","14372","3233543","0","0","0x0010"
"6686","2026-08-15T10:06:33.678162800-0500","26.425192900","192.168.0.178","192.168.0.186","25565","25858","3233543","14372","11","0","0x0018"
"6687","2026-08-15T10:06:33.678162800-0500","26.425192900","192.168.0.178","192.168.0.186","25565","25858","3233554","14372","11","0","0x0018"
"6688","2026-08-15T10:06:33.678181300-0500","26.425211400","192.168.0.186","192.168.0.178","25858","25565","14372","3233565","0","0","0x0010"
"6689","2026-08-15T10:06:33.678239300-0500","26.425269400","192.168.0.178","192.168.0.186","25565","25858","3233565","14372","11","0","0x0018"
"6690","2026-08-15T10:06:33.678239300-0500","26.425269400","192.168.0.178","192.168.0.186","25565","25858","3233576","14372","11","0","0x0018"
"6691","2026-08-15T10:06:33.678245600-0500","26.425275700","192.168.0.186","192.168.0.178","25858","25565","14372","3233587","0","0","0x0010"
"6692","2026-08-15T10:06:33.678275600-0500","26.425305700","192.168.0.178","192.168.0.186","25565","25858","3233587","14372","11","0","0x0018"
"6693","2026-08-15T10:06:33.678439100-0500","26.425469200","192.168.0.178","192.168.0.186","25565","25858","3233598","14372","11","0","0x0018"
"6694","2026-08-15T10:06:33.678439100-0500","26.425469200","192.168.0.178","192.168.0.186","25565","25858","3233609","14372","11","0","0x0018"
"6695","2026-08-15T10:06:33.678457600-0500","26.425487700","192.168.0.186","192.168.0.178","25858","25565","14372","3233620","0","0","0x0010"
"6696","2026-08-15T10:06:33.678536800-0500","26.425566900","192.168.0.178","192.168.0.186","25565","25858","3233620","14372","9","0","0x0018"
"6697","2026-08-15T10:06:33.678542200-0500","26.425572300","192.168.0.186","192.168.0.178","25858","25565","14372","3233629","0","0","0x0010"
"6698","2026-08-15T10:06:33.702642000-0500","26.449672100","192.168.0.178","192.168.0.186","25565","25858","3233629","14372","1460","0","0x0010"
"6699","2026-08-15T10:06:33.702642000-0500","26.449672100","192.168.0.178","192.168.0.186","25565","25858","3235089","14372","1460","0","0x0010"
"6700","2026-08-15T10:06:33.702676900-0500","26.449707000","192.168.0.186","192.168.0.178","25858","25565","14372","3236549","0","0","0x0010"
"6701","2026-08-15T10:06:33.702901300-0500","26.449931400","192.168.0.178","192.168.0.186","25565","25858","3236549","14372","1460","0","0x0010"
"6702","2026-08-15T10:06:33.702901300-0500","26.449931400","192.168.0.178","192.168.0.186","25565","25858","3238009","14372","1460","0","0x0010"
"6703","2026-08-15T10:06:33.702920700-0500","26.449950800","192.168.0.186","192.168.0.178","25858","25565","14372","3239469","0","0","0x0010"
"6704","2026-08-15T10:06:33.703122700-0500","26.450152800","192.168.0.178","192.168.0.186","25565","25858","3239469","14372","1460","0","0x0010"
"6705","2026-08-15T10:06:33.703122700-0500","26.450152800","192.168.0.178","192.168.0.186","25565","25858","3240929","14372","1460","0","0x0010"
"6706","2026-08-15T10:06:33.703141600-0500","26.450171700","192.168.0.186","192.168.0.178","25858","25565","14372","3242389","0","0","0x0010"
"6707","2026-08-15T10:06:33.703356000-0500","26.450386100","192.168.0.178","192.168.0.186","25565","25858","3242389","14372","1460","0","0x0010"
"6708","2026-08-15T10:06:33.703424200-0500","26.450454300","192.168.0.178","192.168.0.186","25565","25858","3243849","14372","1460","0","0x0010"
"6709","2026-08-15T10:06:33.703429900-0500","26.450460000","192.168.0.186","192.168.0.178","25858","25565","14372","3245309","0","0","0x0010"
"6710","2026-08-15T10:06:33.703487200-0500","26.450517300","192.168.0.178","192.168.0.186","25565","25858","3245309","14372","1460","0","0x0010"
"6711","2026-08-15T10:06:33.703737500-0500","26.450767600","192.168.0.178","192.168.0.186","25565","25858","3246769","14372","1460","0","0x0010"
"6712","2026-08-15T10:06:33.703737500-0500","26.450767600","192.168.0.178","192.168.0.186","25565","25858","3248229","14372","1460","0","0x0018"
"6713","2026-08-15T10:06:33.703757200-0500","26.450787300","192.168.0.186","192.168.0.178","25858","25565","14372","3249689","0","0","0x0010"
"6714","2026-08-15T10:06:33.703970200-0500","26.451000300","192.168.0.178","192.168.0.186","25565","25858","3249689","14372","1460","0","0x0010"
"6715","2026-08-15T10:06:33.703991000-0500","26.451021100","192.168.0.186","192.168.0.178","25858","25565","14372","3251149","0","0","0x0010"
"6716","2026-08-15T10:06:33.704037600-0500","26.451067700","192.168.0.178","192.168.0.186","25565","25858","3251149","14372","1460","0","0x0010"
"6717","2026-08-15T10:06:33.704230000-0500","26.451260100","192.168.0.178","192.168.0.186","25565","25858","3252609","14372","1302","0","0x0018"
"6718","2026-08-15T10:06:33.704248200-0500","26.451278300","192.168.0.186","192.168.0.178","25858","25565","14372","3253911","0","0","0x0010"
"6719","2026-08-15T10:06:33.725770400-0500","26.472800500","192.168.0.186","192.168.0.178","25858","25565","14372","3253911","36","0","0x0018"
"6720","2026-08-15T10:06:33.726259400-0500","26.473289500","192.168.0.186","192.168.0.178","25858","25565","14408","3253911","3","0","0x0018"
"6721","2026-08-15T10:06:33.726983500-0500","26.474013600","192.168.0.178","192.168.0.186","25565","25858","3253911","14411","0","0","0x0010"
"6722","2026-08-15T10:06:33.752730300-0500","26.499760400","192.168.0.178","192.168.0.186","25565","25858","3253911","14411","1460","0","0x0010"
"6723","2026-08-15T10:06:33.752730300-0500","26.499760400","192.168.0.178","192.168.0.186","25565","25858","3255371","14411","1460","0","0x0010"
"6724","2026-08-15T10:06:33.752782400-0500","26.499812500","192.168.0.186","192.168.0.178","25858","25565","14411","3256831","0","0","0x0010"
"6725","2026-08-15T10:06:33.752852000-0500","26.499882100","192.168.0.178","192.168.0.186","25565","25858","3256831","14411","1460","0","0x0010"
"6726","2026-08-15T10:06:33.753081500-0500","26.500111600","192.168.0.178","192.168.0.186","25565","25858","3258291","14411","1460","0","0x0010"
"6727","2026-08-15T10:06:33.753081500-0500","26.500111600","192.168.0.178","192.168.0.186","25565","25858","3259751","14411","1460","0","0x0010"
"6728","2026-08-15T10:06:33.753118400-0500","26.500148500","192.168.0.186","192.168.0.178","25858","25565","14411","3261211","0","0","0x0010"
"6729","2026-08-15T10:06:33.753229300-0500","26.500259400","192.168.0.178","192.168.0.186","25565","25858","3261211","14411","1460","0","0x0010"
"6730","2026-08-15T10:06:33.753245400-0500","26.500275500","192.168.0.186","192.168.0.178","25858","25565","14411","3262671","0","0","0x0010"
"6731","2026-08-15T10:06:33.753364000-0500","26.500394100","192.168.0.178","192.168.0.186","25565","25858","3262671","14411","1460","0","0x0010"
"6732","2026-08-15T10:06:33.753435500-0500","26.500465600","192.168.0.178","192.168.0.186","25565","25858","3264131","14411","1460","0","0x0010"
"6733","2026-08-15T10:06:33.753442300-0500","26.500472400","192.168.0.186","192.168.0.178","25858","25565","14411","3265591","0","0","0x0010"
"6734","2026-08-15T10:06:33.753669600-0500","26.500699700","192.168.0.178","192.168.0.186","25565","25858","3265591","14411","1460","0","0x0010"
"6735","2026-08-15T10:06:33.753736100-0500","26.500766200","192.168.0.178","192.168.0.186","25565","25858","3267051","14411","1460","0","0x0010"
"6736","2026-08-15T10:06:33.753750700-0500","26.500780800","192.168.0.186","192.168.0.178","25858","25565","14411","3268511","0","0","0x0010"
"6737","2026-08-15T10:06:33.753804300-0500","26.500834400","192.168.0.178","192.168.0.186","25565","25858","3268511","14411","1460","0","0x0018"
"6738","2026-08-15T10:06:33.754069700-0500","26.501099800","192.168.0.178","192.168.0.186","25565","25858","3269971","14411","1460","0","0x0010"
"6739","2026-08-15T10:06:33.754069700-0500","26.501099800","192.168.0.178","192.168.0.186","25565","25858","3271431","14411","1460","0","0x0010"
"6740","2026-08-15T10:06:33.754110100-0500","26.501140200","192.168.0.186","192.168.0.178","25858","25565","14411","3272891","0","0","0x0010"
"6741","2026-08-15T10:06:33.754172700-0500","26.501202800","192.168.0.178","192.168.0.186","25565","25858","3272891","14411","1460","0","0x0010"
"6742","2026-08-15T10:06:33.754184800-0500","26.501214900","192.168.0.186","192.168.0.178","25858","25565","14411","3274351","0","0","0x0010"
"6743","2026-08-15T10:06:33.754232800-0500","26.501262900","192.168.0.178","192.168.0.186","25565","25858","3274351","14411","389","0","0x0018"
"6744","2026-08-15T10:06:33.776922400-0500","26.523952500","192.168.0.186","192.168.0.178","25858","25565","14411","3274740","28","0","0x0018"
"6745","2026-08-15T10:06:33.777891400-0500","26.524921500","192.168.0.186","192.168.0.178","25858","25565","14439","3274740","3","0","0x0018"
"6746","2026-08-15T10:06:33.778546200-0500","26.525576300","192.168.0.178","192.168.0.186","25565","25858","3274740","14442","0","0","0x0010"
"6747","2026-08-15T10:06:33.800988400-0500","26.548018500","192.168.0.178","192.168.0.186","25565","25858","3274740","14442","26","0","0x0018"
"6748","2026-08-15T10:06:33.826745900-0500","26.573776000","192.168.0.186","192.168.0.178","25858","25565","14442","3274766","36","0","0x0018"
"6749","2026-08-15T10:06:33.827954600-0500","26.574984700","192.168.0.186","192.168.0.178","25858","25565","14478","3274766","3","0","0x0018"
"6750","2026-08-15T10:06:33.828666600-0500","26.575696700","192.168.0.178","192.168.0.186","25565","25858","3274766","14481","0","0","0x0010"
"6751","2026-08-15T10:06:33.851122400-0500","26.598152500","192.168.0.178","192.168.0.186","25565","25858","3274766","14481","14","0","0x0018"
"6752","2026-08-15T10:06:33.876798800-0500","26.623828900","192.168.0.186","192.168.0.178","25858","25565","14481","3274780","28","0","0x0018"
"6753","2026-08-15T10:06:33.878006700-0500","26.625036800","192.168.0.186","192.168.0.178","25858","25565","14509","3274780","3","0","0x0018"
"6754","2026-08-15T10:06:33.878644900-0500","26.625675000","192.168.0.178","192.168.0.186","25565","25858","3274780","14512","0","0","0x0010"
"6755","2026-08-15T10:06:33.901307100-0500","26.648337200","192.168.0.178","192.168.0.186","25565","25858","3274780","14512","211","0","0x0018"
"6756","2026-08-15T10:06:33.926920900-0500","26.673951000","192.168.0.186","192.168.0.178","25858","25565","14512","3274991","28","0","0x0018"
"6757","2026-08-15T10:06:33.928350100-0500","26.675380200","192.168.0.186","192.168.0.178","25858","25565","14540","3274991","3","0","0x0018"
"6758","2026-08-15T10:06:33.929154800-0500","26.676184900","192.168.0.178","192.168.0.186","25565","25858","3274991","14543","0","0","0x0010"
"6759","2026-08-15T10:06:33.952509800-0500","26.699539900","192.168.0.178","192.168.0.186","25565","25858","3274991","14543","79","0","0x0018"
"6760","2026-08-15T10:06:33.976929500-0500","26.723959600","192.168.0.186","192.168.0.178","25858","25565","14543","3275070","28","0","0x0018"
"6761","2026-08-15T10:06:33.978358800-0500","26.725388900","192.168.0.186","192.168.0.178","25858","25565","14571","3275070","3","0","0x0018"
"6762","2026-08-15T10:06:33.979165500-0500","26.726195600","192.168.0.178","192.168.0.186","25565","25858","3275070","14574","0","0","0x0010"
"6763","2026-08-15T10:06:34.001650000-0500","26.748680100","192.168.0.178","192.168.0.186","25565","25858","3275070","14574","14","0","0x0018"
"6764","2026-08-15T10:06:34.026402700-0500","26.773432800","192.168.0.186","192.168.0.178","25858","25565","14574","3275084","28","0","0x0018"
"6765","2026-08-15T10:06:34.026788500-0500","26.773818600","192.168.0.186","192.168.0.178","25858","25565","14602","3275084","3","0","0x0018"
"6766","2026-08-15T10:06:34.027338200-0500","26.774368300","192.168.0.178","192.168.0.186","25565","25858","3275084","14605","0","0","0x0010"
"6767","2026-08-15T10:06:34.052487000-0500","26.799517100","192.168.0.178","192.168.0.186","25565","25858","3275084","14605","208","0","0x0018"
"6768","2026-08-15T10:06:34.077278200-0500","26.824308300","192.168.0.186","192.168.0.178","25858","25565","14605","3275292","28","0","0x0018"
"6769","2026-08-15T10:06:34.078256700-0500","26.825286800","192.168.0.186","192.168.0.178","25858","25565","14633","3275292","3","0","0x0018"
"6770","2026-08-15T10:06:34.078980200-0500","26.826010300","192.168.0.178","192.168.0.186","25565","25858","3275292","14636","0","0","0x0010"
"6771","2026-08-15T10:06:34.104157200-0500","26.851187300","192.168.0.178","192.168.0.186","25565","25858","3275292","14636","31","0","0x0018"
"6772","2026-08-15T10:06:34.104384900-0500","26.851415000","192.168.0.186","192.168.0.178","25858","25565","14636","3275323","11","0","0x0018"
"6773","2026-08-15T10:06:34.127077300-0500","26.874107400","192.168.0.186","192.168.0.178","25858","25565","14647","3275323","28","0","0x0018"
"6774","2026-08-15T10:06:34.127769200-0500","26.874799300","192.168.0.178","192.168.0.186","25565","25858","3275323","14675","0","0","0x0010"
"6775","2026-08-15T10:06:34.128263300-0500","26.875293400","192.168.0.186","192.168.0.178","25858","25565","14675","3275323","3","0","0x0018"
"6776","2026-08-15T10:06:34.151155100-0500","26.898185200","192.168.0.178","192.168.0.186","25565","25858","3275323","14678","14","0","0x0018"
"6777","2026-08-15T10:06:34.176926300-0500","26.923956400","192.168.0.186","192.168.0.178","25858","25565","14678","3275337","28","0","0x0018"
"6778","2026-08-15T10:06:34.178162900-0500","26.925193000","192.168.0.186","192.168.0.178","25858","25565","14706","3275337","3","0","0x0018"
"6779","2026-08-15T10:06:34.178883500-0500","26.925913600","192.168.0.178","192.168.0.186","25565","25858","3275337","14709","0","0","0x0010"
"6780","2026-08-15T10:06:34.200886800-0500","26.947916900","192.168.0.178","192.168.0.186","25565","25858","3275337","14709","200","0","0x0018"
"6781","2026-08-15T10:06:34.227351500-0500","26.974381600","192.168.0.186","192.168.0.178","25858","25565","14709","3275537","28","0","0x0018"
"6782","2026-08-15T10:06:34.228552500-0500","26.975582600","192.168.0.186","192.168.0.178","25858","25565","14737","3275537","3","0","0x0018"
"6783","2026-08-15T10:06:34.229306000-0500","26.976336100","192.168.0.178","192.168.0.186","25565","25858","3275537","14740","0","0","0x0010"
"6784","2026-08-15T10:06:34.251283600-0500","26.998313700","192.168.0.178","192.168.0.186","25565","25858","3275537","14740","20","0","0x0018"
"6785","2026-08-15T10:06:34.276690800-0500","27.023720900","192.168.0.186","192.168.0.178","25858","25565","14740","3275557","28","0","0x0018"
"6786","2026-08-15T10:06:34.277858100-0500","27.024888200","192.168.0.186","192.168.0.178","25858","25565","14768","3275557","3","0","0x0018"
"6787","2026-08-15T10:06:34.278491800-0500","27.025521900","192.168.0.178","192.168.0.186","25565","25858","3275557","14771","0","0","0x0010"
"6788","2026-08-15T10:06:34.301400400-0500","27.048430500","192.168.0.178","192.168.0.186","25565","25858","3275557","14771","14","0","0x0018"
"6789","2026-08-15T10:06:34.327162900-0500","27.074193000","192.168.0.186","192.168.0.178","25858","25565","14771","3275571","28","0","0x0018"
"6790","2026-08-15T10:06:34.328264600-0500","27.075294700","192.168.0.186","192.168.0.178","25858","25565","14799","3275571","3","0","0x0018"
"6791","2026-08-15T10:06:34.329038300-0500","27.076068400","192.168.0.178","192.168.0.186","25565","25858","3275571","14802","0","0","0x0010"
"6792","2026-08-15T10:06:34.351133700-0500","27.098163800","192.168.0.178","192.168.0.186","25565","25858","3275571","14802","244","0","0x0018"
"6793","2026-08-15T10:06:34.376943200-0500","27.123973300","192.168.0.186","192.168.0.178","25858","25565","14802","3275815","28","0","0x0018"
"6794","2026-08-15T10:06:34.378199600-0500","27.125229700","192.168.0.186","192.168.0.178","25858","25565","14830","3275815","3","0","0x0018"
"6795","2026-08-15T10:06:34.378998300-0500","27.126028400","192.168.0.178","192.168.0.186","25565","25858","3275815","14833","0","0","0x0010"
"6796","2026-08-15T10:06:34.400796100-0500","27.147826200","192.168.0.178","192.168.0.186","25565","25858","3275815","14833","20","0","0x0018"
"6797","2026-08-15T10:06:34.426852800-0500","27.173882900","192.168.0.186","192.168.0.178","25858","25565","14833","3275835","28","0","0x0018"
"6798","2026-08-15T10:06:34.428371000-0500","27.175401100","192.168.0.186","192.168.0.178","25858","25565","14861","3275835","3","0","0x0018"
"6799","2026-08-15T10:06:34.429055400-0500","27.176085500","192.168.0.178","192.168.0.186","25565","25858","3275835","14864","0","0","0x0010"
"6800","2026-08-15T10:06:34.452700700-0500","27.199730800","192.168.0.178","192.168.0.186","25565","25858","3275835","14864","141","0","0x0018"
"6801","2026-08-15T10:06:34.476615600-0500","27.223645700","192.168.0.186","192.168.0.178","25858","25565","14864","3275976","28","0","0x0018"
"6802","2026-08-15T10:06:34.477773000-0500","27.224803100","192.168.0.186","192.168.0.178","25858","25565","14892","3275976","3","0","0x0018"
"6803","2026-08-15T10:06:34.478160700-0500","27.225190800","192.168.0.178","192.168.0.186","25565","25858","3275976","14895","0","0","0x0010"
"6804","2026-08-15T10:06:34.478242900-0500","27.225273000","192.168.0.178","192.168.0.186","25565","25858","3275976","14895","11","0","0x0018"
"6805","2026-08-15T10:06:34.478242900-0500","27.225273000","192.168.0.178","192.168.0.186","25565","25858","3275987","14895","11","0","0x0018"
"6806","2026-08-15T10:06:34.478280600-0500","27.225310700","192.168.0.186","192.168.0.178","25858","25565","14895","3275998","0","0","0x0010"
"6807","2026-08-15T10:06:34.478324300-0500","27.225354400","192.168.0.178","192.168.0.186","25565","25858","3275998","14895","11","0","0x0018"
"6808","2026-08-15T10:06:34.478324300-0500","27.225354400","192.168.0.178","192.168.0.186","25565","25858","3276009","14895","11","0","0x0018"
"6809","2026-08-15T10:06:34.478338200-0500","27.225368300","192.168.0.186","192.168.0.178","25858","25565","14895","3276020","0","0","0x0010"
"6810","2026-08-15T10:06:34.478378200-0500","27.225408300","192.168.0.178","192.168.0.186","25565","25858","3276020","14895","11","0","0x0018"
"6811","2026-08-15T10:06:34.478378200-0500","27.225408300","192.168.0.178","192.168.0.186","25565","25858","3276031","14895","11","0","0x0018"
"6812","2026-08-15T10:06:34.478388200-0500","27.225418300","192.168.0.186","192.168.0.178","25858","25565","14895","3276042","0","0","0x0010"
"6813","2026-08-15T10:06:34.478421400-0500","27.225451500","192.168.0.178","192.168.0.186","25565","25858","3276042","14895","11","0","0x0018"
"6814","2026-08-15T10:06:34.478484400-0500","27.225514500","192.168.0.178","192.168.0.186","25565","25858","3276053","14895","11","0","0x0018"
"6815","2026-08-15T10:06:34.478492600-0500","27.225522700","192.168.0.186","192.168.0.178","25858","25565","14895","3276064","0","0","0x0010"
"6816","2026-08-15T10:06:34.478538800-0500","27.225568900","192.168.0.178","192.168.0.186","25565","25858","3276064","14895","11","0","0x0018"
"6817","2026-08-15T10:06:34.478641800-0500","27.225671900","192.168.0.178","192.168.0.186","25565","25858","3276075","14895","11","0","0x0018"
"6818","2026-08-15T10:06:34.478652100-0500","27.225682200","192.168.0.186","192.168.0.178","25858","25565","14895","3276086","0","0","0x0010"
"6819","2026-08-15T10:06:34.478887100-0500","27.225917200","192.168.0.178","192.168.0.186","25565","25858","3276086","14895","11","0","0x0018"
"6820","2026-08-15T10:06:34.478968000-0500","27.225998100","192.168.0.178","192.168.0.186","25565","25858","3276097","14895","11","0","0x0018"
"6821","2026-08-15T10:06:34.478968000-0500","27.225998100","192.168.0.178","192.168.0.186","25565","25858","3276108","14895","11","0","0x0018"
"6822","2026-08-15T10:06:34.478987700-0500","27.226017800","192.168.0.186","192.168.0.178","25858","25565","14895","3276119","0","0","0x0010"
"6823","2026-08-15T10:06:34.479028300-0500","27.226058400","192.168.0.178","192.168.0.186","25565","25858","3276119","14895","11","0","0x0018"
"6824","2026-08-15T10:06:34.479028300-0500","27.226058400","192.168.0.178","192.168.0.186","25565","25858","3276130","14895","11","0","0x0018"
"6825","2026-08-15T10:06:34.479041400-0500","27.226071500","192.168.0.186","192.168.0.178","25858","25565","14895","3276141","0","0","0x0010"
"6826","2026-08-15T10:06:34.479090600-0500","27.226120700","192.168.0.178","192.168.0.186","25565","25858","3276141","14895","11","0","0x0018"
"6827","2026-08-15T10:06:34.479090600-0500","27.226120700","192.168.0.178","192.168.0.186","25565","25858","3276152","14895","11","0","0x0018"
"6828","2026-08-15T10:06:34.479099100-0500","27.226129200","192.168.0.186","192.168.0.178","25858","25565","14895","3276163","0","0","0x0010"
"6829","2026-08-15T10:06:34.479144800-0500","27.226174900","192.168.0.178","192.168.0.186","25565","25858","3276163","14895","11","0","0x0018"
"6830","2026-08-15T10:06:34.479151900-0500","27.226182000","192.168.0.186","192.168.0.178","25858","25565","14895","3276174","0","0","0x0010"
"6831","2026-08-15T10:06:34.479260900-0500","27.226291000","192.168.0.178","192.168.0.186","25565","25858","3276174","14895","11","0","0x0018"
"6832","2026-08-15T10:06:34.479260900-0500","27.226291000","192.168.0.178","192.168.0.186","25565","25858","3276185","14895","9","0","0x0018"
"6833","2026-08-15T10:06:34.479272100-0500","27.226302200","192.168.0.186","192.168.0.178","25858","25565","14895","3276194","0","0","0x0010"
"6834","2026-08-15T10:06:34.494339300-0500","27.241369400","192.168.0.178","192.168.0.186","25565","25858","3276194","14895","52","0","0x0018"
"6835","2026-08-15T10:06:34.494339300-0500","27.241369400","192.168.0.178","192.168.0.186","25565","25858","3276246","14895","52","0","0x0018"
"6836","2026-08-15T10:06:34.494339300-0500","27.241369400","192.168.0.178","192.168.0.186","25565","25858","3276298","14895","52","0","0x0018"
"6837","2026-08-15T10:06:34.494386600-0500","27.241416700","192.168.0.186","192.168.0.178","25858","25565","14895","3276350","0","0","0x0010"
"6838","2026-08-15T10:06:34.501634000-0500","27.248664100","192.168.0.178","192.168.0.186","25565","25858","3276350","14895","301","0","0x0018"
"6839","2026-08-15T10:06:34.501675000-0500","27.248705100","192.168.0.186","192.168.0.178","25858","25565","14895","3276651","0","0","0x0010"
"6840","2026-08-15T10:06:34.527211800-0500","27.274241900","192.168.0.186","192.168.0.178","25858","25565","14895","3276651","28","0","0x0018"
"6841","2026-08-15T10:06:34.528386900-0500","27.275417000","192.168.0.186","192.168.0.178","25858","25565","14923","3276651","3","0","0x0018"
"6842","2026-08-15T10:06:34.528904400-0500","27.275934500","192.168.0.178","192.168.0.186","25565","25858","3276651","14926","0","0","0x0010"
"6843","2026-08-15T10:06:34.550707600-0500","27.297737700","192.168.0.178","192.168.0.186","25565","25858","3276651","14926","26","0","0x0018"
"6844","2026-08-15T10:06:34.576733300-0500","27.323763400","192.168.0.186","192.168.0.178","25858","25565","14926","3276677","28","0","0x0018"
"6845","2026-08-15T10:06:34.577744300-0500","27.324774400","192.168.0.186","192.168.0.178","25858","25565","14954","3276677","3","0","0x0018"
"6846","2026-08-15T10:06:34.599395000-0500","27.346425100","192.168.0.178","192.168.0.186","25565","25858","3276677","14957","0","0","0x0010"
"6847","2026-08-15T10:06:34.603189700-0500","27.350219800","192.168.0.178","192.168.0.186","25565","25858","3276677","14957","20","0","0x0018"
"6848","2026-08-15T10:06:34.626201600-0500","27.373231700","192.168.0.186","192.168.0.178","25858","25565","14957","3276697","28","0","0x0018"
"6849","2026-08-15T10:06:34.626933100-0500","27.373963200","192.168.0.186","192.168.0.178","25858","25565","14985","3276697","3","0","0x0018"
"6850","2026-08-15T10:06:34.627713300-0500","27.374743400","192.168.0.178","192.168.0.186","25565","25858","3276697","14988","0","0","0x0010"
"6851","2026-08-15T10:06:34.653256900-0500","27.400287000","192.168.0.178","192.168.0.186","25565","25858","3276697","14988","132","0","0x0018"
"6852","2026-08-15T10:06:34.676780900-0500","27.423811000","192.168.0.186","192.168.0.178","25858","25565","14988","3276829","28","0","0x0018"
"6853","2026-08-15T10:06:34.677915700-0500","27.424945800","192.168.0.186","192.168.0.178","25858","25565","15016","3276829","3","0","0x0018"
"6854","2026-08-15T10:06:34.678631900-0500","27.425662000","192.168.0.178","192.168.0.186","25565","25858","3276829","15019","0","0","0x0010"
"6855","2026-08-15T10:06:34.700882700-0500","27.447912800","192.168.0.178","192.168.0.186","25565","25858","3276829","15019","20","0","0x0018"
"6856","2026-08-15T10:06:34.726762000-0500","27.473792100","192.168.0.186","192.168.0.178","25858","25565","15019","3276849","28","0","0x0018"
"6857","2026-08-15T10:06:34.727887400-0500","27.474917500","192.168.0.186","192.168.0.178","25858","25565","15047","3276849","3","0","0x0018"
"6858","2026-08-15T10:06:34.728605900-0500","27.475636000","192.168.0.178","192.168.0.186","25565","25858","3276849","15050","0","0","0x0010"
"6859","2026-08-15T10:06:34.754901400-0500","27.501931500","192.168.0.178","192.168.0.186","25565","25858","3276849","15050","1460","0","0x0010"
"6860","2026-08-15T10:06:34.754901400-0500","27.501931500","192.168.0.178","192.168.0.186","25565","25858","3278309","15050","1460","0","0x0010"
"6861","2026-08-15T10:06:34.754983000-0500","27.502013100","192.168.0.186","192.168.0.178","25858","25565","15050","3279769","0","0","0x0010"
"6862","2026-08-15T10:06:34.755051800-0500","27.502081900","192.168.0.178","192.168.0.186","25565","25858","3279769","15050","1460","0","0x0010"
"6863","2026-08-15T10:06:34.755051800-0500","27.502081900","192.168.0.178","192.168.0.186","25565","25858","3281229","15050","1460","0","0x0010"
"6864","2026-08-15T10:06:34.755070200-0500","27.502100300","192.168.0.186","192.168.0.178","25858","25565","15050","3282689","0","0","0x0010"
"6865","2026-08-15T10:06:34.755315500-0500","27.502345600","192.168.0.178","192.168.0.186","25565","25858","3282689","15050","1460","0","0x0010"
"6866","2026-08-15T10:06:34.755315500-0500","27.502345600","192.168.0.178","192.168.0.186","25565","25858","3284149","15050","1460","0","0x0010"
"6867","2026-08-15T10:06:34.755356900-0500","27.502387000","192.168.0.186","192.168.0.178","25858","25565","15050","3285609","0","0","0x0010"
"6868","2026-08-15T10:06:34.755428200-0500","27.502458300","192.168.0.178","192.168.0.186","25565","25858","3285609","15050","1460","0","0x0010"
"6869","2026-08-15T10:06:34.755698200-0500","27.502728300","192.168.0.178","192.168.0.186","25565","25858","3287069","15050","1460","0","0x0010"
"6870","2026-08-15T10:06:34.755698200-0500","27.502728300","192.168.0.178","192.168.0.186","25565","25858","3288529","15050","1460","0","0x0010"
"6871","2026-08-15T10:06:34.755749500-0500","27.502779600","192.168.0.186","192.168.0.178","25858","25565","15050","3289989","0","0","0x0010"
"6872","2026-08-15T10:06:34.755826900-0500","27.502857000","192.168.0.178","192.168.0.186","25565","25858","3289989","15050","1460","0","0x0010"
"6873","2026-08-15T10:06:34.755844900-0500","27.502875000","192.168.0.186","192.168.0.178","25858","25565","15050","3291449","0","0","0x0010"
"6874","2026-08-15T10:06:34.756070900-0500","27.503101000","192.168.0.178","192.168.0.186","25565","25858","3291449","15050","1460","0","0x0018"
"6875","2026-08-15T10:06:34.756070900-0500","27.503101000","192.168.0.178","192.168.0.186","25565","25858","3292909","15050","1460","0","0x0010"
"6876","2026-08-15T10:06:34.756112000-0500","27.503142100","192.168.0.186","192.168.0.178","25858","25565","15050","3294369","0","0","0x0010"
"6877","2026-08-15T10:06:34.756184300-0500","27.503214400","192.168.0.178","192.168.0.186","25565","25858","3294369","15050","1460","0","0x0010"
"6878","2026-08-15T10:06:34.756184300-0500","27.503214400","192.168.0.178","192.168.0.186","25565","25858","3295829","15050","347","0","0x0018"
"6879","2026-08-15T10:06:34.756197800-0500","27.503227900","192.168.0.186","192.168.0.178","25858","25565","15050","3296176","0","0","0x0010"
"6880","2026-08-15T10:06:34.776426800-0500","27.523456900","192.168.0.186","192.168.0.178","25858","25565","15050","3296176","28","0","0x0018"
"6881","2026-08-15T10:06:34.776891100-0500","27.523921200","192.168.0.186","192.168.0.178","25858","25565","15078","3296176","3","0","0x0018"
"6882","2026-08-15T10:06:34.777632800-0500","27.524662900","192.168.0.178","192.168.0.186","25565","25858","3296176","15081","0","0","0x0010"
"6883","2026-08-15T10:06:34.804071000-0500","27.551101100","192.168.0.178","192.168.0.186","25565","25858","3296176","15081","1460","0","0x0010"
"6884","2026-08-15T10:06:34.804071000-0500","27.551101100","192.168.0.178","192.168.0.186","25565","25858","3297636","15081","1460","0","0x0010"
"6885","2026-08-15T10:06:34.804137000-0500","27.551167100","192.168.0.186","192.168.0.178","25858","25565","15081","3299096","0","0","0x0010"
"6886","2026-08-15T10:06:34.804187900-0500","27.551218000","192.168.0.178","192.168.0.186","25565","25858","3299096","15081","1460","0","0x0010"
"6887","2026-08-15T10:06:34.804434400-0500","27.551464500","192.168.0.178","192.168.0.186","25565","25858","3300556","15081","1460","0","0x0010"
"6888","2026-08-15T10:06:34.804434400-0500","27.551464500","192.168.0.178","192.168.0.186","25565","25858","3302016","15081","1460","0","0x0010"
"6889","2026-08-15T10:06:34.804477400-0500","27.551507500","192.168.0.186","192.168.0.178","25858","25565","15081","3303476","0","0","0x0010"
"6890","2026-08-15T10:06:34.804541600-0500","27.551571700","192.168.0.178","192.168.0.186","25565","25858","3303476","15081","1460","0","0x0010"
"6891","2026-08-15T10:06:34.804551500-0500","27.551581600","192.168.0.186","192.168.0.178","25858","25565","15081","3304936","0","0","0x0010"
"6892","2026-08-15T10:06:34.804753000-0500","27.551783100","192.168.0.178","192.168.0.186","25565","25858","3304936","15081","1460","0","0x0010"
"6893","2026-08-15T10:06:34.804864400-0500","27.551894500","192.168.0.178","192.168.0.186","25565","25858","3306396","15081","1460","0","0x0010"
"6894","2026-08-15T10:06:34.804889500-0500","27.551919600","192.168.0.186","192.168.0.178","25858","25565","15081","3307856","0","0","0x0010"
"6895","2026-08-15T10:06:34.804930600-0500","27.551960700","192.168.0.178","192.168.0.186","25565","25858","3307856","15081","1460","0","0x0010"
"6896","2026-08-15T10:06:34.805168200-0500","27.552198300","192.168.0.178","192.168.0.186","25565","25858","3309316","15081","1460","0","0x0010"
"6897","2026-08-15T10:06:34.805168200-0500","27.552198300","192.168.0.178","192.168.0.186","25565","25858","3310776","15081","1460","0","0x0018"
"6898","2026-08-15T10:06:34.805218900-0500","27.552249000","192.168.0.186","192.168.0.178","25858","25565","15081","3312236","0","0","0x0010"
"6899","2026-08-15T10:06:34.805414500-0500","27.552444600","192.168.0.178","192.168.0.186","25565","25858","3312236","15081","1460","0","0x0010"
"6900","2026-08-15T10:06:34.805414500-0500","27.552444600","192.168.0.178","192.168.0.186","25565","25858","3313696","15081","1263","0","0x0018"
"6901","2026-08-15T10:06:34.805468300-0500","27.552498400","192.168.0.186","192.168.0.178","25858","25565","15081","3314959","0","0","0x0010"
"6902","2026-08-15T10:06:34.827086700-0500","27.574116800","192.168.0.186","192.168.0.178","25858","25565","15081","3314959","28","0","0x0018"
"6903","2026-08-15T10:06:34.828070600-0500","27.575100700","192.168.0.186","192.168.0.178","25858","25565","15109","3314959","3","0","0x0018"
"6904","2026-08-15T10:06:34.828841400-0500","27.575871500","192.168.0.178","192.168.0.186","25565","25858","3314959","15112","0","0","0x0010"
"6905","2026-08-15T10:06:34.851904400-0500","27.598934500","192.168.0.178","192.168.0.186","25565","25858","3314959","15112","1460","0","0x0010"
"6906","2026-08-15T10:06:34.851904400-0500","27.598934500","192.168.0.178","192.168.0.186","25565","25858","3316419","15112","1460","0","0x0010"
"6907","2026-08-15T10:06:34.851960400-0500","27.598990500","192.168.0.186","192.168.0.178","25858","25565","15112","3317879","0","0","0x0010"
"6908","2026-08-15T10:06:34.852018000-0500","27.599048100","192.168.0.178","192.168.0.186","25565","25858","3317879","15112","1460","0","0x0010"
"6909","2026-08-15T10:06:34.852229400-0500","27.599259500","192.168.0.178","192.168.0.186","25565","25858","3319339","15112","1460","0","0x0010"
"6910","2026-08-15T10:06:34.852270700-0500","27.599300800","192.168.0.186","192.168.0.178","25858","25565","15112","3320799","0","0","0x0010"
"6911","2026-08-15T10:06:34.852321400-0500","27.599351500","192.168.0.178","192.168.0.186","25565","25858","3320799","15112","1460","0","0x0010"
"6912","2026-08-15T10:06:34.852375800-0500","27.599405900","192.168.0.178","192.168.0.186","25565","25858","3322259","15112","1460","0","0x0010"
"6913","2026-08-15T10:06:34.852382600-0500","27.599412700","192.168.0.186","192.168.0.178","25858","25565","15112","3323719","0","0","0x0010"
"6914","2026-08-15T10:06:34.852581500-0500","27.599611600","192.168.0.178","192.168.0.186","25565","25858","3323719","15112","1460","0","0x0010"
"6915","2026-08-15T10:06:34.852652000-0500","27.599682100","192.168.0.178","192.168.0.186","25565","25858","3325179","15112","1460","0","0x0010"
"6916","2026-08-15T10:06:34.852663500-0500","27.599693600","192.168.0.186","192.168.0.178","25858","25565","15112","3326639","0","0","0x0010"
"6917","2026-08-15T10:06:34.852779100-0500","27.599809200","192.168.0.178","192.168.0.186","25565","25858","3326639","15112","1460","0","0x0010"
"6918","2026-08-15T10:06:34.853022900-0500","27.600053000","192.168.0.178","192.168.0.186","25565","25858","3328099","15112","1460","0","0x0010"
"6919","2026-08-15T10:06:34.853022900-0500","27.600053000","192.168.0.178","192.168.0.186","25565","25858","3329559","15112","178","0","0x0018"
"6920","2026-08-15T10:06:34.853062700-0500","27.600092800","192.168.0.186","192.168.0.178","25858","25565","15112","3329737","0","0","0x0010"
"6921","2026-08-15T10:06:34.876788000-0500","27.623818100","192.168.0.186","192.168.0.178","25858","25565","15112","3329737","28","0","0x0018"
"6922","2026-08-15T10:06:34.877919100-0500","27.624949200","192.168.0.186","192.168.0.178","25858","25565","15140","3329737","3","0","0x0018"
"6923","2026-08-15T10:06:34.878576600-0500","27.625606700","192.168.0.178","192.168.0.186","25565","25858","3329737","15143","0","0","0x0010"
"6924","2026-08-15T10:06:34.901320000-0500","27.648350100","192.168.0.178","192.168.0.186","25565","25858","3329737","15143","210","0","0x0018"
"6925","2026-08-15T10:06:34.926770600-0500","27.673800700","192.168.0.186","192.168.0.178","25858","25565","15143","3329947","28","0","0x0018"
"6926","2026-08-15T10:06:34.928089700-0500","27.675119800","192.168.0.186","192.168.0.178","25858","25565","15171","3329947","3","0","0x0018"
"6927","2026-08-15T10:06:34.928826100-0500","27.675856200","192.168.0.178","192.168.0.186","25565","25858","3329947","15174","0","0","0x0010"
"6928","2026-08-15T10:06:34.950718800-0500","27.697748900","192.168.0.178","192.168.0.186","25565","25858","3329947","15174","110","0","0x0018"
"6929","2026-08-15T10:06:34.976915500-0500","27.723945600","192.168.0.186","192.168.0.178","25858","25565","15174","3330057","28","0","0x0018"
"6930","2026-08-15T10:06:34.978054900-0500","27.725085000","192.168.0.186","192.168.0.178","25858","25565","15202","3330057","3","0","0x0018"
"6931","2026-08-15T10:06:34.978758700-0500","27.725788800","192.168.0.178","192.168.0.186","25565","25858","3330057","15205","0","0","0x0010"
"6932","2026-08-15T10:06:35.001530900-0500","27.748561000","192.168.0.178","192.168.0.186","25565","25858","3330057","15205","364","0","0x0018"
"6933","2026-08-15T10:06:35.027101200-0500","27.774131300","192.168.0.186","192.168.0.178","25858","25565","15205","3330421","28","0","0x0018"
"6934","2026-08-15T10:06:35.028611100-0500","27.775641200","192.168.0.186","192.168.0.178","25858","25565","15233","3330421","3","0","0x0018"
"6935","2026-08-15T10:06:35.029389200-0500","27.776419300","192.168.0.178","192.168.0.186","25565","25858","3330421","15236","0","0","0x0010"
"6936","2026-08-15T10:06:35.050998500-0500","27.798028600","192.168.0.178","192.168.0.186","25565","25858","3330421","15236","30","0","0x0018"
"6937","2026-08-15T10:06:35.076877800-0500","27.823907900","192.168.0.186","192.168.0.178","25858","25565","15236","3330451","28","0","0x0018"
"6938","2026-08-15T10:06:35.078061600-0500","27.825091700","192.168.0.186","192.168.0.178","25858","25565","15264","3330451","3","0","0x0018"
"6939","2026-08-15T10:06:35.078779400-0500","27.825809500","192.168.0.178","192.168.0.186","25565","25858","3330451","15267","0","0","0x0010"
"6940","2026-08-15T10:06:35.101081700-0500","27.848111800","192.168.0.178","192.168.0.186","25565","25858","3330451","15267","363","0","0x0018"
"6941","2026-08-15T10:06:35.126322900-0500","27.873353000","192.168.0.186","192.168.0.178","25858","25565","15267","3330814","28","0","0x0018"
"6942","2026-08-15T10:06:35.126832800-0500","27.873862900","192.168.0.186","192.168.0.178","25858","25565","15295","3330814","3","0","0x0018"
"6943","2026-08-15T10:06:35.127559800-0500","27.874589900","192.168.0.178","192.168.0.186","25565","25858","3330814","15298","0","0","0x0010"
"6944","2026-08-15T10:06:35.151307800-0500","27.898337900","192.168.0.178","192.168.0.186","25565","25858","3330814","15298","91","0","0x0018"
"6945","2026-08-15T10:06:35.151480200-0500","27.898510300","192.168.0.186","192.168.0.178","25858","25565","15298","3330905","11","0","0x0018"
"6946","2026-08-15T10:06:35.177157700-0500","27.924187800","192.168.0.186","192.168.0.178","25858","25565","15309","3330905","28","0","0x0018"
"6947","2026-08-15T10:06:35.178035100-0500","27.925065200","192.168.0.178","192.168.0.186","25565","25858","3330905","15337","0","0","0x0010"
"6948","2026-08-15T10:06:35.178271300-0500","27.925301400","192.168.0.186","192.168.0.178","25858","25565","15337","3330905","3","0","0x0018"
"6949","2026-08-15T10:06:35.201344100-0500","27.948374200","192.168.0.178","192.168.0.186","25565","25858","3330905","15340","186","0","0x0018"
"6950","2026-08-15T10:06:35.226980700-0500","27.974010800","192.168.0.186","192.168.0.178","25858","25565","15340","3331091","28","0","0x0018"
"6951","2026-08-15T10:06:35.228209800-0500","27.975239900","192.168.0.186","192.168.0.178","25858","25565","15368","3331091","3","0","0x0018"
"6952","2026-08-15T10:06:35.228879400-0500","27.975909500","192.168.0.178","192.168.0.186","25565","25858","3331091","15371","0","0","0x0010"
"6953","2026-08-15T10:06:35.251363900-0500","27.998394000","192.168.0.178","192.168.0.186","25565","25858","3331091","15371","677","0","0x0018"
"6954","2026-08-15T10:06:35.276685600-0500","28.023715700","192.168.0.186","192.168.0.178","25858","25565","15371","3331768","28","0","0x0018"
"6955","2026-08-15T10:06:35.277865200-0500","28.024895300","192.168.0.186","192.168.0.178","25858","25565","15399","3331768","3","0","0x0018"
"6956","2026-08-15T10:06:35.278525800-0500","28.025555900","192.168.0.178","192.168.0.186","25565","25858","3331768","15402","0","0","0x0010"
"6957","2026-08-15T10:06:35.300918400-0500","28.047948500","192.168.0.178","192.168.0.186","25565","25858","3331768","15402","96","0","0x0018"
"6958","2026-08-15T10:06:35.326827900-0500","28.073858000","192.168.0.186","192.168.0.178","25858","25565","15402","3331864","28","0","0x0018"
"6959","2026-08-15T10:06:35.327994600-0500","28.075024700","192.168.0.186","192.168.0.178","25858","25565","15430","3331864","3","0","0x0018"
"6960","2026-08-15T10:06:35.328529600-0500","28.075559700","192.168.0.178","192.168.0.186","25565","25858","3331864","15433","0","0","0x0010"
"6961","2026-08-15T10:06:35.328529600-0500","28.075559700","192.168.0.178","192.168.0.186","25565","25858","3331864","15433","11","0","0x0018"
"6962","2026-08-15T10:06:35.328529600-0500","28.075559700","192.168.0.178","192.168.0.186","25565","25858","3331875","15433","22","0","0x0018"
"6963","2026-08-15T10:06:35.328529600-0500","28.075559700","192.168.0.178","192.168.0.186","25565","25858","3331897","15433","33","0","0x0018"
"6964","2026-08-15T10:06:35.328529600-0500","28.075559700","192.168.0.178","192.168.0.186","25565","25858","3331930","15433","88","0","0x0018"
"6965","2026-08-15T10:06:35.328609700-0500","28.075639800","192.168.0.186","192.168.0.178","25858","25565","15433","3332018","0","0","0x0010"
"6966","2026-08-15T10:06:35.328698600-0500","28.075728700","192.168.0.178","192.168.0.186","25565","25858","3332018","15433","64","0","0x0018"
"6967","2026-08-15T10:06:35.351322100-0500","28.098352200","192.168.0.178","192.168.0.186","25565","25858","3332082","15433","44","0","0x0018"
"6968","2026-08-15T10:06:35.351379000-0500","28.098409100","192.168.0.186","192.168.0.178","25858","25565","15433","3332126","0","0","0x0010"
"6969","2026-08-15T10:06:35.377202600-0500","28.124232700","192.168.0.186","192.168.0.178","25858","25565","15433","3332126","28","0","0x0018"
"6970","2026-08-15T10:06:35.378412700-0500","28.125442800","192.168.0.186","192.168.0.178","25858","25565","15461","3332126","3","0","0x0018"
"6971","2026-08-15T10:06:35.379558600-0500","28.126588700","192.168.0.178","192.168.0.186","25565","25858","3332126","15464","0","0","0x0010"
"6972","2026-08-15T10:06:35.402007500-0500","28.149037600","192.168.0.178","192.168.0.186","25565","25858","3332126","15464","116","0","0x0018"
"6973","2026-08-15T10:06:35.426686300-0500","28.173716400","192.168.0.186","192.168.0.178","25858","25565","15464","3332242","28","0","0x0018"
"6974","2026-08-15T10:06:35.427749400-0500","28.174779500","192.168.0.186","192.168.0.178","25858","25565","15492","3332242","3","0","0x0018"
"6975","2026-08-15T10:06:35.428511200-0500","28.175541300","192.168.0.178","192.168.0.186","25565","25858","3332242","15495","0","0","0x0010"
"6976","2026-08-15T10:06:35.450922800-0500","28.197952900","192.168.0.178","192.168.0.186","25565","25858","3332242","15495","72","0","0x0018"
"6977","2026-08-15T10:06:35.476744900-0500","28.223775000","192.168.0.186","192.168.0.178","25858","25565","15495","3332314","28","0","0x0018"
"6978","2026-08-15T10:06:35.477849800-0500","28.224879900","192.168.0.186","192.168.0.178","25858","25565","15523","3332314","3","0","0x0018"
"6979","2026-08-15T10:06:35.478528400-0500","28.225558500","192.168.0.178","192.168.0.186","25565","25858","3332314","15526","0","0","0x0010"
"6980","2026-08-15T10:06:35.500699100-0500","28.247729200","192.168.0.178","192.168.0.186","25565","25858","3332314","15526","14","0","0x0018"
"6981","2026-08-15T10:06:35.526920700-0500","28.273950800","192.168.0.186","192.168.0.178","25858","25565","15526","3332328","28","0","0x0018"
"6982","2026-08-15T10:06:35.528059800-0500","28.275089900","192.168.0.186","192.168.0.178","25858","25565","15554","3332328","3","0","0x0018"
"6983","2026-08-15T10:06:35.528722000-0500","28.275752100","192.168.0.178","192.168.0.186","25565","25858","3332328","15557","0","0","0x0010"
"6984","2026-08-15T10:06:35.550559300-0500","28.297589400","192.168.0.178","192.168.0.186","25565","25858","3332328","15557","34","0","0x0018"
"6985","2026-08-15T10:06:35.576770000-0500","28.323800100","192.168.0.186","192.168.0.178","25858","25565","15557","3332362","28","0","0x0018"
"6986","2026-08-15T10:06:35.577975000-0500","28.325005100","192.168.0.186","192.168.0.178","25858","25565","15585","3332362","3","0","0x0018"
"6987","2026-08-15T10:06:35.578621700-0500","28.325651800","192.168.0.178","192.168.0.186","25565","25858","3332362","15588","0","0","0x0010"
"6988","2026-08-15T10:06:35.600612300-0500","28.347642400","192.168.0.178","192.168.0.186","25565","25858","3332362","15588","40","0","0x0018"
"6989","2026-08-15T10:06:35.627027500-0500","28.374057600","192.168.0.186","192.168.0.178","25858","25565","15588","3332402","28","0","0x0018"
"6990","2026-08-15T10:06:35.628226600-0500","28.375256700","192.168.0.186","192.168.0.178","25858","25565","15616","3332402","3","0","0x0018"
"6991","2026-08-15T10:06:35.628896600-0500","28.375926700","192.168.0.178","192.168.0.186","25565","25858","3332402","15619","0","0","0x0010"
"6992","2026-08-15T10:06:35.651928700-0500","28.398958800","192.168.0.178","192.168.0.186","25565","25858","3332402","15619","464","0","0x0018"
"6993","2026-08-15T10:06:35.676747700-0500","28.423777800","192.168.0.186","192.168.0.178","25858","25565","15619","3332866","28","0","0x0018"
"6994","2026-08-15T10:06:35.677504200-0500","28.424534300","192.168.0.186","192.168.0.178","25858","25565","15647","3332866","3","0","0x0018"
"6995","2026-08-15T10:06:35.678349300-0500","28.425379400","192.168.0.178","192.168.0.186","25565","25858","3332866","15650","0","0","0x0010"
"6996","2026-08-15T10:06:35.700933000-0500","28.447963100","192.168.0.178","192.168.0.186","25565","25858","3332866","15650","182","0","0x0018"
"6997","2026-08-15T10:06:35.727013400-0500","28.474043500","192.168.0.186","192.168.0.178","25858","25565","15650","3333048","28","0","0x0018"
"6998","2026-08-15T10:06:35.728179000-0500","28.475209100","192.168.0.186","192.168.0.178","25858","25565","15678","3333048","3","0","0x0018"
"6999","2026-08-15T10:06:35.728907800-0500","28.475937900","192.168.0.178","192.168.0.186","25565","25858","3333048","15681","0","0","0x0010"
"7000","2026-08-15T10:06:35.751604300-0500","28.498634400","192.168.0.178","192.168.0.186","25565","25858","3333048","15681","40","0","0x0018"
"7001","2026-08-15T10:06:35.777049200-0500","28.524079300","192.168.0.186","192.168.0.178","25858","25565","15681","3333088","28","0","0x0018"
"7002","2026-08-15T10:06:35.778236400-0500","28.525266500","192.168.0.186","192.168.0.178","25858","25565","15709","3333088","3","0","0x0018"
"7003","2026-08-15T10:06:35.779041800-0500","28.526071900","192.168.0.178","192.168.0.186","25565","25858","3333088","15712","0","0","0x0010"
"7004","2026-08-15T10:06:35.800741000-0500","28.547771100","192.168.0.178","192.168.0.186","25565","25858","3333088","15712","50","0","0x0018"
"7005","2026-08-15T10:06:35.826943900-0500","28.573974000","192.168.0.186","192.168.0.178","25858","25565","15712","3333138","28","0","0x0018"
"7006","2026-08-15T10:06:35.828102500-0500","28.575132600","192.168.0.186","192.168.0.178","25858","25565","15740","3333138","3","0","0x0018"
"7007","2026-08-15T10:06:35.828804200-0500","28.575834300","192.168.0.178","192.168.0.186","25565","25858","3333138","15743","0","0","0x0010"
"7008","2026-08-15T10:06:35.852445800-0500","28.599475900","192.168.0.178","192.168.0.186","25565","25858","3333138","15743","75","0","0x0018"
"7009","2026-08-15T10:06:35.876557200-0500","28.623587300","192.168.0.186","192.168.0.178","25858","25565","15743","3333213","28","0","0x0018"
"7010","2026-08-15T10:06:35.877687700-0500","28.624717800","192.168.0.186","192.168.0.178","25858","25565","15771","3333213","3","0","0x0018"
"7011","2026-08-15T10:06:35.878404900-0500","28.625435000","192.168.0.178","192.168.0.186","25565","25858","3333213","15774","0","0","0x0010"
"7012","2026-08-15T10:06:35.900938600-0500","28.647968700","192.168.0.178","192.168.0.186","25565","25858","3333213","15774","75","0","0x0018"
"7013","2026-08-15T10:06:35.926228300-0500","28.673258400","192.168.0.186","192.168.0.178","25858","25565","15774","3333288","28","0","0x0018"
"7014","2026-08-15T10:06:35.926891500-0500","28.673921600","192.168.0.186","192.168.0.178","25858","25565","15802","3333288","3","0","0x0018"
"7015","2026-08-15T10:06:35.927659700-0500","28.674689800","192.168.0.178","192.168.0.186","25565","25858","3333288","15805","0","0","0x0010"
"7016","2026-08-15T10:06:35.952735000-0500","28.699765100","192.168.0.178","192.168.0.186","25565","25858","3333288","15805","37","0","0x0018"
"7017","2026-08-15T10:06:35.976861900-0500","28.723892000","192.168.0.186","192.168.0.178","25858","25565","15805","3333325","36","0","0x0018"
"7018","2026-08-15T10:06:35.978017200-0500","28.725047300","192.168.0.186","192.168.0.178","25858","25565","15841","3333325","3","0","0x0018"
"7019","2026-08-15T10:06:35.978749100-0500","28.725779200","192.168.0.178","192.168.0.186","25565","25858","3333325","15844","0","0","0x0010"
"7020","2026-08-15T10:06:36.002101700-0500","28.749131800","192.168.0.178","192.168.0.186","25565","25858","3333325","15844","55","0","0x0018"
"7021","2026-08-15T10:06:36.026860700-0500","28.773890800","192.168.0.186","192.168.0.178","25858","25565","15844","3333380","28","0","0x0018"
"7022","2026-08-15T10:06:36.028361700-0500","28.775391800","192.168.0.186","192.168.0.178","25858","25565","15872","3333380","3","0","0x0018"
"7023","2026-08-15T10:06:36.029106500-0500","28.776136600","192.168.0.178","192.168.0.186","25565","25858","3333380","15875","0","0","0x0010"
"7024","2026-08-15T10:06:36.050921600-0500","28.797951700","192.168.0.178","192.168.0.186","25565","25858","3333380","15875","20","0","0x0018"
"7025","2026-08-15T10:06:36.076998300-0500","28.824028400","192.168.0.186","192.168.0.178","25858","25565","15875","3333400","28","0","0x0018"
"7026","2026-08-15T10:06:36.078094100-0500","28.825124200","192.168.0.186","192.168.0.178","25858","25565","15903","3333400","3","0","0x0018"
"7027","2026-08-15T10:06:36.078843000-0500","28.825873100","192.168.0.178","192.168.0.186","25565","25858","3333400","15906","0","0","0x0010"
"7028","2026-08-15T10:06:36.101160000-0500","28.848190100","192.168.0.178","192.168.0.186","25565","25858","3333400","15906","31","0","0x0018"
"7029","2026-08-15T10:06:36.127115600-0500","28.874145700","192.168.0.186","192.168.0.178","25858","25565","15906","3333431","28","0","0x0018"
"7030","2026-08-15T10:06:36.128269800-0500","28.875299900","192.168.0.186","192.168.0.178","25858","25565","15934","3333431","3","0","0x0018"
"7031","2026-08-15T10:06:36.129190700-0500","28.876220800","192.168.0.178","192.168.0.186","25565","25858","3333431","15937","0","0","0x0010"
"7032","2026-08-15T10:06:36.151057300-0500","28.898087400","192.168.0.178","192.168.0.186","25565","25858","3333431","15937","62","0","0x0018"
"7033","2026-08-15T10:06:36.175690000-0500","28.922720100","192.168.0.186","192.168.0.178","25858","25565","15937","3333493","28","0","0x0018"
"7034","2026-08-15T10:06:36.176205300-0500","28.923235400","192.168.0.186","192.168.0.178","25858","25565","15965","3333493","3","0","0x0018"
"7035","2026-08-15T10:06:36.176921800-0500","28.923951900","192.168.0.178","192.168.0.186","25565","25858","3333493","15968","0","0","0x0010"
"7036","2026-08-15T10:06:36.177603800-0500","28.924633900","192.168.0.178","192.168.0.186","25565","25858","3333493","15968","11","0","0x0018"
"7037","2026-08-15T10:06:36.177603800-0500","28.924633900","192.168.0.178","192.168.0.186","25565","25858","3333504","15968","22","0","0x0018"
"7038","2026-08-15T10:06:36.177603800-0500","28.924633900","192.168.0.178","192.168.0.186","25565","25858","3333526","15968","163","0","0x0018"
"7039","2026-08-15T10:06:36.177627000-0500","28.924657100","192.168.0.186","192.168.0.178","25858","25565","15968","3333689","0","0","0x0010"
"7040","2026-08-15T10:06:36.203976900-0500","28.951007000","192.168.0.178","192.168.0.186","25565","25858","3333689","15968","31","0","0x0018"
"7041","2026-08-15T10:06:36.204019700-0500","28.951049800","192.168.0.186","192.168.0.178","25858","25565","15968","3333720","0","0","0x0010"
"7042","2026-08-15T10:06:36.204186800-0500","28.951216900","192.168.0.186","192.168.0.178","25858","25565","15968","3333720","11","0","0x0018"
"7043","2026-08-15T10:06:36.226974500-0500","28.974004600","192.168.0.186","192.168.0.178","25858","25565","15979","3333720","28","0","0x0018"
"7044","2026-08-15T10:06:36.227567300-0500","28.974597400","192.168.0.186","192.168.0.178","25858","25565","16007","3333720","3","0","0x0018"
"7045","2026-08-15T10:06:36.228261000-0500","28.975291100","192.168.0.178","192.168.0.186","25565","25858","3333720","16010","0","0","0x0010"
"7046","2026-08-15T10:06:36.251212600-0500","28.998242700","192.168.0.178","192.168.0.186","25565","25858","3333720","16010","124","0","0x0018"
"7047","2026-08-15T10:06:36.276590700-0500","29.023620800","192.168.0.186","192.168.0.178","25858","25565","16010","3333844","28","0","0x0018"
"7048","2026-08-15T10:06:36.277694200-0500","29.024724300","192.168.0.186","192.168.0.178","25858","25565","16038","3333844","3","0","0x0018"
"7049","2026-08-15T10:06:36.278379700-0500","29.025409800","192.168.0.178","192.168.0.186","25565","25858","3333844","16041","0","0","0x0010"
"7050","2026-08-15T10:06:36.294475300-0500","29.041505400","192.168.0.178","192.168.0.186","25565","25858","3333844","16041","52","0","0x0018"
"7051","2026-08-15T10:06:36.294475300-0500","29.041505400","192.168.0.178","192.168.0.186","25565","25858","3333896","16041","52","0","0x0018"
"7052","2026-08-15T10:06:36.294475300-0500","29.041505400","192.168.0.178","192.168.0.186","25565","25858","3333948","16041","52","0","0x0018"
"7053","2026-08-15T10:06:36.294524100-0500","29.041554200","192.168.0.186","192.168.0.178","25858","25565","16041","3334000","0","0","0x0010"
"7054","2026-08-15T10:06:36.304224100-0500","29.051254200","192.168.0.178","192.168.0.186","25565","25858","3334000","16041","1460","0","0x0010"
"7055","2026-08-15T10:06:36.304224100-0500","29.051254200","192.168.0.178","192.168.0.186","25565","25858","3335460","16041","1460","0","0x0010"
"7056","2026-08-15T10:06:36.304279200-0500","29.051309300","192.168.0.186","192.168.0.178","25858","25565","16041","3336920","0","0","0x0010"
"7057","2026-08-15T10:06:36.304337700-0500","29.051367800","192.168.0.178","192.168.0.186","25565","25858","3336920","16041","1460","0","0x0010"
"7058","2026-08-15T10:06:36.304353800-0500","29.051383900","192.168.0.186","192.168.0.178","25858","25565","16041","3338380","0","0","0x0010"
"7059","2026-08-15T10:06:36.304576900-0500","29.051607000","192.168.0.178","192.168.0.186","25565","25858","3338380","16041","1460","0","0x0010"
"7060","2026-08-15T10:06:36.304576900-0500","29.051607000","192.168.0.178","192.168.0.186","25565","25858","3339840","16041","1460","0","0x0010"
"7061","2026-08-15T10:06:36.304629200-0500","29.051659300","192.168.0.186","192.168.0.178","25858","25565","16041","3341300","0","0","0x0010"
"7062","2026-08-15T10:06:36.304707200-0500","29.051737300","192.168.0.178","192.168.0.186","25565","25858","3341300","16041","1460","0","0x0010"
"7063","2026-08-15T10:06:36.304845000-0500","29.051875100","192.168.0.178","192.168.0.186","25565","25858","3342760","16041","1460","0","0x0010"
"7064","2026-08-15T10:06:36.304854300-0500","29.051884400","192.168.0.186","192.168.0.178","25858","25565","16041","3344220","0","0","0x0010"
"7065","2026-08-15T10:06:36.304930800-0500","29.051960900","192.168.0.178","192.168.0.186","25565","25858","3344220","16041","1460","0","0x0010"
"7066","2026-08-15T10:06:36.305150300-0500","29.052180400","192.168.0.178","192.168.0.186","25565","25858","3345680","16041","1460","0","0x0010"
"7067","2026-08-15T10:06:36.305213700-0500","29.052243800","192.168.0.186","192.168.0.178","25858","25565","16041","3347140","0","0","0x0010"
"7068","2026-08-15T10:06:36.305269200-0500","29.052299300","192.168.0.178","192.168.0.186","25565","25858","3347140","16041","1460","0","0x0010"
"7069","2026-08-15T10:06:36.305338100-0500","29.052368200","192.168.0.178","192.168.0.186","25565","25858","3348600","16041","1460","0","0x0018"
"7070","2026-08-15T10:06:36.305351200-0500","29.052381300","192.168.0.186","192.168.0.178","25858","25565","16041","3350060","0","0","0x0010"
"7071","2026-08-15T10:06:36.305409400-0500","29.052439500","192.168.0.178","192.168.0.186","25565","25858","3350060","16041","1460","0","0x0010"
"7072","2026-08-15T10:06:36.305667100-0500","29.052697200","192.168.0.178","192.168.0.186","25565","25858","3351520","16041","1460","0","0x0010"
"7073","2026-08-15T10:06:36.305667100-0500","29.052697200","192.168.0.178","192.168.0.186","25565","25858","3352980","16041","1062","0","0x0018"
"7074","2026-08-15T10:06:36.305720700-0500","29.052750800","192.168.0.186","192.168.0.178","25858","25565","16041","3354042","0","0","0x0010"
"7075","2026-08-15T10:06:36.326425800-0500","29.073455900","192.168.0.186","192.168.0.178","25858","25565","16041","3354042","28","0","0x0018"
"7076","2026-08-15T10:06:36.327123800-0500","29.074153900","192.168.0.186","192.168.0.178","25858","25565","16069","3354042","3","0","0x0018"
"7077","2026-08-15T10:06:36.327755900-0500","29.074786000","192.168.0.178","192.168.0.186","25565","25858","3354042","16072","0","0","0x0010"
"7078","2026-08-15T10:06:36.352328800-0500","29.099358900","192.168.0.178","192.168.0.186","25565","25858","3354042","16072","1460","0","0x0010"
"7079","2026-08-15T10:06:36.352328800-0500","29.099358900","192.168.0.178","192.168.0.186","25565","25858","3355502","16072","1460","0","0x0010"
"7080","2026-08-15T10:06:36.352408000-0500","29.099438100","192.168.0.186","192.168.0.178","25858","25565","16072","3356962","0","0","0x0010"
"7081","2026-08-15T10:06:36.352462300-0500","29.099492400","192.168.0.178","192.168.0.186","25565","25858","3356962","16072","1460","0","0x0010"
"7082","2026-08-15T10:06:36.352702800-0500","29.099732900","192.168.0.178","192.168.0.186","25565","25858","3358422","16072","1460","0","0x0010"
"7083","2026-08-15T10:06:36.352702800-0500","29.099732900","192.168.0.178","192.168.0.186","25565","25858","3359882","16072","1460","0","0x0010"
"7084","2026-08-15T10:06:36.352758600-0500","29.099788700","192.168.0.186","192.168.0.178","25858","25565","16072","3361342","0","0","0x0010"
"7085","2026-08-15T10:06:36.352830300-0500","29.099860400","192.168.0.178","192.168.0.186","25565","25858","3361342","16072","1460","0","0x0010"
"7086","2026-08-15T10:06:36.352848700-0500","29.099878800","192.168.0.186","192.168.0.178","25858","25565","16072","3362802","0","0","0x0010"
"7087","2026-08-15T10:06:36.353079100-0500","29.100109200","192.168.0.178","192.168.0.186","25565","25858","3362802","16072","1460","0","0x0010"
"7088","2026-08-15T10:06:36.353079100-0500","29.100109200","192.168.0.178","192.168.0.186","25565","25858","3364262","16072","1460","0","0x0010"
"7089","2026-08-15T10:06:36.353131700-0500","29.100161800","192.168.0.186","192.168.0.178","25858","25565","16072","3365722","0","0","0x0010"
"7090","2026-08-15T10:06:36.353199100-0500","29.100229200","192.168.0.178","192.168.0.186","25565","25858","3365722","16072","1460","0","0x0010"
"7091","2026-08-15T10:06:36.353442500-0500","29.100472600","192.168.0.178","192.168.0.186","25565","25858","3367182","16072","1460","0","0x0010"
"7092","2026-08-15T10:06:36.353442500-0500","29.100472600","192.168.0.178","192.168.0.186","25565","25858","3368642","16072","1460","0","0x0018"
"7093","2026-08-15T10:06:36.353492600-0500","29.100522700","192.168.0.186","192.168.0.178","25858","25565","16072","3370102","0","0","0x0010"
"7094","2026-08-15T10:06:36.353572000-0500","29.100602100","192.168.0.178","192.168.0.186","25565","25858","3370102","16072","1460","0","0x0010"
"7095","2026-08-15T10:06:36.353583200-0500","29.100613300","192.168.0.186","192.168.0.178","25858","25565","16072","3371562","0","0","0x0010"
"7096","2026-08-15T10:06:36.353847500-0500","29.100877600","192.168.0.178","192.168.0.186","25565","25858","3371562","16072","1460","0","0x0010"
"7097","2026-08-15T10:06:36.353847500-0500","29.100877600","192.168.0.178","192.168.0.186","25565","25858","3373022","16072","462","0","0x0018"
"7098","2026-08-15T10:06:36.353903200-0500","29.100933300","192.168.0.186","192.168.0.178","25858","25565","16072","3373484","0","0","0x0010"
"7099","2026-08-15T10:06:36.376870600-0500","29.123900700","192.168.0.186","192.168.0.178","25858","25565","16072","3373484","28","0","0x0018"
"7100","2026-08-15T10:06:36.378039100-0500","29.125069200","192.168.0.186","192.168.0.178","25858","25565","16100","3373484","3","0","0x0018"
"7101","2026-08-15T10:06:36.378466900-0500","29.125497000","192.168.0.178","192.168.0.186","25565","25858","3373484","16103","0","0","0x0010"
"7102","2026-08-15T10:06:36.400640900-0500","29.147671000","192.168.0.178","192.168.0.186","25565","25858","3373484","16103","1460","0","0x0010"
"7103","2026-08-15T10:06:36.400640900-0500","29.147671000","192.168.0.178","192.168.0.186","25565","25858","3374944","16103","1460","0","0x0010"
"7104","2026-08-15T10:06:36.400698200-0500","29.147728300","192.168.0.186","192.168.0.178","25858","25565","16103","3376404","0","0","0x0010"
"7105","2026-08-15T10:06:36.400736800-0500","29.147766900","192.168.0.178","192.168.0.186","25565","25858","3376404","16103","1069","0","0x0018"
"7106","2026-08-15T10:06:36.426892200-0500","29.173922300","192.168.0.186","192.168.0.178","25858","25565","16103","3377473","28","0","0x0018"
"7107","2026-08-15T10:06:36.428464600-0500","29.175494700","192.168.0.186","192.168.0.178","25858","25565","16131","3377473","3","0","0x0018"
"7108","2026-08-15T10:06:36.429129200-0500","29.176159300","192.168.0.178","192.168.0.186","25565","25858","3377473","16134","0","0","0x0010"
"7109","2026-08-15T10:06:36.451015900-0500","29.198046000","192.168.0.178","192.168.0.186","25565","25858","3377473","16134","40","0","0x0018"
"7110","2026-08-15T10:06:36.476786500-0500","29.223816600","192.168.0.186","192.168.0.178","25858","25565","16134","3377513","28","0","0x0018"
"7111","2026-08-15T10:06:36.478038800-0500","29.225068900","192.168.0.186","192.168.0.178","25858","25565","16162","3377513","3","0","0x0018"
"7112","2026-08-15T10:06:36.478744800-0500","29.225774900","192.168.0.178","192.168.0.186","25565","25858","3377513","16165","0","0","0x0010"
"7113","2026-08-15T10:06:36.500752300-0500","29.247782400","192.168.0.178","192.168.0.186","25565","25858","3377513","16165","20","0","0x0018"
"7114","2026-08-15T10:06:36.527048600-0500","29.274078700","192.168.0.186","192.168.0.178","25858","25565","16165","3377533","28","0","0x0018"
"7115","2026-08-15T10:06:36.528216200-0500","29.275246300","192.168.0.186","192.168.0.178","25858","25565","16193","3377533","3","0","0x0018"
"7116","2026-08-15T10:06:36.528921500-0500","29.275951600","192.168.0.178","192.168.0.186","25565","25858","3377533","16196","0","0","0x0010"
"7117","2026-08-15T10:06:36.550537300-0500","29.297567400","192.168.0.178","192.168.0.186","25565","25858","3377533","16196","31","0","0x0018"
"7118","2026-08-15T10:06:36.576869100-0500","29.323899200","192.168.0.186","192.168.0.178","25858","25565","16196","3377564","28","0","0x0018"
"7119","2026-08-15T10:06:36.578064300-0500","29.325094400","192.168.0.186","192.168.0.178","25858","25565","16224","3377564","3","0","0x0018"
"7120","2026-08-15T10:06:36.578933500-0500","29.325963600","192.168.0.178","192.168.0.186","25565","25858","3377564","16227","0","0","0x0010"
"7121","2026-08-15T10:06:36.601114800-0500","29.348144900","192.168.0.178","192.168.0.186","25565","25858","3377564","16227","93","0","0x0018"
"7122","2026-08-15T10:06:36.627103900-0500","29.374134000","192.168.0.186","192.168.0.178","25858","25565","16227","3377657","28","0","0x0018"
"7123","2026-08-15T10:06:36.628286000-0500","29.375316100","192.168.0.186","192.168.0.178","25858","25565","16255","3377657","3","0","0x0018"
"7124","2026-08-15T10:06:36.629191200-0500","29.376221300","192.168.0.178","192.168.0.186","25565","25858","3377657","16258","0","0","0x0010"
"7125","2026-08-15T10:06:36.650470800-0500","29.397500900","192.168.0.178","192.168.0.186","25565","25858","3377657","16258","20","0","0x0018"
"7126","2026-08-15T10:06:36.676268400-0500","29.423298500","192.168.0.186","192.168.0.178","25858","25565","16258","3377677","28","0","0x0018"
"7127","2026-08-15T10:06:36.676756500-0500","29.423786600","192.168.0.186","192.168.0.178","25858","25565","16286","3377677","3","0","0x0018"
"7128","2026-08-15T10:06:36.677421900-0500","29.424452000","192.168.0.178","192.168.0.186","25565","25858","3377677","16289","0","0","0x0010"
"7129","2026-08-15T10:06:36.700822700-0500","29.447852800","192.168.0.178","192.168.0.186","25565","25858","3377677","16289","73","0","0x0018"
"7130","2026-08-15T10:06:36.726959300-0500","29.473989400","192.168.0.186","192.168.0.178","25858","25565","16289","3377750","28","0","0x0018"
"7131","2026-08-15T10:06:36.728087300-0500","29.475117400","192.168.0.186","192.168.0.178","25858","25565","16317","3377750","3","0","0x0018"
"7132","2026-08-15T10:06:36.728883700-0500","29.475913800","192.168.0.178","192.168.0.186","25565","25858","3377750","16320","0","0","0x0010"
"7133","2026-08-15T10:06:36.750900600-0500","29.497930700","192.168.0.178","192.168.0.186","25565","25858","3377750","16320","53","0","0x0018"
"7134","2026-08-15T10:06:36.777036200-0500","29.524066300","192.168.0.186","192.168.0.178","25858","25565","16320","3377803","28","0","0x0018"
"7135","2026-08-15T10:06:36.778237200-0500","29.525267300","192.168.0.186","192.168.0.178","25858","25565","16348","3377803","3","0","0x0018"
"7136","2026-08-15T10:06:36.779093700-0500","29.526123800","192.168.0.178","192.168.0.186","25565","25858","3377803","16351","0","0","0x0010"
"7137","2026-08-15T10:06:36.800625000-0500","29.547655100","192.168.0.178","192.168.0.186","25565","25858","3377803","16351","12","0","0x0018"
"7138","2026-08-15T10:06:36.827066000-0500","29.574096100","192.168.0.186","192.168.0.178","25858","25565","16351","3377815","28","0","0x0018"
"7139","2026-08-15T10:06:36.828184200-0500","29.575214300","192.168.0.186","192.168.0.178","25858","25565","16379","3377815","3","0","0x0018"
"7140","2026-08-15T10:06:36.828903100-0500","29.575933200","192.168.0.178","192.168.0.186","25565","25858","3377815","16382","0","0","0x0010"
"7141","2026-08-15T10:06:36.851700800-0500","29.598730900","192.168.0.178","192.168.0.186","25565","25858","3377815","16382","31","0","0x0018"
"7142","2026-08-15T10:06:36.876961900-0500","29.623992000","192.168.0.186","192.168.0.178","25858","25565","16382","3377846","28","0","0x0018"
"7143","2026-08-15T10:06:36.878114100-0500","29.625144200","192.168.0.186","192.168.0.178","25858","25565","16410","3377846","3","0","0x0018"
"7144","2026-08-15T10:06:36.878808700-0500","29.625838800","192.168.0.178","192.168.0.186","25565","25858","3377846","16413","0","0","0x0010"
"7145","2026-08-15T10:06:36.905000300-0500","29.652030400","192.168.0.178","192.168.0.186","25565","25858","3377846","16413","76","0","0x0018"
"7146","2026-08-15T10:06:36.926759600-0500","29.673789700","192.168.0.186","192.168.0.178","25858","25565","16413","3377922","28","0","0x0018"
"7147","2026-08-15T10:06:36.927931900-0500","29.674962000","192.168.0.186","192.168.0.178","25858","25565","16441","3377922","3","0","0x0018"
"7148","2026-08-15T10:06:36.928636800-0500","29.675666900","192.168.0.178","192.168.0.186","25565","25858","3377922","16444","0","0","0x0010"
"7149","2026-08-15T10:06:36.952630800-0500","29.699660900","192.168.0.178","192.168.0.186","25565","25858","3377922","16444","12","0","0x0018"
"7150","2026-08-15T10:06:36.976943800-0500","29.723973900","192.168.0.186","192.168.0.178","25858","25565","16444","3377934","28","0","0x0018"
"7151","2026-08-15T10:06:36.978080200-0500","29.725110300","192.168.0.186","192.168.0.178","25858","25565","16472","3377934","3","0","0x0018"
"7152","2026-08-15T10:06:36.978753000-0500","29.725783100","192.168.0.178","192.168.0.186","25565","25858","3377934","16475","0","0","0x0010"
"7153","2026-08-15T10:06:37.003589600-0500","29.750619700","192.168.0.178","192.168.0.186","25565","25858","3377934","16475","31","0","0x0018"
"7154","2026-08-15T10:06:37.026972300-0500","29.774002400","192.168.0.186","192.168.0.178","25858","25565","16475","3377965","28","0","0x0018"
"7155","2026-08-15T10:06:37.028259900-0500","29.775290000","192.168.0.186","192.168.0.178","25858","25565","16503","3377965","3","0","0x0018"
"7156","2026-08-15T10:06:37.029064700-0500","29.776094800","192.168.0.178","192.168.0.186","25565","25858","3377965","16506","0","0","0x0010"
"7157","2026-08-15T10:06:37.050805900-0500","29.797836000","192.168.0.178","192.168.0.186","25565","25858","3377965","16506","45","0","0x0018"
"7158","2026-08-15T10:06:37.076723900-0500","29.823754000","192.168.0.186","192.168.0.178","25858","25565","16506","3378010","28","0","0x0018"
"7159","2026-08-15T10:06:37.077830900-0500","29.824861000","192.168.0.186","192.168.0.178","25858","25565","16534","3378010","3","0","0x0018"
"7160","2026-08-15T10:06:37.078446700-0500","29.825476800","192.168.0.178","192.168.0.186","25565","25858","3378010","16537","0","0","0x0010"
"7161","2026-08-15T10:06:37.078745100-0500","29.825775200","192.168.0.178","192.168.0.186","25565","25858","3378010","16537","11","0","0x0018"
"7162","2026-08-15T10:06:37.078745100-0500","29.825775200","192.168.0.178","192.168.0.186","25565","25858","3378021","16537","22","0","0x0018"
"7163","2026-08-15T10:06:37.078745100-0500","29.825775200","192.168.0.178","192.168.0.186","25565","25858","3378043","16537","33","0","0x0018"
"7164","2026-08-15T10:06:37.078745100-0500","29.825775200","192.168.0.178","192.168.0.186","25565","25858","3378076","16537","66","0","0x0018"
"7165","2026-08-15T10:06:37.078745100-0500","29.825775200","192.168.0.178","192.168.0.186","25565","25858","3378142","16537","64","0","0x0018"
"7166","2026-08-15T10:06:37.078796100-0500","29.825826200","192.168.0.186","192.168.0.178","25858","25565","16537","3378206","0","0","0x0010"
"7167","2026-08-15T10:06:37.102484800-0500","29.849514900","192.168.0.178","192.168.0.186","25565","25858","3378206","16537","1460","0","0x0010"
"7168","2026-08-15T10:06:37.102484800-0500","29.849514900","192.168.0.178","192.168.0.186","25565","25858","3379666","16537","1460","0","0x0010"
"7169","2026-08-15T10:06:37.102544000-0500","29.849574100","192.168.0.186","192.168.0.178","25858","25565","16537","3381126","0","0","0x0010"
"7170","2026-08-15T10:06:37.102588600-0500","29.849618700","192.168.0.178","192.168.0.186","25565","25858","3381126","16537","1460","0","0x0010"
"7171","2026-08-15T10:06:37.102600600-0500","29.849630700","192.168.0.186","192.168.0.178","25858","25565","16537","3382586","0","0","0x0010"
"7172","2026-08-15T10:06:37.102713300-0500","29.849743400","192.168.0.178","192.168.0.186","25565","25858","3382586","16537","1460","0","0x0010"
"7173","2026-08-15T10:06:37.102789900-0500","29.849820000","192.168.0.178","192.168.0.186","25565","25858","3384046","16537","1460","0","0x0010"
"7174","2026-08-15T10:06:37.102798000-0500","29.849828100","192.168.0.186","192.168.0.178","25858","25565","16537","3385506","0","0","0x0010"
"7175","2026-08-15T10:06:37.103029200-0500","29.850059300","192.168.0.178","192.168.0.186","25565","25858","3385506","16537","1460","0","0x0010"
"7176","2026-08-15T10:06:37.103093800-0500","29.850123900","192.168.0.178","192.168.0.186","25565","25858","3386966","16537","1460","0","0x0010"
"7177","2026-08-15T10:06:37.103123600-0500","29.850153700","192.168.0.186","192.168.0.178","25858","25565","16537","3388426","0","0","0x0010"
"7178","2026-08-15T10:06:37.103186100-0500","29.850216200","192.168.0.178","192.168.0.186","25565","25858","3388426","16537","1460","0","0x0010"
"7179","2026-08-15T10:06:37.103420000-0500","29.850450100","192.168.0.178","192.168.0.186","25565","25858","3389886","16537","1460","0","0x0010"
"7180","2026-08-15T10:06:37.103420000-0500","29.850450100","192.168.0.178","192.168.0.186","25565","25858","3391346","16537","1460","0","0x0010"
"7181","2026-08-15T10:06:37.103480000-0500","29.850510100","192.168.0.186","192.168.0.178","25858","25565","16537","3392806","0","0","0x0010"
"7182","2026-08-15T10:06:37.103554600-0500","29.850584700","192.168.0.178","192.168.0.186","25565","25858","3392806","16537","1460","0","0x0018"
"7183","2026-08-15T10:06:37.103576600-0500","29.850606700","192.168.0.186","192.168.0.178","25858","25565","16537","3394266","0","0","0x0010"
"7184","2026-08-15T10:06:37.103739500-0500","29.850769600","192.168.0.178","192.168.0.186","25565","25858","3394266","16537","1460","0","0x0010"
"7185","2026-08-15T10:06:37.103794900-0500","29.850825000","192.168.0.178","192.168.0.186","25565","25858","3395726","16537","1460","0","0x0010"
"7186","2026-08-15T10:06:37.103803200-0500","29.850833300","192.168.0.186","192.168.0.178","25858","25565","16537","3397186","0","0","0x0010"
"7187","2026-08-15T10:06:37.103839400-0500","29.850869500","192.168.0.178","192.168.0.186","25565","25858","3397186","16537","761","0","0x0018"
"7188","2026-08-15T10:06:37.126261900-0500","29.873292000","192.168.0.186","192.168.0.178","25858","25565","16537","3397947","28","0","0x0018"
"7189","2026-08-15T10:06:37.126806400-0500","29.873836500","192.168.0.186","192.168.0.178","25858","25565","16565","3397947","3","0","0x0018"
"7190","2026-08-15T10:06:37.127563800-0500","29.874593900","192.168.0.178","192.168.0.186","25565","25858","3397947","16568","0","0","0x0010"
"7191","2026-08-15T10:06:37.155517400-0500","29.902547500","192.168.0.178","192.168.0.186","25565","25858","3397947","16568","1460","0","0x0010"
"7192","2026-08-15T10:06:37.155517400-0500","29.902547500","192.168.0.178","192.168.0.186","25565","25858","3399407","16568","1460","0","0x0010"
"7193","2026-08-15T10:06:37.155566300-0500","29.902596400","192.168.0.186","192.168.0.178","25858","25565","16568","3400867","0","0","0x0010"
"7194","2026-08-15T10:06:37.155620900-0500","29.902651000","192.168.0.178","192.168.0.186","25565","25858","3400867","16568","1460","0","0x0010"
"7195","2026-08-15T10:06:37.155847100-0500","29.902877200","192.168.0.178","192.168.0.186","25565","25858","3402327","16568","1460","0","0x0010"
"7196","2026-08-15T10:06:37.155847100-0500","29.902877200","192.168.0.178","192.168.0.186","25565","25858","3403787","16568","1460","0","0x0010"
"7197","2026-08-15T10:06:37.155879700-0500","29.902909800","192.168.0.186","192.168.0.178","25858","25565","16568","3405247","0","0","0x0010"
"7198","2026-08-15T10:06:37.156095200-0500","29.903125300","192.168.0.178","192.168.0.186","25565","25858","3405247","16568","1460","0","0x0010"
"7199","2026-08-15T10:06:37.156095200-0500","29.903125300","192.168.0.178","192.168.0.186","25565","25858","3406707","16568","1460","0","0x0010"
"7200","2026-08-15T10:06:37.156134300-0500","29.903164400","192.168.0.186","192.168.0.178","25858","25565","16568","3408167","0","0","0x0010"
"7201","2026-08-15T10:06:37.156366700-0500","29.903396800","192.168.0.178","192.168.0.186","25565","25858","3408167","16568","1460","0","0x0010"
"7202","2026-08-15T10:06:37.156366700-0500","29.903396800","192.168.0.178","192.168.0.186","25565","25858","3409627","16568","1460","0","0x0010"
"7203","2026-08-15T10:06:37.156399800-0500","29.903429900","192.168.0.186","192.168.0.178","25858","25565","16568","3411087","0","0","0x0010"
"7204","2026-08-15T10:06:37.156464100-0500","29.903494200","192.168.0.178","192.168.0.186","25565","25858","3411087","16568","1460","0","0x0010"
"7205","2026-08-15T10:06:37.156472200-0500","29.903502300","192.168.0.186","192.168.0.178","25858","25565","16568","3412547","0","0","0x0010"
"7206","2026-08-15T10:06:37.156707600-0500","29.903737700","192.168.0.178","192.168.0.186","25565","25858","3412547","16568","1460","0","0x0018"
"7207","2026-08-15T10:06:37.156707600-0500","29.903737700","192.168.0.178","192.168.0.186","25565","25858","3414007","16568","1460","0","0x0010"
"7208","2026-08-15T10:06:37.156742000-0500","29.903772100","192.168.0.186","192.168.0.178","25858","25565","16568","3415467","0","0","0x0010"
"7209","2026-08-15T10:06:37.156959300-0500","29.903989400","192.168.0.178","192.168.0.186","25565","25858","3415467","16568","1460","0","0x0010"
"7210","2026-08-15T10:06:37.156959300-0500","29.903989400","192.168.0.178","192.168.0.186","25565","25858","3416927","16568","1460","0","0x0010"
"7211","2026-08-15T10:06:37.156993600-0500","29.904023700","192.168.0.186","192.168.0.178","25858","25565","16568","3418387","0","0","0x0010"
"7212","2026-08-15T10:06:37.157225600-0500","29.904255700","192.168.0.178","192.168.0.186","25565","25858","3418387","16568","1460","0","0x0010"
"7213","2026-08-15T10:06:37.157225600-0500","29.904255700","192.168.0.178","192.168.0.186","25565","25858","3419847","16568","1460","0","0x0010"
"7214","2026-08-15T10:06:37.157225600-0500","29.904255700","192.168.0.178","192.168.0.186","25565","25858","3421307","16568","247","0","0x0018"
"7215","2026-08-15T10:06:37.157264500-0500","29.904294600","192.168.0.186","192.168.0.178","25858","25565","16568","3421554","0","0","0x0010"
"7216","2026-08-15T10:06:37.176590100-0500","29.923620200","192.168.0.186","192.168.0.178","25858","25565","16568","3421554","28","0","0x0018"
"7217","2026-08-15T10:06:37.177802200-0500","29.924832300","192.168.0.186","192.168.0.178","25858","25565","16596","3421554","3","0","0x0018"
"7218","2026-08-15T10:06:37.178496700-0500","29.925526800","192.168.0.178","192.168.0.186","25565","25858","3421554","16599","0","0","0x0010"
"7219","2026-08-15T10:06:37.201622100-0500","29.948652200","192.168.0.178","192.168.0.186","25565","25858","3421554","16599","1460","0","0x0010"
"7220","2026-08-15T10:06:37.201622100-0500","29.948652200","192.168.0.178","192.168.0.186","25565","25858","3423014","16599","1460","0","0x0010"
"7221","2026-08-15T10:06:37.201686600-0500","29.948716700","192.168.0.186","192.168.0.178","25858","25565","16599","3424474","0","0","0x0010"
"7222","2026-08-15T10:06:37.201737900-0500","29.948768000","192.168.0.178","192.168.0.186","25565","25858","3424474","16599","1460","0","0x0010"
"7223","2026-08-15T10:06:37.201856100-0500","29.948886200","192.168.0.178","192.168.0.186","25565","25858","3425934","16599","1460","0","0x0010"
"7224","2026-08-15T10:06:37.201875800-0500","29.948905900","192.168.0.186","192.168.0.178","25858","25565","16599","3427394","0","0","0x0010"
"7225","2026-08-15T10:06:37.201956400-0500","29.948986500","192.168.0.178","192.168.0.186","25565","25858","3427394","16599","678","0","0x0018"
"7226","2026-08-15T10:06:37.225938400-0500","29.972968500","192.168.0.186","192.168.0.178","25858","25565","16599","3428072","28","0","0x0018"
"7227","2026-08-15T10:06:37.226688200-0500","29.973718300","192.168.0.186","192.168.0.178","25858","25565","16627","3428072","3","0","0x0018"
"7228","2026-08-15T10:06:37.227421700-0500","29.974451800","192.168.0.178","192.168.0.186","25565","25858","3428072","16630","0","0","0x0010"
"7229","2026-08-15T10:06:37.251746200-0500","29.998776300","192.168.0.178","192.168.0.186","25565","25858","3428072","16630","365","0","0x0018"
"7230","2026-08-15T10:06:37.252018700-0500","29.999048800","192.168.0.186","192.168.0.178","25858","25565","16630","3428437","11","0","0x0018"
"7231","2026-08-15T10:06:37.275818200-0500","30.022848300","192.168.0.186","192.168.0.178","25858","25565","16641","3428437","28","0","0x0018"
"7232","2026-08-15T10:06:37.276552300-0500","30.023582400","192.168.0.186","192.168.0.178","25858","25565","16669","3428437","3","0","0x0018"
"7233","2026-08-15T10:06:37.276590200-0500","30.023620300","192.168.0.178","192.168.0.186","25565","25858","3428437","16669","0","0","0x0010"
"7234","2026-08-15T10:06:37.301289300-0500","30.048319400","192.168.0.178","192.168.0.186","25565","25858","3428437","16672","346","0","0x0018"
"7235","2026-08-15T10:06:37.327017800-0500","30.074047900","192.168.0.186","192.168.0.178","25858","25565","16672","3428783","28","0","0x0018"
"7236","2026-08-15T10:06:37.328198200-0500","30.075228300","192.168.0.186","192.168.0.178","25858","25565","16700","3428783","3","0","0x0018"
"7237","2026-08-15T10:06:37.328932700-0500","30.075962800","192.168.0.178","192.168.0.186","25565","25858","3428783","16703","0","0","0x0010"
"7238","2026-08-15T10:06:37.352835600-0500","30.099865700","192.168.0.178","192.168.0.186","25565","25858","3428783","16703","270","0","0x0018"
"7239","2026-08-15T10:06:37.376829600-0500","30.123859700","192.168.0.186","192.168.0.178","25858","25565","16703","3429053","28","0","0x0018"
"7240","2026-08-15T10:06:37.378021700-0500","30.125051800","192.168.0.186","192.168.0.178","25858","25565","16731","3429053","3","0","0x0018"
"7241","2026-08-15T10:06:37.378588800-0500","30.125618900","192.168.0.178","192.168.0.186","25565","25858","3429053","16734","0","0","0x0010"
"7242","2026-08-15T10:06:37.394458700-0500","30.141488800","192.168.0.178","192.168.0.186","25565","25858","3429053","16734","52","0","0x0018"
"7243","2026-08-15T10:06:37.394458700-0500","30.141488800","192.168.0.178","192.168.0.186","25565","25858","3429105","16734","104","0","0x0018"
"7244","2026-08-15T10:06:37.394518600-0500","30.141548700","192.168.0.186","192.168.0.178","25858","25565","16734","3429209","0","0","0x0010"
"7245","2026-08-15T10:06:37.401116600-0500","30.148146700","192.168.0.178","192.168.0.186","25565","25858","3429209","16734","143","0","0x0018"
"7246","2026-08-15T10:06:37.426583300-0500","30.173613400","192.168.0.186","192.168.0.178","25858","25565","16734","3429352","28","0","0x0018"
"7247","2026-08-15T10:06:37.427779800-0500","30.174809900","192.168.0.186","192.168.0.178","25858","25565","16762","3429352","3","0","0x0018"
"7248","2026-08-15T10:06:37.428292900-0500","30.175323000","192.168.0.178","192.168.0.186","25565","25858","3429352","16765","0","0","0x0010"
"7249","2026-08-15T10:06:37.450493900-0500","30.197524000","192.168.0.178","192.168.0.186","25565","25858","3429352","16765","119","0","0x0018"
"7250","2026-08-15T10:06:37.476211900-0500","30.223242000","192.168.0.186","192.168.0.178","25858","25565","16765","3429471","28","0","0x0018"
"7251","2026-08-15T10:06:37.476744000-0500","30.223774100","192.168.0.186","192.168.0.178","25858","25565","16793","3429471","3","0","0x0018"
"7252","2026-08-15T10:06:37.477399600-0500","30.224429700","192.168.0.178","192.168.0.186","25565","25858","3429471","16796","0","0","0x0010"
"7253","2026-08-15T10:06:37.501189900-0500","30.248220000","192.168.0.178","192.168.0.186","25565","25858","3429471","16796","411","0","0x0018"
"7254","2026-08-15T10:06:37.527226700-0500","30.274256800","192.168.0.186","192.168.0.178","25858","25565","16796","3429882","28","0","0x0018"
"7255","2026-08-15T10:06:37.528422600-0500","30.275452700","192.168.0.186","192.168.0.178","25858","25565","16824","3429882","3","0","0x0018"
"7256","2026-08-15T10:06:37.529099900-0500","30.276130000","192.168.0.178","192.168.0.186","25565","25858","3429882","16827","0","0","0x0010"
"7257","2026-08-15T10:06:37.550355200-0500","30.297385300","192.168.0.178","192.168.0.186","25565","25858","3429882","16827","20","0","0x0018"
"7258","2026-08-15T10:06:37.576930300-0500","30.323960400","192.168.0.186","192.168.0.178","25858","25565","16827","3429902","36","0","0x0018"
"7259","2026-08-15T10:06:37.578150900-0500","30.325181000","192.168.0.186","192.168.0.178","25858","25565","16863","3429902","3","0","0x0018"
"7260","2026-08-15T10:06:37.578852700-0500","30.325882800","192.168.0.178","192.168.0.186","25565","25858","3429902","16866","0","0","0x0010"
"7261","2026-08-15T10:06:37.601997300-0500","30.349027400","192.168.0.178","192.168.0.186","25565","25858","3429902","16866","34","0","0x0018"
"7262","2026-08-15T10:06:37.626945100-0500","30.373975200","192.168.0.186","192.168.0.178","25858","25565","16866","3429936","36","0","0x0018"
"7263","2026-08-15T10:06:37.628082000-0500","30.375112100","192.168.0.186","192.168.0.178","25858","25565","16902","3429936","3","0","0x0018"
"7264","2026-08-15T10:06:37.628824100-0500","30.375854200","192.168.0.178","192.168.0.186","25565","25858","3429936","16905","0","0","0x0010"
"7265","2026-08-15T10:06:37.652672300-0500","30.399702400","192.168.0.178","192.168.0.186","25565","25858","3429936","16905","1460","0","0x0010"
"7266","2026-08-15T10:06:37.652672300-0500","30.399702400","192.168.0.178","192.168.0.186","25565","25858","3431396","16905","1460","0","0x0010"
"7267","2026-08-15T10:06:37.652731600-0500","30.399761700","192.168.0.186","192.168.0.178","25858","25565","16905","3432856","0","0","0x0010"
"7268","2026-08-15T10:06:37.652825100-0500","30.399855200","192.168.0.178","192.168.0.186","25565","25858","3432856","16905","1460","0","0x0010"
"7269","2026-08-15T10:06:37.652887600-0500","30.399917700","192.168.0.178","192.168.0.186","25565","25858","3434316","16905","1460","0","0x0010"
"7270","2026-08-15T10:06:37.652896000-0500","30.399926100","192.168.0.186","192.168.0.178","25858","25565","16905","3435776","0","0","0x0010"
"7271","2026-08-15T10:06:37.653140900-0500","30.400171000","192.168.0.178","192.168.0.186","25565","25858","3435776","16905","1460","0","0x0010"
"7272","2026-08-15T10:06:37.653140900-0500","30.400171000","192.168.0.178","192.168.0.186","25565","25858","3437236","16905","1460","0","0x0010"
"7273","2026-08-15T10:06:37.653186500-0500","30.400216600","192.168.0.186","192.168.0.178","25858","25565","16905","3438696","0","0","0x0010"
"7274","2026-08-15T10:06:37.653405100-0500","30.400435200","192.168.0.178","192.168.0.186","25565","25858","3438696","16905","1460","0","0x0010"
"7275","2026-08-15T10:06:37.653405100-0500","30.400435200","192.168.0.178","192.168.0.186","25565","25858","3440156","16905","1460","0","0x0010"
"7276","2026-08-15T10:06:37.653456500-0500","30.400486600","192.168.0.186","192.168.0.178","25858","25565","16905","3441616","0","0","0x0010"
"7277","2026-08-15T10:06:37.653533100-0500","30.400563200","192.168.0.178","192.168.0.186","25565","25858","3441616","16905","1460","0","0x0010"
"7278","2026-08-15T10:06:37.653754300-0500","30.400784400","192.168.0.178","192.168.0.186","25565","25858","3443076","16905","1460","0","0x0010"
"7279","2026-08-15T10:06:37.653754300-0500","30.400784400","192.168.0.178","192.168.0.186","25565","25858","3444536","16905","1090","0","0x0018"
"7280","2026-08-15T10:06:37.653818100-0500","30.400848200","192.168.0.186","192.168.0.178","25858","25565","16905","3445626","0","0","0x0010"
"7281","2026-08-15T10:06:37.676373800-0500","30.423403900","192.168.0.186","192.168.0.178","25858","25565","16905","3445626","36","0","0x0018"
"7282","2026-08-15T10:06:37.676961500-0500","30.423991600","192.168.0.186","192.168.0.178","25858","25565","16941","3445626","3","0","0x0018"
"7283","2026-08-15T10:06:37.677590700-0500","30.424620800","192.168.0.178","192.168.0.186","25565","25858","3445626","16944","0","0","0x0010"
"7284","2026-08-15T10:06:37.701252800-0500","30.448282900","192.168.0.178","192.168.0.186","25565","25858","3445626","16944","1460","0","0x0010"
"7285","2026-08-15T10:06:37.701252800-0500","30.448282900","192.168.0.178","192.168.0.186","25565","25858","3447086","16944","1460","0","0x0010"
"7286","2026-08-15T10:06:37.701298200-0500","30.448328300","192.168.0.186","192.168.0.178","25858","25565","16944","3448546","0","0","0x0010"
"7287","2026-08-15T10:06:37.701350000-0500","30.448380100","192.168.0.178","192.168.0.186","25565","25858","3448546","16944","1460","0","0x0010"
"7288","2026-08-15T10:06:37.701574200-0500","30.448604300","192.168.0.178","192.168.0.186","25565","25858","3450006","16944","1460","0","0x0010"
"7289","2026-08-15T10:06:37.701574200-0500","30.448604300","192.168.0.178","192.168.0.186","25565","25858","3451466","16944","1460","0","0x0010"
"7290","2026-08-15T10:06:37.701600800-0500","30.448630900","192.168.0.186","192.168.0.178","25858","25565","16944","3452926","0","0","0x0010"
"7291","2026-08-15T10:06:37.701820100-0500","30.448850200","192.168.0.178","192.168.0.186","25565","25858","3452926","16944","1460","0","0x0010"
"7292","2026-08-15T10:06:37.701820100-0500","30.448850200","192.168.0.178","192.168.0.186","25565","25858","3454386","16944","1460","0","0x0010"
"7293","2026-08-15T10:06:37.701846400-0500","30.448876500","192.168.0.186","192.168.0.178","25858","25565","16944","3455846","0","0","0x0010"
"7294","2026-08-15T10:06:37.702058500-0500","30.449088600","192.168.0.178","192.168.0.186","25565","25858","3455846","16944","1460","0","0x0010"
"7295","2026-08-15T10:06:37.702058500-0500","30.449088600","192.168.0.178","192.168.0.186","25565","25858","3457306","16944","1460","0","0x0010"
"7296","2026-08-15T10:06:37.702084400-0500","30.449114500","192.168.0.186","192.168.0.178","25858","25565","16944","3458766","0","0","0x0010"
"7297","2026-08-15T10:06:37.702276700-0500","30.449306800","192.168.0.178","192.168.0.186","25565","25858","3458766","16944","1460","0","0x0010"
"7298","2026-08-15T10:06:37.702302200-0500","30.449332300","192.168.0.186","192.168.0.178","25858","25565","16944","3460226","0","0","0x0010"
"7299","2026-08-15T10:06:37.702341300-0500","30.449371400","192.168.0.178","192.168.0.186","25565","25858","3460226","16944","1460","0","0x0018"
"7300","2026-08-15T10:06:37.702589200-0500","30.449619300","192.168.0.178","192.168.0.186","25565","25858","3461686","16944","1460","0","0x0010"
"7301","2026-08-15T10:06:37.702589200-0500","30.449619300","192.168.0.178","192.168.0.186","25565","25858","3463146","16944","1460","0","0x0010"
"7302","2026-08-15T10:06:37.702619100-0500","30.449649200","192.168.0.186","192.168.0.178","25858","25565","16944","3464606","0","0","0x0010"
"7303","2026-08-15T10:06:37.702675900-0500","30.449706000","192.168.0.178","192.168.0.186","25565","25858","3464606","16944","1460","0","0x0010"
"7304","2026-08-15T10:06:37.702682000-0500","30.449712100","192.168.0.186","192.168.0.178","25858","25565","16944","3466066","0","0","0x0010"
"7305","2026-08-15T10:06:37.702908500-0500","30.449938600","192.168.0.178","192.168.0.186","25565","25858","3466066","16944","1460","0","0x0010"
"7306","2026-08-15T10:06:37.702908500-0500","30.449938600","192.168.0.178","192.168.0.186","25565","25858","3467526","16944","1224","0","0x0018"
"7307","2026-08-15T10:06:37.702939500-0500","30.449969600","192.168.0.186","192.168.0.178","25858","25565","16944","3468750","0","0","0x0010"
"7308","2026-08-15T10:06:37.726922100-0500","30.473952200","192.168.0.186","192.168.0.178","25858","25565","16944","3468750","28","0","0x0018"
"7309","2026-08-15T10:06:37.728129200-0500","30.475159300","192.168.0.186","192.168.0.178","25858","25565","16972","3468750","3","0","0x0018"
"7310","2026-08-15T10:06:37.728847500-0500","30.475877600","192.168.0.178","192.168.0.186","25565","25858","3468750","16975","0","0","0x0010"
"7311","2026-08-15T10:06:37.750765000-0500","30.497795100","192.168.0.178","192.168.0.186","25565","25858","3468750","16975","28","0","0x0018"
"7312","2026-08-15T10:06:37.776457700-0500","30.523487800","192.168.0.186","192.168.0.178","25858","25565","16975","3468778","28","0","0x0018"
"7313","2026-08-15T10:06:37.777386300-0500","30.524416400","192.168.0.186","192.168.0.178","25858","25565","17003","3468778","3","0","0x0018"
"7314","2026-08-15T10:06:37.778154500-0500","30.525184600","192.168.0.178","192.168.0.186","25565","25858","3468778","17006","0","0","0x0010"
"7315","2026-08-15T10:06:37.801775800-0500","30.548805900","192.168.0.178","192.168.0.186","25565","25858","3468778","17006","95","0","0x0018"
"7316","2026-08-15T10:06:37.827832400-0500","30.574862500","192.168.0.186","192.168.0.178","25858","25565","17006","3468873","28","0","0x0018"
"7317","2026-08-15T10:06:37.828776500-0500","30.575806600","192.168.0.186","192.168.0.178","25858","25565","17034","3468873","3","0","0x0018"
"7318","2026-08-15T10:06:37.829550800-0500","30.576580900","192.168.0.178","192.168.0.186","25565","25858","3468873","17037","0","0","0x0010"
"7319","2026-08-15T10:06:37.852159100-0500","30.599189200","192.168.0.178","192.168.0.186","25565","25858","3468873","17037","777","0","0x0018"
"7320","2026-08-15T10:06:37.876847600-0500","30.623877700","192.168.0.186","192.168.0.178","25858","25565","17037","3469650","28","0","0x0018"
"7321","2026-08-15T10:06:37.878111500-0500","30.625141600","192.168.0.186","192.168.0.178","25858","25565","17065","3469650","3","0","0x0018"
"7322","2026-08-15T10:06:37.878896200-0500","30.625926300","192.168.0.178","192.168.0.186","25565","25858","3469650","17068","0","0","0x0010"
"7323","2026-08-15T10:06:37.900614100-0500","30.647644200","192.168.0.178","192.168.0.186","25565","25858","3469650","17068","137","0","0x0018"
"7324","2026-08-15T10:06:37.926789900-0500","30.673820000","192.168.0.186","192.168.0.178","25858","25565","17068","3469787","28","0","0x0018"
"7325","2026-08-15T10:06:37.928113100-0500","30.675143200","192.168.0.186","192.168.0.178","25858","25565","17096","3469787","3","0","0x0018"
"7326","2026-08-15T10:06:37.928827400-0500","30.675857500","192.168.0.178","192.168.0.186","25565","25858","3469787","17099","0","0","0x0010"
"7327","2026-08-15T10:06:37.950622500-0500","30.697652600","192.168.0.178","192.168.0.186","25565","25858","3469787","17099","396","0","0x0018"
"7328","2026-08-15T10:06:37.976153700-0500","30.723183800","192.168.0.186","192.168.0.178","25858","25565","17099","3470183","28","0","0x0018"
"7329","2026-08-15T10:06:37.976912200-0500","30.723942300","192.168.0.186","192.168.0.178","25858","25565","17127","3470183","3","0","0x0018"
"7330","2026-08-15T10:06:37.977696500-0500","30.724726600","192.168.0.178","192.168.0.186","25565","25858","3470183","17130","0","0","0x0010"
"7331","2026-08-15T10:06:38.005255500-0500","30.752285600","192.168.0.178","192.168.0.186","25565","25858","3470183","17130","25","0","0x0018"
"7332","2026-08-15T10:06:38.027102000-0500","30.774132100","192.168.0.186","192.168.0.178","25858","25565","17130","3470208","28","0","0x0018"
"7333","2026-08-15T10:06:38.028213500-0500","30.775243600","192.168.0.178","192.168.0.186","25565","25858","3470208","17158","11","0","0x0018"
"7334","2026-08-15T10:06:38.028213500-0500","30.775243600","192.168.0.178","192.168.0.186","25565","25858","3470219","17158","22","0","0x0018"
"7335","2026-08-15T10:06:38.028213500-0500","30.775243600","192.168.0.178","192.168.0.186","25565","25858","3470241","17158","152","0","0x0018"
"7336","2026-08-15T10:06:38.028273800-0500","30.775303900","192.168.0.186","192.168.0.178","25858","25565","17158","3470393","0","0","0x0010"
"7337","2026-08-15T10:06:38.028376600-0500","30.775406700","192.168.0.186","192.168.0.178","25858","25565","17158","3470393","3","0","0x0018"
"7338","2026-08-15T10:06:38.050466400-0500","30.797496500","192.168.0.178","192.168.0.186","25565","25858","3470393","17161","43","0","0x0018"
"7339","2026-08-15T10:06:38.076994700-0500","30.824024800","192.168.0.186","192.168.0.178","25858","25565","17161","3470436","36","0","0x0018"
"7340","2026-08-15T10:06:38.078640400-0500","30.825670500","192.168.0.186","192.168.0.178","25858","25565","17197","3470436","3","0","0x0018"
"7341","2026-08-15T10:06:38.079379700-0500","30.826409800","192.168.0.178","192.168.0.186","25565","25858","3470436","17200","0","0","0x0010"
"7342","2026-08-15T10:06:38.101342700-0500","30.848372800","192.168.0.178","192.168.0.186","25565","25858","3470436","17200","343","0","0x0018"
"7343","2026-08-15T10:06:38.127534000-0500","30.874564100","192.168.0.186","192.168.0.178","25858","25565","17200","3470779","36","0","0x0018"
"7344","2026-08-15T10:06:38.128491300-0500","30.875521400","192.168.0.186","192.168.0.178","25858","25565","17236","3470779","3","0","0x0018"
"7345","2026-08-15T10:06:38.129263400-0500","30.876293500","192.168.0.178","192.168.0.186","25565","25858","3470779","17239","0","0","0x0010"
"7346","2026-08-15T10:06:38.151376300-0500","30.898406400","192.168.0.178","192.168.0.186","25565","25858","3470779","17239","681","0","0x0018"
"7347","2026-08-15T10:06:38.175935900-0500","30.922966000","192.168.0.186","192.168.0.178","25858","25565","17239","3471460","36","0","0x0018"
"7348","2026-08-15T10:06:38.176368100-0500","30.923398200","192.168.0.186","192.168.0.178","25858","25565","17275","3471460","3","0","0x0018"
"7349","2026-08-15T10:06:38.176953400-0500","30.923983500","192.168.0.178","192.168.0.186","25565","25858","3471460","17278","0","0","0x0010"
"7350","2026-08-15T10:06:38.201426400-0500","30.948456500","192.168.0.178","192.168.0.186","25565","25858","3471460","17278","608","0","0x0018"
"7351","2026-08-15T10:06:38.227078500-0500","30.974108600","192.168.0.186","192.168.0.178","25858","25565","17278","3472068","28","0","0x0018"
"7352","2026-08-15T10:06:38.228271400-0500","30.975301500","192.168.0.186","192.168.0.178","25858","25565","17306","3472068","3","0","0x0018"
"7353","2026-08-15T10:06:38.229115500-0500","30.976145600","192.168.0.178","192.168.0.186","25565","25858","3472068","17309","0","0","0x0010"
"7354","2026-08-15T10:06:38.251958700-0500","30.998988800","192.168.0.178","192.168.0.186","25565","25858","3472068","17309","256","0","0x0018"
"7355","2026-08-15T10:06:38.277295400-0500","31.024325500","192.168.0.186","192.168.0.178","25858","25565","17309","3472324","28","0","0x0018"
"7356","2026-08-15T10:06:38.278624400-0500","31.025654500","192.168.0.186","192.168.0.178","25858","25565","17337","3472324","3","0","0x0018"
"7357","2026-08-15T10:06:38.279523000-0500","31.026553100","192.168.0.178","192.168.0.186","25565","25858","3472324","17340","0","0","0x0010"
"7358","2026-08-15T10:06:38.294163500-0500","31.041193600","192.168.0.178","192.168.0.186","25565","25858","3472324","17340","52","0","0x0018"
"7359","2026-08-15T10:06:38.294163500-0500","31.041193600","192.168.0.178","192.168.0.186","25565","25858","3472376","17340","104","0","0x0018"
"7360","2026-08-15T10:06:38.294212600-0500","31.041242700","192.168.0.186","192.168.0.178","25858","25565","17340","3472480","0","0","0x0010"
"7361","2026-08-15T10:06:38.301991800-0500","31.049021900","192.168.0.178","192.168.0.186","25565","25858","3472480","17340","112","0","0x0018"
"7362","2026-08-15T10:06:38.302175400-0500","31.049205500","192.168.0.186","192.168.0.178","25858","25565","17340","3472592","11","0","0x0018"
"7363","2026-08-15T10:06:38.327025600-0500","31.074055700","192.168.0.186","192.168.0.178","25858","25565","17351","3472592","28","0","0x0018"
"7364","2026-08-15T10:06:38.327818400-0500","31.074848500","192.168.0.178","192.168.0.186","25565","25858","3472592","17379","0","0","0x0010"
"7365","2026-08-15T10:06:38.328242400-0500","31.075272500","192.168.0.186","192.168.0.178","25858","25565","17379","3472592","3","0","0x0018"
"7366","2026-08-15T10:06:38.353059400-0500","31.100089500","192.168.0.178","192.168.0.186","25565","25858","3472592","17382","128","0","0x0018"
"7367","2026-08-15T10:06:38.376880600-0500","31.123910700","192.168.0.186","192.168.0.178","25858","25565","17382","3472720","28","0","0x0018"
"7368","2026-08-15T10:06:38.378125400-0500","31.125155500","192.168.0.186","192.168.0.178","25858","25565","17410","3472720","3","0","0x0018"
"7369","2026-08-15T10:06:38.378916200-0500","31.125946300","192.168.0.178","192.168.0.186","25565","25858","3472720","17413","0","0","0x0010"
"7370","2026-08-15T10:06:38.404830200-0500","31.151860300","192.168.0.178","192.168.0.186","25565","25858","3472720","17413","490","0","0x0018"
"7371","2026-08-15T10:06:38.426009400-0500","31.173039500","192.168.0.186","192.168.0.178","25858","25565","17413","3473210","28","0","0x0018"
"7372","2026-08-15T10:06:38.426463800-0500","31.173493900","192.168.0.186","192.168.0.178","25858","25565","17441","3473210","3","0","0x0018"
"7373","2026-08-15T10:06:38.440044700-0500","31.187074800","192.168.0.178","192.168.0.186","25565","25858","3473210","17444","0","0","0x0010"
"7374","2026-08-15T10:06:38.454034600-0500","31.201064700","192.168.0.178","192.168.0.186","25565","25858","3473210","17444","29","0","0x0018"
"7375","2026-08-15T10:06:38.475996900-0500","31.223027000","192.168.0.186","192.168.0.178","25858","25565","17444","3473239","28","0","0x0018"
"7376","2026-08-15T10:06:38.476776800-0500","31.223806900","192.168.0.186","192.168.0.178","25858","25565","17472","3473239","3","0","0x0018"
"7377","2026-08-15T10:06:38.477421000-0500","31.224451100","192.168.0.178","192.168.0.186","25565","25858","3473239","17475","0","0","0x0010"
"7378","2026-08-15T10:06:38.504167000-0500","31.251197100","192.168.0.178","192.168.0.186","25565","25858","3473239","17475","416","0","0x0018"
"7379","2026-08-15T10:06:38.526174500-0500","31.273204600","192.168.0.186","192.168.0.178","25858","25565","17475","3473655","28","0","0x0018"
"7380","2026-08-15T10:06:38.526835800-0500","31.273865900","192.168.0.186","192.168.0.178","25858","25565","17503","3473655","3","0","0x0018"
"7381","2026-08-15T10:06:38.527423000-0500","31.274453100","192.168.0.178","192.168.0.186","25565","25858","3473655","17506","0","0","0x0010"
"7382","2026-08-15T10:06:38.550993100-0500","31.298023200","192.168.0.178","192.168.0.186","25565","25858","3473655","17506","46","0","0x0018"
"7383","2026-08-15T10:06:38.576934200-0500","31.323964300","192.168.0.186","192.168.0.178","25858","25565","17506","3473701","28","0","0x0018"
"7384","2026-08-15T10:06:38.578157400-0500","31.325187500","192.168.0.186","192.168.0.178","25858","25565","17534","3473701","3","0","0x0018"
"7385","2026-08-15T10:06:38.578928800-0500","31.325958900","192.168.0.178","192.168.0.186","25565","25858","3473701","17537","0","0","0x0010"
"7386","2026-08-15T10:06:38.601846800-0500","31.348876900","192.168.0.178","192.168.0.186","25565","25858","3473701","17537","43","0","0x0018"
"7387","2026-08-15T10:06:38.626986900-0500","31.374017000","192.168.0.186","192.168.0.178","25858","25565","17537","3473744","28","0","0x0018"
"7388","2026-08-15T10:06:38.628188600-0500","31.375218700","192.168.0.186","192.168.0.178","25858","25565","17565","3473744","3","0","0x0018"
"7389","2026-08-15T10:06:38.628821000-0500","31.375851100","192.168.0.178","192.168.0.186","25565","25858","3473744","17568","0","0","0x0010"
"7390","2026-08-15T10:06:38.652746500-0500","31.399776600","192.168.0.178","192.168.0.186","25565","25858","3473744","17568","605","0","0x0018"
"7391","2026-08-15T10:06:38.676814900-0500","31.423845000","192.168.0.186","192.168.0.178","25858","25565","17568","3474349","28","0","0x0018"
"7392","2026-08-15T10:06:38.678058000-0500","31.425088100","192.168.0.186","192.168.0.178","25858","25565","17596","3474349","3","0","0x0018"
"7393","2026-08-15T10:06:38.678867500-0500","31.425897600","192.168.0.178","192.168.0.186","25565","25858","3474349","17599","0","0","0x0010"
"7394","2026-08-15T10:06:38.701604700-0500","31.448634800","192.168.0.178","192.168.0.186","25565","25858","3474349","17599","790","0","0x0018"
"7395","2026-08-15T10:06:38.726901400-0500","31.473931500","192.168.0.186","192.168.0.178","25858","25565","17599","3475139","28","0","0x0018"
"7396","2026-08-15T10:06:38.728102000-0500","31.475132100","192.168.0.186","192.168.0.178","25858","25565","17627","3475139","3","0","0x0018"
"7397","2026-08-15T10:06:38.728853000-0500","31.475883100","192.168.0.178","192.168.0.186","25565","25858","3475139","17630","0","0","0x0010"
"7398","2026-08-15T10:06:38.750934400-0500","31.497964500","192.168.0.178","192.168.0.186","25565","25858","3475139","17630","43","0","0x0018"
"7399","2026-08-15T10:06:38.776765300-0500","31.523795400","192.168.0.186","192.168.0.178","25858","25565","17630","3475182","28","0","0x0018"
"7400","2026-08-15T10:06:38.777533000-0500","31.524563100","192.168.0.186","192.168.0.178","25858","25565","17658","3475182","3","0","0x0018"
"7401","2026-08-15T10:06:38.778224900-0500","31.525255000","192.168.0.178","192.168.0.186","25565","25858","3475182","17661","0","0","0x0010"
"7402","2026-08-15T10:06:38.801444800-0500","31.548474900","192.168.0.178","192.168.0.186","25565","25858","3475182","17661","62","0","0x0018"
"7403","2026-08-15T10:06:38.826405800-0500","31.573435900","192.168.0.186","192.168.0.178","25858","25565","17661","3475244","28","0","0x0018"
"7404","2026-08-15T10:06:38.827199800-0500","31.574229900","192.168.0.186","192.168.0.178","25858","25565","17689","3475244","3","0","0x0018"
"7405","2026-08-15T10:06:38.827978000-0500","31.575008100","192.168.0.178","192.168.0.186","25565","25858","3475244","17692","0","0","0x0010"
"7406","2026-08-15T10:06:38.851934000-0500","31.598964100","192.168.0.178","192.168.0.186","25565","25858","3475244","17692","94","0","0x0018"
"7407","2026-08-15T10:06:38.876950900-0500","31.623981000","192.168.0.186","192.168.0.178","25858","25565","17692","3475338","28","0","0x0018"
"7408","2026-08-15T10:06:38.878039300-0500","31.625069400","192.168.0.186","192.168.0.178","25858","25565","17720","3475338","3","0","0x0018"
"7409","2026-08-15T10:06:38.878696300-0500","31.625726400","192.168.0.178","192.168.0.186","25565","25858","3475338","17723","0","0","0x0010"
"7410","2026-08-15T10:06:38.879049000-0500","31.626079100","192.168.0.178","192.168.0.186","25565","25858","3475338","17723","11","0","0x0018"
"7411","2026-08-15T10:06:38.879049000-0500","31.626079100","192.168.0.178","192.168.0.186","25565","25858","3475349","17723","22","0","0x0018"
"7412","2026-08-15T10:06:38.879049000-0500","31.626079100","192.168.0.178","192.168.0.186","25565","25858","3475371","17723","33","0","0x0018"
"7413","2026-08-15T10:06:38.879049000-0500","31.626079100","192.168.0.178","192.168.0.186","25565","25858","3475404","17723","11","0","0x0018"
"7414","2026-08-15T10:06:38.879049000-0500","31.626079100","192.168.0.178","192.168.0.186","25565","25858","3475415","17723","22","0","0x0018"
"7415","2026-08-15T10:06:38.879049000-0500","31.626079100","192.168.0.178","192.168.0.186","25565","25858","3475437","17723","11","0","0x0018"
"7416","2026-08-15T10:06:38.879049000-0500","31.626079100","192.168.0.178","192.168.0.186","25565","25858","3475448","17723","22","0","0x0018"
"7417","2026-08-15T10:06:38.879049000-0500","31.626079100","192.168.0.178","192.168.0.186","25565","25858","3475470","17723","11","0","0x0018"
"7418","2026-08-15T10:06:38.879108600-0500","31.626138700","192.168.0.186","192.168.0.178","25858","25565","17723","3475481","0","0","0x0010"
"7419","2026-08-15T10:06:38.879196600-0500","31.626226700","192.168.0.178","192.168.0.186","25565","25858","3475481","17723","22","0","0x0018"
"7420","2026-08-15T10:06:38.879196600-0500","31.626226700","192.168.0.178","192.168.0.186","25565","25858","3475503","17723","9","0","0x0018"
"7421","2026-08-15T10:06:38.879207000-0500","31.626237100","192.168.0.186","192.168.0.178","25858","25565","17723","3475512","0","0","0x0010"
"7422","2026-08-15T10:06:38.902049200-0500","31.649079300","192.168.0.178","192.168.0.186","25565","25858","3475512","17723","1460","0","0x0010"
"7423","2026-08-15T10:06:38.902049200-0500","31.649079300","192.168.0.178","192.168.0.186","25565","25858","3476972","17723","1460","0","0x0010"
"7424","2026-08-15T10:06:38.902107200-0500","31.649137300","192.168.0.186","192.168.0.178","25858","25565","17723","3478432","0","0","0x0010"
"7425","2026-08-15T10:06:38.902158000-0500","31.649188100","192.168.0.178","192.168.0.186","25565","25858","3478432","17723","1460","0","0x0010"
"7426","2026-08-15T10:06:38.902411100-0500","31.649441200","192.168.0.178","192.168.0.186","25565","25858","3479892","17723","1460","0","0x0010"
"7427","2026-08-15T10:06:38.902411100-0500","31.649441200","192.168.0.178","192.168.0.186","25565","25858","3481352","17723","1460","0","0x0010"
"7428","2026-08-15T10:06:38.902461100-0500","31.649491200","192.168.0.186","192.168.0.178","25858","25565","17723","3482812","0","0","0x0010"
"7429","2026-08-15T10:06:38.902500800-0500","31.649530900","192.168.0.178","192.168.0.186","25565","25858","3482812","17723","1460","0","0x0010"
"7430","2026-08-15T10:06:38.902511100-0500","31.649541200","192.168.0.186","192.168.0.178","25858","25565","17723","3484272","0","0","0x0010"
"7431","2026-08-15T10:06:38.902752400-0500","31.649782500","192.168.0.178","192.168.0.186","25565","25858","3484272","17723","1460","0","0x0010"
"7432","2026-08-15T10:06:38.902752400-0500","31.649782500","192.168.0.178","192.168.0.186","25565","25858","3485732","17723","1460","0","0x0010"
"7433","2026-08-15T10:06:38.902791900-0500","31.649822000","192.168.0.186","192.168.0.178","25858","25565","17723","3487192","0","0","0x0010"
"7434","2026-08-15T10:06:38.902920700-0500","31.649950800","192.168.0.178","192.168.0.186","25565","25858","3487192","17723","1460","0","0x0010"
"7435","2026-08-15T10:06:38.902993900-0500","31.650024000","192.168.0.178","192.168.0.186","25565","25858","3488652","17723","1460","0","0x0010"
"7436","2026-08-15T10:06:38.903002300-0500","31.650032400","192.168.0.186","192.168.0.178","25858","25565","17723","3490112","0","0","0x0010"
"7437","2026-08-15T10:06:38.903287300-0500","31.650317400","192.168.0.178","192.168.0.186","25565","25858","3490112","17723","1460","0","0x0018"
"7438","2026-08-15T10:06:38.903287300-0500","31.650317400","192.168.0.178","192.168.0.186","25565","25858","3491572","17723","126","0","0x0018"
"7439","2026-08-15T10:06:38.903338000-0500","31.650368100","192.168.0.186","192.168.0.178","25858","25565","17723","3491698","0","0","0x0010"
"7440","2026-08-15T10:06:38.926670800-0500","31.673700900","192.168.0.186","192.168.0.178","25858","25565","17723","3491698","28","0","0x0018"
"7441","2026-08-15T10:06:38.927441100-0500","31.674471200","192.168.0.186","192.168.0.178","25858","25565","17751","3491698","3","0","0x0018"
"7442","2026-08-15T10:06:38.928172000-0500","31.675202100","192.168.0.178","192.168.0.186","25565","25858","3491698","17754","0","0","0x0010"
"7443","2026-08-15T10:06:38.950967700-0500","31.697997800","192.168.0.178","192.168.0.186","25565","25858","3491698","17754","628","0","0x0018"
"7444","2026-08-15T10:06:38.976900800-0500","31.723930900","192.168.0.186","192.168.0.178","25858","25565","17754","3492326","28","0","0x0018"
"7445","2026-08-15T10:06:38.978038800-0500","31.725068900","192.168.0.186","192.168.0.178","25858","25565","17782","3492326","3","0","0x0018"
"7446","2026-08-15T10:06:38.978635000-0500","31.725665100","192.168.0.178","192.168.0.186","25565","25858","3492326","17785","0","0","0x0010"
"7447","2026-08-15T10:06:39.000629800-0500","31.747659900","192.168.0.178","192.168.0.186","25565","25858","3492326","17785","192","0","0x0018"
"7448","2026-08-15T10:06:39.027115100-0500","31.774145200","192.168.0.186","192.168.0.178","25858","25565","17785","3492518","28","0","0x0018"
"7449","2026-08-15T10:06:39.028304400-0500","31.775334500","192.168.0.186","192.168.0.178","25858","25565","17813","3492518","3","0","0x0018"
"7450","2026-08-15T10:06:39.028899000-0500","31.775929100","192.168.0.178","192.168.0.186","25565","25858","3492518","17816","0","0","0x0010"
"7451","2026-08-15T10:06:39.053975700-0500","31.801005800","192.168.0.178","192.168.0.186","25565","25858","3492518","17816","227","0","0x0018"
"7452","2026-08-15T10:06:39.076610700-0500","31.823640800","192.168.0.186","192.168.0.178","25858","25565","17816","3492745","28","0","0x0018"
"7453","2026-08-15T10:06:39.078103700-0500","31.825133800","192.168.0.186","192.168.0.178","25858","25565","17844","3492745","3","0","0x0018"
"7454","2026-08-15T10:06:39.078942600-0500","31.825972700","192.168.0.178","192.168.0.186","25565","25858","3492745","17847","0","0","0x0010"
"7455","2026-08-15T10:06:39.093851900-0500","31.840882000","192.168.0.178","192.168.0.186","25565","25858","3492745","17847","52","0","0x0018"
"7456","2026-08-15T10:06:39.093851900-0500","31.840882000","192.168.0.178","192.168.0.186","25565","25858","3492797","17847","52","0","0x0018"
"7457","2026-08-15T10:06:39.093851900-0500","31.840882000","192.168.0.178","192.168.0.186","25565","25858","3492849","17847","52","0","0x0018"
"7458","2026-08-15T10:06:39.093903300-0500","31.840933400","192.168.0.186","192.168.0.178","25858","25565","17847","3492901","0","0","0x0010"
"7459","2026-08-15T10:06:39.101150900-0500","31.848181000","192.168.0.178","192.168.0.186","25565","25858","3492901","17847","84","0","0x0018"
"7460","2026-08-15T10:06:39.101200000-0500","31.848230100","192.168.0.186","192.168.0.178","25858","25565","17847","3492985","0","0","0x0010"
"7461","2026-08-15T10:06:39.127061400-0500","31.874091500","192.168.0.186","192.168.0.178","25858","25565","17847","3492985","28","0","0x0018"
"7462","2026-08-15T10:06:39.128255800-0500","31.875285900","192.168.0.186","192.168.0.178","25858","25565","17875","3492985","3","0","0x0018"
"7463","2026-08-15T10:06:39.128979800-0500","31.876009900","192.168.0.178","192.168.0.186","25565","25858","3492985","17878","0","0","0x0010"
"7464","2026-08-15T10:06:39.151000800-0500","31.898030900","192.168.0.178","192.168.0.186","25565","25858","3492985","17878","393","0","0x0018"
"7465","2026-08-15T10:06:39.176798100-0500","31.923828200","192.168.0.186","192.168.0.178","25858","25565","17878","3493378","28","0","0x0018"
"7466","2026-08-15T10:06:39.177967300-0500","31.924997400","192.168.0.186","192.168.0.178","25858","25565","17906","3493378","3","0","0x0018"
"7467","2026-08-15T10:06:39.178708900-0500","31.925739000","192.168.0.178","192.168.0.186","25565","25858","3493378","17909","0","0","0x0010"
"7468","2026-08-15T10:06:39.200395300-0500","31.947425400","192.168.0.178","192.168.0.186","25565","25858","3493378","17909","514","0","0x0018"
"7469","2026-08-15T10:06:39.227536600-0500","31.974566700","192.168.0.186","192.168.0.178","25858","25565","17909","3493892","28","0","0x0018"
"7470","2026-08-15T10:06:39.228594300-0500","31.975624400","192.168.0.186","192.168.0.178","25858","25565","17937","3493892","3","0","0x0018"
"7471","2026-08-15T10:06:39.229388200-0500","31.976418300","192.168.0.178","192.168.0.186","25565","25858","3493892","17940","0","0","0x0010"
"7472","2026-08-15T10:06:39.251142600-0500","31.998172700","192.168.0.178","192.168.0.186","25565","25858","3493892","17940","49","0","0x0018"
"7473","2026-08-15T10:06:39.277048100-0500","32.024078200","192.168.0.186","192.168.0.178","25858","25565","17940","3493941","28","0","0x0018"
"7474","2026-08-15T10:06:39.278191900-0500","32.025222000","192.168.0.186","192.168.0.178","25858","25565","17968","3493941","3","0","0x0018"
"7475","2026-08-15T10:06:39.279020700-0500","32.026050800","192.168.0.178","192.168.0.186","25565","25858","3493941","17971","0","0","0x0010"
"7476","2026-08-15T10:06:39.300719000-0500","32.047749100","192.168.0.178","192.168.0.186","25565","25858","3493941","17971","375","0","0x0018"
"7477","2026-08-15T10:06:39.327442500-0500","32.074472600","192.168.0.186","192.168.0.178","25858","25565","17971","3494316","28","0","0x0018"
"7478","2026-08-15T10:06:39.328390900-0500","32.075421000","192.168.0.186","192.168.0.178","25858","25565","17999","3494316","3","0","0x0018"
"7479","2026-08-15T10:06:39.329204200-0500","32.076234300","192.168.0.178","192.168.0.186","25565","25858","3494316","18002","0","0","0x0010"
"7480","2026-08-15T10:06:39.352041900-0500","32.099072000","192.168.0.178","192.168.0.186","25565","25858","3494316","18002","575","0","0x0018"
"7481","2026-08-15T10:06:39.352436100-0500","32.099466200","192.168.0.186","192.168.0.178","25858","25565","18002","3494891","11","0","0x0018"
"7482","2026-08-15T10:06:39.376759000-0500","32.123789100","192.168.0.186","192.168.0.178","25858","25565","18013","3494891","28","0","0x0018"
"7483","2026-08-15T10:06:39.377449300-0500","32.124479400","192.168.0.178","192.168.0.186","25565","25858","3494891","18041","0","0","0x0010"
"7484","2026-08-15T10:06:39.377993900-0500","32.125024000","192.168.0.186","192.168.0.178","25858","25565","18041","3494891","3","0","0x0018"
"7485","2026-08-15T10:06:39.401124500-0500","32.148154600","192.168.0.178","192.168.0.186","25565","25858","3494891","18044","413","0","0x0018"
"7486","2026-08-15T10:06:39.426847900-0500","32.173878000","192.168.0.186","192.168.0.178","25858","25565","18044","3495304","28","0","0x0018"
"7487","2026-08-15T10:06:39.428079500-0500","32.175109600","192.168.0.186","192.168.0.178","25858","25565","18072","3495304","3","0","0x0018"
"7488","2026-08-15T10:06:39.428710300-0500","32.175740400","192.168.0.178","192.168.0.186","25565","25858","3495304","18075","0","0","0x0010"
"7489","2026-08-15T10:06:39.450579300-0500","32.197609400","192.168.0.178","192.168.0.186","25565","25858","3495304","18075","581","0","0x0018"
"7490","2026-08-15T10:06:39.476612300-0500","32.223642400","192.168.0.186","192.168.0.178","25858","25565","18075","3495885","28","0","0x0018"
"7491","2026-08-15T10:06:39.477306500-0500","32.224336600","192.168.0.186","192.168.0.178","25858","25565","18103","3495885","3","0","0x0018"
"7492","2026-08-15T10:06:39.477923100-0500","32.224953200","192.168.0.178","192.168.0.186","25565","25858","3495885","18106","0","0","0x0010"
"7493","2026-08-15T10:06:39.526839600-0500","32.273869700","192.168.0.186","192.168.0.178","25858","25565","18106","3495885","28","0","0x0018"
"7494","2026-08-15T10:06:39.528044500-0500","32.275074600","192.168.0.186","192.168.0.178","25858","25565","18134","3495885","3","0","0x0018"
"7495","2026-08-15T10:06:39.528865300-0500","32.275895400","192.168.0.178","192.168.0.186","25565","25858","3495885","18137","0","0","0x0010"
"7496","2026-08-15T10:06:39.550397900-0500","32.297428000","192.168.0.178","192.168.0.186","25565","25858","3495885","18137","76","0","0x0018"
"7497","2026-08-15T10:06:39.576719400-0500","32.323749500","192.168.0.186","192.168.0.178","25858","25565","18137","3495961","28","0","0x0018"
"7498","2026-08-15T10:06:39.577901400-0500","32.324931500","192.168.0.186","192.168.0.178","25858","25565","18165","3495961","3","0","0x0018"
"7499","2026-08-15T10:06:39.578666100-0500","32.325696200","192.168.0.178","192.168.0.186","25565","25858","3495961","18168","0","0","0x0010"
"7500","2026-08-15T10:06:39.600592300-0500","32.347622400","192.168.0.178","192.168.0.186","25565","25858","3495961","18168","43","0","0x0018"
"7501","2026-08-15T10:06:39.627266600-0500","32.374296700","192.168.0.186","192.168.0.178","25858","25565","18168","3496004","28","0","0x0018"
"7502","2026-08-15T10:06:39.628257800-0500","32.375287900","192.168.0.186","192.168.0.178","25858","25565","18196","3496004","3","0","0x0018"
"7503","2026-08-15T10:06:39.628976900-0500","32.376007000","192.168.0.178","192.168.0.186","25565","25858","3496004","18199","0","0","0x0010"
"7504","2026-08-15T10:06:39.651219900-0500","32.398250000","192.168.0.178","192.168.0.186","25565","25858","3496004","18199","69","0","0x0018"
"7505","2026-08-15T10:06:39.676735900-0500","32.423766000","192.168.0.186","192.168.0.178","25858","25565","18199","3496073","28","0","0x0018"
"7506","2026-08-15T10:06:39.677898700-0500","32.424928800","192.168.0.186","192.168.0.178","25858","25565","18227","3496073","3","0","0x0018"
"7507","2026-08-15T10:06:39.678705100-0500","32.425735200","192.168.0.178","192.168.0.186","25565","25858","3496073","18230","0","0","0x0010"
"7508","2026-08-15T10:06:39.704130600-0500","32.451160700","192.168.0.178","192.168.0.186","25565","25858","3496073","18230","555","0","0x0018"
"7509","2026-08-15T10:06:39.726626900-0500","32.473657000","192.168.0.186","192.168.0.178","25858","25565","18230","3496628","28","0","0x0018"
"7510","2026-08-15T10:06:39.727123500-0500","32.474153600","192.168.0.186","192.168.0.178","25858","25565","18258","3496628","3","0","0x0018"
"7511","2026-08-15T10:06:39.727759100-0500","32.474789200","192.168.0.178","192.168.0.186","25565","25858","3496628","18261","0","0","0x0010"
"7512","2026-08-15T10:06:39.752734700-0500","32.499764800","192.168.0.178","192.168.0.186","25565","25858","3496628","18261","434","0","0x0018"
"7513","2026-08-15T10:06:39.776932700-0500","32.523962800","192.168.0.186","192.168.0.178","25858","25565","18261","3497062","28","0","0x0018"
"7514","2026-08-15T10:06:39.777967600-0500","32.524997700","192.168.0.186","192.168.0.178","25858","25565","18289","3497062","3","0","0x0018"
"7515","2026-08-15T10:06:39.778603600-0500","32.525633700","192.168.0.178","192.168.0.186","25565","25858","3497062","18292","0","0","0x0010"
"7516","2026-08-15T10:06:39.794342900-0500","32.541373000","192.168.0.178","192.168.0.186","25565","25858","3497062","18292","52","0","0x0018"
"7517","2026-08-15T10:06:39.794342900-0500","32.541373000","192.168.0.178","192.168.0.186","25565","25858","3497114","18292","52","0","0x0018"
"7518","2026-08-15T10:06:39.794384900-0500","32.541415000","192.168.0.186","192.168.0.178","25858","25565","18292","3497166","0","0","0x0010"
"7519","2026-08-15T10:06:39.794426500-0500","32.541456600","192.168.0.178","192.168.0.186","25565","25858","3497166","18292","52","0","0x0018"
"7520","2026-08-15T10:06:39.803023400-0500","32.550053500","192.168.0.178","192.168.0.186","25565","25858","3497218","18292","18","0","0x0018"
"7521","2026-08-15T10:06:39.803072200-0500","32.550102300","192.168.0.186","192.168.0.178","25858","25565","18292","3497236","0","0","0x0010"
"7522","2026-08-15T10:06:39.827079900-0500","32.574110000","192.168.0.186","192.168.0.178","25858","25565","18292","3497236","28","0","0x0018"
"7523","2026-08-15T10:06:39.828322900-0500","32.575353000","192.168.0.186","192.168.0.178","25858","25565","18320","3497236","3","0","0x0018"
"7524","2026-08-15T10:06:39.828915000-0500","32.575945100","192.168.0.178","192.168.0.186","25565","25858","3497236","18323","0","0","0x0010"
"7525","2026-08-15T10:06:39.828998700-0500","32.576028800","192.168.0.178","192.168.0.186","25565","25858","3497236","18323","11","0","0x0018"
"7526","2026-08-15T10:06:39.829080800-0500","32.576110900","192.168.0.178","192.168.0.186","25565","25858","3497247","18323","11","0","0x0018"
"7527","2026-08-15T10:06:39.829080800-0500","32.576110900","192.168.0.178","192.168.0.186","25565","25858","3497258","18323","22","0","0x0018"
"7528","2026-08-15T10:06:39.829097100-0500","32.576127200","192.168.0.186","192.168.0.178","25858","25565","18323","3497280","0","0","0x0010"
"7529","2026-08-15T10:06:39.829397600-0500","32.576427700","192.168.0.178","192.168.0.186","25565","25858","3497280","18323","119","0","0x0018"
"7530","2026-08-15T10:06:39.829446400-0500","32.576476500","192.168.0.186","192.168.0.178","25858","25565","18323","3497399","0","0","0x0010"
"7531","2026-08-15T10:06:39.850146000-0500","32.597176100","192.168.0.178","192.168.0.186","25565","25858","3497399","18323","31","0","0x0018"
"7532","2026-08-15T10:06:39.876587600-0500","32.623617700","192.168.0.186","192.168.0.178","25858","25565","18323","3497430","28","0","0x0018"
"7533","2026-08-15T10:06:39.877798400-0500","32.624828500","192.168.0.186","192.168.0.178","25858","25565","18351","3497430","3","0","0x0018"
"7534","2026-08-15T10:06:39.878583300-0500","32.625613400","192.168.0.178","192.168.0.186","25565","25858","3497430","18354","0","0","0x0010"
"7535","2026-08-15T10:06:39.900689900-0500","32.647720000","192.168.0.178","192.168.0.186","25565","25858","3497430","18354","161","0","0x0018"
"7536","2026-08-15T10:06:39.927018500-0500","32.674048600","192.168.0.186","192.168.0.178","25858","25565","18354","3497591","28","0","0x0018"
"7537","2026-08-15T10:06:39.928411300-0500","32.675441400","192.168.0.186","192.168.0.178","25858","25565","18382","3497591","3","0","0x0018"
"7538","2026-08-15T10:06:39.929203000-0500","32.676233100","192.168.0.178","192.168.0.186","25565","25858","3497591","18385","0","0","0x0010"
"7539","2026-08-15T10:06:39.950584000-0500","32.697614100","192.168.0.178","192.168.0.186","25565","25858","3497591","18385","500","0","0x0018"
"7540","2026-08-15T10:06:39.976626900-0500","32.723657000","192.168.0.186","192.168.0.178","25858","25565","18385","3498091","28","0","0x0018"
"7541","2026-08-15T10:06:39.977844100-0500","32.724874200","192.168.0.186","192.168.0.178","25858","25565","18413","3498091","3","0","0x0018"
"7542","2026-08-15T10:06:39.978488900-0500","32.725519000","192.168.0.178","192.168.0.186","25565","25858","3498091","18416","0","0","0x0010"
"7543","2026-08-15T10:06:40.000277000-0500","32.747307100","192.168.0.178","192.168.0.186","25565","25858","3498091","18416","31","0","0x0018"
"7544","2026-08-15T10:06:40.027213700-0500","32.774243800","192.168.0.186","192.168.0.178","25858","25565","18416","3498122","28","0","0x0018"
"7545","2026-08-15T10:06:40.028221900-0500","32.775252000","192.168.0.186","192.168.0.178","25858","25565","18444","3498122","3","0","0x0018"
"7546","2026-08-15T10:06:40.029026200-0500","32.776056300","192.168.0.178","192.168.0.186","25565","25858","3498122","18447","0","0","0x0010"
"7547","2026-08-15T10:06:40.049956500-0500","32.796986600","192.168.0.178","192.168.0.186","25565","25858","3498122","18447","32","0","0x0018"
"7548","2026-08-15T10:06:40.076750800-0500","32.823780900","192.168.0.186","192.168.0.178","25858","25565","18447","3498154","28","0","0x0018"
"7549","2026-08-15T10:06:40.078291500-0500","32.825321600","192.168.0.186","192.168.0.178","25858","25565","18475","3498154","3","0","0x0018"
"7550","2026-08-15T10:06:40.079199500-0500","32.826229600","192.168.0.178","192.168.0.186","25565","25858","3498154","18478","0","0","0x0010"
"7551","2026-08-15T10:06:40.100602100-0500","32.847632200","192.168.0.178","192.168.0.186","25565","25858","3498154","18478","48","0","0x0018"
"7552","2026-08-15T10:06:40.126955800-0500","32.873985900","192.168.0.186","192.168.0.178","25858","25565","18478","3498202","28","0","0x0018"
"7553","2026-08-15T10:06:40.128132300-0500","32.875162400","192.168.0.186","192.168.0.178","25858","25565","18506","3498202","3","0","0x0018"
"7554","2026-08-15T10:06:40.129012400-0500","32.876042500","192.168.0.178","192.168.0.186","25565","25858","3498202","18509","0","0","0x0010"
"7555","2026-08-15T10:06:40.150397000-0500","32.897427100","192.168.0.178","192.168.0.186","25565","25858","3498202","18509","157","0","0x0018"
"7556","2026-08-15T10:06:40.176752200-0500","32.923782300","192.168.0.186","192.168.0.178","25858","25565","18509","3498359","28","0","0x0018"
"7557","2026-08-15T10:06:40.178044600-0500","32.925074700","192.168.0.186","192.168.0.178","25858","25565","18537","3498359","3","0","0x0018"
"7558","2026-08-15T10:06:40.178810800-0500","32.925840900","192.168.0.178","192.168.0.186","25565","25858","3498359","18540","0","0","0x0010"
"7559","2026-08-15T10:06:40.200465300-0500","32.947495400","192.168.0.178","192.168.0.186","25565","25858","3498359","18540","808","0","0x0018"
"7560","2026-08-15T10:06:40.230568700-0500","32.977598800","192.168.0.186","192.168.0.178","25858","25565","18540","3499167","28","0","0x0018"
"7561","2026-08-15T10:06:40.231771100-0500","32.978801200","192.168.0.186","192.168.0.178","25858","25565","18568","3499167","3","0","0x0018"
"7562","2026-08-15T10:06:40.232438900-0500","32.979469000","192.168.0.178","192.168.0.186","25565","25858","3499167","18571","0","0","0x0010"
"7563","2026-08-15T10:06:40.275873600-0500","33.022903700","192.168.0.186","192.168.0.178","25858","25565","18571","3499167","28","0","0x0018"
"7564","2026-08-15T10:06:40.276568400-0500","33.023598500","192.168.0.186","192.168.0.178","25858","25565","18599","3499167","3","0","0x0018"
"7565","2026-08-15T10:06:40.277299900-0500","33.024330000","192.168.0.178","192.168.0.186","25565","25858","3499167","18602","0","0","0x0010"
"7566","2026-08-15T10:06:40.327046800-0500","33.074076900","192.168.0.186","192.168.0.178","25858","25565","18602","3499167","28","0","0x0018"
"7567","2026-08-15T10:06:40.328414200-0500","33.075444300","192.168.0.186","192.168.0.178","25858","25565","18630","3499167","3","0","0x0018"
"7568","2026-08-15T10:06:40.329294700-0500","33.076324800","192.168.0.178","192.168.0.186","25565","25858","3499167","18633","0","0","0x0010"
"7569","2026-08-15T10:06:40.351879700-0500","33.098909800","192.168.0.178","192.168.0.186","25565","25858","3499167","18633","69","0","0x0018"
"7570","2026-08-15T10:06:40.376834700-0500","33.123864800","192.168.0.186","192.168.0.178","25858","25565","18633","3499236","28","0","0x0018"
"7571","2026-08-15T10:06:40.378148400-0500","33.125178500","192.168.0.186","192.168.0.178","25858","25565","18661","3499236","3","0","0x0018"
"7572","2026-08-15T10:06:40.378803900-0500","33.125834000","192.168.0.178","192.168.0.186","25565","25858","3499236","18664","0","0","0x0010"
"7573","2026-08-15T10:06:40.402700900-0500","33.149731000","192.168.0.178","192.168.0.186","25565","25858","3499236","18664","1460","0","0x0010"
"7574","2026-08-15T10:06:40.402700900-0500","33.149731000","192.168.0.178","192.168.0.186","25565","25858","3500696","18664","1460","0","0x0010"
"7575","2026-08-15T10:06:40.402766000-0500","33.149796100","192.168.0.186","192.168.0.178","25858","25565","18664","3502156","0","0","0x0010"
"7576","2026-08-15T10:06:40.402813000-0500","33.149843100","192.168.0.178","192.168.0.186","25565","25858","3502156","18664","1460","0","0x0010"
"7577","2026-08-15T10:06:40.403036700-0500","33.150066800","192.168.0.178","192.168.0.186","25565","25858","3503616","18664","1460","0","0x0010"
"7578","2026-08-15T10:06:40.403092900-0500","33.150123000","192.168.0.186","192.168.0.178","25858","25565","18664","3505076","0","0","0x0010"
"7579","2026-08-15T10:06:40.403130300-0500","33.150160400","192.168.0.178","192.168.0.186","25565","25858","3505076","18664","1460","0","0x0010"
"7580","2026-08-15T10:06:40.403312300-0500","33.150342400","192.168.0.178","192.168.0.186","25565","25858","3506536","18664","1460","0","0x0010"
"7581","2026-08-15T10:06:40.403312300-0500","33.150342400","192.168.0.178","192.168.0.186","25565","25858","3507996","18664","1460","0","0x0010"
"7582","2026-08-15T10:06:40.403353500-0500","33.150383600","192.168.0.186","192.168.0.178","25858","25565","18664","3509456","0","0","0x0010"
"7583","2026-08-15T10:06:40.403534000-0500","33.150564100","192.168.0.178","192.168.0.186","25565","25858","3509456","18664","1460","0","0x0010"
"7584","2026-08-15T10:06:40.403582000-0500","33.150612100","192.168.0.186","192.168.0.178","25858","25565","18664","3510916","0","0","0x0010"
"7585","2026-08-15T10:06:40.403744900-0500","33.150775000","192.168.0.178","192.168.0.186","25565","25858","3510916","18664","1460","0","0x0010"
"7586","2026-08-15T10:06:40.403744900-0500","33.150775000","192.168.0.178","192.168.0.186","25565","25858","3512376","18664","1460","0","0x0010"
"7587","2026-08-15T10:06:40.403777200-0500","33.150807300","192.168.0.186","192.168.0.178","25858","25565","18664","3513836","0","0","0x0010"
"7588","2026-08-15T10:06:40.403815400-0500","33.150845500","192.168.0.178","192.168.0.186","25565","25858","3513836","18664","1460","0","0x0018"
"7589","2026-08-15T10:06:40.404095200-0500","33.151125300","192.168.0.178","192.168.0.186","25565","25858","3515296","18664","1460","0","0x0010"
"7590","2026-08-15T10:06:40.404142400-0500","33.151172500","192.168.0.186","192.168.0.178","25858","25565","18664","3516756","0","0","0x0010"
"7591","2026-08-15T10:06:40.404203100-0500","33.151233200","192.168.0.178","192.168.0.186","25565","25858","3516756","18664","1460","0","0x0010"
"7592","2026-08-15T10:06:40.404228300-0500","33.151258400","192.168.0.178","192.168.0.186","25565","25858","3518216","18664","1460","0","0x0010"
"7593","2026-08-15T10:06:40.404236700-0500","33.151266800","192.168.0.186","192.168.0.178","25858","25565","18664","3519676","0","0","0x0010"
"7594","2026-08-15T10:06:40.404419700-0500","33.151449800","192.168.0.178","192.168.0.186","25565","25858","3519676","18664","1460","0","0x0010"
"7595","2026-08-15T10:06:40.404419700-0500","33.151449800","192.168.0.178","192.168.0.186","25565","25858","3521136","18664","342","0","0x0018"
"7596","2026-08-15T10:06:40.404470900-0500","33.151501000","192.168.0.186","192.168.0.178","25858","25565","18664","3521478","0","0","0x0010"
"7597","2026-08-15T10:06:40.404866400-0500","33.151896500","192.168.0.186","192.168.0.178","25858","25565","18664","3521478","11","0","0x0018"
"7598","2026-08-15T10:06:40.426168900-0500","33.173199000","192.168.0.186","192.168.0.178","25858","25565","18675","3521478","28","0","0x0018"
"7599","2026-08-15T10:06:40.426832300-0500","33.173862400","192.168.0.178","192.168.0.186","25565","25858","3521478","18703","0","0","0x0010"
"7600","2026-08-15T10:06:40.426835400-0500","33.173865500","192.168.0.186","192.168.0.178","25858","25565","18703","3521478","3","0","0x0018"
"7601","2026-08-15T10:06:40.453840600-0500","33.200870700","192.168.0.178","192.168.0.186","25565","25858","3521478","18706","1460","0","0x0010"
"7602","2026-08-15T10:06:40.453840600-0500","33.200870700","192.168.0.178","192.168.0.186","25565","25858","3522938","18706","1460","0","0x0010"
"7603","2026-08-15T10:06:40.453909500-0500","33.200939600","192.168.0.186","192.168.0.178","25858","25565","18706","3524398","0","0","0x0010"
"7604","2026-08-15T10:06:40.453961300-0500","33.200991400","192.168.0.178","192.168.0.186","25565","25858","3524398","18706","1460","0","0x0010"
"7605","2026-08-15T10:06:40.454092700-0500","33.201122800","192.168.0.178","192.168.0.186","25565","25858","3525858","18706","1460","0","0x0010"
"7606","2026-08-15T10:06:40.454106000-0500","33.201136100","192.168.0.186","192.168.0.178","25858","25565","18706","3527318","0","0","0x0010"
"7607","2026-08-15T10:06:40.454167300-0500","33.201197400","192.168.0.178","192.168.0.186","25565","25858","3527318","18706","1460","0","0x0010"
"7608","2026-08-15T10:06:40.454430700-0500","33.201460800","192.168.0.178","192.168.0.186","25565","25858","3528778","18706","1460","0","0x0010"
"7609","2026-08-15T10:06:40.454430700-0500","33.201460800","192.168.0.178","192.168.0.186","25565","25858","3530238","18706","1460","0","0x0010"
"7610","2026-08-15T10:06:40.454481200-0500","33.201511300","192.168.0.186","192.168.0.178","25858","25565","18706","3531698","0","0","0x0010"
"7611","2026-08-15T10:06:40.454548700-0500","33.201578800","192.168.0.178","192.168.0.186","25565","25858","3531698","18706","1460","0","0x0010"
"7612","2026-08-15T10:06:40.454559000-0500","33.201589100","192.168.0.186","192.168.0.178","25858","25565","18706","3533158","0","0","0x0010"
"7613","2026-08-15T10:06:40.454798900-0500","33.201829000","192.168.0.178","192.168.0.186","25565","25858","3533158","18706","1460","0","0x0010"
"7614","2026-08-15T10:06:40.454798900-0500","33.201829000","192.168.0.178","192.168.0.186","25565","25858","3534618","18706","1460","0","0x0010"
"7615","2026-08-15T10:06:40.454854700-0500","33.201884800","192.168.0.186","192.168.0.178","25858","25565","18706","3536078","0","0","0x0010"
"7616","2026-08-15T10:06:40.454925900-0500","33.201956000","192.168.0.178","192.168.0.186","25565","25858","3536078","18706","1460","0","0x0018"
"7617","2026-08-15T10:06:40.455042600-0500","33.202072700","192.168.0.178","192.168.0.186","25565","25858","3537538","18706","1460","0","0x0010"
"7618","2026-08-15T10:06:40.455057100-0500","33.202087200","192.168.0.186","192.168.0.178","25858","25565","18706","3538998","0","0","0x0010"
"7619","2026-08-15T10:06:40.455109600-0500","33.202139700","192.168.0.178","192.168.0.186","25565","25858","3538998","18706","694","0","0x0018"
"7620","2026-08-15T10:06:40.476691200-0500","33.223721300","192.168.0.186","192.168.0.178","25858","25565","18706","3539692","28","0","0x0018"
"7621","2026-08-15T10:06:40.477793900-0500","33.224824000","192.168.0.186","192.168.0.178","25858","25565","18734","3539692","3","0","0x0018"
"7622","2026-08-15T10:06:40.478512400-0500","33.225542500","192.168.0.178","192.168.0.186","25565","25858","3539692","18737","0","0","0x0010"
"7623","2026-08-15T10:06:40.494174400-0500","33.241204500","192.168.0.178","192.168.0.186","25565","25858","3539692","18737","52","0","0x0018"
"7624","2026-08-15T10:06:40.494174400-0500","33.241204500","192.168.0.178","192.168.0.186","25565","25858","3539744","18737","52","0","0x0018"
"7625","2026-08-15T10:06:40.494174400-0500","33.241204500","192.168.0.178","192.168.0.186","25565","25858","3539796","18737","52","0","0x0018"
"7626","2026-08-15T10:06:40.494216500-0500","33.241246600","192.168.0.186","192.168.0.178","25858","25565","18737","3539848","0","0","0x0010"
"7627","2026-08-15T10:06:40.502959400-0500","33.249989500","192.168.0.178","192.168.0.186","25565","25858","3539848","18737","1460","0","0x0010"
"7628","2026-08-15T10:06:40.502959400-0500","33.249989500","192.168.0.178","192.168.0.186","25565","25858","3541308","18737","1284","0","0x0018"
"7629","2026-08-15T10:06:40.503013800-0500","33.250043900","192.168.0.186","192.168.0.178","25858","25565","18737","3542592","0","0","0x0010"
"7630","2026-08-15T10:06:40.526894900-0500","33.273925000","192.168.0.186","192.168.0.178","25858","25565","18737","3542592","28","0","0x0018"
"7631","2026-08-15T10:06:40.528082500-0500","33.275112600","192.168.0.186","192.168.0.178","25858","25565","18765","3542592","3","0","0x0018"
"7632","2026-08-15T10:06:40.528908500-0500","33.275938600","192.168.0.178","192.168.0.186","25565","25858","3542592","18768","0","0","0x0010"
"7633","2026-08-15T10:06:40.551778900-0500","33.298809000","192.168.0.178","192.168.0.186","25565","25858","3542592","18768","667","0","0x0018"
"7634","2026-08-15T10:06:40.576652500-0500","33.323682600","192.168.0.186","192.168.0.178","25858","25565","18768","3543259","28","0","0x0018"
"7635","2026-08-15T10:06:40.577826400-0500","33.324856500","192.168.0.186","192.168.0.178","25858","25565","18796","3543259","3","0","0x0018"
"7636","2026-08-15T10:06:40.578473100-0500","33.325503200","192.168.0.178","192.168.0.186","25565","25858","3543259","18799","0","0","0x0010"
"7637","2026-08-15T10:06:40.601040800-0500","33.348070900","192.168.0.178","192.168.0.186","25565","25858","3543259","18799","753","0","0x0018"
"7638","2026-08-15T10:06:40.626958400-0500","33.373988500","192.168.0.186","192.168.0.178","25858","25565","18799","3544012","28","0","0x0018"
"7639","2026-08-15T10:06:40.628101200-0500","33.375131300","192.168.0.186","192.168.0.178","25858","25565","18827","3544012","3","0","0x0018"
"7640","2026-08-15T10:06:40.628947700-0500","33.375977800","192.168.0.178","192.168.0.186","25565","25858","3544012","18830","0","0","0x0010"
"7641","2026-08-15T10:06:40.657208400-0500","33.404238500","192.168.0.178","192.168.0.186","25565","25858","3544012","18830","323","0","0x0018"
"7642","2026-08-15T10:06:40.677003000-0500","33.424033100","192.168.0.186","192.168.0.178","25858","25565","18830","3544335","28","0","0x0018"
"7643","2026-08-15T10:06:40.678181300-0500","33.425211400","192.168.0.186","192.168.0.178","25858","25565","18858","3544335","3","0","0x0018"
"7644","2026-08-15T10:06:40.678832200-0500","33.425862300","192.168.0.178","192.168.0.186","25565","25858","3544335","18861","0","0","0x0010"
"7645","2026-08-15T10:06:40.700966100-0500","33.447996200","192.168.0.178","192.168.0.186","25565","25858","3544335","18861","102","0","0x0018"
"7646","2026-08-15T10:06:40.726258500-0500","33.473288600","192.168.0.186","192.168.0.178","25858","25565","18861","3544437","28","0","0x0018"
"7647","2026-08-15T10:06:40.726752000-0500","33.473782100","192.168.0.186","192.168.0.178","25858","25565","18889","3544437","3","0","0x0018"
"7648","2026-08-15T10:06:40.727348600-0500","33.474378700","192.168.0.178","192.168.0.186","25565","25858","3544437","18892","0","0","0x0010"
"7649","2026-08-15T10:06:40.754539400-0500","33.501569500","192.168.0.178","192.168.0.186","25565","25858","3544437","18892","852","0","0x0018"
"7650","2026-08-15T10:06:40.777009000-0500","33.524039100","192.168.0.186","192.168.0.178","25858","25565","18892","3545289","28","0","0x0018"
"7651","2026-08-15T10:06:40.778175900-0500","33.525206000","192.168.0.186","192.168.0.178","25858","25565","18920","3545289","3","0","0x0018"
"7652","2026-08-15T10:06:40.778219500-0500","33.525249600","192.168.0.178","192.168.0.186","25565","25858","3545289","18920","11","0","0x0018"
"7653","2026-08-15T10:06:40.778219500-0500","33.525249600","192.168.0.178","192.168.0.186","25565","25858","3545300","18920","11","0","0x0018"
"7654","2026-08-15T10:06:40.778219500-0500","33.525249600","192.168.0.178","192.168.0.186","25565","25858","3545311","18920","11","0","0x0018"
"7655","2026-08-15T10:06:40.778219500-0500","33.525249600","192.168.0.178","192.168.0.186","25565","25858","3545322","18920","22","0","0x0018"
"7656","2026-08-15T10:06:40.778289600-0500","33.525319700","192.168.0.186","192.168.0.178","25858","25565","18923","3545344","0","0","0x0010"
"7657","2026-08-15T10:06:40.778359600-0500","33.525389700","192.168.0.178","192.168.0.186","25565","25858","3545344","18920","11","0","0x0018"
"7658","2026-08-15T10:06:40.778359600-0500","33.525389700","192.168.0.178","192.168.0.186","25565","25858","3545355","18920","11","0","0x0018"
"7659","2026-08-15T10:06:40.778359600-0500","33.525389700","192.168.0.178","192.168.0.186","25565","25858","3545366","18920","22","0","0x0018"
"7660","2026-08-15T10:06:40.778376700-0500","33.525406800","192.168.0.186","192.168.0.178","25858","25565","18923","3545388","0","0","0x0010"
"7661","2026-08-15T10:06:40.778415500-0500","33.525445600","192.168.0.178","192.168.0.186","25565","25858","3545388","18923","53","0","0x0018"
"7662","2026-08-15T10:06:40.778427400-0500","33.525457500","192.168.0.186","192.168.0.178","25858","25565","18923","3545441","0","0","0x0010"
"7663","2026-08-15T10:06:40.801307200-0500","33.548337300","192.168.0.178","192.168.0.186","25565","25858","3545441","18923","81","0","0x0018"
"7664","2026-08-15T10:06:40.826721500-0500","33.573751600","192.168.0.186","192.168.0.178","25858","25565","18923","3545522","28","0","0x0018"
"7665","2026-08-15T10:06:40.827877500-0500","33.574907600","192.168.0.186","192.168.0.178","25858","25565","18951","3545522","3","0","0x0018"
"7666","2026-08-15T10:06:40.828567500-0500","33.575597600","192.168.0.178","192.168.0.186","25565","25858","3545522","18954","0","0","0x0010"
"7667","2026-08-15T10:06:40.852682100-0500","33.599712200","192.168.0.178","192.168.0.186","25565","25858","3545522","18954","315","0","0x0018"
"7668","2026-08-15T10:06:40.876913600-0500","33.623943700","192.168.0.186","192.168.0.178","25858","25565","18954","3545837","28","0","0x0018"
"7669","2026-08-15T10:06:40.878016000-0500","33.625046100","192.168.0.186","192.168.0.178","25858","25565","18982","3545837","3","0","0x0018"
"7670","2026-08-15T10:06:40.878577600-0500","33.625607700","192.168.0.178","192.168.0.186","25565","25858","3545837","18985","0","0","0x0010"
"7671","2026-08-15T10:06:40.900790800-0500","33.647820900","192.168.0.178","192.168.0.186","25565","25858","3545837","18985","154","0","0x0018"
"7672","2026-08-15T10:06:40.926811300-0500","33.673841400","192.168.0.186","192.168.0.178","25858","25565","18985","3545991","28","0","0x0018"
"7673","2026-08-15T10:06:40.927914200-0500","33.674944300","192.168.0.186","192.168.0.178","25858","25565","19013","3545991","3","0","0x0018"
"7674","2026-08-15T10:06:40.928588700-0500","33.675618800","192.168.0.178","192.168.0.186","25565","25858","3545991","19016","0","0","0x0010"
"7675","2026-08-15T10:06:40.953692400-0500","33.700722500","192.168.0.178","192.168.0.186","25565","25858","3545991","19016","433","0","0x0018"
"7676","2026-08-15T10:06:40.976874500-0500","33.723904600","192.168.0.186","192.168.0.178","25858","25565","19016","3546424","28","0","0x0018"
"7677","2026-08-15T10:06:40.977752100-0500","33.724782200","192.168.0.186","192.168.0.178","25858","25565","19044","3546424","3","0","0x0018"
"7678","2026-08-15T10:06:40.978390700-0500","33.725420800","192.168.0.178","192.168.0.186","25565","25858","3546424","19047","0","0","0x0010"
"7679","2026-08-15T10:06:41.000317200-0500","33.747347300","192.168.0.178","192.168.0.186","25565","25858","3546424","19047","797","0","0x0018"
"7680","2026-08-15T10:06:41.027255800-0500","33.774285900","192.168.0.186","192.168.0.178","25858","25565","19047","3547221","28","0","0x0018"
"7681","2026-08-15T10:06:41.028229200-0500","33.775259300","192.168.0.186","192.168.0.178","25858","25565","19075","3547221","3","0","0x0018"
"7682","2026-08-15T10:06:41.029000400-0500","33.776030500","192.168.0.178","192.168.0.186","25565","25858","3547221","19078","0","0","0x0010"
"7683","2026-08-15T10:06:41.050279800-0500","33.797309900","192.168.0.178","192.168.0.186","25565","25858","3547221","19078","93","0","0x0018"
"7684","2026-08-15T10:06:41.076796400-0500","33.823826500","192.168.0.186","192.168.0.178","25858","25565","19078","3547314","28","0","0x0018"
"7685","2026-08-15T10:06:41.077909400-0500","33.824939500","192.168.0.186","192.168.0.178","25858","25565","19106","3547314","3","0","0x0018"
"7686","2026-08-15T10:06:41.078599300-0500","33.825629400","192.168.0.178","192.168.0.186","25565","25858","3547314","19109","0","0","0x0010"
"7687","2026-08-15T10:06:41.101460400-0500","33.848490500","192.168.0.178","192.168.0.186","25565","25858","3547314","19109","110","0","0x0018"
"7688","2026-08-15T10:06:41.127110700-0500","33.874140800","192.168.0.186","192.168.0.178","25858","25565","19109","3547424","28","0","0x0018"
"7689","2026-08-15T10:06:41.128560400-0500","33.875590500","192.168.0.186","192.168.0.178","25858","25565","19137","3547424","3","0","0x0018"
"7690","2026-08-15T10:06:41.129413600-0500","33.876443700","192.168.0.178","192.168.0.186","25565","25858","3547424","19140","0","0","0x0010"
"7691","2026-08-15T10:06:41.151115900-0500","33.898146000","192.168.0.178","192.168.0.186","25565","25858","3547424","19140","72","0","0x0018"
"7692","2026-08-15T10:06:41.176690700-0500","33.923720800","192.168.0.186","192.168.0.178","25858","25565","19140","3547496","28","0","0x0018"
"7693","2026-08-15T10:06:41.177861600-0500","33.924891700","192.168.0.186","192.168.0.178","25858","25565","19168","3547496","3","0","0x0018"
"7694","2026-08-15T10:06:41.178645000-0500","33.925675100","192.168.0.178","192.168.0.186","25565","25858","3547496","19171","0","0","0x0010"
"7695","2026-08-15T10:06:41.200181400-0500","33.947211500","192.168.0.178","192.168.0.186","25565","25858","3547496","19171","296","0","0x0018"
"7696","2026-08-15T10:06:41.225852000-0500","33.972882100","192.168.0.186","192.168.0.178","25858","25565","19171","3547792","28","0","0x0018"
"7697","2026-08-15T10:06:41.226315800-0500","33.973345900","192.168.0.186","192.168.0.178","25858","25565","19199","3547792","3","0","0x0018"
"7698","2026-08-15T10:06:41.227032100-0500","33.974062200","192.168.0.178","192.168.0.186","25565","25858","3547792","19202","0","0","0x0010"
"7699","2026-08-15T10:06:41.251067400-0500","33.998097500","192.168.0.178","192.168.0.186","25565","25858","3547792","19202","450","0","0x0018"
"7700","2026-08-15T10:06:41.276436500-0500","34.023466600","192.168.0.186","192.168.0.178","25858","25565","19202","3548242","28","0","0x0018"
"7701","2026-08-15T10:06:41.277135500-0500","34.024165600","192.168.0.186","192.168.0.178","25858","25565","19230","3548242","3","0","0x0018"
"7702","2026-08-15T10:06:41.277897900-0500","34.024928000","192.168.0.178","192.168.0.186","25565","25858","3548242","19233","0","0","0x0010"
"7703","2026-08-15T10:06:41.300858500-0500","34.047888600","192.168.0.178","192.168.0.186","25565","25858","3548242","19233","79","0","0x0018"
"7704","2026-08-15T10:06:41.326872000-0500","34.073902100","192.168.0.186","192.168.0.178","25858","25565","19233","3548321","28","0","0x0018"
"7705","2026-08-15T10:06:41.328022500-0500","34.075052600","192.168.0.186","192.168.0.178","25858","25565","19261","3548321","3","0","0x0018"
"7706","2026-08-15T10:06:41.328748300-0500","34.075778400","192.168.0.178","192.168.0.186","25565","25858","3548321","19264","0","0","0x0010"
"7707","2026-08-15T10:06:41.351325700-0500","34.098355800","192.168.0.178","192.168.0.186","25565","25858","3548321","19264","29","0","0x0018"
"7708","2026-08-15T10:06:41.377076300-0500","34.124106400","192.168.0.186","192.168.0.178","25858","25565","19264","3548350","28","0","0x0018"
"7709","2026-08-15T10:06:41.378244000-0500","34.125274100","192.168.0.186","192.168.0.178","25858","25565","19292","3548350","3","0","0x0018"
"7710","2026-08-15T10:06:41.381248200-0500","34.128278300","192.168.0.178","192.168.0.186","25565","25858","3548350","19295","0","0","0x0010"
"7711","2026-08-15T10:06:41.400785000-0500","34.147815100","192.168.0.178","192.168.0.186","25565","25858","3548350","19295","235","0","0x0018"
"7712","2026-08-15T10:06:41.426800900-0500","34.173831000","192.168.0.186","192.168.0.178","25858","25565","19295","3548585","28","0","0x0018"
"7713","2026-08-15T10:06:41.427919400-0500","34.174949500","192.168.0.186","192.168.0.178","25858","25565","19323","3548585","3","0","0x0018"
"7714","2026-08-15T10:06:41.428700100-0500","34.175730200","192.168.0.178","192.168.0.186","25565","25858","3548585","19326","0","0","0x0010"
"7715","2026-08-15T10:06:41.450448600-0500","34.197478700","192.168.0.178","192.168.0.186","25565","25858","3548585","19326","41","0","0x0018"
"7716","2026-08-15T10:06:41.450685300-0500","34.197715400","192.168.0.186","192.168.0.178","25858","25565","19326","3548626","11","0","0x0018"
"7717","2026-08-15T10:06:41.475703700-0500","34.222733800","192.168.0.186","192.168.0.178","25858","25565","19337","3548626","28","0","0x0018"
"7718","2026-08-15T10:06:41.476435700-0500","34.223465800","192.168.0.186","192.168.0.178","25858","25565","19365","3548626","3","0","0x0018"
"7719","2026-08-15T10:06:41.476524200-0500","34.223554300","192.168.0.178","192.168.0.186","25565","25858","3548626","19365","0","0","0x0010"
"7720","2026-08-15T10:06:41.502008200-0500","34.249038300","192.168.0.178","192.168.0.186","25565","25858","3548626","19368","469","0","0x0018"
"7721","2026-08-15T10:06:41.526337600-0500","34.273367700","192.168.0.186","192.168.0.178","25858","25565","19368","3549095","28","0","0x0018"
"7722","2026-08-15T10:06:41.526994600-0500","34.274024700","192.168.0.186","192.168.0.178","25858","25565","19396","3549095","3","0","0x0018"
"7723","2026-08-15T10:06:41.527708400-0500","34.274738500","192.168.0.178","192.168.0.186","25565","25858","3549095","19399","0","0","0x0010"
"7724","2026-08-15T10:06:41.550985300-0500","34.298015400","192.168.0.178","192.168.0.186","25565","25858","3549095","19399","54","0","0x0018"
"7725","2026-08-15T10:06:41.576930700-0500","34.323960800","192.168.0.186","192.168.0.178","25858","25565","19399","3549149","28","0","0x0018"
"7726","2026-08-15T10:06:41.578451100-0500","34.325481200","192.168.0.186","192.168.0.178","25858","25565","19427","3549149","3","0","0x0018"
"7727","2026-08-15T10:06:41.579240900-0500","34.326271000","192.168.0.178","192.168.0.186","25565","25858","3549149","19430","0","0","0x0010"
"7728","2026-08-15T10:06:41.627195500-0500","34.374225600","192.168.0.186","192.168.0.178","25858","25565","19430","3549149","28","0","0x0018"
"7729","2026-08-15T10:06:41.628347800-0500","34.375377900","192.168.0.186","192.168.0.178","25858","25565","19458","3549149","3","0","0x0018"
"7730","2026-08-15T10:06:41.629079000-0500","34.376109100","192.168.0.178","192.168.0.186","25565","25858","3549149","19461","0","0","0x0010"
"7731","2026-08-15T10:06:41.650497000-0500","34.397527100","192.168.0.178","192.168.0.186","25565","25858","3549149","19461","107","0","0x0018"
"7732","2026-08-15T10:06:41.676748900-0500","34.423779000","192.168.0.186","192.168.0.178","25858","25565","19461","3549256","28","0","0x0018"
"7733","2026-08-15T10:06:41.677878200-0500","34.424908300","192.168.0.186","192.168.0.178","25858","25565","19489","3549256","3","0","0x0018"
"7734","2026-08-15T10:06:41.678578300-0500","34.425608400","192.168.0.178","192.168.0.186","25565","25858","3549256","19492","0","0","0x0010"
"7735","2026-08-15T10:06:41.700457400-0500","34.447487500","192.168.0.178","192.168.0.186","25565","25858","3549256","19492","78","0","0x0018"
"7736","2026-08-15T10:06:41.727301700-0500","34.474331800","192.168.0.186","192.168.0.178","25858","25565","19492","3549334","28","0","0x0018"
"7737","2026-08-15T10:06:41.728369200-0500","34.475399300","192.168.0.186","192.168.0.178","25858","25565","19520","3549334","3","0","0x0018"
"7738","2026-08-15T10:06:41.728993200-0500","34.476023300","192.168.0.178","192.168.0.186","25565","25858","3549334","19523","0","0","0x0010"
"7739","2026-08-15T10:06:41.728993200-0500","34.476023300","192.168.0.178","192.168.0.186","25565","25858","3549334","19523","11","0","0x0018"
"7740","2026-08-15T10:06:41.728993200-0500","34.476023300","192.168.0.178","192.168.0.186","25565","25858","3549345","19523","11","0","0x0018"
"7741","2026-08-15T10:06:41.729049000-0500","34.476079100","192.168.0.186","192.168.0.178","25858","25565","19523","3549356","0","0","0x0010"
"7742","2026-08-15T10:06:41.729089000-0500","34.476119100","192.168.0.178","192.168.0.186","25565","25858","3549356","19523","11","0","0x0018"
"7743","2026-08-15T10:06:41.729089000-0500","34.476119100","192.168.0.178","192.168.0.186","25565","25858","3549367","19523","22","0","0x0018"
"7744","2026-08-15T10:06:41.729099900-0500","34.476130000","192.168.0.186","192.168.0.178","25858","25565","19523","3549389","0","0","0x0010"
"7745","2026-08-15T10:06:41.729421400-0500","34.476451500","192.168.0.178","192.168.0.186","25565","25858","3549389","19523","86","0","0x0018"
"7746","2026-08-15T10:06:41.750685600-0500","34.497715700","192.168.0.178","192.168.0.186","25565","25858","3549475","19523","448","0","0x0018"
"7747","2026-08-15T10:06:41.750748400-0500","34.497778500","192.168.0.186","192.168.0.178","25858","25565","19523","3549923","0","0","0x0010"
"7748","2026-08-15T10:06:41.776321400-0500","34.523351500","192.168.0.186","192.168.0.178","25858","25565","19523","3549923","28","0","0x0018"
"7749","2026-08-15T10:06:41.776846400-0500","34.523876500","192.168.0.186","192.168.0.178","25858","25565","19551","3549923","3","0","0x0018"
"7750","2026-08-15T10:06:41.777497000-0500","34.524527100","192.168.0.178","192.168.0.186","25565","25858","3549923","19554","0","0","0x0010"
"7751","2026-08-15T10:06:41.800523600-0500","34.547553700","192.168.0.178","192.168.0.186","25565","25858","3549923","19554","73","0","0x0018"
"7752","2026-08-15T10:06:41.827252500-0500","34.574282600","192.168.0.186","192.168.0.178","25858","25565","19554","3549996","28","0","0x0018"
"7753","2026-08-15T10:06:41.828329700-0500","34.575359800","192.168.0.186","192.168.0.178","25858","25565","19582","3549996","3","0","0x0018"
"7754","2026-08-15T10:06:41.829167300-0500","34.576197400","192.168.0.178","192.168.0.186","25565","25858","3549996","19585","0","0","0x0010"
"7755","2026-08-15T10:06:41.851223600-0500","34.598253700","192.168.0.178","192.168.0.186","25565","25858","3549996","19585","54","0","0x0018"
"7756","2026-08-15T10:06:41.877072500-0500","34.624102600","192.168.0.186","192.168.0.178","25858","25565","19585","3550050","28","0","0x0018"
"7757","2026-08-15T10:06:41.878202600-0500","34.625232700","192.168.0.186","192.168.0.178","25858","25565","19613","3550050","3","0","0x0018"
"7758","2026-08-15T10:06:41.879004500-0500","34.626034600","192.168.0.178","192.168.0.186","25565","25858","3550050","19616","0","0","0x0010"
"7759","2026-08-15T10:06:41.900240100-0500","34.647270200","192.168.0.178","192.168.0.186","25565","25858","3550050","19616","104","0","0x0018"
"7760","2026-08-15T10:06:41.926697500-0500","34.673727600","192.168.0.186","192.168.0.178","25858","25565","19616","3550154","28","0","0x0018"
"7761","2026-08-15T10:06:41.927777800-0500","34.674807900","192.168.0.186","192.168.0.178","25858","25565","19644","3550154","3","0","0x0018"
"7762","2026-08-15T10:06:41.928493500-0500","34.675523600","192.168.0.178","192.168.0.186","25565","25858","3550154","19647","0","0","0x0010"
"7763","2026-08-15T10:06:41.950308100-0500","34.697338200","192.168.0.178","192.168.0.186","25565","25858","3550154","19647","104","0","0x0018"
"7764","2026-08-15T10:06:41.976697200-0500","34.723727300","192.168.0.186","192.168.0.178","25858","25565","19647","3550258","28","0","0x0018"
"7765","2026-08-15T10:06:41.977802700-0500","34.724832800","192.168.0.186","192.168.0.178","25858","25565","19675","3550258","3","0","0x0018"
"7766","2026-08-15T10:06:41.978565600-0500","34.725595700","192.168.0.178","192.168.0.186","25565","25858","3550258","19678","0","0","0x0010"
"7767","2026-08-15T10:06:42.005390200-0500","34.752420300","192.168.0.178","192.168.0.186","25565","25858","3550258","19678","1460","0","0x0010"
"7768","2026-08-15T10:06:42.005390200-0500","34.752420300","192.168.0.178","192.168.0.186","25565","25858","3551718","19678","1460","0","0x0010"
"7769","2026-08-15T10:06:42.005457300-0500","34.752487400","192.168.0.186","192.168.0.178","25858","25565","19678","3553178","0","0","0x0010"
"7770","2026-08-15T10:06:42.005509500-0500","34.752539600","192.168.0.178","192.168.0.186","25565","25858","3553178","19678","1460","0","0x0010"
"7771","2026-08-15T10:06:42.005743900-0500","34.752774000","192.168.0.178","192.168.0.186","25565","25858","3554638","19678","1460","0","0x0010"
"7772","2026-08-15T10:06:42.005743900-0500","34.752774000","192.168.0.178","192.168.0.186","25565","25858","3556098","19678","1460","0","0x0010"
"7773","2026-08-15T10:06:42.005800200-0500","34.752830300","192.168.0.186","192.168.0.178","25858","25565","19678","3557558","0","0","0x0010"
"7774","2026-08-15T10:06:42.005880100-0500","34.752910200","192.168.0.178","192.168.0.186","25565","25858","3557558","19678","1460","0","0x0010"
"7775","2026-08-15T10:06:42.005891200-0500","34.752921300","192.168.0.186","192.168.0.178","25858","25565","19678","3559018","0","0","0x0010"
"7776","2026-08-15T10:06:42.006096000-0500","34.753126100","192.168.0.178","192.168.0.186","25565","25858","3559018","19678","1460","0","0x0010"
"7777","2026-08-15T10:06:42.006096000-0500","34.753126100","192.168.0.178","192.168.0.186","25565","25858","3560478","19678","1460","0","0x0010"
"7778","2026-08-15T10:06:42.006137900-0500","34.753168000","192.168.0.186","192.168.0.178","25858","25565","19678","3561938","0","0","0x0010"
"7779","2026-08-15T10:06:42.006207200-0500","34.753237300","192.168.0.178","192.168.0.186","25565","25858","3561938","19678","1460","0","0x0010"
"7780","2026-08-15T10:06:42.006480200-0500","34.753510300","192.168.0.178","192.168.0.186","25565","25858","3563398","19678","1460","0","0x0010"
"7781","2026-08-15T10:06:42.006480200-0500","34.753510300","192.168.0.178","192.168.0.186","25565","25858","3564858","19678","1460","0","0x0018"
"7782","2026-08-15T10:06:42.006536900-0500","34.753567000","192.168.0.186","192.168.0.178","25858","25565","19678","3566318","0","0","0x0010"
"7783","2026-08-15T10:06:42.006577600-0500","34.753607700","192.168.0.178","192.168.0.186","25565","25858","3566318","19678","1460","0","0x0010"
"7784","2026-08-15T10:06:42.006589000-0500","34.753619100","192.168.0.186","192.168.0.178","25858","25565","19678","3567778","0","0","0x0010"
"7785","2026-08-15T10:06:42.006817200-0500","34.753847300","192.168.0.178","192.168.0.186","25565","25858","3567778","19678","1460","0","0x0010"
"7786","2026-08-15T10:06:42.006931400-0500","34.753961500","192.168.0.178","192.168.0.186","25565","25858","3569238","19678","1460","0","0x0010"
"7787","2026-08-15T10:06:42.006957800-0500","34.753987900","192.168.0.186","192.168.0.178","25858","25565","19678","3570698","0","0","0x0010"
"7788","2026-08-15T10:06:42.007018700-0500","34.754048800","192.168.0.178","192.168.0.186","25565","25858","3570698","19678","1460","0","0x0010"
"7789","2026-08-15T10:06:42.007084300-0500","34.754114400","192.168.0.178","192.168.0.186","25565","25858","3572158","19678","1391","0","0x0018"
"7790","2026-08-15T10:06:42.007099300-0500","34.754129400","192.168.0.186","192.168.0.178","25858","25565","19678","3573549","0","0","0x0010"
"7791","2026-08-15T10:06:42.026144400-0500","34.773174500","192.168.0.186","192.168.0.178","25858","25565","19678","3573549","28","0","0x0018"
"7792","2026-08-15T10:06:42.026708700-0500","34.773738800","192.168.0.186","192.168.0.178","25858","25565","19706","3573549","3","0","0x0018"
"7793","2026-08-15T10:06:42.027377300-0500","34.774407400","192.168.0.178","192.168.0.186","25565","25858","3573549","19709","0","0","0x0010"
"7794","2026-08-15T10:06:42.051085500-0500","34.798115600","192.168.0.178","192.168.0.186","25565","25858","3573549","19709","1460","0","0x0010"
"7795","2026-08-15T10:06:42.051085500-0500","34.798115600","192.168.0.178","192.168.0.186","25565","25858","3575009","19709","1460","0","0x0010"
"7796","2026-08-15T10:06:42.051132600-0500","34.798162700","192.168.0.186","192.168.0.178","25858","25565","19709","3576469","0","0","0x0010"
"7797","2026-08-15T10:06:42.051189500-0500","34.798219600","192.168.0.178","192.168.0.186","25565","25858","3576469","19709","1460","0","0x0010"
"7798","2026-08-15T10:06:42.051428600-0500","34.798458700","192.168.0.178","192.168.0.186","25565","25858","3577929","19709","1460","0","0x0010"
"7799","2026-08-15T10:06:42.051428600-0500","34.798458700","192.168.0.178","192.168.0.186","25565","25858","3579389","19709","1460","0","0x0010"
"7800","2026-08-15T10:06:42.051428600-0500","34.798458700","192.168.0.178","192.168.0.186","25565","25858","3580849","19709","15","0","0x0018"
"7801","2026-08-15T10:06:42.051459300-0500","34.798489400","192.168.0.186","192.168.0.178","25858","25565","19709","3580864","0","0","0x0010"
"7802","2026-08-15T10:06:42.075848700-0500","34.822878800","192.168.0.186","192.168.0.178","25858","25565","19709","3580864","28","0","0x0018"
"7803","2026-08-15T10:06:42.076777000-0500","34.823807100","192.168.0.186","192.168.0.178","25858","25565","19737","3580864","3","0","0x0018"
"7804","2026-08-15T10:06:42.077613500-0500","34.824643600","192.168.0.178","192.168.0.186","25565","25858","3580864","19740","0","0","0x0010"
"7805","2026-08-15T10:06:42.100102900-0500","34.847133000","192.168.0.178","192.168.0.186","25565","25858","3580864","19740","52","0","0x0018"
"7806","2026-08-15T10:06:42.126807100-0500","34.873837200","192.168.0.186","192.168.0.178","25858","25565","19740","3580916","28","0","0x0018"
"7807","2026-08-15T10:06:42.128381100-0500","34.875411200","192.168.0.186","192.168.0.178","25858","25565","19768","3580916","3","0","0x0018"
"7808","2026-08-15T10:06:42.129004500-0500","34.876034600","192.168.0.178","192.168.0.186","25565","25858","3580916","19771","0","0","0x0010"
"7809","2026-08-15T10:06:42.150382700-0500","34.897412800","192.168.0.178","192.168.0.186","25565","25858","3580916","19771","218","0","0x0018"
"7810","2026-08-15T10:06:42.176052400-0500","34.923082500","192.168.0.186","192.168.0.178","25858","25565","19771","3581134","28","0","0x0018"
"7811","2026-08-15T10:06:42.176417100-0500","34.923447200","192.168.0.186","192.168.0.178","25858","25565","19799","3581134","3","0","0x0018"
"7812","2026-08-15T10:06:42.176980900-0500","34.924011000","192.168.0.178","192.168.0.186","25565","25858","3581134","19802","0","0","0x0010"
"7813","2026-08-15T10:06:42.203081500-0500","34.950111600","192.168.0.178","192.168.0.186","25565","25858","3581134","19802","254","0","0x0018"
"7814","2026-08-15T10:06:42.226810800-0500","34.973840900","192.168.0.186","192.168.0.178","25858","25565","19802","3581388","28","0","0x0018"
"7815","2026-08-15T10:06:42.228009400-0500","34.975039500","192.168.0.186","192.168.0.178","25858","25565","19830","3581388","3","0","0x0018"
"7816","2026-08-15T10:06:42.228653200-0500","34.975683300","192.168.0.178","192.168.0.186","25565","25858","3581388","19833","0","0","0x0010"
"7817","2026-08-15T10:06:42.276749200-0500","35.023779300","192.168.0.186","192.168.0.178","25858","25565","19833","3581388","28","0","0x0018"
"7818","2026-08-15T10:06:42.277957600-0500","35.024987700","192.168.0.186","192.168.0.178","25858","25565","19861","3581388","3","0","0x0018"
"7819","2026-08-15T10:06:42.278389900-0500","35.025420000","192.168.0.178","192.168.0.186","25565","25858","3581388","19864","0","0","0x0010"
"7820","2026-08-15T10:06:42.279154000-0500","35.026184100","192.168.0.178","192.168.0.186","25565","25858","3581388","19864","526","0","0x0018"
"7821","2026-08-15T10:06:42.303167900-0500","35.050198000","192.168.0.178","192.168.0.186","25565","25858","3581914","19864","59","0","0x0018"
"7822","2026-08-15T10:06:42.303224200-0500","35.050254300","192.168.0.186","192.168.0.178","25858","25565","19864","3581973","0","0","0x0010"
"7823","2026-08-15T10:06:42.326366500-0500","35.073396600","192.168.0.186","192.168.0.178","25858","25565","19864","3581973","28","0","0x0018"
"7824","2026-08-15T10:06:42.326859000-0500","35.073889100","192.168.0.186","192.168.0.178","25858","25565","19892","3581973","3","0","0x0018"
"7825","2026-08-15T10:06:42.327583600-0500","35.074613700","192.168.0.178","192.168.0.186","25565","25858","3581973","19895","0","0","0x0010"
"7826","2026-08-15T10:06:42.351296000-0500","35.098326100","192.168.0.178","192.168.0.186","25565","25858","3581973","19895","323","0","0x0018"
"7827","2026-08-15T10:06:42.376919000-0500","35.123949100","192.168.0.186","192.168.0.178","25858","25565","19895","3582296","28","0","0x0018"
"7828","2026-08-15T10:06:42.378085300-0500","35.125115400","192.168.0.186","192.168.0.178","25858","25565","19923","3582296","3","0","0x0018"
"7829","2026-08-15T10:06:42.378761700-0500","35.125791800","192.168.0.178","192.168.0.186","25565","25858","3582296","19926","0","0","0x0010"
"7830","2026-08-15T10:06:42.400288100-0500","35.147318200","192.168.0.178","192.168.0.186","25565","25858","3582296","19926","199","0","0x0018"
"7831","2026-08-15T10:06:42.426861600-0500","35.173891700","192.168.0.186","192.168.0.178","25858","25565","19926","3582495","28","0","0x0018"
"7832","2026-08-15T10:06:42.428121500-0500","35.175151600","192.168.0.186","192.168.0.178","25858","25565","19954","3582495","3","0","0x0018"
"7833","2026-08-15T10:06:42.430255700-0500","35.177285800","192.168.0.178","192.168.0.186","25565","25858","3582495","19957","0","0","0x0010"
"7834","2026-08-15T10:06:42.450395300-0500","35.197425400","192.168.0.178","192.168.0.186","25565","25858","3582495","19957","213","0","0x0018"
"7835","2026-08-15T10:06:42.450733300-0500","35.197763400","192.168.0.186","192.168.0.178","25858","25565","19957","3582708","11","0","0x0018"
"7836","2026-08-15T10:06:42.476917800-0500","35.223947900","192.168.0.186","192.168.0.178","25858","25565","19968","3582708","28","0","0x0018"
"7837","2026-08-15T10:06:42.477723900-0500","35.224754000","192.168.0.178","192.168.0.186","25565","25858","3582708","19996","0","0","0x0010"
"7838","2026-08-15T10:06:42.478185400-0500","35.225215500","192.168.0.186","192.168.0.178","25858","25565","19996","3582708","3","0","0x0018"
"7839","2026-08-15T10:06:42.506019100-0500","35.253049200","192.168.0.178","192.168.0.186","25565","25858","3582708","19999","1460","0","0x0010"
"7840","2026-08-15T10:06:42.506019100-0500","35.253049200","192.168.0.178","192.168.0.186","25565","25858","3584168","19999","1460","0","0x0010"
"7841","2026-08-15T10:06:42.506095700-0500","35.253125800","192.168.0.186","192.168.0.178","25858","25565","19999","3585628","0","0","0x0010"
"7842","2026-08-15T10:06:42.506147000-0500","35.253177100","192.168.0.178","192.168.0.186","25565","25858","3585628","19999","1460","0","0x0010"
"7843","2026-08-15T10:06:42.506269900-0500","35.253300000","192.168.0.178","192.168.0.186","25565","25858","3587088","19999","1460","0","0x0010"
"7844","2026-08-15T10:06:42.506279500-0500","35.253309600","192.168.0.186","192.168.0.178","25858","25565","19999","3588548","0","0","0x0010"
"7845","2026-08-15T10:06:42.506343600-0500","35.253373700","192.168.0.178","192.168.0.186","25565","25858","3588548","19999","1460","0","0x0010"
"7846","2026-08-15T10:06:42.506583200-0500","35.253613300","192.168.0.178","192.168.0.186","25565","25858","3590008","19999","1460","0","0x0010"
"7847","2026-08-15T10:06:42.506648400-0500","35.253678500","192.168.0.186","192.168.0.178","25858","25565","19999","3591468","0","0","0x0010"
"7848","2026-08-15T10:06:42.506708900-0500","35.253739000","192.168.0.178","192.168.0.186","25565","25858","3591468","19999","1460","0","0x0010"
"7849","2026-08-15T10:06:42.506708900-0500","35.253739000","192.168.0.178","192.168.0.186","25565","25858","3592928","19999","1460","0","0x0010"
"7850","2026-08-15T10:06:42.506729800-0500","35.253759900","192.168.0.186","192.168.0.178","25858","25565","19999","3594388","0","0","0x0010"
"7851","2026-08-15T10:06:42.506972500-0500","35.254002600","192.168.0.178","192.168.0.186","25565","25858","3594388","19999","1460","0","0x0010"
"7852","2026-08-15T10:06:42.506972500-0500","35.254002600","192.168.0.178","192.168.0.186","25565","25858","3595848","19999","1460","0","0x0010"
"7853","2026-08-15T10:06:42.507031600-0500","35.254061700","192.168.0.186","192.168.0.178","25858","25565","19999","3597308","0","0","0x0010"
"7854","2026-08-15T10:06:42.507135800-0500","35.254165900","192.168.0.178","192.168.0.186","25565","25858","3597308","19999","1460","0","0x0018"
"7855","2026-08-15T10:06:42.507207600-0500","35.254237700","192.168.0.178","192.168.0.186","25565","25858","3598768","19999","1460","0","0x0010"
"7856","2026-08-15T10:06:42.507219700-0500","35.254249800","192.168.0.186","192.168.0.178","25858","25565","19999","3600228","0","0","0x0010"
"7857","2026-08-15T10:06:42.507469700-0500","35.254499800","192.168.0.178","192.168.0.186","25565","25858","3600228","19999","1460","0","0x0010"
"7858","2026-08-15T10:06:42.507469700-0500","35.254499800","192.168.0.178","192.168.0.186","25565","25858","3601688","19999","1460","0","0x0010"
"7859","2026-08-15T10:06:42.507511400-0500","35.254541500","192.168.0.186","192.168.0.178","25858","25565","19999","3603148","0","0","0x0010"
"7860","2026-08-15T10:06:42.507626800-0500","35.254656900","192.168.0.178","192.168.0.186","25565","25858","3603148","19999","1460","0","0x0010"
"7861","2026-08-15T10:06:42.507699400-0500","35.254729500","192.168.0.178","192.168.0.186","25565","25858","3604608","19999","1460","0","0x0010"
"7862","2026-08-15T10:06:42.507717700-0500","35.254747800","192.168.0.186","192.168.0.178","25858","25565","19999","3606068","0","0","0x0010"
"7863","2026-08-15T10:06:42.507773300-0500","35.254803400","192.168.0.178","192.168.0.186","25565","25858","3606068","19999","562","0","0x0018"
"7864","2026-08-15T10:06:42.526349000-0500","35.273379100","192.168.0.186","192.168.0.178","25858","25565","19999","3606630","28","0","0x0018"
"7865","2026-08-15T10:06:42.526968300-0500","35.273998400","192.168.0.186","192.168.0.178","25858","25565","20027","3606630","3","0","0x0018"
"7866","2026-08-15T10:06:42.527644200-0500","35.274674300","192.168.0.178","192.168.0.186","25565","25858","3606630","20030","0","0","0x0010"
"7867","2026-08-15T10:06:42.554526600-0500","35.301556700","192.168.0.178","192.168.0.186","25565","25858","3606630","20030","1460","0","0x0010"
"7868","2026-08-15T10:06:42.554526600-0500","35.301556700","192.168.0.178","192.168.0.186","25565","25858","3608090","20030","1460","0","0x0010"
"7869","2026-08-15T10:06:42.554583300-0500","35.301613400","192.168.0.186","192.168.0.178","25858","25565","20030","3609550","0","0","0x0010"
"7870","2026-08-15T10:06:42.554636000-0500","35.301666100","192.168.0.178","192.168.0.186","25565","25858","3609550","20030","1460","0","0x0010"
"7871","2026-08-15T10:06:42.554872000-0500","35.301902100","192.168.0.178","192.168.0.186","25565","25858","3611010","20030","1460","0","0x0010"
"7872","2026-08-15T10:06:42.554872000-0500","35.301902100","192.168.0.178","192.168.0.186","25565","25858","3612470","20030","1460","0","0x0010"
"7873","2026-08-15T10:06:42.554915000-0500","35.301945100","192.168.0.186","192.168.0.178","25858","25565","20030","3613930","0","0","0x0010"
"7874","2026-08-15T10:06:42.555032200-0500","35.302062300","192.168.0.178","192.168.0.186","25565","25858","3613930","20030","1460","0","0x0010"
"7875","2026-08-15T10:06:42.555040800-0500","35.302070900","192.168.0.186","192.168.0.178","25858","25565","20030","3615390","0","0","0x0010"
"7876","2026-08-15T10:06:42.555101300-0500","35.302131400","192.168.0.178","192.168.0.186","25565","25858","3615390","20030","1460","0","0x0010"
"7877","2026-08-15T10:06:42.555361400-0500","35.302391500","192.168.0.178","192.168.0.186","25565","25858","3616850","20030","1460","0","0x0010"
"7878","2026-08-15T10:06:42.555361400-0500","35.302391500","192.168.0.178","192.168.0.186","25565","25858","3618310","20030","1460","0","0x0010"
"7879","2026-08-15T10:06:42.555401400-0500","35.302431500","192.168.0.186","192.168.0.178","25858","25565","20030","3619770","0","0","0x0010"
"7880","2026-08-15T10:06:42.555526300-0500","35.302556400","192.168.0.178","192.168.0.186","25565","25858","3619770","20030","1460","0","0x0010"
"7881","2026-08-15T10:06:42.555539100-0500","35.302569200","192.168.0.186","192.168.0.178","25858","25565","20030","3621230","0","0","0x0010"
"7882","2026-08-15T10:06:42.555598900-0500","35.302629000","192.168.0.178","192.168.0.186","25565","25858","3621230","20030","1460","0","0x0018"
"7883","2026-08-15T10:06:42.555854100-0500","35.302884200","192.168.0.178","192.168.0.186","25565","25858","3622690","20030","1460","0","0x0010"
"7884","2026-08-15T10:06:42.555854100-0500","35.302884200","192.168.0.178","192.168.0.186","25565","25858","3624150","20030","1460","0","0x0010"
"7885","2026-08-15T10:06:42.555899400-0500","35.302929500","192.168.0.186","192.168.0.178","25858","25565","20030","3625610","0","0","0x0010"
"7886","2026-08-15T10:06:42.556024100-0500","35.303054200","192.168.0.178","192.168.0.186","25565","25858","3625610","20030","1460","0","0x0010"
"7887","2026-08-15T10:06:42.556037100-0500","35.303067200","192.168.0.186","192.168.0.178","25858","25565","20030","3627070","0","0","0x0010"
"7888","2026-08-15T10:06:42.556098700-0500","35.303128800","192.168.0.178","192.168.0.186","25565","25858","3627070","20030","1220","0","0x0018"
"7889","2026-08-15T10:06:42.576786700-0500","35.323816800","192.168.0.186","192.168.0.178","25858","25565","20030","3628290","28","0","0x0018"
"7890","2026-08-15T10:06:42.577915500-0500","35.324945600","192.168.0.186","192.168.0.178","25858","25565","20058","3628290","3","0","0x0018"
"7891","2026-08-15T10:06:42.578597600-0500","35.325627700","192.168.0.178","192.168.0.186","25565","25858","3628290","20061","0","0","0x0010"
"7892","2026-08-15T10:06:42.609125100-0500","35.356155200","192.168.0.178","192.168.0.186","25565","25858","3628290","20061","1460","0","0x0010"
"7893","2026-08-15T10:06:42.609125100-0500","35.356155200","192.168.0.178","192.168.0.186","25565","25858","3629750","20061","1460","0","0x0010"
"7894","2026-08-15T10:06:42.609185400-0500","35.356215500","192.168.0.186","192.168.0.178","25858","25565","20061","3631210","0","0","0x0010"
"7895","2026-08-15T10:06:42.609237200-0500","35.356267300","192.168.0.178","192.168.0.186","25565","25858","3631210","20061","1460","0","0x0010"
"7896","2026-08-15T10:06:42.609467600-0500","35.356497700","192.168.0.178","192.168.0.186","25565","25858","3632670","20061","1460","0","0x0010"
"7897","2026-08-15T10:06:42.609467600-0500","35.356497700","192.168.0.178","192.168.0.186","25565","25858","3634130","20061","1460","0","0x0010"
"7898","2026-08-15T10:06:42.609505100-0500","35.356535200","192.168.0.186","192.168.0.178","25858","25565","20061","3635590","0","0","0x0010"
"7899","2026-08-15T10:06:42.609717200-0500","35.356747300","192.168.0.178","192.168.0.186","25565","25858","3635590","20061","1460","0","0x0010"
"7900","2026-08-15T10:06:42.609717200-0500","35.356747300","192.168.0.178","192.168.0.186","25565","25858","3637050","20061","1460","0","0x0010"
"7901","2026-08-15T10:06:42.609754700-0500","35.356784800","192.168.0.186","192.168.0.178","25858","25565","20061","3638510","0","0","0x0010"
"7902","2026-08-15T10:06:42.609972900-0500","35.357003000","192.168.0.178","192.168.0.186","25565","25858","3638510","20061","1460","0","0x0010"
"7903","2026-08-15T10:06:42.609972900-0500","35.357003000","192.168.0.178","192.168.0.186","25565","25858","3639970","20061","1460","0","0x0010"
"7904","2026-08-15T10:06:42.610010400-0500","35.357040500","192.168.0.186","192.168.0.178","25858","25565","20061","3641430","0","0","0x0010"
"7905","2026-08-15T10:06:42.610112500-0500","35.357142600","192.168.0.178","192.168.0.186","25565","25858","3641430","20061","1460","0","0x0010"
"7906","2026-08-15T10:06:42.610127100-0500","35.357157200","192.168.0.186","192.168.0.178","25858","25565","20061","3642890","0","0","0x0010"
"7907","2026-08-15T10:06:42.610332700-0500","35.357362800","192.168.0.178","192.168.0.186","25565","25858","3642890","20061","1460","0","0x0018"
"7908","2026-08-15T10:06:42.610332700-0500","35.357362800","192.168.0.178","192.168.0.186","25565","25858","3644350","20061","1460","0","0x0010"
"7909","2026-08-15T10:06:42.610363800-0500","35.357393900","192.168.0.186","192.168.0.178","25858","25565","20061","3645810","0","0","0x0010"
"7910","2026-08-15T10:06:42.610567900-0500","35.357598000","192.168.0.178","192.168.0.186","25565","25858","3645810","20061","1460","0","0x0010"
"7911","2026-08-15T10:06:42.610648800-0500","35.357678900","192.168.0.178","192.168.0.186","25565","25858","3647270","20061","1460","0","0x0010"
"7912","2026-08-15T10:06:42.610659800-0500","35.357689900","192.168.0.186","192.168.0.178","25858","25565","20061","3648730","0","0","0x0010"
"7913","2026-08-15T10:06:42.610706600-0500","35.357736700","192.168.0.178","192.168.0.186","25565","25858","3648730","20061","1460","0","0x0010"
"7914","2026-08-15T10:06:42.610912900-0500","35.357943000","192.168.0.178","192.168.0.186","25565","25858","3650190","20061","1460","0","0x0010"
"7915","2026-08-15T10:06:42.610912900-0500","35.357943000","192.168.0.178","192.168.0.186","25565","25858","3651650","20061","576","0","0x0018"
"7916","2026-08-15T10:06:42.610944700-0500","35.357974800","192.168.0.186","192.168.0.178","25858","25565","20061","3652226","0","0","0x0010"
"7917","2026-08-15T10:06:42.628330900-0500","35.375361000","192.168.0.186","192.168.0.178","25858","25565","20061","3652226","28","0","0x0018"
"7918","2026-08-15T10:06:42.629473000-0500","35.376503100","192.168.0.186","192.168.0.178","25858","25565","20089","3652226","3","0","0x0018"
"7919","2026-08-15T10:06:42.630213900-0500","35.377244000","192.168.0.178","192.168.0.186","25565","25858","3652226","20092","0","0","0x0010"
"7920","2026-08-15T10:06:42.657177500-0500","35.404207600","192.168.0.178","192.168.0.186","25565","25858","3652226","20092","1460","0","0x0010"
"7921","2026-08-15T10:06:42.657177500-0500","35.404207600","192.168.0.178","192.168.0.186","25565","25858","3653686","20092","1460","0","0x0010"
"7922","2026-08-15T10:06:42.657243800-0500","35.404273900","192.168.0.186","192.168.0.178","25858","25565","20092","3655146","0","0","0x0010"
"7923","2026-08-15T10:06:42.657295300-0500","35.404325400","192.168.0.178","192.168.0.186","25565","25858","3655146","20092","1460","0","0x0010"
"7924","2026-08-15T10:06:42.657533300-0500","35.404563400","192.168.0.178","192.168.0.186","25565","25858","3656606","20092","1460","0","0x0010"
"7925","2026-08-15T10:06:42.657533300-0500","35.404563400","192.168.0.178","192.168.0.186","25565","25858","3658066","20092","1460","0","0x0010"
"7926","2026-08-15T10:06:42.657587000-0500","35.404617100","192.168.0.186","192.168.0.178","25858","25565","20092","3659526","0","0","0x0010"
"7927","2026-08-15T10:06:42.657664000-0500","35.404694100","192.168.0.178","192.168.0.186","25565","25858","3659526","20092","1460","0","0x0010"
"7928","2026-08-15T10:06:42.657679000-0500","35.404709100","192.168.0.186","192.168.0.178","25858","25565","20092","3660986","0","0","0x0010"
"7929","2026-08-15T10:06:42.657802800-0500","35.404832900","192.168.0.178","192.168.0.186","25565","25858","3660986","20092","1460","0","0x0010"
"7930","2026-08-15T10:06:42.657874900-0500","35.404905000","192.168.0.178","192.168.0.186","25565","25858","3662446","20092","1460","0","0x0010"
"7931","2026-08-15T10:06:42.657883000-0500","35.404913100","192.168.0.186","192.168.0.178","25858","25565","20092","3663906","0","0","0x0010"
"7932","2026-08-15T10:06:42.658131700-0500","35.405161800","192.168.0.178","192.168.0.186","25565","25858","3663906","20092","1460","0","0x0010"
"7933","2026-08-15T10:06:42.658131700-0500","35.405161800","192.168.0.178","192.168.0.186","25565","25858","3665366","20092","1460","0","0x0010"
"7934","2026-08-15T10:06:42.658177100-0500","35.405207200","192.168.0.186","192.168.0.178","25858","25565","20092","3666826","0","0","0x0010"
"7935","2026-08-15T10:06:42.658247800-0500","35.405277900","192.168.0.178","192.168.0.186","25565","25858","3666826","20092","1460","0","0x0018"
"7936","2026-08-15T10:06:42.658834100-0500","35.405864200","192.168.0.178","192.168.0.186","25565","25858","3668286","20092","1460","0","0x0010"
"7937","2026-08-15T10:06:42.658834100-0500","35.405864200","192.168.0.178","192.168.0.186","25565","25858","3669746","20092","644","0","0x0018"
"7938","2026-08-15T10:06:42.658892500-0500","35.405922600","192.168.0.186","192.168.0.178","25858","25565","20092","3670390","0","0","0x0010"
"7939","2026-08-15T10:06:42.676168300-0500","35.423198400","192.168.0.186","192.168.0.178","25858","25565","20092","3670390","28","0","0x0018"
"7940","2026-08-15T10:06:42.676774700-0500","35.423804800","192.168.0.186","192.168.0.178","25858","25565","20120","3670390","3","0","0x0018"
"7941","2026-08-15T10:06:42.678255500-0500","35.425285600","192.168.0.178","192.168.0.186","25565","25858","3670390","20123","0","0","0x0010"
"7942","2026-08-15T10:06:42.707031600-0500","35.454061700","192.168.0.178","192.168.0.186","25565","25858","3670390","20123","608","0","0x0018"
"7943","2026-08-15T10:06:42.727089700-0500","35.474119800","192.168.0.186","192.168.0.178","25858","25565","20123","3670998","28","0","0x0018"
"7944","2026-08-15T10:06:42.728553800-0500","35.475583900","192.168.0.186","192.168.0.178","25858","25565","20151","3670998","3","0","0x0018"
"7945","2026-08-15T10:06:42.728922700-0500","35.475952800","192.168.0.178","192.168.0.186","25565","25858","3670998","20151","11","0","0x0018"
"7946","2026-08-15T10:06:42.728922700-0500","35.475952800","192.168.0.178","192.168.0.186","25565","25858","3671009","20151","11","0","0x0018"
"7947","2026-08-15T10:06:42.728922700-0500","35.475952800","192.168.0.178","192.168.0.186","25565","25858","3671020","20151","11","0","0x0018"
"7948","2026-08-15T10:06:42.728922700-0500","35.475952800","192.168.0.178","192.168.0.186","25565","25858","3671031","20154","11","0","0x0018"
"7949","2026-08-15T10:06:42.728922700-0500","35.475952800","192.168.0.178","192.168.0.186","25565","25858","3671042","20154","11","0","0x0018"
"7950","2026-08-15T10:06:42.728974700-0500","35.476004800","192.168.0.186","192.168.0.178","25858","25565","20154","3671053","0","0","0x0010"
"7951","2026-08-15T10:06:42.729022700-0500","35.476052800","192.168.0.178","192.168.0.186","25565","25858","3671053","20154","11","0","0x0018"
"7952","2026-08-15T10:06:42.729022700-0500","35.476052800","192.168.0.178","192.168.0.186","25565","25858","3671064","20154","11","0","0x0018"
"7953","2026-08-15T10:06:42.729032400-0500","35.476062500","192.168.0.186","192.168.0.178","25858","25565","20154","3671075","0","0","0x0010"
"7954","2026-08-15T10:06:42.729070600-0500","35.476100700","192.168.0.178","192.168.0.186","25565","25858","3671075","20154","11","0","0x0018"
"7955","2026-08-15T10:06:42.729070600-0500","35.476100700","192.168.0.178","192.168.0.186","25565","25858","3671086","20154","11","0","0x0018"
"7956","2026-08-15T10:06:42.729077900-0500","35.476108000","192.168.0.186","192.168.0.178","25858","25565","20154","3671097","0","0","0x0010"
"7957","2026-08-15T10:06:42.729330000-0500","35.476360100","192.168.0.178","192.168.0.186","25565","25858","3671097","20154","11","0","0x0018"
"7958","2026-08-15T10:06:42.729330000-0500","35.476360100","192.168.0.178","192.168.0.186","25565","25858","3671108","20154","11","0","0x0018"
"7959","2026-08-15T10:06:42.729330000-0500","35.476360100","192.168.0.178","192.168.0.186","25565","25858","3671119","20154","9","0","0x0018"
"7960","2026-08-15T10:06:42.729368700-0500","35.476398800","192.168.0.186","192.168.0.178","25858","25565","20154","3671128","0","0","0x0010"
"7961","2026-08-15T10:06:42.745883000-0500","35.492913100","192.168.0.178","192.168.0.186","25565","25858","3671128","20154","52","0","0x0018"
"7962","2026-08-15T10:06:42.745883000-0500","35.492913100","192.168.0.178","192.168.0.186","25565","25858","3671180","20154","52","0","0x0018"
"7963","2026-08-15T10:06:42.745883000-0500","35.492913100","192.168.0.178","192.168.0.186","25565","25858","3671232","20154","52","0","0x0018"
"7964","2026-08-15T10:06:42.745929700-0500","35.492959800","192.168.0.186","192.168.0.178","25858","25565","20154","3671284","0","0","0x0010"
"7965","2026-08-15T10:06:42.751621400-0500","35.498651500","192.168.0.178","192.168.0.186","25565","25858","3671284","20154","176","0","0x0018"
"7966","2026-08-15T10:06:42.751668500-0500","35.498698600","192.168.0.186","192.168.0.178","25858","25565","20154","3671460","0","0","0x0010"
"7967","2026-08-15T10:06:42.777183700-0500","35.524213800","192.168.0.186","192.168.0.178","25858","25565","20154","3671460","28","0","0x0018"
"7968","2026-08-15T10:06:42.778762000-0500","35.525792100","192.168.0.186","192.168.0.178","25858","25565","20182","3671460","3","0","0x0018"
"7969","2026-08-15T10:06:42.779570800-0500","35.526600900","192.168.0.178","192.168.0.186","25565","25858","3671460","20185","0","0","0x0010"
"7970","2026-08-15T10:06:42.800690600-0500","35.547720700","192.168.0.178","192.168.0.186","25565","25858","3671460","20185","110","0","0x0018"
"7971","2026-08-15T10:06:42.826941500-0500","35.573971600","192.168.0.186","192.168.0.178","25858","25565","20185","3671570","28","0","0x0018"
"7972","2026-08-15T10:06:42.828184500-0500","35.575214600","192.168.0.186","192.168.0.178","25858","25565","20213","3671570","3","0","0x0018"
"7973","2026-08-15T10:06:42.828850900-0500","35.575881000","192.168.0.178","192.168.0.186","25565","25858","3671570","20216","0","0","0x0010"
"7974","2026-08-15T10:06:42.858818300-0500","35.605848400","192.168.0.178","192.168.0.186","25565","25858","3671570","20216","1022","0","0x0018"
"7975","2026-08-15T10:06:42.876774500-0500","35.623804600","192.168.0.186","192.168.0.178","25858","25565","20216","3672592","28","0","0x0018"
"7976","2026-08-15T10:06:42.878023200-0500","35.625053300","192.168.0.186","192.168.0.178","25858","25565","20244","3672592","3","0","0x0018"
"7977","2026-08-15T10:06:42.880535000-0500","35.627565100","192.168.0.178","192.168.0.186","25565","25858","3672592","20247","0","0","0x0010"
"7978","2026-08-15T10:06:42.901065200-0500","35.648095300","192.168.0.178","192.168.0.186","25565","25858","3672592","20247","218","0","0x0018"
"7979","2026-08-15T10:06:42.926004100-0500","35.673034200","192.168.0.186","192.168.0.178","25858","25565","20247","3672810","28","0","0x0018"
"7980","2026-08-15T10:06:42.926587600-0500","35.673617700","192.168.0.186","192.168.0.178","25858","25565","20275","3672810","3","0","0x0018"
"7981","2026-08-15T10:06:42.927389800-0500","35.674419900","192.168.0.178","192.168.0.186","25565","25858","3672810","20278","0","0","0x0010"
"7982","2026-08-15T10:06:42.951022800-0500","35.698052900","192.168.0.178","192.168.0.186","25565","25858","3672810","20278","74","0","0x0018"
"7983","2026-08-15T10:06:42.977190700-0500","35.724220800","192.168.0.186","192.168.0.178","25858","25565","20278","3672884","28","0","0x0018"
"7984","2026-08-15T10:06:42.978273600-0500","35.725303700","192.168.0.186","192.168.0.178","25858","25565","20306","3672884","3","0","0x0018"
"7985","2026-08-15T10:06:42.978998100-0500","35.726028200","192.168.0.178","192.168.0.186","25565","25858","3672884","20309","0","0","0x0010"
"7986","2026-08-15T10:06:43.000263000-0500","35.747293100","192.168.0.178","192.168.0.186","25565","25858","3672884","20309","108","0","0x0018"
"7987","2026-08-15T10:06:43.026981400-0500","35.774011500","192.168.0.186","192.168.0.178","25858","25565","20309","3672992","28","0","0x0018"
"7988","2026-08-15T10:06:43.028341700-0500","35.775371800","192.168.0.186","192.168.0.178","25858","25565","20337","3672992","3","0","0x0018"
"7989","2026-08-15T10:06:43.029063300-0500","35.776093400","192.168.0.178","192.168.0.186","25565","25858","3672992","20340","0","0","0x0010"
"7990","2026-08-15T10:06:43.051167700-0500","35.798197800","192.168.0.178","192.168.0.186","25565","25858","3672992","20340","589","0","0x0018"
"7991","2026-08-15T10:06:43.076746100-0500","35.823776200","192.168.0.186","192.168.0.178","25858","25565","20340","3673581","28","0","0x0018"
"7992","2026-08-15T10:06:43.078069800-0500","35.825099900","192.168.0.186","192.168.0.178","25858","25565","20368","3673581","3","0","0x0018"
"7993","2026-08-15T10:06:43.078733700-0500","35.825763800","192.168.0.178","192.168.0.186","25565","25858","3673581","20371","0","0","0x0010"
"7994","2026-08-15T10:06:43.100469600-0500","35.847499700","192.168.0.178","192.168.0.186","25565","25858","3673581","20371","1046","0","0x0018"
"7995","2026-08-15T10:06:43.126982900-0500","35.874013000","192.168.0.186","192.168.0.178","25858","25565","20371","3674627","28","0","0x0018"
"7996","2026-08-15T10:06:43.128256700-0500","35.875286800","192.168.0.186","192.168.0.178","25858","25565","20399","3674627","3","0","0x0018"
"7997","2026-08-15T10:06:43.129056200-0500","35.876086300","192.168.0.178","192.168.0.186","25565","25858","3674627","20402","0","0","0x0010"
"7998","2026-08-15T10:06:43.150964200-0500","35.897994300","192.168.0.178","192.168.0.186","25565","25858","3674627","20402","224","0","0x0018"
"7999","2026-08-15T10:06:43.176949100-0500","35.923979200","192.168.0.186","192.168.0.178","25858","25565","20402","3674851","28","0","0x0018"
"8000","2026-08-15T10:06:43.178479100-0500","35.925509200","192.168.0.186","192.168.0.178","25858","25565","20430","3674851","3","0","0x0018"
"8001","2026-08-15T10:06:43.179223000-0500","35.926253100","192.168.0.178","192.168.0.186","25565","25858","3674851","20433","0","0","0x0010"
"8002","2026-08-15T10:06:43.199940500-0500","35.946970600","192.168.0.178","192.168.0.186","25565","25858","3674851","20433","244","0","0x0018"
"8003","2026-08-15T10:06:43.226822500-0500","35.973852600","192.168.0.186","192.168.0.178","25858","25565","20433","3675095","28","0","0x0018"
"8004","2026-08-15T10:06:43.227782100-0500","35.974812200","192.168.0.186","192.168.0.178","25858","25565","20461","3675095","3","0","0x0018"
"8005","2026-08-15T10:06:43.228541200-0500","35.975571300","192.168.0.178","192.168.0.186","25565","25858","3675095","20464","0","0","0x0010"
"8006","2026-08-15T10:06:43.254566500-0500","36.001596600","192.168.0.178","192.168.0.186","25565","25858","3675095","20464","62","0","0x0018"
"8007","2026-08-15T10:06:43.277357800-0500","36.024387900","192.168.0.186","192.168.0.178","25858","25565","20464","3675157","28","0","0x0018"
"8008","2026-08-15T10:06:43.278670000-0500","36.025700100","192.168.0.186","192.168.0.178","25858","25565","20492","3675157","3","0","0x0018"
"8009","2026-08-15T10:06:43.279519400-0500","36.026549500","192.168.0.178","192.168.0.186","25565","25858","3675157","20495","0","0","0x0010"
"8010","2026-08-15T10:06:43.300904300-0500","36.047934400","192.168.0.178","192.168.0.186","25565","25858","3675157","20495","111","0","0x0018"
"8011","2026-08-15T10:06:43.327078600-0500","36.074108700","192.168.0.186","192.168.0.178","25858","25565","20495","3675268","28","0","0x0018"
"8012","2026-08-15T10:06:43.328413800-0500","36.075443900","192.168.0.186","192.168.0.178","25858","25565","20523","3675268","3","0","0x0018"
"8013","2026-08-15T10:06:43.329244000-0500","36.076274100","192.168.0.178","192.168.0.186","25565","25858","3675268","20526","0","0","0x0010"
"8014","2026-08-15T10:06:43.350783900-0500","36.097814000","192.168.0.178","192.168.0.186","25565","25858","3675268","20526","1460","0","0x0010"
"8015","2026-08-15T10:06:43.350783900-0500","36.097814000","192.168.0.178","192.168.0.186","25565","25858","3676728","20526","53","0","0x0018"
"8016","2026-08-15T10:06:43.350849600-0500","36.097879700","192.168.0.186","192.168.0.178","25858","25565","20526","3676781","0","0","0x0010"
"8017","2026-08-15T10:06:43.376586600-0500","36.123616700","192.168.0.186","192.168.0.178","25858","25565","20526","3676781","28","0","0x0018"
"8018","2026-08-15T10:06:43.377704600-0500","36.124734700","192.168.0.186","192.168.0.178","25858","25565","20554","3676781","3","0","0x0018"
"8019","2026-08-15T10:06:43.378369300-0500","36.125399400","192.168.0.178","192.168.0.186","25565","25858","3676781","20557","0","0","0x0010"
"8020","2026-08-15T10:06:43.402856400-0500","36.149886500","192.168.0.178","192.168.0.186","25565","25858","3676781","20557","211","0","0x0018"
"8021","2026-08-15T10:06:43.426760000-0500","36.173790100","192.168.0.186","192.168.0.178","25858","25565","20557","3676992","28","0","0x0018"
"8022","2026-08-15T10:06:43.428075500-0500","36.175105600","192.168.0.186","192.168.0.178","25858","25565","20585","3676992","3","0","0x0018"
"8023","2026-08-15T10:06:43.428711700-0500","36.175741800","192.168.0.178","192.168.0.186","25565","25858","3676992","20588","0","0","0x0010"
"8024","2026-08-15T10:06:43.451438100-0500","36.198468200","192.168.0.178","192.168.0.186","25565","25858","3676992","20588","108","0","0x0018"
"8025","2026-08-15T10:06:43.451650600-0500","36.198680700","192.168.0.186","192.168.0.178","25858","25565","20588","3677100","11","0","0x0018"
"8026","2026-08-15T10:06:43.475938800-0500","36.222968900","192.168.0.186","192.168.0.178","25858","25565","20599","3677100","28","0","0x0018"
"8027","2026-08-15T10:06:43.476621600-0500","36.223651700","192.168.0.186","192.168.0.178","25858","25565","20627","3677100","3","0","0x0018"
"8028","2026-08-15T10:06:43.476706100-0500","36.223736200","192.168.0.178","192.168.0.186","25565","25858","3677100","20627","0","0","0x0010"
"8029","2026-08-15T10:06:43.501133100-0500","36.248163200","192.168.0.178","192.168.0.186","25565","25858","3677100","20630","1038","0","0x0018"
"8030","2026-08-15T10:06:43.527112400-0500","36.274142500","192.168.0.186","192.168.0.178","25858","25565","20630","3678138","28","0","0x0018"
"8031","2026-08-15T10:06:43.528193200-0500","36.275223300","192.168.0.186","192.168.0.178","25858","25565","20658","3678138","3","0","0x0018"
"8032","2026-08-15T10:06:43.530241700-0500","36.277271800","192.168.0.178","192.168.0.186","25565","25858","3678138","20661","0","0","0x0010"
"8033","2026-08-15T10:06:43.550348300-0500","36.297378400","192.168.0.178","192.168.0.186","25565","25858","3678138","20661","122","0","0x0018"
"8034","2026-08-15T10:06:43.576927300-0500","36.323957400","192.168.0.186","192.168.0.178","25858","25565","20661","3678260","36","0","0x0018"
"8035","2026-08-15T10:06:43.578126400-0500","36.325156500","192.168.0.186","192.168.0.178","25858","25565","20697","3678260","3","0","0x0018"
"8036","2026-08-15T10:06:43.578820800-0500","36.325850900","192.168.0.178","192.168.0.186","25565","25858","3678260","20700","0","0","0x0010"
"8037","2026-08-15T10:06:43.602755100-0500","36.349785200","192.168.0.178","192.168.0.186","25565","25858","3678260","20700","572","0","0x0018"
"8038","2026-08-15T10:06:43.627109500-0500","36.374139600","192.168.0.186","192.168.0.178","25858","25565","20700","3678832","36","0","0x0018"
"8039","2026-08-15T10:06:43.628359900-0500","36.375390000","192.168.0.186","192.168.0.178","25858","25565","20736","3678832","3","0","0x0018"
"8040","2026-08-15T10:06:43.629109200-0500","36.376139300","192.168.0.178","192.168.0.186","25565","25858","3678832","20739","0","0","0x0010"
"8041","2026-08-15T10:06:43.652871500-0500","36.399901600","192.168.0.178","192.168.0.186","25565","25858","3678832","20739","1093","0","0x0018"
"8042","2026-08-15T10:06:43.676966100-0500","36.423996200","192.168.0.186","192.168.0.178","25858","25565","20739","3679925","36","0","0x0018"
"8043","2026-08-15T10:06:43.678377000-0500","36.425407100","192.168.0.186","192.168.0.178","25858","25565","20775","3679925","3","0","0x0018"
"8044","2026-08-15T10:06:43.679145700-0500","36.426175800","192.168.0.178","192.168.0.186","25565","25858","3679925","20778","0","0","0x0010"
"8045","2026-08-15T10:06:43.702614400-0500","36.449644500","192.168.0.178","192.168.0.186","25565","25858","3679925","20778","74","0","0x0018"
"8046","2026-08-15T10:06:43.726666400-0500","36.473696500","192.168.0.186","192.168.0.178","25858","25565","20778","3679999","36","0","0x0018"
"8047","2026-08-15T10:06:43.727252000-0500","36.474282100","192.168.0.186","192.168.0.178","25858","25565","20814","3679999","3","0","0x0018"
"8048","2026-08-15T10:06:43.727750600-0500","36.474780700","192.168.0.178","192.168.0.186","25565","25858","3679999","20817","0","0","0x0010"
"8049","2026-08-15T10:06:43.728405300-0500","36.475435400","192.168.0.178","192.168.0.186","25565","25858","3679999","20817","11","0","0x0018"
"8050","2026-08-15T10:06:43.728405300-0500","36.475435400","192.168.0.178","192.168.0.186","25565","25858","3680010","20817","22","0","0x0018"
"8051","2026-08-15T10:06:43.728405300-0500","36.475435400","192.168.0.178","192.168.0.186","25565","25858","3680032","20817","86","0","0x0018"
"8052","2026-08-15T10:06:43.728428400-0500","36.475458500","192.168.0.186","192.168.0.178","25858","25565","20817","3680118","0","0","0x0010"
"8053","2026-08-15T10:06:43.751871200-0500","36.498901300","192.168.0.178","192.168.0.186","25565","25858","3680118","20817","35","0","0x0018"
"8054","2026-08-15T10:06:43.751902300-0500","36.498932400","192.168.0.186","192.168.0.178","25858","25565","20817","3680153","0","0","0x0010"
"8055","2026-08-15T10:06:43.776952100-0500","36.523982200","192.168.0.186","192.168.0.178","25858","25565","20817","3680153","36","0","0x0018"
"8056","2026-08-15T10:06:43.778240500-0500","36.525270600","192.168.0.186","192.168.0.178","25858","25565","20853","3680153","3","0","0x0018"
"8057","2026-08-15T10:06:43.779002800-0500","36.526032900","192.168.0.178","192.168.0.186","25565","25858","3680153","20856","0","0","0x0010"
"8058","2026-08-15T10:06:43.802403000-0500","36.549433100","192.168.0.178","192.168.0.186","25565","25858","3680153","20856","246","0","0x0018"
"8059","2026-08-15T10:06:43.826840200-0500","36.573870300","192.168.0.186","192.168.0.178","25858","25565","20856","3680399","28","0","0x0018"
"8060","2026-08-15T10:06:43.828135300-0500","36.575165400","192.168.0.186","192.168.0.178","25858","25565","20884","3680399","3","0","0x0018"
"8061","2026-08-15T10:06:43.828928400-0500","36.575958500","192.168.0.178","192.168.0.186","25565","25858","3680399","20887","0","0","0x0010"
"8062","2026-08-15T10:06:43.853207600-0500","36.600237700","192.168.0.178","192.168.0.186","25565","25858","3680399","20887","1441","0","0x0018"
"8063","2026-08-15T10:06:43.876701200-0500","36.623731300","192.168.0.186","192.168.0.178","25858","25565","20887","3681840","28","0","0x0018"
"8064","2026-08-15T10:06:43.878001900-0500","36.625032000","192.168.0.186","192.168.0.178","25858","25565","20915","3681840","3","0","0x0018"
"8065","2026-08-15T10:06:43.878795500-0500","36.625825600","192.168.0.178","192.168.0.186","25565","25858","3681840","20918","0","0","0x0010"
"8066","2026-08-15T10:06:43.902937200-0500","36.649967300","192.168.0.178","192.168.0.186","25565","25858","3681840","20918","157","0","0x0018"
"8067","2026-08-15T10:06:43.926792500-0500","36.673822600","192.168.0.186","192.168.0.178","25858","25565","20918","3681997","28","0","0x0018"
"8068","2026-08-15T10:06:43.928055400-0500","36.675085500","192.168.0.186","192.168.0.178","25858","25565","20946","3681997","3","0","0x0018"
"8069","2026-08-15T10:06:43.928892800-0500","36.675922900","192.168.0.178","192.168.0.186","25565","25858","3681997","20949","0","0","0x0010"
"8070","2026-08-15T10:06:43.951625800-0500","36.698655900","192.168.0.178","192.168.0.186","25565","25858","3681997","20949","168","0","0x0018"
"8071","2026-08-15T10:06:43.976574200-0500","36.723604300","192.168.0.186","192.168.0.178","25858","25565","20949","3682165","28","0","0x0018"
"8072","2026-08-15T10:06:43.977171200-0500","36.724201300","192.168.0.186","192.168.0.178","25858","25565","20977","3682165","3","0","0x0018"
"8073","2026-08-15T10:06:43.977877100-0500","36.724907200","192.168.0.178","192.168.0.186","25565","25858","3682165","20980","0","0","0x0010"
"8074","2026-08-15T10:06:44.002026600-0500","36.749056700","192.168.0.178","192.168.0.186","25565","25858","3682165","20980","62","0","0x0018"
"8075","2026-08-15T10:06:44.027056800-0500","36.774086900","192.168.0.186","192.168.0.178","25858","25565","20980","3682227","36","0","0x0018"
"8076","2026-08-15T10:06:44.028165300-0500","36.775195400","192.168.0.186","192.168.0.178","25858","25565","21016","3682227","3","0","0x0018"
"8077","2026-08-15T10:06:44.028859000-0500","36.775889100","192.168.0.178","192.168.0.186","25565","25858","3682227","21019","0","0","0x0010"
"8078","2026-08-15T10:06:44.050747800-0500","36.797777900","192.168.0.178","192.168.0.186","25565","25858","3682227","21019","160","0","0x0018"
"8079","2026-08-15T10:06:44.077032800-0500","36.824062900","192.168.0.186","192.168.0.178","25858","25565","21019","3682387","36","0","0x0018"
"8080","2026-08-15T10:06:44.078502900-0500","36.825533000","192.168.0.186","192.168.0.178","25858","25565","21055","3682387","3","0","0x0018"
"8081","2026-08-15T10:06:44.079293200-0500","36.826323300","192.168.0.178","192.168.0.186","25565","25858","3682387","21058","0","0","0x0010"
"8082","2026-08-15T10:06:44.100342400-0500","36.847372500","192.168.0.178","192.168.0.186","25565","25858","3682387","21058","1460","0","0x0010"
"8083","2026-08-15T10:06:44.100342400-0500","36.847372500","192.168.0.178","192.168.0.186","25565","25858","3683847","21058","928","0","0x0018"
"8084","2026-08-15T10:06:44.100416400-0500","36.847446500","192.168.0.186","192.168.0.178","25858","25565","21058","3684775","0","0","0x0010"
"8085","2026-08-15T10:06:44.127278000-0500","36.874308100","192.168.0.186","192.168.0.178","25858","25565","21058","3684775","36","0","0x0018"
"8086","2026-08-15T10:06:44.128721600-0500","36.875751700","192.168.0.186","192.168.0.178","25858","25565","21094","3684775","3","0","0x0018"
"8087","2026-08-15T10:06:44.129494500-0500","36.876524600","192.168.0.178","192.168.0.186","25565","25858","3684775","21097","0","0","0x0010"
"8088","2026-08-15T10:06:44.150959300-0500","36.897989400","192.168.0.178","192.168.0.186","25565","25858","3684775","21097","161","0","0x0018"
"8089","2026-08-15T10:06:44.176910700-0500","36.923940800","192.168.0.186","192.168.0.178","25858","25565","21097","3684936","36","0","0x0018"
"8090","2026-08-15T10:06:44.178495900-0500","36.925526000","192.168.0.186","192.168.0.178","25858","25565","21133","3684936","3","0","0x0018"
"8091","2026-08-15T10:06:44.179321400-0500","36.926351500","192.168.0.178","192.168.0.186","25565","25858","3684936","21136","0","0","0x0010"
"8092","2026-08-15T10:06:44.200079700-0500","36.947109800","192.168.0.178","192.168.0.186","25565","25858","3684936","21136","111","0","0x0018"
"8093","2026-08-15T10:06:44.226271900-0500","36.973302000","192.168.0.186","192.168.0.178","25858","25565","21136","3685047","36","0","0x0018"
"8094","2026-08-15T10:06:44.226959400-0500","36.973989500","192.168.0.186","192.168.0.178","25858","25565","21172","3685047","3","0","0x0018"
"8095","2026-08-15T10:06:44.227606900-0500","36.974637000","192.168.0.178","192.168.0.186","25565","25858","3685047","21175","0","0","0x0010"
"8096","2026-08-15T10:06:44.250088600-0500","36.997118700","192.168.0.178","192.168.0.186","25565","25858","3685047","21175","205","0","0x0018"
"8097","2026-08-15T10:06:44.277003800-0500","37.024033900","192.168.0.186","192.168.0.178","25858","25565","21175","3685252","36","0","0x0018"
"8098","2026-08-15T10:06:44.278056200-0500","37.025086300","192.168.0.186","192.168.0.178","25858","25565","21211","3685252","3","0","0x0018"
"8099","2026-08-15T10:06:44.278481900-0500","37.025512000","192.168.0.178","192.168.0.186","25565","25858","3685252","21214","0","0","0x0010"
"8100","2026-08-15T10:06:44.300565500-0500","37.047595600","192.168.0.178","192.168.0.186","25565","25858","3685252","21214","140","0","0x0018"
"8101","2026-08-15T10:06:44.327555900-0500","37.074586000","192.168.0.186","192.168.0.178","25858","25565","21214","3685392","36","0","0x0018"
"8102","2026-08-15T10:06:44.328574500-0500","37.075604600","192.168.0.186","192.168.0.178","25858","25565","21250","3685392","3","0","0x0018"
"8103","2026-08-15T10:06:44.329414400-0500","37.076444500","192.168.0.178","192.168.0.186","25565","25858","3685392","21253","0","0","0x0010"
"8104","2026-08-15T10:06:44.350435500-0500","37.097465600","192.168.0.178","192.168.0.186","25565","25858","3685392","21253","1436","0","0x0018"
"8105","2026-08-15T10:06:44.376854400-0500","37.123884500","192.168.0.186","192.168.0.178","25858","25565","21253","3686828","36","0","0x0018"
"8106","2026-08-15T10:06:44.378097400-0500","37.125127500","192.168.0.186","192.168.0.178","25858","25565","21289","3686828","3","0","0x0018"
"8107","2026-08-15T10:06:44.378961500-0500","37.125991600","192.168.0.178","192.168.0.186","25565","25858","3686828","21292","0","0","0x0010"
"8108","2026-08-15T10:06:44.400809700-0500","37.147839800","192.168.0.178","192.168.0.186","25565","25858","3686828","21292","252","0","0x0018"
"8109","2026-08-15T10:06:44.427013500-0500","37.174043600","192.168.0.186","192.168.0.178","25858","25565","21292","3687080","28","0","0x0018"
"8110","2026-08-15T10:06:44.428276500-0500","37.175306600","192.168.0.186","192.168.0.178","25858","25565","21320","3687080","3","0","0x0018"
"8111","2026-08-15T10:06:44.428957100-0500","37.175987200","192.168.0.178","192.168.0.186","25565","25858","3687080","21323","0","0","0x0010"
"8112","2026-08-15T10:06:44.453601900-0500","37.200632000","192.168.0.178","192.168.0.186","25565","25858","3687080","21323","1460","0","0x0010"
"8113","2026-08-15T10:06:44.453601900-0500","37.200632000","192.168.0.178","192.168.0.186","25565","25858","3688540","21323","1460","0","0x0010"
"8114","2026-08-15T10:06:44.453673600-0500","37.200703700","192.168.0.186","192.168.0.178","25858","25565","21323","3690000","0","0","0x0010"
"8115","2026-08-15T10:06:44.453735000-0500","37.200765100","192.168.0.178","192.168.0.186","25565","25858","3690000","21323","1460","0","0x0010"
"8116","2026-08-15T10:06:44.453981300-0500","37.201011400","192.168.0.178","192.168.0.186","25565","25858","3691460","21323","1460","0","0x0010"
"8117","2026-08-15T10:06:44.453981300-0500","37.201011400","192.168.0.178","192.168.0.186","25565","25858","3692920","21323","1460","0","0x0010"
"8118","2026-08-15T10:06:44.454035500-0500","37.201065600","192.168.0.186","192.168.0.178","25858","25565","21323","3694380","0","0","0x0010"
"8119","2026-08-15T10:06:44.454076600-0500","37.201106700","192.168.0.178","192.168.0.186","25565","25858","3694380","21323","1460","0","0x0010"
"8120","2026-08-15T10:06:44.454087800-0500","37.201117900","192.168.0.186","192.168.0.178","25858","25565","21323","3695840","0","0","0x0010"
"8121","2026-08-15T10:06:44.454336800-0500","37.201366900","192.168.0.178","192.168.0.186","25565","25858","3695840","21323","1460","0","0x0010"
"8122","2026-08-15T10:06:44.454336800-0500","37.201366900","192.168.0.178","192.168.0.186","25565","25858","3697300","21323","1460","0","0x0010"
"8123","2026-08-15T10:06:44.454397500-0500","37.201427600","192.168.0.186","192.168.0.178","25858","25565","21323","3698760","0","0","0x0010"
"8124","2026-08-15T10:06:44.454450600-0500","37.201480700","192.168.0.178","192.168.0.186","25565","25858","3698760","21323","1049","0","0x0018"
"8125","2026-08-15T10:06:44.454868600-0500","37.201898700","192.168.0.186","192.168.0.178","25858","25565","21323","3699809","11","0","0x0018"
"8126","2026-08-15T10:06:44.476172800-0500","37.223202900","192.168.0.186","192.168.0.178","25858","25565","21334","3699809","28","0","0x0018"
"8127","2026-08-15T10:06:44.476890100-0500","37.223920200","192.168.0.186","192.168.0.178","25858","25565","21362","3699809","3","0","0x0018"
"8128","2026-08-15T10:06:44.476918900-0500","37.223949000","192.168.0.178","192.168.0.186","25565","25858","3699809","21362","0","0","0x0010"
"8129","2026-08-15T10:06:44.500223100-0500","37.247253200","192.168.0.178","192.168.0.186","25565","25858","3699809","21365","156","0","0x0018"
"8130","2026-08-15T10:06:44.526864600-0500","37.273894700","192.168.0.186","192.168.0.178","25858","25565","21365","3699965","28","0","0x0018"
"8131","2026-08-15T10:06:44.528281700-0500","37.275311800","192.168.0.186","192.168.0.178","25858","25565","21393","3699965","3","0","0x0018"
"8132","2026-08-15T10:06:44.529141800-0500","37.276171900","192.168.0.178","192.168.0.186","25565","25858","3699965","21396","0","0","0x0010"
"8133","2026-08-15T10:06:44.544043200-0500","37.291073300","192.168.0.178","192.168.0.186","25565","25858","3699965","21396","52","0","0x0018"
"8134","2026-08-15T10:06:44.544043200-0500","37.291073300","192.168.0.178","192.168.0.186","25565","25858","3700017","21396","52","0","0x0018"
"8135","2026-08-15T10:06:44.544103000-0500","37.291133100","192.168.0.186","192.168.0.178","25858","25565","21396","3700069","0","0","0x0010"
"8136","2026-08-15T10:06:44.550318600-0500","37.297348700","192.168.0.178","192.168.0.186","25565","25858","3700069","21396","239","0","0x0018"
"8137","2026-08-15T10:06:44.576780200-0500","37.323810300","192.168.0.186","192.168.0.178","25858","25565","21396","3700308","28","0","0x0018"
"8138","2026-08-15T10:06:44.578087600-0500","37.325117700","192.168.0.186","192.168.0.178","25858","25565","21424","3700308","3","0","0x0018"
"8139","2026-08-15T10:06:44.578783800-0500","37.325813900","192.168.0.178","192.168.0.186","25565","25858","3700308","21427","0","0","0x0010"
"8140","2026-08-15T10:06:44.600658600-0500","37.347688700","192.168.0.178","192.168.0.186","25565","25858","3700308","21427","1460","0","0x0010"
"8141","2026-08-15T10:06:44.600658600-0500","37.347688700","192.168.0.178","192.168.0.186","25565","25858","3701768","21427","58","0","0x0018"
"8142","2026-08-15T10:06:44.600728400-0500","37.347758500","192.168.0.186","192.168.0.178","25858","25565","21427","3701826","0","0","0x0010"
"8143","2026-08-15T10:06:44.627029600-0500","37.374059700","192.168.0.186","192.168.0.178","25858","25565","21427","3701826","28","0","0x0018"
"8144","2026-08-15T10:06:44.628269100-0500","37.375299200","192.168.0.178","192.168.0.186","25565","25858","3701826","21455","11","0","0x0018"
"8145","2026-08-15T10:06:44.628269100-0500","37.375299200","192.168.0.178","192.168.0.186","25565","25858","3701837","21455","22","0","0x0018"
"8146","2026-08-15T10:06:44.628269100-0500","37.375299200","192.168.0.178","192.168.0.186","25565","25858","3701859","21455","44","0","0x0018"
"8147","2026-08-15T10:06:44.628290200-0500","37.375320300","192.168.0.186","192.168.0.178","25858","25565","21455","3701826","3","0","0x0018"
"8148","2026-08-15T10:06:44.628332500-0500","37.375362600","192.168.0.186","192.168.0.178","25858","25565","21458","3701903","0","0","0x0010"
"8149","2026-08-15T10:06:44.628388600-0500","37.375418700","192.168.0.178","192.168.0.186","25565","25858","3701903","21455","31","0","0x0018"
"8150","2026-08-15T10:06:44.628407200-0500","37.375437300","192.168.0.186","192.168.0.178","25858","25565","21458","3701934","0","0","0x0010"
"8151","2026-08-15T10:06:44.650902100-0500","37.397932200","192.168.0.178","192.168.0.186","25565","25858","3701934","21458","152","0","0x0018"
"8152","2026-08-15T10:06:44.676652200-0500","37.423682300","192.168.0.186","192.168.0.178","25858","25565","21458","3702086","28","0","0x0018"
"8153","2026-08-15T10:06:44.678084900-0500","37.425115000","192.168.0.186","192.168.0.178","25858","25565","21486","3702086","3","0","0x0018"
"8154","2026-08-15T10:06:44.678813000-0500","37.425843100","192.168.0.178","192.168.0.186","25565","25858","3702086","21489","0","0","0x0010"
"8155","2026-08-15T10:06:44.702293300-0500","37.449323400","192.168.0.178","192.168.0.186","25565","25858","3702086","21489","111","0","0x0018"
"8156","2026-08-15T10:06:44.726245600-0500","37.473275700","192.168.0.186","192.168.0.178","25858","25565","21489","3702197","28","0","0x0018"
"8157","2026-08-15T10:06:44.726897700-0500","37.473927800","192.168.0.186","192.168.0.178","25858","25565","21517","3702197","3","0","0x0018"
"8158","2026-08-15T10:06:44.727507200-0500","37.474537300","192.168.0.178","192.168.0.186","25565","25858","3702197","21520","0","0","0x0010"
"8159","2026-08-15T10:06:44.750093300-0500","37.497123400","192.168.0.178","192.168.0.186","25565","25858","3702197","21520","124","0","0x0018"
"8160","2026-08-15T10:06:44.776865000-0500","37.523895100","192.168.0.186","192.168.0.178","25858","25565","21520","3702321","28","0","0x0018"
"8161","2026-08-15T10:06:44.778098000-0500","37.525128100","192.168.0.186","192.168.0.178","25858","25565","21548","3702321","3","0","0x0018"
"8162","2026-08-15T10:06:44.778876900-0500","37.525907000","192.168.0.178","192.168.0.186","25565","25858","3702321","21551","0","0","0x0010"
"8163","2026-08-15T10:06:44.800983700-0500","37.548013800","192.168.0.178","192.168.0.186","25565","25858","3702321","21551","93","0","0x0018"
"8164","2026-08-15T10:06:44.826899200-0500","37.573929300","192.168.0.186","192.168.0.178","25858","25565","21551","3702414","28","0","0x0018"
"8165","2026-08-15T10:06:44.828120600-0500","37.575150700","192.168.0.186","192.168.0.178","25858","25565","21579","3702414","3","0","0x0018"
"8166","2026-08-15T10:06:44.828961400-0500","37.575991500","192.168.0.178","192.168.0.186","25565","25858","3702414","21582","0","0","0x0010"
"8167","2026-08-15T10:06:44.849870700-0500","37.596900800","192.168.0.178","192.168.0.186","25565","25858","3702414","21582","582","0","0x0018"
"8168","2026-08-15T10:06:44.877172900-0500","37.624203000","192.168.0.186","192.168.0.178","25858","25565","21582","3702996","28","0","0x0018"
"8169","2026-08-15T10:06:44.878194900-0500","37.625225000","192.168.0.186","192.168.0.178","25858","25565","21610","3702996","3","0","0x0018"
"8170","2026-08-15T10:06:44.878944200-0500","37.625974300","192.168.0.178","192.168.0.186","25565","25858","3702996","21613","0","0","0x0010"
"8171","2026-08-15T10:06:44.900126200-0500","37.647156300","192.168.0.178","192.168.0.186","25565","25858","3702996","21613","144","0","0x0018"
"8172","2026-08-15T10:06:44.926999300-0500","37.674029400","192.168.0.186","192.168.0.178","25858","25565","21613","3703140","28","0","0x0018"
"8173","2026-08-15T10:06:44.928231000-0500","37.675261100","192.168.0.186","192.168.0.178","25858","25565","21641","3703140","3","0","0x0018"
"8174","2026-08-15T10:06:44.929024900-0500","37.676055000","192.168.0.178","192.168.0.186","25565","25858","3703140","21644","0","0","0x0010"
"8175","2026-08-15T10:06:44.950216100-0500","37.697246200","192.168.0.178","192.168.0.186","25565","25858","3703140","21644","84","0","0x0018"
"8176","2026-08-15T10:06:44.976169300-0500","37.723199400","192.168.0.186","192.168.0.178","25858","25565","21644","3703224","28","0","0x0018"
"8177","2026-08-15T10:06:44.976851100-0500","37.723881200","192.168.0.186","192.168.0.178","25858","25565","21672","3703224","3","0","0x0018"
"8178","2026-08-15T10:06:44.977542100-0500","37.724572200","192.168.0.178","192.168.0.186","25565","25858","3703224","21675","0","0","0x0010"
"8179","2026-08-15T10:06:45.002295200-0500","37.749325300","192.168.0.178","192.168.0.186","25565","25858","3703224","21675","68","0","0x0018"
"8180","2026-08-15T10:06:45.027141700-0500","37.774171800","192.168.0.186","192.168.0.178","25858","25565","21675","3703292","28","0","0x0018"
"8181","2026-08-15T10:06:45.028373300-0500","37.775403400","192.168.0.186","192.168.0.178","25858","25565","21703","3703292","3","0","0x0018"
"8182","2026-08-15T10:06:45.029043300-0500","37.776073400","192.168.0.178","192.168.0.186","25565","25858","3703292","21706","0","0","0x0010"
"8183","2026-08-15T10:06:45.051055400-0500","37.798085500","192.168.0.178","192.168.0.186","25565","25858","3703292","21706","157","0","0x0018"
"8184","2026-08-15T10:06:45.076758300-0500","37.823788400","192.168.0.186","192.168.0.178","25858","25565","21706","3703449","28","0","0x0018"
"8185","2026-08-15T10:06:45.078028000-0500","37.825058100","192.168.0.186","192.168.0.178","25858","25565","21734","3703449","3","0","0x0018"
"8186","2026-08-15T10:06:45.078788100-0500","37.825818200","192.168.0.178","192.168.0.186","25565","25858","3703449","21737","0","0","0x0010"
"8187","2026-08-15T10:06:45.100209000-0500","37.847239100","192.168.0.178","192.168.0.186","25565","25858","3703449","21737","574","0","0x0018"
"8188","2026-08-15T10:06:45.127063300-0500","37.874093400","192.168.0.186","192.168.0.178","25858","25565","21737","3704023","28","0","0x0018"
"8189","2026-08-15T10:06:45.128265200-0500","37.875295300","192.168.0.186","192.168.0.178","25858","25565","21765","3704023","3","0","0x0018"
"8190","2026-08-15T10:06:45.129115600-0500","37.876145700","192.168.0.178","192.168.0.186","25565","25858","3704023","21768","0","0","0x0010"
"8191","2026-08-15T10:06:45.150297900-0500","37.897328000","192.168.0.178","192.168.0.186","25565","25858","3704023","21768","68","0","0x0018"
"8192","2026-08-15T10:06:45.176848600-0500","37.923878700","192.168.0.186","192.168.0.178","25858","25565","21768","3704091","28","0","0x0018"
"8193","2026-08-15T10:06:45.178211400-0500","37.925241500","192.168.0.186","192.168.0.178","25858","25565","21796","3704091","3","0","0x0018"
"8194","2026-08-15T10:06:45.179103100-0500","37.926133200","192.168.0.178","192.168.0.186","25565","25858","3704091","21799","0","0","0x0010"
"8195","2026-08-15T10:06:45.200061800-0500","37.947091900","192.168.0.178","192.168.0.186","25565","25858","3704091","21799","136","0","0x0018"
"8196","2026-08-15T10:06:45.226844300-0500","37.973874400","192.168.0.186","192.168.0.178","25858","25565","21799","3704227","28","0","0x0018"
"8197","2026-08-15T10:06:45.227677700-0500","37.974707800","192.168.0.186","192.168.0.178","25858","25565","21827","3704227","3","0","0x0018"
"8198","2026-08-15T10:06:45.228404700-0500","37.975434800","192.168.0.178","192.168.0.186","25565","25858","3704227","21830","0","0","0x0010"
"8199","2026-08-15T10:06:45.249971400-0500","37.997001500","192.168.0.178","192.168.0.186","25565","25858","3704227","21830","46","0","0x0018"
"8200","2026-08-15T10:06:45.276854300-0500","38.023884400","192.168.0.186","192.168.0.178","25858","25565","21830","3704273","28","0","0x0018"
"8201","2026-08-15T10:06:45.278086000-0500","38.025116100","192.168.0.186","192.168.0.178","25858","25565","21858","3704273","3","0","0x0018"
"8202","2026-08-15T10:06:45.278802900-0500","38.025833000","192.168.0.178","192.168.0.186","25565","25858","3704273","21861","0","0","0x0010"
"8203","2026-08-15T10:06:45.300754200-0500","38.047784300","192.168.0.178","192.168.0.186","25565","25858","3704273","21861","95","0","0x0018"
"8204","2026-08-15T10:06:45.327079300-0500","38.074109400","192.168.0.186","192.168.0.178","25858","25565","21861","3704368","28","0","0x0018"
"8205","2026-08-15T10:06:45.328280000-0500","38.075310100","192.168.0.186","192.168.0.178","25858","25565","21889","3704368","3","0","0x0018"
"8206","2026-08-15T10:06:45.329117600-0500","38.076147700","192.168.0.178","192.168.0.186","25565","25858","3704368","21892","0","0","0x0010"
"8207","2026-08-15T10:06:45.350139900-0500","38.097170000","192.168.0.178","192.168.0.186","25565","25858","3704368","21892","644","0","0x0018"
"8208","2026-08-15T10:06:45.376938700-0500","38.123968800","192.168.0.186","192.168.0.178","25858","25565","21892","3705012","28","0","0x0018"
"8209","2026-08-15T10:06:45.378086500-0500","38.125116600","192.168.0.186","192.168.0.178","25858","25565","21920","3705012","3","0","0x0018"
"8210","2026-08-15T10:06:45.378808900-0500","38.125839000","192.168.0.178","192.168.0.186","25565","25858","3705012","21923","0","0","0x0010"
"8211","2026-08-15T10:06:45.399781300-0500","38.146811400","192.168.0.178","192.168.0.186","25565","25858","3705012","21923","35","0","0x0018"
"8212","2026-08-15T10:06:45.427542400-0500","38.174572500","192.168.0.186","192.168.0.178","25858","25565","21923","3705047","28","0","0x0018"
"8213","2026-08-15T10:06:45.428728900-0500","38.175759000","192.168.0.186","192.168.0.178","25858","25565","21951","3705047","3","0","0x0018"
"8214","2026-08-15T10:06:45.429632600-0500","38.176662700","192.168.0.178","192.168.0.186","25565","25858","3705047","21954","0","0","0x0010"
"8215","2026-08-15T10:06:45.450133200-0500","38.197163300","192.168.0.178","192.168.0.186","25565","25858","3705047","21954","74","0","0x0018"
"8216","2026-08-15T10:06:45.476698100-0500","38.223728200","192.168.0.186","192.168.0.178","25858","25565","21954","3705121","28","0","0x0018"
"8217","2026-08-15T10:06:45.477660200-0500","38.224690300","192.168.0.186","192.168.0.178","25858","25565","21982","3705121","3","0","0x0018"
"8218","2026-08-15T10:06:45.478366100-0500","38.225396200","192.168.0.178","192.168.0.186","25565","25858","3705121","21985","0","0","0x0010"
"8219","2026-08-15T10:06:45.499960600-0500","38.246990700","192.168.0.178","192.168.0.186","25565","25858","3705121","21985","91","0","0x0018"
"8220","2026-08-15T10:06:45.500141500-0500","38.247171600","192.168.0.186","192.168.0.178","25858","25565","21985","3705212","11","0","0x0018"
"8221","2026-08-15T10:06:45.527196500-0500","38.274226600","192.168.0.186","192.168.0.178","25858","25565","21996","3705212","28","0","0x0018"
"8222","2026-08-15T10:06:45.528024300-0500","38.275054400","192.168.0.178","192.168.0.186","25565","25858","3705212","22024","0","0","0x0010"
"8223","2026-08-15T10:06:45.528796300-0500","38.275826400","192.168.0.186","192.168.0.178","25858","25565","22024","3705212","3","0","0x0018"
"8224","2026-08-15T10:06:45.549899200-0500","38.296929300","192.168.0.178","192.168.0.186","25565","25858","3705212","22027","65","0","0x0018"
"8225","2026-08-15T10:06:45.576781400-0500","38.323811500","192.168.0.186","192.168.0.178","25858","25565","22027","3705277","28","0","0x0018"
"8226","2026-08-15T10:06:45.578036600-0500","38.325066700","192.168.0.186","192.168.0.178","25858","25565","22055","3705277","3","0","0x0018"
"8227","2026-08-15T10:06:45.578799300-0500","38.325829400","192.168.0.178","192.168.0.186","25565","25858","3705277","22058","0","0","0x0010"
"8228","2026-08-15T10:06:45.600423300-0500","38.347453400","192.168.0.178","192.168.0.186","25565","25858","3705277","22058","1460","0","0x0010"
"8229","2026-08-15T10:06:45.600423300-0500","38.347453400","192.168.0.178","192.168.0.186","25565","25858","3706737","22058","62","0","0x0018"
"8230","2026-08-15T10:06:45.600495400-0500","38.347525500","192.168.0.186","192.168.0.178","25858","25565","22058","3706799","0","0","0x0010"
"8231","2026-08-15T10:06:45.627069900-0500","38.374100000","192.168.0.186","192.168.0.178","25858","25565","22058","3706799","28","0","0x0018"
"8232","2026-08-15T10:06:45.628197700-0500","38.375227800","192.168.0.178","192.168.0.186","25565","25858","3706799","22086","11","0","0x0018"
"8233","2026-08-15T10:06:45.628197700-0500","38.375227800","192.168.0.178","192.168.0.186","25565","25858","3706810","22086","22","0","0x0018"
"8234","2026-08-15T10:06:45.628197700-0500","38.375227800","192.168.0.178","192.168.0.186","25565","25858","3706832","22086","33","0","0x0018"
"8235","2026-08-15T10:06:45.628197700-0500","38.375227800","192.168.0.178","192.168.0.186","25565","25858","3706865","22086","53","0","0x0018"
"8236","2026-08-15T10:06:45.628257300-0500","38.375287400","192.168.0.186","192.168.0.178","25858","25565","22086","3706918","3","0","0x0018"
"8237","2026-08-15T10:06:45.643930800-0500","38.390960900","192.168.0.178","192.168.0.186","25565","25858","3706918","22089","52","0","0x0018"
"8238","2026-08-15T10:06:45.643930800-0500","38.390960900","192.168.0.178","192.168.0.186","25565","25858","3706970","22089","104","0","0x0018"
"8239","2026-08-15T10:06:45.643986800-0500","38.391016900","192.168.0.186","192.168.0.178","25858","25565","22089","3707074","0","0","0x0010"
"8240","2026-08-15T10:06:45.654237100-0500","38.401267200","192.168.0.178","192.168.0.186","25565","25858","3707074","22089","62","0","0x0018"
"8241","2026-08-15T10:06:45.676895700-0500","38.423925800","192.168.0.186","192.168.0.178","25858","25565","22089","3707136","28","0","0x0018"
"8242","2026-08-15T10:06:45.678072900-0500","38.425103000","192.168.0.186","192.168.0.178","25858","25565","22117","3707136","3","0","0x0018"
"8243","2026-08-15T10:06:45.678905000-0500","38.425935100","192.168.0.178","192.168.0.186","25565","25858","3707136","22120","0","0","0x0010"
"8244","2026-08-15T10:06:45.702316200-0500","38.449346300","192.168.0.178","192.168.0.186","25565","25858","3707136","22120","85","0","0x0018"
"8245","2026-08-15T10:06:45.727247600-0500","38.474277700","192.168.0.186","192.168.0.178","25858","25565","22120","3707221","28","0","0x0018"
"8246","2026-08-15T10:06:45.728419500-0500","38.475449600","192.168.0.186","192.168.0.178","25858","25565","22148","3707221","3","0","0x0018"
"8247","2026-08-15T10:06:45.729192800-0500","38.476222900","192.168.0.178","192.168.0.186","25565","25858","3707221","22151","0","0","0x0010"
"8248","2026-08-15T10:06:45.750426100-0500","38.497456200","192.168.0.178","192.168.0.186","25565","25858","3707221","22151","1055","0","0x0018"
"8249","2026-08-15T10:06:45.777187100-0500","38.524217200","192.168.0.186","192.168.0.178","25858","25565","22151","3708276","28","0","0x0018"
"8250","2026-08-15T10:06:45.778305400-0500","38.525335500","192.168.0.186","192.168.0.178","25858","25565","22179","3708276","3","0","0x0018"
"8251","2026-08-15T10:06:45.779087300-0500","38.526117400","192.168.0.178","192.168.0.186","25565","25858","3708276","22182","0","0","0x0010"
"8252","2026-08-15T10:06:45.800085600-0500","38.547115700","192.168.0.178","192.168.0.186","25565","25858","3708276","22182","92","0","0x0018"
"8253","2026-08-15T10:06:45.827021500-0500","38.574051600","192.168.0.186","192.168.0.178","25858","25565","22182","3708368","28","0","0x0018"
"8254","2026-08-15T10:06:45.828179600-0500","38.575209700","192.168.0.186","192.168.0.178","25858","25565","22210","3708368","3","0","0x0018"
"8255","2026-08-15T10:06:45.828864600-0500","38.575894700","192.168.0.178","192.168.0.186","25565","25858","3708368","22213","0","0","0x0010"
"8256","2026-08-15T10:06:45.850089900-0500","38.597120000","192.168.0.178","192.168.0.186","25565","25858","3708368","22213","532","0","0x0018"
"8257","2026-08-15T10:06:45.876846500-0500","38.623876600","192.168.0.186","192.168.0.178","25858","25565","22213","3708900","28","0","0x0018"
"8258","2026-08-15T10:06:45.878058300-0500","38.625088400","192.168.0.186","192.168.0.178","25858","25565","22241","3708900","3","0","0x0018"
"8259","2026-08-15T10:06:45.878885300-0500","38.625915400","192.168.0.178","192.168.0.186","25565","25858","3708900","22244","0","0","0x0010"
"8260","2026-08-15T10:06:45.899792400-0500","38.646822500","192.168.0.178","192.168.0.186","25565","25858","3708900","22244","82","0","0x0018"
"8261","2026-08-15T10:06:45.926701300-0500","38.673731400","192.168.0.186","192.168.0.178","25858","25565","22244","3708982","28","0","0x0018"
"8262","2026-08-15T10:06:45.927904900-0500","38.674935000","192.168.0.186","192.168.0.178","25858","25565","22272","3708982","3","0","0x0018"
"8263","2026-08-15T10:06:45.928780000-0500","38.675810100","192.168.0.178","192.168.0.186","25565","25858","3708982","22275","0","0","0x0010"
"8264","2026-08-15T10:06:45.949952100-0500","38.696982200","192.168.0.178","192.168.0.186","25565","25858","3708982","22275","74","0","0x0018"
"8265","2026-08-15T10:06:45.976773800-0500","38.723803900","192.168.0.186","192.168.0.178","25858","25565","22275","3709056","28","0","0x0018"
"8266","2026-08-15T10:06:45.977949600-0500","38.724979700","192.168.0.186","192.168.0.178","25858","25565","22303","3709056","3","0","0x0018"
"8267","2026-08-15T10:06:45.978535000-0500","38.725565100","192.168.0.178","192.168.0.186","25565","25858","3709056","22306","0","0","0x0010"
"8268","2026-08-15T10:06:46.002212400-0500","38.749242500","192.168.0.178","192.168.0.186","25565","25858","3709056","22306","25","0","0x0018"
"8269","2026-08-15T10:06:46.026215200-0500","38.773245300","192.168.0.186","192.168.0.178","25858","25565","22306","3709081","28","0","0x0018"
"8270","2026-08-15T10:06:46.026861100-0500","38.773891200","192.168.0.186","192.168.0.178","25858","25565","22334","3709081","3","0","0x0018"
"8271","2026-08-15T10:06:46.027562000-0500","38.774592100","192.168.0.178","192.168.0.186","25565","25858","3709081","22337","0","0","0x0010"
"8272","2026-08-15T10:06:46.052727000-0500","38.799757100","192.168.0.178","192.168.0.186","25565","25858","3709081","22337","92","0","0x0018"
"8273","2026-08-15T10:06:46.076865900-0500","38.823896000","192.168.0.186","192.168.0.178","25858","25565","22337","3709173","28","0","0x0018"
"8274","2026-08-15T10:06:46.078089000-0500","38.825119100","192.168.0.186","192.168.0.178","25858","25565","22365","3709173","3","0","0x0018"
"8275","2026-08-15T10:06:46.079094100-0500","38.826124200","192.168.0.178","192.168.0.186","25565","25858","3709173","22368","0","0","0x0010"
"8276","2026-08-15T10:06:46.102353600-0500","38.849383700","192.168.0.178","192.168.0.186","25565","25858","3709173","22368","594","0","0x0018"
"8277","2026-08-15T10:06:46.127096400-0500","38.874126500","192.168.0.186","192.168.0.178","25858","25565","22368","3709767","28","0","0x0018"
"8278","2026-08-15T10:06:46.128225600-0500","38.875255700","192.168.0.186","192.168.0.178","25858","25565","22396","3709767","3","0","0x0018"
"8279","2026-08-15T10:06:46.129097800-0500","38.876127900","192.168.0.178","192.168.0.186","25565","25858","3709767","22399","0","0","0x0010"
"8280","2026-08-15T10:06:46.152320100-0500","38.899350200","192.168.0.178","192.168.0.186","25565","25858","3709767","22399","79","0","0x0018"
"8281","2026-08-15T10:06:46.176724400-0500","38.923754500","192.168.0.186","192.168.0.178","25858","25565","22399","3709846","28","0","0x0018"
"8282","2026-08-15T10:06:46.177881100-0500","38.924911200","192.168.0.186","192.168.0.178","25858","25565","22427","3709846","3","0","0x0018"
"8283","2026-08-15T10:06:46.182810500-0500","38.929840600","192.168.0.178","192.168.0.186","25565","25858","3709846","22430","0","0","0x0010"
"8284","2026-08-15T10:06:46.202353500-0500","38.949383600","192.168.0.178","192.168.0.186","25565","25858","3709846","22430","18","0","0x0018"
"8285","2026-08-15T10:06:46.227402900-0500","38.974433000","192.168.0.186","192.168.0.178","25858","25565","22430","3709864","28","0","0x0018"
"8286","2026-08-15T10:06:46.228613100-0500","38.975643200","192.168.0.186","192.168.0.178","25858","25565","22458","3709864","3","0","0x0018"
"8287","2026-08-15T10:06:46.229351800-0500","38.976381900","192.168.0.178","192.168.0.186","25565","25858","3709864","22461","0","0","0x0010"
"8288","2026-08-15T10:06:46.262240900-0500","39.009271000","192.168.0.178","192.168.0.186","25565","25858","3709864","22461","141","0","0x0018"
"8289","2026-08-15T10:06:46.276071400-0500","39.023101500","192.168.0.186","192.168.0.178","25858","25565","22461","3710005","28","0","0x0018"
"8290","2026-08-15T10:06:46.276735600-0500","39.023765700","192.168.0.186","192.168.0.178","25858","25565","22489","3710005","3","0","0x0018"
"8291","2026-08-15T10:06:46.277283100-0500","39.024313200","192.168.0.178","192.168.0.186","25565","25858","3710005","22492","0","0","0x0010"
"8292","2026-08-15T10:06:46.311283300-0500","39.058313400","192.168.0.178","192.168.0.186","25565","25858","3710005","22492","47","0","0x0018"
"8293","2026-08-15T10:06:46.327152300-0500","39.074182400","192.168.0.186","192.168.0.178","25858","25565","22492","3710052","28","0","0x0018"
"8294","2026-08-15T10:06:46.328204400-0500","39.075234500","192.168.0.186","192.168.0.178","25858","25565","22520","3710052","3","0","0x0018"
"8295","2026-08-15T10:06:46.328926000-0500","39.075956100","192.168.0.178","192.168.0.186","25565","25858","3710052","22523","0","0","0x0010"
"8296","2026-08-15T10:06:46.351445400-0500","39.098475500","192.168.0.178","192.168.0.186","25565","25858","3710052","22523","520","0","0x0018"
"8297","2026-08-15T10:06:46.376799700-0500","39.123829800","192.168.0.186","192.168.0.178","25858","25565","22523","3710572","28","0","0x0018"
"8298","2026-08-15T10:06:46.377926800-0500","39.124956900","192.168.0.186","192.168.0.178","25858","25565","22551","3710572","3","0","0x0018"
"8299","2026-08-15T10:06:46.378610700-0500","39.125640800","192.168.0.178","192.168.0.186","25565","25858","3710572","22554","0","0","0x0010"
"8300","2026-08-15T10:06:46.400315300-0500","39.147345400","192.168.0.178","192.168.0.186","25565","25858","3710572","22554","62","0","0x0018"
"8301","2026-08-15T10:06:46.426672800-0500","39.173702900","192.168.0.186","192.168.0.178","25858","25565","22554","3710634","28","0","0x0018"
"8302","2026-08-15T10:06:46.427762000-0500","39.174792100","192.168.0.186","192.168.0.178","25858","25565","22582","3710634","3","0","0x0018"
"8303","2026-08-15T10:06:46.428433700-0500","39.175463800","192.168.0.178","192.168.0.186","25565","25858","3710634","22585","0","0","0x0010"
"8304","2026-08-15T10:06:46.450112800-0500","39.197142900","192.168.0.178","192.168.0.186","25565","25858","3710634","22585","53","0","0x0018"
"8305","2026-08-15T10:06:46.476601900-0500","39.223632000","192.168.0.186","192.168.0.178","25858","25565","22585","3710687","28","0","0x0018"
"8306","2026-08-15T10:06:46.477723200-0500","39.224753300","192.168.0.186","192.168.0.178","25858","25565","22613","3710687","3","0","0x0018"
"8307","2026-08-15T10:06:46.478415000-0500","39.225445100","192.168.0.178","192.168.0.186","25565","25858","3710687","22616","0","0","0x0010"
"8308","2026-08-15T10:06:46.502644600-0500","39.249674700","192.168.0.178","192.168.0.186","25565","25858","3710687","22616","1460","0","0x0010"
"8309","2026-08-15T10:06:46.502644600-0500","39.249674700","192.168.0.178","192.168.0.186","25565","25858","3712147","22616","1460","0","0x0010"
"8310","2026-08-15T10:06:46.502730300-0500","39.249760400","192.168.0.186","192.168.0.178","25858","25565","22616","3713607","0","0","0x0010"
"8311","2026-08-15T10:06:46.502782500-0500","39.249812600","192.168.0.178","192.168.0.186","25565","25858","3713607","22616","1460","0","0x0010"
"8312","2026-08-15T10:06:46.502880700-0500","39.249910800","192.168.0.178","192.168.0.186","25565","25858","3715067","22616","1460","0","0x0010"
"8313","2026-08-15T10:06:46.502895800-0500","39.249925900","192.168.0.186","192.168.0.178","25858","25565","22616","3716527","0","0","0x0010"
"8314","2026-08-15T10:06:46.503146700-0500","39.250176800","192.168.0.178","192.168.0.186","25565","25858","3716527","22616","1460","0","0x0010"
"8315","2026-08-15T10:06:46.503146700-0500","39.250176800","192.168.0.178","192.168.0.186","25565","25858","3717987","22616","1460","0","0x0010"
"8316","2026-08-15T10:06:46.503188800-0500","39.250218900","192.168.0.186","192.168.0.178","25858","25565","22616","3719447","0","0","0x0010"
"8317","2026-08-15T10:06:46.503255900-0500","39.250286000","192.168.0.178","192.168.0.186","25565","25858","3719447","22616","1460","0","0x0010"
"8318","2026-08-15T10:06:46.503507600-0500","39.250537700","192.168.0.178","192.168.0.186","25565","25858","3720907","22616","1460","0","0x0010"
"8319","2026-08-15T10:06:46.503507600-0500","39.250537700","192.168.0.178","192.168.0.186","25565","25858","3722367","22616","1460","0","0x0010"
"8320","2026-08-15T10:06:46.503564000-0500","39.250594100","192.168.0.186","192.168.0.178","25858","25565","22616","3723827","0","0","0x0010"
"8321","2026-08-15T10:06:46.503636900-0500","39.250667000","192.168.0.178","192.168.0.186","25565","25858","3723827","22616","1460","0","0x0010"
"8322","2026-08-15T10:06:46.503647800-0500","39.250677900","192.168.0.186","192.168.0.178","25858","25565","22616","3725287","0","0","0x0010"
"8323","2026-08-15T10:06:46.503854300-0500","39.250884400","192.168.0.178","192.168.0.186","25565","25858","3725287","22616","1460","0","0x0018"
"8324","2026-08-15T10:06:46.503854300-0500","39.250884400","192.168.0.178","192.168.0.186","25565","25858","3726747","22616","902","0","0x0018"
"8325","2026-08-15T10:06:46.503911400-0500","39.250941500","192.168.0.186","192.168.0.178","25858","25565","22616","3727649","0","0","0x0010"
"8326","2026-08-15T10:06:46.504231100-0500","39.251261200","192.168.0.186","192.168.0.178","25858","25565","22616","3727649","11","0","0x0018"
"8327","2026-08-15T10:06:46.526408000-0500","39.273438100","192.168.0.186","192.168.0.178","25858","25565","22627","3727649","28","0","0x0018"
"8328","2026-08-15T10:06:46.527052200-0500","39.274082300","192.168.0.186","192.168.0.178","25858","25565","22655","3727649","3","0","0x0018"
"8329","2026-08-15T10:06:46.527215900-0500","39.274246000","192.168.0.178","192.168.0.186","25565","25858","3727649","22655","0","0","0x0010"
"8330","2026-08-15T10:06:46.550274500-0500","39.297304600","192.168.0.178","192.168.0.186","25565","25858","3727649","22658","86","0","0x0018"
"8331","2026-08-15T10:06:46.576856300-0500","39.323886400","192.168.0.186","192.168.0.178","25858","25565","22658","3727735","28","0","0x0018"
"8332","2026-08-15T10:06:46.578098600-0500","39.325128700","192.168.0.186","192.168.0.178","25858","25565","22686","3727735","3","0","0x0018"
"8333","2026-08-15T10:06:46.578929900-0500","39.325960000","192.168.0.178","192.168.0.186","25565","25858","3727735","22689","0","0","0x0010"
"8334","2026-08-15T10:06:46.601674700-0500","39.348704800","192.168.0.178","192.168.0.186","25565","25858","3727735","22689","543","0","0x0018"
"8335","2026-08-15T10:06:46.627064800-0500","39.374094900","192.168.0.186","192.168.0.178","25858","25565","22689","3728278","28","0","0x0018"
"8336","2026-08-15T10:06:46.628227400-0500","39.375257500","192.168.0.186","192.168.0.178","25858","25565","22717","3728278","3","0","0x0018"
"8337","2026-08-15T10:06:46.628906300-0500","39.375936400","192.168.0.178","192.168.0.186","25565","25858","3728278","22720","0","0","0x0010"
"8338","2026-08-15T10:06:46.651054200-0500","39.398084300","192.168.0.178","192.168.0.186","25565","25858","3728278","22720","62","0","0x0018"
"8339","2026-08-15T10:06:46.676933200-0500","39.423963300","192.168.0.186","192.168.0.178","25858","25565","22720","3728340","28","0","0x0018"
"8340","2026-08-15T10:06:46.678004700-0500","39.425034800","192.168.0.186","192.168.0.178","25858","25565","22748","3728340","3","0","0x0018"
"8341","2026-08-15T10:06:46.678165700-0500","39.425195800","192.168.0.178","192.168.0.186","25565","25858","3728340","22748","11","0","0x0018"
"8342","2026-08-15T10:06:46.678165700-0500","39.425195800","192.168.0.178","192.168.0.186","25565","25858","3728351","22748","11","0","0x0018"
"8343","2026-08-15T10:06:46.678165700-0500","39.425195800","192.168.0.178","192.168.0.186","25565","25858","3728362","22748","22","0","0x0018"
"8344","2026-08-15T10:06:46.678215300-0500","39.425245400","192.168.0.186","192.168.0.178","25858","25565","22751","3728384","0","0","0x0010"
"8345","2026-08-15T10:06:46.678257000-0500","39.425287100","192.168.0.178","192.168.0.186","25565","25858","3728384","22748","75","0","0x0018"
"8346","2026-08-15T10:06:46.678266500-0500","39.425296600","192.168.0.186","192.168.0.178","25858","25565","22751","3728459","0","0","0x0010"
"8347","2026-08-15T10:06:46.700374500-0500","39.447404600","192.168.0.178","192.168.0.186","25565","25858","3728459","22751","62","0","0x0018"
"8348","2026-08-15T10:06:46.726969400-0500","39.473999500","192.168.0.186","192.168.0.178","25858","25565","22751","3728521","28","0","0x0018"
"8349","2026-08-15T10:06:46.728129400-0500","39.475159500","192.168.0.186","192.168.0.178","25858","25565","22779","3728521","3","0","0x0018"
"8350","2026-08-15T10:06:46.728980800-0500","39.476010900","192.168.0.178","192.168.0.186","25565","25858","3728521","22782","0","0","0x0010"
"8351","2026-08-15T10:06:46.750225500-0500","39.497255600","192.168.0.178","192.168.0.186","25565","25858","3728521","22782","79","0","0x0018"
"8352","2026-08-15T10:06:46.775709000-0500","39.522739100","192.168.0.186","192.168.0.178","25858","25565","22782","3728600","28","0","0x0018"
"8353","2026-08-15T10:06:46.776236400-0500","39.523266500","192.168.0.186","192.168.0.178","25858","25565","22810","3728600","3","0","0x0018"
"8354","2026-08-15T10:06:46.776924000-0500","39.523954100","192.168.0.178","192.168.0.186","25565","25858","3728600","22813","0","0","0x0010"
"8355","2026-08-15T10:06:46.801726300-0500","39.548756400","192.168.0.178","192.168.0.186","25565","25858","3728600","22813","92","0","0x0018"
"8356","2026-08-15T10:06:46.827111000-0500","39.574141100","192.168.0.186","192.168.0.178","25858","25565","22813","3728692","28","0","0x0018"
"8357","2026-08-15T10:06:46.828312600-0500","39.575342700","192.168.0.186","192.168.0.178","25858","25565","22841","3728692","3","0","0x0018"
"8358","2026-08-15T10:06:46.829131100-0500","39.576161200","192.168.0.178","192.168.0.186","25565","25858","3728692","22844","0","0","0x0010"
"8359","2026-08-15T10:06:46.850309000-0500","39.597339100","192.168.0.178","192.168.0.186","25565","25858","3728692","22844","582","0","0x0018"
"8360","2026-08-15T10:06:46.876814500-0500","39.623844600","192.168.0.186","192.168.0.178","25858","25565","22844","3729274","28","0","0x0018"
"8361","2026-08-15T10:06:46.877958300-0500","39.624988400","192.168.0.186","192.168.0.178","25858","25565","22872","3729274","3","0","0x0018"
"8362","2026-08-15T10:06:46.878779700-0500","39.625809800","192.168.0.178","192.168.0.186","25565","25858","3729274","22875","0","0","0x0010"
"8363","2026-08-15T10:06:46.900120700-0500","39.647150800","192.168.0.178","192.168.0.186","25565","25858","3729274","22875","57","0","0x0018"
"8364","2026-08-15T10:06:46.926896400-0500","39.673926500","192.168.0.186","192.168.0.178","25858","25565","22875","3729331","28","0","0x0018"
"8365","2026-08-15T10:06:46.928037600-0500","39.675067700","192.168.0.186","192.168.0.178","25858","25565","22903","3729331","3","0","0x0018"
"8366","2026-08-15T10:06:46.928917400-0500","39.675947500","192.168.0.178","192.168.0.186","25565","25858","3729331","22906","0","0","0x0010"
"8367","2026-08-15T10:06:46.949991200-0500","39.697021300","192.168.0.178","192.168.0.186","25565","25858","3729331","22906","62","0","0x0018"
"8368","2026-08-15T10:06:46.977156500-0500","39.724186600","192.168.0.186","192.168.0.178","25858","25565","22906","3729393","28","0","0x0018"
"8369","2026-08-15T10:06:46.978118500-0500","39.725148600","192.168.0.186","192.168.0.178","25858","25565","22934","3729393","3","0","0x0018"
"8370","2026-08-15T10:06:46.978985400-0500","39.726015500","192.168.0.178","192.168.0.186","25565","25858","3729393","22937","0","0","0x0010"
"8371","2026-08-15T10:06:47.000679800-0500","39.747709900","192.168.0.178","192.168.0.186","25565","25858","3729393","22937","68","0","0x0018"
"8372","2026-08-15T10:06:47.026899900-0500","39.773930000","192.168.0.186","192.168.0.178","25858","25565","22937","3729461","28","0","0x0018"
"8373","2026-08-15T10:06:47.028102600-0500","39.775132700","192.168.0.186","192.168.0.178","25858","25565","22965","3729461","3","0","0x0018"
"8374","2026-08-15T10:06:47.028961600-0500","39.775991700","192.168.0.178","192.168.0.186","25565","25858","3729461","22968","0","0","0x0010"
"8375","2026-08-15T10:06:47.055613700-0500","39.802643800","192.168.0.178","192.168.0.186","25565","25858","3729461","22968","61","0","0x0018"
"8376","2026-08-15T10:06:47.076724900-0500","39.823755000","192.168.0.186","192.168.0.178","25858","25565","22968","3729522","28","0","0x0018"
"8377","2026-08-15T10:06:47.077851100-0500","39.824881200","192.168.0.186","192.168.0.178","25858","25565","22996","3729522","3","0","0x0018"
"8378","2026-08-15T10:06:47.078494400-0500","39.825524500","192.168.0.178","192.168.0.186","25565","25858","3729522","22999","0","0","0x0010"
"8379","2026-08-15T10:06:47.102133000-0500","39.849163100","192.168.0.178","192.168.0.186","25565","25858","3729522","22999","416","0","0x0018"
"8380","2026-08-15T10:06:47.127079800-0500","39.874109900","192.168.0.186","192.168.0.178","25858","25565","22999","3729938","28","0","0x0018"
"8381","2026-08-15T10:06:47.128227200-0500","39.875257300","192.168.0.186","192.168.0.178","25858","25565","23027","3729938","3","0","0x0018"
"8382","2026-08-15T10:06:47.128932600-0500","39.875962700","192.168.0.178","192.168.0.186","25565","25858","3729938","23030","0","0","0x0010"
"8383","2026-08-15T10:06:47.150148300-0500","39.897178400","192.168.0.178","192.168.0.186","25565","25858","3729938","23030","62","0","0x0018"
"8384","2026-08-15T10:06:47.176774500-0500","39.923804600","192.168.0.186","192.168.0.178","25858","25565","23030","3730000","28","0","0x0018"
"8385","2026-08-15T10:06:47.177891300-0500","39.924921400","192.168.0.186","192.168.0.178","25858","25565","23058","3730000","3","0","0x0018"
"8386","2026-08-15T10:06:47.178435600-0500","39.925465700","192.168.0.178","192.168.0.186","25565","25858","3730000","23061","0","0","0x0010"
"8387","2026-08-15T10:06:47.199810100-0500","39.946840200","192.168.0.178","192.168.0.186","25565","25858","3730000","23061","31","0","0x0018"
"8388","2026-08-15T10:06:47.226984800-0500","39.974014900","192.168.0.186","192.168.0.178","25858","25565","23061","3730031","28","0","0x0018"
"8389","2026-08-15T10:06:47.228465500-0500","39.975495600","192.168.0.186","192.168.0.178","25858","25565","23089","3730031","3","0","0x0018"
"8390","2026-08-15T10:06:47.229263400-0500","39.976293500","192.168.0.178","192.168.0.186","25565","25858","3730031","23092","0","0","0x0010"
"8391","2026-08-15T10:06:47.252711200-0500","39.999741300","192.168.0.178","192.168.0.186","25565","25858","3730031","23092","166","0","0x0018"
"8392","2026-08-15T10:06:47.276954200-0500","40.023984300","192.168.0.186","192.168.0.178","25858","25565","23092","3730197","28","0","0x0018"
"8393","2026-08-15T10:06:47.278102900-0500","40.025133000","192.168.0.186","192.168.0.178","25858","25565","23120","3730197","3","0","0x0018"
"8394","2026-08-15T10:06:47.278907800-0500","40.025937900","192.168.0.178","192.168.0.186","25565","25858","3730197","23123","0","0","0x0010"
"8395","2026-08-15T10:06:47.293976100-0500","40.041006200","192.168.0.178","192.168.0.186","25565","25858","3730197","23123","52","0","0x0018"
"8396","2026-08-15T10:06:47.294055600-0500","40.041085700","192.168.0.178","192.168.0.186","25565","25858","3730249","23123","52","0","0x0018"
"8397","2026-08-15T10:06:47.294055600-0500","40.041085700","192.168.0.178","192.168.0.186","25565","25858","3730301","23123","52","0","0x0018"
"8398","2026-08-15T10:06:47.294078900-0500","40.041109000","192.168.0.186","192.168.0.178","25858","25565","23123","3730353","0","0","0x0010"
"8399","2026-08-15T10:06:47.300513500-0500","40.047543600","192.168.0.178","192.168.0.186","25565","25858","3730353","23123","159","0","0x0018"
"8400","2026-08-15T10:06:47.300544100-0500","40.047574200","192.168.0.186","192.168.0.178","25858","25565","23123","3730512","0","0","0x0010"
"8401","2026-08-15T10:06:47.326161100-0500","40.073191200","192.168.0.186","192.168.0.178","25858","25565","23123","3730512","28","0","0x0018"
"8402","2026-08-15T10:06:47.326905000-0500","40.073935100","192.168.0.186","192.168.0.178","25858","25565","23151","3730512","3","0","0x0018"
"8403","2026-08-15T10:06:47.327450600-0500","40.074480700","192.168.0.178","192.168.0.186","25565","25858","3730512","23154","0","0","0x0010"
"8404","2026-08-15T10:06:47.355934300-0500","40.102964400","192.168.0.178","192.168.0.186","25565","25858","3730512","23154","112","0","0x0018"
"8405","2026-08-15T10:06:47.376806100-0500","40.123836200","192.168.0.186","192.168.0.178","25858","25565","23154","3730624","28","0","0x0018"
"8406","2026-08-15T10:06:47.377929800-0500","40.124959900","192.168.0.186","192.168.0.178","25858","25565","23182","3730624","3","0","0x0018"
"8407","2026-08-15T10:06:47.378369200-0500","40.125399300","192.168.0.178","192.168.0.186","25565","25858","3730624","23185","0","0","0x0010"
"8408","2026-08-15T10:06:47.405116200-0500","40.152146300","192.168.0.178","192.168.0.186","25565","25858","3730624","23185","62","0","0x0018"
"8409","2026-08-15T10:06:47.426922700-0500","40.173952800","192.168.0.186","192.168.0.178","25858","25565","23185","3730686","28","0","0x0018"
"8410","2026-08-15T10:06:47.428073600-0500","40.175103700","192.168.0.186","192.168.0.178","25858","25565","23213","3730686","3","0","0x0018"
"8411","2026-08-15T10:06:47.428780200-0500","40.175810300","192.168.0.178","192.168.0.186","25565","25858","3730686","23216","0","0","0x0010"
"8412","2026-08-15T10:06:47.450158700-0500","40.197188800","192.168.0.178","192.168.0.186","25565","25858","3730686","23216","62","0","0x0018"
"8413","2026-08-15T10:06:47.476872700-0500","40.223902800","192.168.0.186","192.168.0.178","25858","25565","23216","3730748","28","0","0x0018"
"8414","2026-08-15T10:06:47.477942000-0500","40.224972100","192.168.0.186","192.168.0.178","25858","25565","23244","3730748","3","0","0x0018"
"8415","2026-08-15T10:06:47.478665400-0500","40.225695500","192.168.0.178","192.168.0.186","25565","25858","3730748","23247","0","0","0x0010"
"8416","2026-08-15T10:06:47.500133700-0500","40.247163800","192.168.0.178","192.168.0.186","25565","25858","3730748","23247","23","0","0x0018"
"8417","2026-08-15T10:06:47.526781800-0500","40.273811900","192.168.0.186","192.168.0.178","25858","25565","23247","3730771","28","0","0x0018"
"8418","2026-08-15T10:06:47.527974500-0500","40.275004600","192.168.0.186","192.168.0.178","25858","25565","23275","3730771","3","0","0x0018"
"8419","2026-08-15T10:06:47.528699000-0500","40.275729100","192.168.0.178","192.168.0.186","25565","25858","3730771","23278","0","0","0x0010"
"8420","2026-08-15T10:06:47.550429400-0500","40.297459500","192.168.0.178","192.168.0.186","25565","25858","3730771","23278","85","0","0x0018"
"8421","2026-08-15T10:06:47.550643300-0500","40.297673400","192.168.0.186","192.168.0.178","25858","25565","23278","3730856","11","0","0x0018"
"8422","2026-08-15T10:06:47.576275900-0500","40.323306000","192.168.0.186","192.168.0.178","25858","25565","23289","3730856","28","0","0x0018"
"8423","2026-08-15T10:06:47.576818800-0500","40.323848900","192.168.0.186","192.168.0.178","25858","25565","23317","3730856","3","0","0x0018"
"8424","2026-08-15T10:06:47.576952700-0500","40.323982800","192.168.0.178","192.168.0.186","25565","25858","3730856","23317","0","0","0x0010"
"8425","2026-08-15T10:06:47.600200000-0500","40.347230100","192.168.0.178","192.168.0.186","25565","25858","3730856","23320","145","0","0x0018"
"8426","2026-08-15T10:06:47.627270000-0500","40.374300100","192.168.0.186","192.168.0.178","25858","25565","23320","3731001","28","0","0x0018"
"8427","2026-08-15T10:06:47.628407600-0500","40.375437700","192.168.0.186","192.168.0.178","25858","25565","23348","3731001","3","0","0x0018"
"8428","2026-08-15T10:06:47.629242600-0500","40.376272700","192.168.0.178","192.168.0.186","25565","25858","3731001","23351","0","0","0x0010"
"8429","2026-08-15T10:06:47.650449900-0500","40.397480000","192.168.0.178","192.168.0.186","25565","25858","3731001","23351","35","0","0x0018"
"8430","2026-08-15T10:06:47.676840800-0500","40.423870900","192.168.0.186","192.168.0.178","25858","25565","23351","3731036","28","0","0x0018"
"8431","2026-08-15T10:06:47.677966500-0500","40.424996600","192.168.0.186","192.168.0.178","25858","25565","23379","3731036","3","0","0x0018"
"8432","2026-08-15T10:06:47.678726200-0500","40.425756300","192.168.0.178","192.168.0.186","25565","25858","3731036","23382","0","0","0x0010"
"8433","2026-08-15T10:06:47.700320100-0500","40.447350200","192.168.0.178","192.168.0.186","25565","25858","3731036","23382","166","0","0x0018"
"8434","2026-08-15T10:06:47.727046500-0500","40.474076600","192.168.0.186","192.168.0.178","25858","25565","23382","3731202","28","0","0x0018"
"8435","2026-08-15T10:06:47.728481200-0500","40.475511300","192.168.0.186","192.168.0.178","25858","25565","23410","3731202","3","0","0x0018"
"8436","2026-08-15T10:06:47.729234100-0500","40.476264200","192.168.0.178","192.168.0.186","25565","25858","3731202","23413","0","0","0x0010"
"8437","2026-08-15T10:06:47.744462800-0500","40.491492900","192.168.0.178","192.168.0.186","25565","25858","3731202","23413","52","0","0x0018"
"8438","2026-08-15T10:06:47.744462800-0500","40.491492900","192.168.0.178","192.168.0.186","25565","25858","3731254","23413","104","0","0x0018"
"8439","2026-08-15T10:06:47.744519100-0500","40.491549200","192.168.0.186","192.168.0.178","25858","25565","23413","3731358","0","0","0x0010"
"8440","2026-08-15T10:06:47.750809500-0500","40.497839600","192.168.0.178","192.168.0.186","25565","25858","3731358","23413","62","0","0x0018"
"8441","2026-08-15T10:06:47.776654200-0500","40.523684300","192.168.0.186","192.168.0.178","25858","25565","23413","3731420","28","0","0x0018"
"8442","2026-08-15T10:06:47.777793600-0500","40.524823700","192.168.0.186","192.168.0.178","25858","25565","23441","3731420","3","0","0x0018"
"8443","2026-08-15T10:06:47.778537100-0500","40.525567200","192.168.0.178","192.168.0.186","25565","25858","3731420","23444","0","0","0x0010"
"8444","2026-08-15T10:06:47.800105000-0500","40.547135100","192.168.0.178","192.168.0.186","25565","25858","3731420","23444","24","0","0x0018"
"8445","2026-08-15T10:06:47.826621400-0500","40.573651500","192.168.0.186","192.168.0.178","25858","25565","23444","3731444","28","0","0x0018"
"8446","2026-08-15T10:06:47.827509800-0500","40.574539900","192.168.0.186","192.168.0.178","25858","25565","23472","3731444","3","0","0x0018"
"8447","2026-08-15T10:06:47.828186600-0500","40.575216700","192.168.0.178","192.168.0.186","25565","25858","3731444","23475","0","0","0x0010"
"8448","2026-08-15T10:06:47.850533500-0500","40.597563600","192.168.0.178","192.168.0.186","25565","25858","3731444","23475","145","0","0x0018"
"8449","2026-08-15T10:06:47.877012700-0500","40.624042800","192.168.0.186","192.168.0.178","25858","25565","23475","3731589","28","0","0x0018"
"8450","2026-08-15T10:06:47.878091500-0500","40.625121600","192.168.0.186","192.168.0.178","25858","25565","23503","3731589","3","0","0x0018"
"8451","2026-08-15T10:06:47.878201000-0500","40.625231100","192.168.0.178","192.168.0.186","25565","25858","3731589","23503","11","0","0x0018"
"8452","2026-08-15T10:06:47.878201000-0500","40.625231100","192.168.0.178","192.168.0.186","25565","25858","3731600","23503","22","0","0x0018"
"8453","2026-08-15T10:06:47.878201000-0500","40.625231100","192.168.0.178","192.168.0.186","25565","25858","3731622","23503","64","0","0x0018"
"8454","2026-08-15T10:06:47.878278700-0500","40.625308800","192.168.0.186","192.168.0.178","25858","25565","23506","3731686","0","0","0x0010"
"8455","2026-08-15T10:06:47.900071100-0500","40.647101200","192.168.0.178","192.168.0.186","25565","25858","3731686","23506","82","0","0x0018"
"8456","2026-08-15T10:06:47.900134600-0500","40.647164700","192.168.0.186","192.168.0.178","25858","25565","23506","3731768","0","0","0x0010"
"8457","2026-08-15T10:06:47.926918600-0500","40.673948700","192.168.0.186","192.168.0.178","25858","25565","23506","3731768","28","0","0x0018"
"8458","2026-08-15T10:06:47.927999100-0500","40.675029200","192.168.0.186","192.168.0.178","25858","25565","23534","3731768","3","0","0x0018"
"8459","2026-08-15T10:06:47.928761500-0500","40.675791600","192.168.0.178","192.168.0.186","25565","25858","3731768","23537","0","0","0x0010"
"8460","2026-08-15T10:06:47.949951100-0500","40.696981200","192.168.0.178","192.168.0.186","25565","25858","3731768","23537","18","0","0x0018"
"8461","2026-08-15T10:06:47.976852000-0500","40.723882100","192.168.0.186","192.168.0.178","25858","25565","23537","3731786","28","0","0x0018"
"8462","2026-08-15T10:06:47.977903100-0500","40.724933200","192.168.0.186","192.168.0.178","25858","25565","23565","3731786","3","0","0x0018"
"8463","2026-08-15T10:06:47.978722900-0500","40.725753000","192.168.0.178","192.168.0.186","25565","25858","3731786","23568","0","0","0x0010"
"8464","2026-08-15T10:06:48.000565500-0500","40.747595600","192.168.0.178","192.168.0.186","25565","25858","3731786","23568","62","0","0x0018"
"8465","2026-08-15T10:06:48.026789800-0500","40.773819900","192.168.0.186","192.168.0.178","25858","25565","23568","3731848","28","0","0x0018"
"8466","2026-08-15T10:06:48.027837300-0500","40.774867400","192.168.0.186","192.168.0.178","25858","25565","23596","3731848","3","0","0x0018"
"8467","2026-08-15T10:06:48.028589200-0500","40.775619300","192.168.0.178","192.168.0.186","25565","25858","3731848","23599","0","0","0x0010"
"8468","2026-08-15T10:06:48.050119400-0500","40.797149500","192.168.0.178","192.168.0.186","25565","25858","3731848","23599","74","0","0x0018"
"8469","2026-08-15T10:06:48.076750100-0500","40.823780200","192.168.0.186","192.168.0.178","25858","25565","23599","3731922","28","0","0x0018"
"8470","2026-08-15T10:06:48.077811600-0500","40.824841700","192.168.0.186","192.168.0.178","25858","25565","23627","3731922","3","0","0x0018"
"8471","2026-08-15T10:06:48.078527000-0500","40.825557100","192.168.0.178","192.168.0.186","25565","25858","3731922","23630","0","0","0x0010"
"8472","2026-08-15T10:06:48.100017200-0500","40.847047300","192.168.0.178","192.168.0.186","25565","25858","3731922","23630","83","0","0x0018"
"8473","2026-08-15T10:06:48.127048500-0500","40.874078600","192.168.0.186","192.168.0.178","25858","25565","23630","3732005","28","0","0x0018"
"8474","2026-08-15T10:06:48.127928100-0500","40.874958200","192.168.0.186","192.168.0.178","25858","25565","23658","3732005","3","0","0x0018"
"8475","2026-08-15T10:06:48.128590600-0500","40.875620700","192.168.0.178","192.168.0.186","25565","25858","3732005","23661","0","0","0x0010"
"8476","2026-08-15T10:06:48.149955400-0500","40.896985500","192.168.0.178","192.168.0.186","25565","25858","3732005","23661","62","0","0x0018"
"8477","2026-08-15T10:06:48.177172500-0500","40.924202600","192.168.0.186","192.168.0.178","25858","25565","23661","3732067","28","0","0x0018"
"8478","2026-08-15T10:06:48.178180800-0500","40.925210900","192.168.0.186","192.168.0.178","25858","25565","23689","3732067","3","0","0x0018"
"8479","2026-08-15T10:06:48.178990800-0500","40.926020900","192.168.0.178","192.168.0.186","25565","25858","3732067","23692","0","0","0x0010"
"8480","2026-08-15T10:06:48.203759800-0500","40.950789900","192.168.0.178","192.168.0.186","25565","25858","3732067","23692","62","0","0x0018"
"8481","2026-08-15T10:06:48.226829200-0500","40.973859300","192.168.0.186","192.168.0.178","25858","25565","23692","3732129","28","0","0x0018"
"8482","2026-08-15T10:06:48.228059000-0500","40.975089100","192.168.0.186","192.168.0.178","25858","25565","23720","3732129","3","0","0x0018"
"8483","2026-08-15T10:06:48.228859900-0500","40.975890000","192.168.0.178","192.168.0.186","25565","25858","3732129","23723","0","0","0x0010"
"8484","2026-08-15T10:06:48.276733800-0500","41.023763900","192.168.0.186","192.168.0.178","25858","25565","23723","3732129","28","0","0x0018"
"8485","2026-08-15T10:06:48.277878800-0500","41.024908900","192.168.0.186","192.168.0.178","25858","25565","23751","3732129","3","0","0x0018"
"8486","2026-08-15T10:06:48.278606400-0500","41.025636500","192.168.0.178","192.168.0.186","25565","25858","3732129","23754","0","0","0x0010"
"8487","2026-08-15T10:06:48.300962200-0500","41.047992300","192.168.0.178","192.168.0.186","25565","25858","3732129","23754","62","0","0x0018"
"8488","2026-08-15T10:06:48.326961700-0500","41.073991800","192.168.0.186","192.168.0.178","25858","25565","23754","3732191","28","0","0x0018"
"8489","2026-08-15T10:06:48.328231800-0500","41.075261900","192.168.0.186","192.168.0.178","25858","25565","23782","3732191","3","0","0x0018"
"8490","2026-08-15T10:06:48.328677400-0500","41.075707500","192.168.0.178","192.168.0.186","25565","25858","3732191","23785","0","0","0x0010"
"8491","2026-08-15T10:06:48.350459200-0500","41.097489300","192.168.0.178","192.168.0.186","25565","25858","3732191","23785","62","0","0x0018"
"8492","2026-08-15T10:06:48.376241900-0500","41.123272000","192.168.0.186","192.168.0.178","25858","25565","23785","3732253","28","0","0x0018"
"8493","2026-08-15T10:06:48.376802300-0500","41.123832400","192.168.0.186","192.168.0.178","25858","25565","23813","3732253","3","0","0x0018"
"8494","2026-08-15T10:06:48.377493300-0500","41.124523400","192.168.0.178","192.168.0.186","25565","25858","3732253","23816","0","0","0x0010"
"8495","2026-08-15T10:06:48.427142700-0500","41.174172800","192.168.0.186","192.168.0.178","25858","25565","23816","3732253","28","0","0x0018"
"8496","2026-08-15T10:06:48.428160600-0500","41.175190700","192.168.0.186","192.168.0.178","25858","25565","23844","3732253","3","0","0x0018"
"8497","2026-08-15T10:06:48.428927000-0500","41.175957100","192.168.0.178","192.168.0.186","25565","25858","3732253","23847","0","0","0x0010"
"8498","2026-08-15T10:06:48.449629200-0500","41.196659300","192.168.0.178","192.168.0.186","25565","25858","3732253","23847","62","0","0x0018"
"8499","2026-08-15T10:06:48.476766000-0500","41.223796100","192.168.0.186","192.168.0.178","25858","25565","23847","3732315","28","0","0x0018"
"8500","2026-08-15T10:06:48.477791100-0500","41.224821200","192.168.0.186","192.168.0.178","25858","25565","23875","3732315","3","0","0x0018"
"8501","2026-08-15T10:06:48.478495000-0500","41.225525100","192.168.0.178","192.168.0.186","25565","25858","3732315","23878","0","0","0x0010"
"8502","2026-08-15T10:06:48.500445200-0500","41.247475300","192.168.0.178","192.168.0.186","25565","25858","3732315","23878","74","0","0x0018"
"8503","2026-08-15T10:06:48.526989300-0500","41.274019400","192.168.0.186","192.168.0.178","25858","25565","23878","3732389","28","0","0x0018"
"8504","2026-08-15T10:06:48.528069300-0500","41.275099400","192.168.0.186","192.168.0.178","25858","25565","23906","3732389","3","0","0x0018"
"8505","2026-08-15T10:06:48.528743800-0500","41.275773900","192.168.0.178","192.168.0.186","25565","25858","3732389","23909","0","0","0x0010"
"8506","2026-08-15T10:06:48.554105400-0500","41.301135500","192.168.0.178","192.168.0.186","25565","25858","3732389","23909","1460","0","0x0010"
"8507","2026-08-15T10:06:48.554105400-0500","41.301135500","192.168.0.178","192.168.0.186","25565","25858","3733849","23909","1460","0","0x0010"
"8508","2026-08-15T10:06:48.554184200-0500","41.301214300","192.168.0.186","192.168.0.178","25858","25565","23909","3735309","0","0","0x0010"
"8509","2026-08-15T10:06:48.554275100-0500","41.301305200","192.168.0.178","192.168.0.186","25565","25858","3735309","23909","660","0","0x0018"
"8510","2026-08-15T10:06:48.554625500-0500","41.301655600","192.168.0.186","192.168.0.178","25858","25565","23909","3735969","11","0","0x0018"
"8511","2026-08-15T10:06:48.576772300-0500","41.323802400","192.168.0.186","192.168.0.178","25858","25565","23920","3735969","28","0","0x0018"
"8512","2026-08-15T10:06:48.577593800-0500","41.324623900","192.168.0.178","192.168.0.186","25565","25858","3735969","23948","0","0","0x0010"
"8513","2026-08-15T10:06:48.577864700-0500","41.324894800","192.168.0.186","192.168.0.178","25858","25565","23948","3735969","3","0","0x0018"
"8514","2026-08-15T10:06:48.601360800-0500","41.348390900","192.168.0.178","192.168.0.186","25565","25858","3735969","23951","62","0","0x0018"
"8515","2026-08-15T10:06:48.625950900-0500","41.372981000","192.168.0.186","192.168.0.178","25858","25565","23951","3736031","28","0","0x0018"
"8516","2026-08-15T10:06:48.626434500-0500","41.373464600","192.168.0.186","192.168.0.178","25858","25565","23979","3736031","3","0","0x0018"
"8517","2026-08-15T10:06:48.627171500-0500","41.374201600","192.168.0.178","192.168.0.186","25565","25858","3736031","23982","0","0","0x0010"
"8518","2026-08-15T10:06:48.651549500-0500","41.398579600","192.168.0.178","192.168.0.186","25565","25858","3736031","23982","62","0","0x0018"
"8519","2026-08-15T10:06:48.677417900-0500","41.424448000","192.168.0.186","192.168.0.178","25858","25565","23982","3736093","28","0","0x0018"
"8520","2026-08-15T10:06:48.678347300-0500","41.425377400","192.168.0.186","192.168.0.178","25858","25565","24010","3736093","3","0","0x0018"
"8521","2026-08-15T10:06:48.679275200-0500","41.426305300","192.168.0.178","192.168.0.186","25565","25858","3736093","24013","0","0","0x0010"
"8522","2026-08-15T10:06:48.703551600-0500","41.450581700","192.168.0.178","192.168.0.186","25565","25858","3736093","24013","104","0","0x0018"
"8523","2026-08-15T10:06:48.726947100-0500","41.473977200","192.168.0.186","192.168.0.178","25858","25565","24013","3736197","28","0","0x0018"
"8524","2026-08-15T10:06:48.728026800-0500","41.475056900","192.168.0.186","192.168.0.178","25858","25565","24041","3736197","3","0","0x0018"
"8525","2026-08-15T10:06:48.728800900-0500","41.475831000","192.168.0.178","192.168.0.186","25565","25858","3736197","24044","0","0","0x0010"
"8526","2026-08-15T10:06:48.744641000-0500","41.491671100","192.168.0.178","192.168.0.186","25565","25858","3736197","24044","52","0","0x0018"
"8527","2026-08-15T10:06:48.744641000-0500","41.491671100","192.168.0.178","192.168.0.186","25565","25858","3736249","24044","104","0","0x0018"
"8528","2026-08-15T10:06:48.744697200-0500","41.491727300","192.168.0.186","192.168.0.178","25858","25565","24044","3736353","0","0","0x0010"
"8529","2026-08-15T10:06:48.753161700-0500","41.500191800","192.168.0.178","192.168.0.186","25565","25858","3736353","24044","62","0","0x0018"
"8530","2026-08-15T10:06:48.776801100-0500","41.523831200","192.168.0.186","192.168.0.178","25858","25565","24044","3736415","28","0","0x0018"
"8531","2026-08-15T10:06:48.777943600-0500","41.524973700","192.168.0.186","192.168.0.178","25858","25565","24072","3736415","3","0","0x0018"
"8532","2026-08-15T10:06:48.778345600-0500","41.525375700","192.168.0.178","192.168.0.186","25565","25858","3736415","24075","0","0","0x0010"
"8533","2026-08-15T10:06:48.802840400-0500","41.549870500","192.168.0.178","192.168.0.186","25565","25858","3736415","24075","6","0","0x0018"
"8534","2026-08-15T10:06:48.827050400-0500","41.574080500","192.168.0.186","192.168.0.178","25858","25565","24075","3736421","28","0","0x0018"
"8535","2026-08-15T10:06:48.828199900-0500","41.575230000","192.168.0.186","192.168.0.178","25858","25565","24103","3736421","3","0","0x0018"
"8536","2026-08-15T10:06:48.829084500-0500","41.576114600","192.168.0.178","192.168.0.186","25565","25858","3736421","24106","0","0","0x0010"
"8537","2026-08-15T10:06:48.877309200-0500","41.624339300","192.168.0.186","192.168.0.178","25858","25565","24106","3736421","28","0","0x0018"
"8538","2026-08-15T10:06:48.878485400-0500","41.625515500","192.168.0.186","192.168.0.178","25858","25565","24134","3736421","3","0","0x0018"
"8539","2026-08-15T10:06:48.879148400-0500","41.626178500","192.168.0.178","192.168.0.186","25565","25858","3736421","24137","0","0","0x0010"
"8540","2026-08-15T10:06:48.900329200-0500","41.647359300","192.168.0.178","192.168.0.186","25565","25858","3736421","24137","94","0","0x0018"
"8541","2026-08-15T10:06:48.926554600-0500","41.673584700","192.168.0.186","192.168.0.178","25858","25565","24137","3736515","28","0","0x0018"
"8542","2026-08-15T10:06:48.927287500-0500","41.674317600","192.168.0.186","192.168.0.178","25858","25565","24165","3736515","3","0","0x0018"
"8543","2026-08-15T10:06:48.927873700-0500","41.674903800","192.168.0.178","192.168.0.186","25565","25858","3736515","24168","0","0","0x0010"
"8544","2026-08-15T10:06:48.976757500-0500","41.723787600","192.168.0.186","192.168.0.178","25858","25565","24168","3736515","28","0","0x0018"
"8545","2026-08-15T10:06:48.977775900-0500","41.724806000","192.168.0.186","192.168.0.178","25858","25565","24196","3736515","3","0","0x0018"
"8546","2026-08-15T10:06:48.978587500-0500","41.725617600","192.168.0.178","192.168.0.186","25565","25858","3736515","24199","0","0","0x0010"
"8547","2026-08-15T10:06:49.027033000-0500","41.774063100","192.168.0.186","192.168.0.178","25858","25565","24199","3736515","28","0","0x0018"
"8548","2026-08-15T10:06:49.028068000-0500","41.775098100","192.168.0.186","192.168.0.178","25858","25565","24227","3736515","3","0","0x0018"
"8549","2026-08-15T10:06:49.028877000-0500","41.775907100","192.168.0.178","192.168.0.186","25565","25858","3736515","24230","0","0","0x0010"
"8550","2026-08-15T10:06:49.051647900-0500","41.798678000","192.168.0.178","192.168.0.186","25565","25858","3736515","24230","62","0","0x0018"
"8551","2026-08-15T10:06:49.077102800-0500","41.824132900","192.168.0.186","192.168.0.178","25858","25565","24230","3736577","28","0","0x0018"
"8552","2026-08-15T10:06:49.078040300-0500","41.825070400","192.168.0.186","192.168.0.178","25858","25565","24258","3736577","3","0","0x0018"
"8553","2026-08-15T10:06:49.078845300-0500","41.825875400","192.168.0.178","192.168.0.186","25565","25858","3736577","24261","0","0","0x0010"
"8554","2026-08-15T10:06:49.127065000-0500","41.874095100","192.168.0.186","192.168.0.178","25858","25565","24261","3736577","28","0","0x0018"
"8555","2026-08-15T10:06:49.128156300-0500","41.875186400","192.168.0.186","192.168.0.178","25858","25565","24289","3736577","3","0","0x0018"
"8556","2026-08-15T10:06:49.128855000-0500","41.875885100","192.168.0.178","192.168.0.186","25565","25858","3736577","24292","0","0","0x0010"
"8557","2026-08-15T10:06:49.128855000-0500","41.875885100","192.168.0.178","192.168.0.186","25565","25858","3736577","24292","11","0","0x0018"
"8558","2026-08-15T10:06:49.128855000-0500","41.875885100","192.168.0.178","192.168.0.186","25565","25858","3736588","24292","11","0","0x0018"
"8559","2026-08-15T10:06:49.128965800-0500","41.875995900","192.168.0.186","192.168.0.178","25858","25565","24292","3736599","0","0","0x0010"
"8560","2026-08-15T10:06:49.129044500-0500","41.876074600","192.168.0.178","192.168.0.186","25565","25858","3736599","24292","11","0","0x0018"
"8561","2026-08-15T10:06:49.129044500-0500","41.876074600","192.168.0.178","192.168.0.186","25565","25858","3736610","24292","11","0","0x0018"
"8562","2026-08-15T10:06:49.129044500-0500","41.876074600","192.168.0.178","192.168.0.186","25565","25858","3736621","24292","11","0","0x0018"
"8563","2026-08-15T10:06:49.129044500-0500","41.876074600","192.168.0.178","192.168.0.186","25565","25858","3736632","24292","22","0","0x0018"
"8564","2026-08-15T10:06:49.129067700-0500","41.876097800","192.168.0.186","192.168.0.178","25858","25565","24292","3736654","0","0","0x0010"
"8565","2026-08-15T10:06:49.129105600-0500","41.876135700","192.168.0.178","192.168.0.186","25565","25858","3736654","24292","9","0","0x0018"
"8566","2026-08-15T10:06:49.151075700-0500","41.898105800","192.168.0.178","192.168.0.186","25565","25858","3736663","24292","18","0","0x0018"
"8567","2026-08-15T10:06:49.151114700-0500","41.898144800","192.168.0.186","192.168.0.178","25858","25565","24292","3736681","0","0","0x0010"
"8568","2026-08-15T10:06:49.176950100-0500","41.923980200","192.168.0.186","192.168.0.178","25858","25565","24292","3736681","28","0","0x0018"
"8569","2026-08-15T10:06:49.177971500-0500","41.925001600","192.168.0.186","192.168.0.178","25858","25565","24320","3736681","3","0","0x0018"
"8570","2026-08-15T10:06:49.178728300-0500","41.925758400","192.168.0.178","192.168.0.186","25565","25858","3736681","24323","0","0","0x0010"
"8571","2026-08-15T10:06:49.200422400-0500","41.947452500","192.168.0.178","192.168.0.186","25565","25858","3736681","24323","464","0","0x0018"
"8572","2026-08-15T10:06:49.226950300-0500","41.973980400","192.168.0.186","192.168.0.178","25858","25565","24323","3737145","28","0","0x0018"
"8573","2026-08-15T10:06:49.227959600-0500","41.974989700","192.168.0.186","192.168.0.178","25858","25565","24351","3737145","3","0","0x0018"
"8574","2026-08-15T10:06:49.228736000-0500","41.975766100","192.168.0.178","192.168.0.186","25565","25858","3737145","24354","0","0","0x0010"
"8575","2026-08-15T10:06:49.276723200-0500","42.023753300","192.168.0.186","192.168.0.178","25858","25565","24354","3737145","28","0","0x0018"
"8576","2026-08-15T10:06:49.278029100-0500","42.025059200","192.168.0.186","192.168.0.178","25858","25565","24382","3737145","3","0","0x0018"
"8577","2026-08-15T10:06:49.278843000-0500","42.025873100","192.168.0.178","192.168.0.186","25565","25858","3737145","24385","0","0","0x0010"
"8578","2026-08-15T10:06:49.326930600-0500","42.073960700","192.168.0.186","192.168.0.178","25858","25565","24385","3737145","28","0","0x0018"
"8579","2026-08-15T10:06:49.327898400-0500","42.074928500","192.168.0.186","192.168.0.178","25858","25565","24413","3737145","3","0","0x0018"
"8580","2026-08-15T10:06:49.329051200-0500","42.076081300","192.168.0.178","192.168.0.186","25565","25858","3737145","24416","0","0","0x0010"
"8581","2026-08-15T10:06:49.350609600-0500","42.097639700","192.168.0.178","192.168.0.186","25565","25858","3737145","24416","74","0","0x0018"
"8582","2026-08-15T10:06:49.377069800-0500","42.124099900","192.168.0.186","192.168.0.178","25858","25565","24416","3737219","28","0","0x0018"
"8583","2026-08-15T10:06:49.378010000-0500","42.125040100","192.168.0.186","192.168.0.178","25858","25565","24444","3737219","3","0","0x0018"
"8584","2026-08-15T10:06:49.378777000-0500","42.125807100","192.168.0.178","192.168.0.186","25565","25858","3737219","24447","0","0","0x0010"
"8585","2026-08-15T10:06:49.427224100-0500","42.174254200","192.168.0.186","192.168.0.178","25858","25565","24447","3737219","28","0","0x0018"
"8586","2026-08-15T10:06:49.428331500-0500","42.175361600","192.168.0.186","192.168.0.178","25858","25565","24475","3737219","3","0","0x0018"
"8587","2026-08-15T10:06:49.428988200-0500","42.176018300","192.168.0.178","192.168.0.186","25565","25858","3737219","24478","0","0","0x0010"
"8588","2026-08-15T10:06:49.450364200-0500","42.197394300","192.168.0.178","192.168.0.186","25565","25858","3737219","24478","18","0","0x0018"
"8589","2026-08-15T10:06:49.476769800-0500","42.223799900","192.168.0.186","192.168.0.178","25858","25565","24478","3737237","28","0","0x0018"
"8590","2026-08-15T10:06:49.477801600-0500","42.224831700","192.168.0.186","192.168.0.178","25858","25565","24506","3737237","3","0","0x0018"
"8591","2026-08-15T10:06:49.478596400-0500","42.225626500","192.168.0.178","192.168.0.186","25565","25858","3737237","24509","0","0","0x0010"
"8592","2026-08-15T10:06:49.500709000-0500","42.247739100","192.168.0.178","192.168.0.186","25565","25858","3737237","24509","62","0","0x0018"
"8593","2026-08-15T10:06:49.527089400-0500","42.274119500","192.168.0.186","192.168.0.178","25858","25565","24509","3737299","28","0","0x0018"
"8594","2026-08-15T10:06:49.528077500-0500","42.275107600","192.168.0.186","192.168.0.178","25858","25565","24537","3737299","3","0","0x0018"
"8595","2026-08-15T10:06:49.528971100-0500","42.276001200","192.168.0.178","192.168.0.186","25565","25858","3737299","24540","0","0","0x0010"
"8596","2026-08-15T10:06:49.576855300-0500","42.323885400","192.168.0.186","192.168.0.178","25858","25565","24540","3737299","28","0","0x0018"
"8597","2026-08-15T10:06:49.577846600-0500","42.324876700","192.168.0.186","192.168.0.178","25858","25565","24568","3737299","3","0","0x0018"
"8598","2026-08-15T10:06:49.578852800-0500","42.325882900","192.168.0.178","192.168.0.186","25565","25858","3737299","24571","0","0","0x0010"
"8599","2026-08-15T10:06:49.600602800-0500","42.347632900","192.168.0.178","192.168.0.186","25565","25858","3737299","24571","23","0","0x0018"
"8600","2026-08-15T10:06:49.600802200-0500","42.347832300","192.168.0.186","192.168.0.178","25858","25565","24571","3737322","11","0","0x0018"
"8601","2026-08-15T10:06:49.626995200-0500","42.374025300","192.168.0.186","192.168.0.178","25858","25565","24582","3737322","28","0","0x0018"
"8602","2026-08-15T10:06:49.627735400-0500","42.374765500","192.168.0.178","192.168.0.186","25565","25858","3737322","24610","0","0","0x0010"
"8603","2026-08-15T10:06:49.628026500-0500","42.375056600","192.168.0.186","192.168.0.178","25858","25565","24610","3737322","3","0","0x0018"
"8604","2026-08-15T10:06:49.650536500-0500","42.397566600","192.168.0.178","192.168.0.186","25565","25858","3737322","24613","62","0","0x0018"
"8605","2026-08-15T10:06:49.677195900-0500","42.424226000","192.168.0.186","192.168.0.178","25858","25565","24613","3737384","28","0","0x0018"
"8606","2026-08-15T10:06:49.678097200-0500","42.425127300","192.168.0.186","192.168.0.178","25858","25565","24641","3737384","3","0","0x0018"
"8607","2026-08-15T10:06:49.678785300-0500","42.425815400","192.168.0.178","192.168.0.186","25565","25858","3737384","24644","0","0","0x0010"
"8608","2026-08-15T10:06:49.727091600-0500","42.474121700","192.168.0.186","192.168.0.178","25858","25565","24644","3737384","28","0","0x0018"
"8609","2026-08-15T10:06:49.728059300-0500","42.475089400","192.168.0.186","192.168.0.178","25858","25565","24672","3737384","3","0","0x0018"
"8610","2026-08-15T10:06:49.728728200-0500","42.475758300","192.168.0.178","192.168.0.186","25565","25858","3737384","24675","0","0","0x0010"
"8611","2026-08-15T10:06:49.776801100-0500","42.523831200","192.168.0.186","192.168.0.178","25858","25565","24675","3737384","28","0","0x0018"
"8612","2026-08-15T10:06:49.777759100-0500","42.524789200","192.168.0.186","192.168.0.178","25858","25565","24703","3737384","3","0","0x0018"
"8613","2026-08-15T10:06:49.778288200-0500","42.525318300","192.168.0.178","192.168.0.186","25565","25858","3737384","24706","0","0","0x0010"
"8614","2026-08-15T10:06:49.800691000-0500","42.547721100","192.168.0.178","192.168.0.186","25565","25858","3737384","24706","62","0","0x0018"
"8615","2026-08-15T10:06:49.827038600-0500","42.574068700","192.168.0.186","192.168.0.178","25858","25565","24706","3737446","28","0","0x0018"
"8616","2026-08-15T10:06:49.827998500-0500","42.575028600","192.168.0.186","192.168.0.178","25858","25565","24734","3737446","3","0","0x0018"
"8617","2026-08-15T10:06:49.828896700-0500","42.575926800","192.168.0.178","192.168.0.186","25565","25858","3737446","24737","0","0","0x0010"
"8618","2026-08-15T10:06:49.876724100-0500","42.623754200","192.168.0.186","192.168.0.178","25858","25565","24737","3737446","28","0","0x0018"
"8619","2026-08-15T10:06:49.877732300-0500","42.624762400","192.168.0.186","192.168.0.178","25858","25565","24765","3737446","3","0","0x0018"
"8620","2026-08-15T10:06:49.878428400-0500","42.625458500","192.168.0.178","192.168.0.186","25565","25858","3737446","24768","0","0","0x0010"
"8621","2026-08-15T10:06:49.900932800-0500","42.647962900","192.168.0.178","192.168.0.186","25565","25858","3737446","24768","20","0","0x0018"
"8622","2026-08-15T10:06:49.926661600-0500","42.673691700","192.168.0.186","192.168.0.178","25858","25565","24768","3737466","28","0","0x0018"
"8623","2026-08-15T10:06:49.927279300-0500","42.674309400","192.168.0.186","192.168.0.178","25858","25565","24796","3737466","3","0","0x0018"
"8624","2026-08-15T10:06:49.928034700-0500","42.675064800","192.168.0.178","192.168.0.186","25565","25858","3737466","24799","0","0","0x0010"
"8625","2026-08-15T10:06:49.950227300-0500","42.697257400","192.168.0.178","192.168.0.186","25565","25858","3737466","24799","62","0","0x0018"
"8626","2026-08-15T10:06:49.976868000-0500","42.723898100","192.168.0.186","192.168.0.178","25858","25565","24799","3737528","28","0","0x0018"
"8627","2026-08-15T10:06:49.977864100-0500","42.724894200","192.168.0.186","192.168.0.178","25858","25565","24827","3737528","3","0","0x0018"
"8628","2026-08-15T10:06:49.978719400-0500","42.725749500","192.168.0.178","192.168.0.186","25565","25858","3737528","24830","0","0","0x0010"
"8629","2026-08-15T10:06:50.027039800-0500","42.774069900","192.168.0.186","192.168.0.178","25858","25565","24830","3737528","28","0","0x0018"
"8630","2026-08-15T10:06:50.028059000-0500","42.775089100","192.168.0.186","192.168.0.178","25858","25565","24858","3737528","3","0","0x0018"
"8631","2026-08-15T10:06:50.028859600-0500","42.775889700","192.168.0.178","192.168.0.186","25565","25858","3737528","24861","0","0","0x0010"
"8632","2026-08-15T10:06:50.076757700-0500","42.823787800","192.168.0.186","192.168.0.178","25858","25565","24861","3737528","28","0","0x0018"
"8633","2026-08-15T10:06:50.077817100-0500","42.824847200","192.168.0.186","192.168.0.178","25858","25565","24889","3737528","3","0","0x0018"
"8634","2026-08-15T10:06:50.078547200-0500","42.825577300","192.168.0.178","192.168.0.186","25565","25858","3737528","24892","0","0","0x0010"
"8635","2026-08-15T10:06:50.103269300-0500","42.850299400","192.168.0.178","192.168.0.186","25565","25858","3737528","24892","62","0","0x0018"
"8636","2026-08-15T10:06:50.127190600-0500","42.874220700","192.168.0.186","192.168.0.178","25858","25565","24892","3737590","28","0","0x0018"
"8637","2026-08-15T10:06:50.128075000-0500","42.875105100","192.168.0.186","192.168.0.178","25858","25565","24920","3737590","3","0","0x0018"
"8638","2026-08-15T10:06:50.128950700-0500","42.875980800","192.168.0.178","192.168.0.186","25565","25858","3737590","24923","0","0","0x0010"
"8639","2026-08-15T10:06:50.176909500-0500","42.923939600","192.168.0.186","192.168.0.178","25858","25565","24923","3737590","28","0","0x0018"
"8640","2026-08-15T10:06:50.177623200-0500","42.924653300","192.168.0.186","192.168.0.178","25858","25565","24951","3737590","3","0","0x0018"
"8641","2026-08-15T10:06:50.178475300-0500","42.925505400","192.168.0.178","192.168.0.186","25565","25858","3737590","24954","0","0","0x0010"
"8642","2026-08-15T10:06:50.226936700-0500","42.973966800","192.168.0.186","192.168.0.178","25858","25565","24954","3737590","28","0","0x0018"
"8643","2026-08-15T10:06:50.227903900-0500","42.974934000","192.168.0.186","192.168.0.178","25858","25565","24982","3737590","3","0","0x0018"
"8644","2026-08-15T10:06:50.228758900-0500","42.975789000","192.168.0.178","192.168.0.186","25565","25858","3737590","24985","0","0","0x0010"
"8645","2026-08-15T10:06:50.250460900-0500","42.997491000","192.168.0.178","192.168.0.186","25565","25858","3737590","24985","62","0","0x0018"
"8646","2026-08-15T10:06:50.277054600-0500","43.024084700","192.168.0.186","192.168.0.178","25858","25565","24985","3737652","28","0","0x0018"
"8647","2026-08-15T10:06:50.277959800-0500","43.024989900","192.168.0.186","192.168.0.178","25858","25565","25013","3737652","3","0","0x0018"
"8648","2026-08-15T10:06:50.278818700-0500","43.025848800","192.168.0.178","192.168.0.186","25565","25858","3737652","25016","0","0","0x0010"
"8649","2026-08-15T10:06:50.326885400-0500","43.073915500","192.168.0.186","192.168.0.178","25858","25565","25016","3737652","28","0","0x0018"
"8650","2026-08-15T10:06:50.328058400-0500","43.075088500","192.168.0.186","192.168.0.178","25858","25565","25044","3737652","3","0","0x0018"
"8651","2026-08-15T10:06:50.328831300-0500","43.075861400","192.168.0.178","192.168.0.186","25565","25858","3737652","25047","0","0","0x0010"
"8652","2026-08-15T10:06:50.376838600-0500","43.123868700","192.168.0.186","192.168.0.178","25858","25565","25047","3737652","28","0","0x0018"
"8653","2026-08-15T10:06:50.377775600-0500","43.124805700","192.168.0.186","192.168.0.178","25858","25565","25075","3737652","3","0","0x0018"
"8654","2026-08-15T10:06:50.383609800-0500","43.130639900","192.168.0.178","192.168.0.186","25565","25858","3737652","25078","0","0","0x0010"
"8655","2026-08-15T10:06:50.384440800-0500","43.131470900","192.168.0.178","192.168.0.186","25565","25858","3737652","25078","11","0","0x0018"
"8656","2026-08-15T10:06:50.384440800-0500","43.131470900","192.168.0.178","192.168.0.186","25565","25858","3737663","25078","11","0","0x0018"
"8657","2026-08-15T10:06:50.384440800-0500","43.131470900","192.168.0.178","192.168.0.186","25565","25858","3737674","25078","11","0","0x0018"
"8658","2026-08-15T10:06:50.384505000-0500","43.131535100","192.168.0.186","192.168.0.178","25858","25565","25078","3737685","0","0","0x0010"
"8659","2026-08-15T10:06:50.384544600-0500","43.131574700","192.168.0.178","192.168.0.186","25565","25858","3737685","25078","11","0","0x0018"
"8660","2026-08-15T10:06:50.384555200-0500","43.131585300","192.168.0.186","192.168.0.178","25858","25565","25078","3737696","0","0","0x0010"
"8661","2026-08-15T10:06:50.384596600-0500","43.131626700","192.168.0.178","192.168.0.186","25565","25858","3737696","25078","11","0","0x0018"
"8662","2026-08-15T10:06:50.384596600-0500","43.131626700","192.168.0.178","192.168.0.186","25565","25858","3737707","25078","11","0","0x0018"
"8663","2026-08-15T10:06:50.384611900-0500","43.131642000","192.168.0.186","192.168.0.178","25858","25565","25078","3737718","0","0","0x0010"
"8664","2026-08-15T10:06:50.384659000-0500","43.131689100","192.168.0.178","192.168.0.186","25565","25858","3737718","25078","11","0","0x0018"
"8665","2026-08-15T10:06:50.384715200-0500","43.131745300","192.168.0.178","192.168.0.186","25565","25858","3737729","25078","9","0","0x0018"
"8666","2026-08-15T10:06:50.384726300-0500","43.131756400","192.168.0.186","192.168.0.178","25858","25565","25078","3737738","0","0","0x0010"
"8667","2026-08-15T10:06:50.400255000-0500","43.147285100","192.168.0.178","192.168.0.186","25565","25858","3737738","25078","62","0","0x0018"
"8668","2026-08-15T10:06:50.426656700-0500","43.173686800","192.168.0.186","192.168.0.178","25858","25565","25078","3737800","28","0","0x0018"
"8669","2026-08-15T10:06:50.427345200-0500","43.174375300","192.168.0.186","192.168.0.178","25858","25565","25106","3737800","3","0","0x0018"
"8670","2026-08-15T10:06:50.428029300-0500","43.175059400","192.168.0.178","192.168.0.186","25565","25858","3737800","25109","0","0","0x0010"
"8671","2026-08-15T10:06:50.476868900-0500","43.223899000","192.168.0.186","192.168.0.178","25858","25565","25109","3737800","28","0","0x0018"
"8672","2026-08-15T10:06:50.477851400-0500","43.224881500","192.168.0.186","192.168.0.178","25858","25565","25137","3737800","3","0","0x0018"
"8673","2026-08-15T10:06:50.478552600-0500","43.225582700","192.168.0.178","192.168.0.186","25565","25858","3737800","25140","0","0","0x0010"
"8674","2026-08-15T10:06:50.500433300-0500","43.247463400","192.168.0.178","192.168.0.186","25565","25858","3737800","25140","104","0","0x0018"
"8675","2026-08-15T10:06:50.527192700-0500","43.274222800","192.168.0.186","192.168.0.178","25858","25565","25140","3737904","28","0","0x0018"
"8676","2026-08-15T10:06:50.528146400-0500","43.275176500","192.168.0.186","192.168.0.178","25858","25565","25168","3737904","3","0","0x0018"
"8677","2026-08-15T10:06:50.528851900-0500","43.275882000","192.168.0.178","192.168.0.186","25565","25858","3737904","25171","0","0","0x0010"
"8678","2026-08-15T10:06:50.544440700-0500","43.291470800","192.168.0.178","192.168.0.186","25565","25858","3737904","25171","52","0","0x0018"
"8679","2026-08-15T10:06:50.544440700-0500","43.291470800","192.168.0.178","192.168.0.186","25565","25858","3737956","25171","52","0","0x0018"
"8680","2026-08-15T10:06:50.544479500-0500","43.291509600","192.168.0.186","192.168.0.178","25858","25565","25171","3738008","0","0","0x0010"
"8681","2026-08-15T10:06:50.544507300-0500","43.291537400","192.168.0.178","192.168.0.186","25565","25858","3738008","25171","52","0","0x0018"
"8682","2026-08-15T10:06:50.550311000-0500","43.297341100","192.168.0.178","192.168.0.186","25565","25858","3738060","25171","62","0","0x0018"
"8683","2026-08-15T10:06:50.550356800-0500","43.297386900","192.168.0.186","192.168.0.178","25858","25565","25171","3738122","0","0","0x0010"
"8684","2026-08-15T10:06:50.576674300-0500","43.323704400","192.168.0.186","192.168.0.178","25858","25565","25171","3738122","28","0","0x0018"
"8685","2026-08-15T10:06:50.577668500-0500","43.324698600","192.168.0.186","192.168.0.178","25858","25565","25199","3738122","3","0","0x0018"
"8686","2026-08-15T10:06:50.578316600-0500","43.325346700","192.168.0.178","192.168.0.186","25565","25858","3738122","25202","0","0","0x0010"
"8687","2026-08-15T10:06:50.601215800-0500","43.348245900","192.168.0.178","192.168.0.186","25565","25858","3738122","25202","11","0","0x0018"
"8688","2026-08-15T10:06:50.601388600-0500","43.348418700","192.168.0.186","192.168.0.178","25858","25565","25202","3738133","11","0","0x0018"
"8689","2026-08-15T10:06:50.625548500-0500","43.372578600","192.168.0.186","192.168.0.178","25858","25565","25213","3738133","28","0","0x0018"
"8690","2026-08-15T10:06:50.625951100-0500","43.372981200","192.168.0.186","192.168.0.178","25858","25565","25241","3738133","3","0","0x0018"
"8691","2026-08-15T10:06:50.626233200-0500","43.373263300","192.168.0.178","192.168.0.186","25565","25858","3738133","25241","0","0","0x0010"
"8692","2026-08-15T10:06:50.670224300-0500","43.417254400","192.168.0.178","192.168.0.186","25565","25858","3738133","25244","0","0","0x0010"
"8693","2026-08-15T10:06:50.676050300-0500","43.423080400","192.168.0.186","192.168.0.178","25858","25565","25244","3738133","28","0","0x0018"
"8694","2026-08-15T10:06:50.676444600-0500","43.423474700","192.168.0.186","192.168.0.178","25858","25565","25272","3738133","3","0","0x0018"
"8695","2026-08-15T10:06:50.676729800-0500","43.423759900","192.168.0.178","192.168.0.186","25565","25858","3738133","25272","0","0","0x0010"
"8696","2026-08-15T10:06:50.677060400-0500","43.424090500","192.168.0.178","192.168.0.186","25565","25858","3738133","25275","0","0","0x0010"
"8697","2026-08-15T10:06:50.700291300-0500","43.447321400","192.168.0.178","192.168.0.186","25565","25858","3738133","25275","62","0","0x0018"
"8698","2026-08-15T10:06:50.727123200-0500","43.474153300","192.168.0.186","192.168.0.178","25858","25565","25275","3738195","28","0","0x0018"
"8699","2026-08-15T10:06:50.728217600-0500","43.475247700","192.168.0.186","192.168.0.178","25858","25565","25303","3738195","3","0","0x0018"
"8700","2026-08-15T10:06:50.728908600-0500","43.475938700","192.168.0.178","192.168.0.186","25565","25858","3738195","25306","0","0","0x0010"
"8701","2026-08-15T10:06:50.751114900-0500","43.498145000","192.168.0.178","192.168.0.186","25565","25858","3738195","25306","6","0","0x0018"
"8702","2026-08-15T10:06:50.776952500-0500","43.523982600","192.168.0.186","192.168.0.178","25858","25565","25306","3738201","28","0","0x0018"
"8703","2026-08-15T10:06:50.777912800-0500","43.524942900","192.168.0.186","192.168.0.178","25858","25565","25334","3738201","3","0","0x0018"
"8704","2026-08-15T10:06:50.778721400-0500","43.525751500","192.168.0.178","192.168.0.186","25565","25858","3738201","25337","0","0","0x0010"
"8705","2026-08-15T10:06:50.827153400-0500","43.574183500","192.168.0.186","192.168.0.178","25858","25565","25337","3738201","28","0","0x0018"
"8706","2026-08-15T10:06:50.828141600-0500","43.575171700","192.168.0.186","192.168.0.178","25858","25565","25365","3738201","3","0","0x0018"
"8707","2026-08-15T10:06:50.828563100-0500","43.575593200","192.168.0.178","192.168.0.186","25565","25858","3738201","25368","0","0","0x0010"
"8708","2026-08-15T10:06:50.876902700-0500","43.623932800","192.168.0.186","192.168.0.178","25858","25565","25368","3738201","28","0","0x0018"
"8709","2026-08-15T10:06:50.877790700-0500","43.624820800","192.168.0.186","192.168.0.178","25858","25565","25396","3738201","3","0","0x0018"
"8710","2026-08-15T10:06:50.878288100-0500","43.625318200","192.168.0.178","192.168.0.186","25565","25858","3738201","25399","0","0","0x0010"
"8711","2026-08-15T10:06:50.902053800-0500","43.649083900","192.168.0.178","192.168.0.186","25565","25858","3738201","25399","20","0","0x0018"
"8712","2026-08-15T10:06:50.926286400-0500","43.673316500","192.168.0.186","192.168.0.178","25858","25565","25399","3738221","28","0","0x0018"
"8713","2026-08-15T10:06:50.926630900-0500","43.673661000","192.168.0.186","192.168.0.178","25858","25565","25427","3738221","3","0","0x0018"
"8714","2026-08-15T10:06:50.927043100-0500","43.674073200","192.168.0.178","192.168.0.186","25565","25858","3738221","25430","0","0","0x0010"
"8715","2026-08-15T10:06:50.955033700-0500","43.702063800","192.168.0.178","192.168.0.186","25565","25858","3738221","25430","24","0","0x0018"
"8716","2026-08-15T10:06:50.976810900-0500","43.723841000","192.168.0.186","192.168.0.178","25858","25565","25430","3738245","28","0","0x0018"
"8717","2026-08-15T10:06:50.977776600-0500","43.724806700","192.168.0.186","192.168.0.178","25858","25565","25458","3738245","3","0","0x0018"
"8718","2026-08-15T10:06:50.978327800-0500","43.725357900","192.168.0.178","192.168.0.186","25565","25858","3738245","25461","0","0","0x0010"
"8719","2026-08-15T10:06:51.000453700-0500","43.747483800","192.168.0.178","192.168.0.186","25565","25858","3738245","25461","364","0","0x0018"
"8720","2026-08-15T10:06:51.027102000-0500","43.774132100","192.168.0.186","192.168.0.178","25858","25565","25461","3738609","28","0","0x0018"
"8721","2026-08-15T10:06:51.027965400-0500","43.774995500","192.168.0.186","192.168.0.178","25858","25565","25489","3738609","3","0","0x0018"
"8722","2026-08-15T10:06:51.028613300-0500","43.775643400","192.168.0.178","192.168.0.186","25565","25858","3738609","25492","0","0","0x0010"
"8723","2026-08-15T10:06:51.076837800-0500","43.823867900","192.168.0.186","192.168.0.178","25858","25565","25492","3738609","28","0","0x0018"
"8724","2026-08-15T10:06:51.077774600-0500","43.824804700","192.168.0.186","192.168.0.178","25858","25565","25520","3738609","3","0","0x0018"
"8725","2026-08-15T10:06:51.078429300-0500","43.825459400","192.168.0.178","192.168.0.186","25565","25858","3738609","25523","0","0","0x0010"
"8726","2026-08-15T10:06:51.127241100-0500","43.874271200","192.168.0.186","192.168.0.178","25858","25565","25523","3738609","28","0","0x0018"
"8727","2026-08-15T10:06:51.127973200-0500","43.875003300","192.168.0.186","192.168.0.178","25858","25565","25551","3738609","3","0","0x0018"
"8728","2026-08-15T10:06:51.128621500-0500","43.875651600","192.168.0.178","192.168.0.186","25565","25858","3738609","25554","0","0","0x0010"
"8729","2026-08-15T10:06:51.176321300-0500","43.923351400","192.168.0.186","192.168.0.178","25858","25565","25554","3738609","28","0","0x0018"
"8730","2026-08-15T10:06:51.176623600-0500","43.923653700","192.168.0.186","192.168.0.178","25858","25565","25582","3738609","3","0","0x0018"
"8731","2026-08-15T10:06:51.177273700-0500","43.924303800","192.168.0.178","192.168.0.186","25565","25858","3738609","25585","0","0","0x0010"
"8732","2026-08-15T10:06:51.226929500-0500","43.973959600","192.168.0.186","192.168.0.178","25858","25565","25585","3738609","28","0","0x0018"
"8733","2026-08-15T10:06:51.227872100-0500","43.974902200","192.168.0.186","192.168.0.178","25858","25565","25613","3738609","3","0","0x0018"
"8734","2026-08-15T10:06:51.228492200-0500","43.975522300","192.168.0.178","192.168.0.186","25565","25858","3738609","25616","0","0","0x0010"
"8735","2026-08-15T10:06:51.276627400-0500","44.023657500","192.168.0.186","192.168.0.178","25858","25565","25616","3738609","28","0","0x0018"
"8736","2026-08-15T10:06:51.277531300-0500","44.024561400","192.168.0.186","192.168.0.178","25858","25565","25644","3738609","3","0","0x0018"
"8737","2026-08-15T10:06:51.278182400-0500","44.025212500","192.168.0.178","192.168.0.186","25565","25858","3738609","25647","0","0","0x0010"
"8738","2026-08-15T10:06:51.327372300-0500","44.074402400","192.168.0.186","192.168.0.178","25858","25565","25647","3738609","36","0","0x0018"
"8739","2026-08-15T10:06:51.328480500-0500","44.075510600","192.168.0.186","192.168.0.178","25858","25565","25683","3738609","3","0","0x0018"
"8740","2026-08-15T10:06:51.329052200-0500","44.076082300","192.168.0.178","192.168.0.186","25565","25858","3738609","25686","0","0","0x0010"
"8741","2026-08-15T10:06:51.376823900-0500","44.123854000","192.168.0.186","192.168.0.178","25858","25565","25686","3738609","36","0","0x0018"
"8742","2026-08-15T10:06:51.377745600-0500","44.124775700","192.168.0.186","192.168.0.178","25858","25565","25722","3738609","3","0","0x0018"
"8743","2026-08-15T10:06:51.378175000-0500","44.125205100","192.168.0.178","192.168.0.186","25565","25858","3738609","25725","0","0","0x0010"
"8744","2026-08-15T10:06:51.428073500-0500","44.175103600","192.168.0.186","192.168.0.178","25858","25565","25725","3738609","28","0","0x0018"
"8745","2026-08-15T10:06:51.428908200-0500","44.175938300","192.168.0.186","192.168.0.178","25858","25565","25753","3738609","3","0","0x0018"
"8746","2026-08-15T10:06:51.429525100-0500","44.176555200","192.168.0.178","192.168.0.186","25565","25858","3738609","25756","0","0","0x0010"
"8747","2026-08-15T10:06:51.476898500-0500","44.223928600","192.168.0.186","192.168.0.178","25858","25565","25756","3738609","28","0","0x0018"
"8748","2026-08-15T10:06:51.477734400-0500","44.224764500","192.168.0.186","192.168.0.178","25858","25565","25784","3738609","3","0","0x0018"
"8749","2026-08-15T10:06:51.478413800-0500","44.225443900","192.168.0.178","192.168.0.186","25565","25858","3738609","25787","0","0","0x0010"
"8750","2026-08-15T10:06:51.526803700-0500","44.273833800","192.168.0.186","192.168.0.178","25858","25565","25787","3738609","28","0","0x0018"
"8751","2026-08-15T10:06:51.527721900-0500","44.274752000","192.168.0.186","192.168.0.178","25858","25565","25815","3738609","3","0","0x0018"
"8752","2026-08-15T10:06:51.528404500-0500","44.275434600","192.168.0.178","192.168.0.186","25565","25858","3738609","25818","0","0","0x0010"
"8753","2026-08-15T10:06:51.576792500-0500","44.323822600","192.168.0.186","192.168.0.178","25858","25565","25818","3738609","28","0","0x0018"
"8754","2026-08-15T10:06:51.577719600-0500","44.324749700","192.168.0.186","192.168.0.178","25858","25565","25846","3738609","3","0","0x0018"
"8755","2026-08-15T10:06:51.578518100-0500","44.325548200","192.168.0.178","192.168.0.186","25565","25858","3738609","25849","0","0","0x0010"
"8756","2026-08-15T10:06:51.627160300-0500","44.374190400","192.168.0.186","192.168.0.178","25858","25565","25849","3738609","28","0","0x0018"
"8757","2026-08-15T10:06:51.628032800-0500","44.375062900","192.168.0.186","192.168.0.178","25858","25565","25877","3738609","3","0","0x0018"
"8758","2026-08-15T10:06:51.628617800-0500","44.375647900","192.168.0.178","192.168.0.186","25565","25858","3738609","25880","0","0","0x0010"
"8759","2026-08-15T10:06:51.652717900-0500","44.399748000","192.168.0.178","192.168.0.186","25565","25858","3738609","25880","11","0","0x0018"
"8760","2026-08-15T10:06:51.652974200-0500","44.400004300","192.168.0.186","192.168.0.178","25858","25565","25880","3738620","11","0","0x0018"
"8761","2026-08-15T10:06:51.677322700-0500","44.424352800","192.168.0.186","192.168.0.178","25858","25565","25891","3738620","28","0","0x0018"
"8762","2026-08-15T10:06:51.678243800-0500","44.425273900","192.168.0.178","192.168.0.186","25565","25858","3738620","25919","0","0","0x0010"
"8763","2026-08-15T10:06:51.678396300-0500","44.425426400","192.168.0.186","192.168.0.178","25858","25565","25919","3738620","3","0","0x0018"
"8764","2026-08-15T10:06:51.679525900-0500","44.426556000","192.168.0.178","192.168.0.186","25565","25858","3738620","25922","11","0","0x0018"
"8765","2026-08-15T10:06:51.679525900-0500","44.426556000","192.168.0.178","192.168.0.186","25565","25858","3738631","25922","22","0","0x0018"
"8766","2026-08-15T10:06:51.679525900-0500","44.426556000","192.168.0.178","192.168.0.186","25565","25858","3738653","25922","53","0","0x0018"
"8767","2026-08-15T10:06:51.679582100-0500","44.426612200","192.168.0.186","192.168.0.178","25858","25565","25922","3738706","0","0","0x0010"
"8768","2026-08-15T10:06:51.726942900-0500","44.473973000","192.168.0.186","192.168.0.178","25858","25565","25922","3738706","28","0","0x0018"
"8769","2026-08-15T10:06:51.727845300-0500","44.474875400","192.168.0.186","192.168.0.178","25858","25565","25950","3738706","3","0","0x0018"
"8770","2026-08-15T10:06:51.728538200-0500","44.475568300","192.168.0.178","192.168.0.186","25565","25858","3738706","25953","0","0","0x0010"
"8771","2026-08-15T10:06:51.777083800-0500","44.524113900","192.168.0.186","192.168.0.178","25858","25565","25953","3738706","28","0","0x0018"
"8772","2026-08-15T10:06:51.777963600-0500","44.524993700","192.168.0.186","192.168.0.178","25858","25565","25981","3738706","3","0","0x0018"
"8773","2026-08-15T10:06:51.782103300-0500","44.529133400","192.168.0.178","192.168.0.186","25565","25858","3738706","25984","0","0","0x0010"
"8774","2026-08-15T10:06:51.827225200-0500","44.574255300","192.168.0.186","192.168.0.178","25858","25565","25984","3738706","28","0","0x0018"
"8775","2026-08-15T10:06:51.828120000-0500","44.575150100","192.168.0.186","192.168.0.178","25858","25565","26012","3738706","3","0","0x0018"
"8776","2026-08-15T10:06:51.828854100-0500","44.575884200","192.168.0.178","192.168.0.186","25565","25858","3738706","26015","0","0","0x0010"
"8777","2026-08-15T10:06:51.877174300-0500","44.624204400","192.168.0.186","192.168.0.178","25858","25565","26015","3738706","28","0","0x0018"
"8778","2026-08-15T10:06:51.878019500-0500","44.625049600","192.168.0.186","192.168.0.178","25858","25565","26043","3738706","3","0","0x0018"
"8779","2026-08-15T10:06:51.878791800-0500","44.625821900","192.168.0.178","192.168.0.186","25565","25858","3738706","26046","0","0","0x0010"
"8780","2026-08-15T10:06:51.900246500-0500","44.647276600","192.168.0.178","192.168.0.186","25565","25858","3738706","26046","20","0","0x0018"
"8781","2026-08-15T10:06:51.926722900-0500","44.673753000","192.168.0.186","192.168.0.178","25858","25565","26046","3738726","28","0","0x0018"
"8782","2026-08-15T10:06:51.927620000-0500","44.674650100","192.168.0.186","192.168.0.178","25858","25565","26074","3738726","3","0","0x0018"
"8783","2026-08-15T10:06:51.928407000-0500","44.675437100","192.168.0.178","192.168.0.186","25565","25858","3738726","26077","0","0","0x0010"
"8784","2026-08-15T10:06:51.976332600-0500","44.723362700","192.168.0.186","192.168.0.178","25858","25565","26077","3738726","28","0","0x0018"
"8785","2026-08-15T10:06:51.976837500-0500","44.723867600","192.168.0.186","192.168.0.178","25858","25565","26105","3738726","3","0","0x0018"
"8786","2026-08-15T10:06:51.977501100-0500","44.724531200","192.168.0.178","192.168.0.186","25565","25858","3738726","26108","0","0","0x0010"
"8787","2026-08-15T10:06:52.026923800-0500","44.773953900","192.168.0.186","192.168.0.178","25858","25565","26108","3738726","28","0","0x0018"
"8788","2026-08-15T10:06:52.027829200-0500","44.774859300","192.168.0.186","192.168.0.178","25858","25565","26136","3738726","3","0","0x0018"
"8789","2026-08-15T10:06:52.028645900-0500","44.775676000","192.168.0.178","192.168.0.186","25565","25858","3738726","26139","0","0","0x0010"
"8790","2026-08-15T10:06:52.077132200-0500","44.824162300","192.168.0.186","192.168.0.178","25858","25565","26139","3738726","28","0","0x0018"
"8791","2026-08-15T10:06:52.078043900-0500","44.825074000","192.168.0.186","192.168.0.178","25858","25565","26167","3738726","3","0","0x0018"
"8792","2026-08-15T10:06:52.079017700-0500","44.826047800","192.168.0.178","192.168.0.186","25565","25858","3738726","26170","0","0","0x0010"
"8793","2026-08-15T10:06:52.126801200-0500","44.873831300","192.168.0.186","192.168.0.178","25858","25565","26170","3738726","28","0","0x0018"
"8794","2026-08-15T10:06:52.127699200-0500","44.874729300","192.168.0.186","192.168.0.178","25858","25565","26198","3738726","3","0","0x0018"
"8795","2026-08-15T10:06:52.128558300-0500","44.875588400","192.168.0.178","192.168.0.186","25565","25858","3738726","26201","0","0","0x0010"
"8796","2026-08-15T10:06:52.176784100-0500","44.923814200","192.168.0.186","192.168.0.178","25858","25565","26201","3738726","28","0","0x0018"
"8797","2026-08-15T10:06:52.177712200-0500","44.924742300","192.168.0.186","192.168.0.178","25858","25565","26229","3738726","3","0","0x0018"
"8798","2026-08-15T10:06:52.178545600-0500","44.925575700","192.168.0.178","192.168.0.186","25565","25858","3738726","26232","0","0","0x0010"
"8799","2026-08-15T10:06:52.227234200-0500","44.974264300","192.168.0.186","192.168.0.178","25858","25565","26232","3738726","28","0","0x0018"
"8800","2026-08-15T10:06:52.227988500-0500","44.975018600","192.168.0.186","192.168.0.178","25858","25565","26260","3738726","3","0","0x0018"
"8801","2026-08-15T10:06:52.228751800-0500","44.975781900","192.168.0.178","192.168.0.186","25565","25858","3738726","26263","0","0","0x0010"
"8802","2026-08-15T10:06:52.276890900-0500","45.023921000","192.168.0.186","192.168.0.178","25858","25565","26263","3738726","28","0","0x0018"
"8803","2026-08-15T10:06:52.277868000-0500","45.024898100","192.168.0.186","192.168.0.178","25858","25565","26291","3738726","3","0","0x0018"
"8804","2026-08-15T10:06:52.278691600-0500","45.025721700","192.168.0.178","192.168.0.186","25565","25858","3738726","26294","0","0","0x0010"
"8805","2026-08-15T10:06:52.327070500-0500","45.074100600","192.168.0.186","192.168.0.178","25858","25565","26294","3738726","28","0","0x0018"
"8806","2026-08-15T10:06:52.327987400-0500","45.075017500","192.168.0.186","192.168.0.178","25858","25565","26322","3738726","3","0","0x0018"
"8807","2026-08-15T10:06:52.328977900-0500","45.076008000","192.168.0.178","192.168.0.186","25565","25858","3738726","26325","0","0","0x0010"
"8808","2026-08-15T10:06:52.377112400-0500","45.124142500","192.168.0.186","192.168.0.178","25858","25565","26325","3738726","28","0","0x0018"
"8809","2026-08-15T10:06:52.378207100-0500","45.125237200","192.168.0.186","192.168.0.178","25858","25565","26353","3738726","3","0","0x0018"
"8810","2026-08-15T10:06:52.380134200-0500","45.127164300","192.168.0.178","192.168.0.186","25565","25858","3738726","26356","0","0","0x0010"
"8811","2026-08-15T10:06:52.426994400-0500","45.174024500","192.168.0.186","192.168.0.178","25858","25565","26356","3738726","28","0","0x0018"
"8812","2026-08-15T10:06:52.427963800-0500","45.174993900","192.168.0.186","192.168.0.178","25858","25565","26384","3738726","3","0","0x0018"
"8813","2026-08-15T10:06:52.428832600-0500","45.175862700","192.168.0.178","192.168.0.186","25565","25858","3738726","26387","0","0","0x0010"
"8814","2026-08-15T10:06:52.450259000-0500","45.197289100","192.168.0.178","192.168.0.186","25565","25858","3738726","26387","17","0","0x0018"
"8815","2026-08-15T10:06:52.476302800-0500","45.223332900","192.168.0.186","192.168.0.178","25858","25565","26387","3738743","28","0","0x0018"
"8816","2026-08-15T10:06:52.476718600-0500","45.223748700","192.168.0.186","192.168.0.178","25858","25565","26415","3738743","3","0","0x0018"
"8817","2026-08-15T10:06:52.477333800-0500","45.224363900","192.168.0.178","192.168.0.186","25565","25858","3738743","26418","0","0","0x0010"
"8818","2026-08-15T10:06:52.500891100-0500","45.247921200","192.168.0.178","192.168.0.186","25565","25858","3738743","26418","756","0","0x0018"
"8819","2026-08-15T10:06:52.527238400-0500","45.274268500","192.168.0.186","192.168.0.178","25858","25565","26418","3739499","28","0","0x0018"
"8820","2026-08-15T10:06:52.528044500-0500","45.275074600","192.168.0.186","192.168.0.178","25858","25565","26446","3739499","3","0","0x0018"
"8821","2026-08-15T10:06:52.528874000-0500","45.275904100","192.168.0.178","192.168.0.186","25565","25858","3739499","26449","0","0","0x0010"
"8822","2026-08-15T10:06:52.550795700-0500","45.297825800","192.168.0.178","192.168.0.186","25565","25858","3739499","26449","732","0","0x0018"
"8823","2026-08-15T10:06:52.576905200-0500","45.323935300","192.168.0.186","192.168.0.178","25858","25565","26449","3740231","28","0","0x0018"
"8824","2026-08-15T10:06:52.577822600-0500","45.324852700","192.168.0.186","192.168.0.178","25858","25565","26477","3740231","3","0","0x0018"
"8825","2026-08-15T10:06:52.578626700-0500","45.325656800","192.168.0.178","192.168.0.186","25565","25858","3740231","26480","0","0","0x0010"
"8826","2026-08-15T10:06:52.627101200-0500","45.374131300","192.168.0.186","192.168.0.178","25858","25565","26480","3740231","28","0","0x0018"
"8827","2026-08-15T10:06:52.628051100-0500","45.375081200","192.168.0.186","192.168.0.178","25858","25565","26508","3740231","3","0","0x0018"
"8828","2026-08-15T10:06:52.628927400-0500","45.375957500","192.168.0.178","192.168.0.186","25565","25858","3740231","26511","0","0","0x0010"
"8829","2026-08-15T10:06:52.677099700-0500","45.424129800","192.168.0.186","192.168.0.178","25858","25565","26511","3740231","28","0","0x0018"
"8830","2026-08-15T10:06:52.677961800-0500","45.424991900","192.168.0.186","192.168.0.178","25858","25565","26539","3740231","3","0","0x0018"
"8831","2026-08-15T10:06:52.678838100-0500","45.425868200","192.168.0.178","192.168.0.186","25565","25858","3740231","26542","0","0","0x0010"
"8832","2026-08-15T10:06:52.703389700-0500","45.450419800","192.168.0.178","192.168.0.186","25565","25858","3740231","26542","11","0","0x0018"
"8833","2026-08-15T10:06:52.703530900-0500","45.450561000","192.168.0.186","192.168.0.178","25858","25565","26542","3740242","11","0","0x0018"
"8834","2026-08-15T10:06:52.726309000-0500","45.473339100","192.168.0.186","192.168.0.178","25858","25565","26553","3740242","28","0","0x0018"
"8835","2026-08-15T10:06:52.726647100-0500","45.473677200","192.168.0.186","192.168.0.178","25858","25565","26581","3740242","3","0","0x0018"
"8836","2026-08-15T10:06:52.727054100-0500","45.474084200","192.168.0.178","192.168.0.186","25565","25858","3740242","26581","0","0","0x0010"
"8837","2026-08-15T10:06:52.770132600-0500","45.517162700","192.168.0.178","192.168.0.186","25565","25858","3740242","26584","0","0","0x0010"
"8838","2026-08-15T10:06:52.776927700-0500","45.523957800","192.168.0.186","192.168.0.178","25858","25565","26584","3740242","28","0","0x0018"
"8839","2026-08-15T10:06:52.777580100-0500","45.524610200","192.168.0.178","192.168.0.186","25565","25858","3740242","26612","0","0","0x0010"
"8840","2026-08-15T10:06:52.777929100-0500","45.524959200","192.168.0.186","192.168.0.178","25858","25565","26612","3740242","3","0","0x0018"
"8841","2026-08-15T10:06:52.778600300-0500","45.525630400","192.168.0.178","192.168.0.186","25565","25858","3740242","26615","0","0","0x0010"
"8842","2026-08-15T10:06:52.827179900-0500","45.574210000","192.168.0.186","192.168.0.178","25858","25565","26615","3740242","28","0","0x0018"
"8843","2026-08-15T10:06:52.827947700-0500","45.574977800","192.168.0.178","192.168.0.186","25565","25858","3740242","26643","0","0","0x0010"
"8844","2026-08-15T10:06:52.828180700-0500","45.575210800","192.168.0.186","192.168.0.178","25858","25565","26643","3740242","3","0","0x0018"
"8845","2026-08-15T10:06:52.830123200-0500","45.577153300","192.168.0.178","192.168.0.186","25565","25858","3740242","26646","0","0","0x0010"
"8846","2026-08-15T10:06:52.830123200-0500","45.577153300","192.168.0.178","192.168.0.186","25565","25858","3740242","26646","64","0","0x0018"
"8847","2026-08-15T10:06:52.842910400-0500","45.589940500","192.168.0.186","192.168.0.178","25858","25565","26646","3740306","4","0","0x0018"
"8848","2026-08-15T10:06:52.842947300-0500","45.589977400","192.168.0.186","192.168.0.178","25858","25565","26650","3740306","36","0","0x0018"
"8849","2026-08-15T10:06:52.843617500-0500","45.590647600","192.168.0.178","192.168.0.186","25565","25858","3740306","26686","0","0","0x0010"
"8850","2026-08-15T10:06:52.876727000-0500","45.623757100","192.168.0.186","192.168.0.178","25858","25565","26686","3740306","28","0","0x0018"
"8851","2026-08-15T10:06:52.877688100-0500","45.624718200","192.168.0.186","192.168.0.178","25858","25565","26714","3740306","3","0","0x0018"
"8852","2026-08-15T10:06:52.878443000-0500","45.625473100","192.168.0.178","192.168.0.186","25565","25858","3740306","26717","0","0","0x0010"
"8853","2026-08-15T10:06:52.901697300-0500","45.648727400","192.168.0.178","192.168.0.186","25565","25858","3740306","26717","20","0","0x0018"
"8854","2026-08-15T10:06:52.927363100-0500","45.674393200","192.168.0.186","192.168.0.178","25858","25565","26717","3740326","36","0","0x0018"
"8855","2026-08-15T10:06:52.928189300-0500","45.675219400","192.168.0.186","192.168.0.178","25858","25565","26753","3740326","3","0","0x0018"
"8856","2026-08-15T10:06:52.928990100-0500","45.676020200","192.168.0.178","192.168.0.186","25565","25858","3740326","26756","0","0","0x0010"
"8857","2026-08-15T10:06:52.976966100-0500","45.723996200","192.168.0.186","192.168.0.178","25858","25565","26756","3740326","36","0","0x0018"
"8858","2026-08-15T10:06:52.977646500-0500","45.724676600","192.168.0.186","192.168.0.178","25858","25565","26792","3740326","3","0","0x0018"
"8859","2026-08-15T10:06:52.978379400-0500","45.725409500","192.168.0.178","192.168.0.186","25565","25858","3740326","26795","0","0","0x0010"
"8860","2026-08-15T10:06:53.027178200-0500","45.774208300","192.168.0.186","192.168.0.178","25858","25565","26795","3740326","28","0","0x0018"
"8861","2026-08-15T10:06:53.027894100-0500","45.774924200","192.168.0.186","192.168.0.178","25858","25565","26823","3740326","3","0","0x0018"
"8862","2026-08-15T10:06:53.028595300-0500","45.775625400","192.168.0.178","192.168.0.186","25565","25858","3740326","26826","0","0","0x0010"
"8863","2026-08-15T10:06:53.076883500-0500","45.823913600","192.168.0.186","192.168.0.178","25858","25565","26826","3740326","28","0","0x0018"
"8864","2026-08-15T10:06:53.077761600-0500","45.824791700","192.168.0.186","192.168.0.178","25858","25565","26854","3740326","3","0","0x0018"
"8865","2026-08-15T10:06:53.078396900-0500","45.825427000","192.168.0.178","192.168.0.186","25565","25858","3740326","26857","0","0","0x0010"
"8866","2026-08-15T10:06:53.127239100-0500","45.874269200","192.168.0.186","192.168.0.178","25858","25565","26857","3740326","28","0","0x0018"
"8867","2026-08-15T10:06:53.128102900-0500","45.875133000","192.168.0.186","192.168.0.178","25858","25565","26885","3740326","3","0","0x0018"
"8868","2026-08-15T10:06:53.128901200-0500","45.875931300","192.168.0.178","192.168.0.186","25565","25858","3740326","26888","0","0","0x0010"
"8869","2026-08-15T10:06:53.176767200-0500","45.923797300","192.168.0.186","192.168.0.178","25858","25565","26888","3740326","28","0","0x0018"
"8870","2026-08-15T10:06:53.177671800-0500","45.924701900","192.168.0.186","192.168.0.178","25858","25565","26916","3740326","3","0","0x0018"
"8871","2026-08-15T10:06:53.178409200-0500","45.925439300","192.168.0.178","192.168.0.186","25565","25858","3740326","26919","0","0","0x0010"
"8872","2026-08-15T10:06:53.227202400-0500","45.974232500","192.168.0.186","192.168.0.178","25858","25565","26919","3740326","36","0","0x0018"
"8873","2026-08-15T10:06:53.228125000-0500","45.975155100","192.168.0.186","192.168.0.178","25858","25565","26955","3740326","3","0","0x0018"
"8874","2026-08-15T10:06:53.228802100-0500","45.975832200","192.168.0.178","192.168.0.186","25565","25858","3740326","26958","0","0","0x0010"
"8875","2026-08-15T10:06:53.276541100-0500","46.023571200","192.168.0.186","192.168.0.178","25858","25565","26958","3740326","36","0","0x0018"
"8876","2026-08-15T10:06:53.277131700-0500","46.024161800","192.168.0.186","192.168.0.178","25858","25565","26994","3740326","3","0","0x0018"
"8877","2026-08-15T10:06:53.277792900-0500","46.024823000","192.168.0.178","192.168.0.186","25565","25858","3740326","26997","0","0","0x0010"
"8878","2026-08-15T10:06:53.327074800-0500","46.074104900","192.168.0.186","192.168.0.178","25858","25565","26997","3740326","28","0","0x0018"
"8879","2026-08-15T10:06:53.327978300-0500","46.075008400","192.168.0.186","192.168.0.178","25858","25565","27025","3740326","3","0","0x0018"
"8880","2026-08-15T10:06:53.328661100-0500","46.075691200","192.168.0.178","192.168.0.186","25565","25858","3740326","27028","0","0","0x0010"
"8881","2026-08-15T10:06:53.376764700-0500","46.123794800","192.168.0.186","192.168.0.178","25858","25565","27028","3740326","28","0","0x0018"
"8882","2026-08-15T10:06:53.378028800-0500","46.125058900","192.168.0.186","192.168.0.178","25858","25565","27056","3740326","3","0","0x0018"
"8883","2026-08-15T10:06:53.378509500-0500","46.125539600","192.168.0.178","192.168.0.186","25565","25858","3740326","27059","0","0","0x0010"
"8884","2026-08-15T10:06:53.426851400-0500","46.173881500","192.168.0.186","192.168.0.178","25858","25565","27059","3740326","28","0","0x0018"
"8885","2026-08-15T10:06:53.427831300-0500","46.174861400","192.168.0.186","192.168.0.178","25858","25565","27087","3740326","3","0","0x0018"
"8886","2026-08-15T10:06:53.428638800-0500","46.175668900","192.168.0.178","192.168.0.186","25565","25858","3740326","27090","0","0","0x0010"
"8887","2026-08-15T10:06:53.476637500-0500","46.223667600","192.168.0.186","192.168.0.178","25858","25565","27090","3740326","28","0","0x0018"
"8888","2026-08-15T10:06:53.477544300-0500","46.224574400","192.168.0.186","192.168.0.178","25858","25565","27118","3740326","3","0","0x0018"
"8889","2026-08-15T10:06:53.478337200-0500","46.225367300","192.168.0.178","192.168.0.186","25565","25858","3740326","27121","0","0","0x0010"
"8890","2026-08-15T10:06:53.526689100-0500","46.273719200","192.168.0.186","192.168.0.178","25858","25565","27121","3740326","28","0","0x0018"
"8891","2026-08-15T10:06:53.527343300-0500","46.274373400","192.168.0.186","192.168.0.178","25858","25565","27149","3740326","3","0","0x0018"
"8892","2026-08-15T10:06:53.528036400-0500","46.275066500","192.168.0.178","192.168.0.186","25565","25858","3740326","27152","0","0","0x0010"
"8893","2026-08-15T10:06:53.577039300-0500","46.324069400","192.168.0.186","192.168.0.178","25858","25565","27152","3740326","28","0","0x0018"
"8894","2026-08-15T10:06:53.577904100-0500","46.324934200","192.168.0.186","192.168.0.178","25858","25565","27180","3740326","3","0","0x0018"
"8895","2026-08-15T10:06:53.578762400-0500","46.325792500","192.168.0.178","192.168.0.186","25565","25858","3740326","27183","0","0","0x0010"
"8896","2026-08-15T10:06:53.627264700-0500","46.374294800","192.168.0.186","192.168.0.178","25858","25565","27183","3740326","28","0","0x0018"
"8897","2026-08-15T10:06:53.628198200-0500","46.375228300","192.168.0.186","192.168.0.178","25858","25565","27211","3740326","3","0","0x0018"
"8898","2026-08-15T10:06:53.628844500-0500","46.375874600","192.168.0.178","192.168.0.186","25565","25858","3740326","27214","0","0","0x0010"
"8899","2026-08-15T10:06:53.676804800-0500","46.423834900","192.168.0.186","192.168.0.178","25858","25565","27214","3740326","28","0","0x0018"
"8900","2026-08-15T10:06:53.677737000-0500","46.424767100","192.168.0.186","192.168.0.178","25858","25565","27242","3740326","3","0","0x0018"
"8901","2026-08-15T10:06:53.678424500-0500","46.425454600","192.168.0.178","192.168.0.186","25565","25858","3740326","27245","0","0","0x0010"
"8902","2026-08-15T10:06:53.704324800-0500","46.451354900","192.168.0.178","192.168.0.186","25565","25858","3740326","27245","11","0","0x0018"
"8903","2026-08-15T10:06:53.704517300-0500","46.451547400","192.168.0.186","192.168.0.178","25858","25565","27245","3740337","11","0","0x0018"
"8904","2026-08-15T10:06:53.727199300-0500","46.474229400","192.168.0.186","192.168.0.178","25858","25565","27256","3740337","28","0","0x0018"
"8905","2026-08-15T10:06:53.727928900-0500","46.474959000","192.168.0.178","192.168.0.186","25565","25858","3740337","27284","0","0","0x0010"
"8906","2026-08-15T10:06:53.728044700-0500","46.475074800","192.168.0.186","192.168.0.178","25858","25565","27284","3740337","3","0","0x0018"
"8907","2026-08-15T10:06:53.750943600-0500","46.497973700","192.168.0.178","192.168.0.186","25565","25858","3740337","27287","12","0","0x0018"
"8908","2026-08-15T10:06:53.776514200-0500","46.523544300","192.168.0.186","192.168.0.178","25858","25565","27287","3740349","28","0","0x0018"
"8909","2026-08-15T10:06:53.776955200-0500","46.523985300","192.168.0.186","192.168.0.178","25858","25565","27315","3740349","3","0","0x0018"
"8910","2026-08-15T10:06:53.777655300-0500","46.524685400","192.168.0.178","192.168.0.186","25565","25858","3740349","27318","0","0","0x0010"
"8911","2026-08-15T10:06:53.827111700-0500","46.574141800","192.168.0.186","192.168.0.178","25858","25565","27318","3740349","28","0","0x0018"
"8912","2026-08-15T10:06:53.828070900-0500","46.575101000","192.168.0.186","192.168.0.178","25858","25565","27346","3740349","3","0","0x0018"
"8913","2026-08-15T10:06:53.828741100-0500","46.575771200","192.168.0.178","192.168.0.186","25565","25858","3740349","27349","0","0","0x0010"
"8914","2026-08-15T10:06:53.876883700-0500","46.623913800","192.168.0.186","192.168.0.178","25858","25565","27349","3740349","28","0","0x0018"
"8915","2026-08-15T10:06:53.877828400-0500","46.624858500","192.168.0.186","192.168.0.178","25858","25565","27377","3740349","3","0","0x0018"
"8916","2026-08-15T10:06:53.878139300-0500","46.625169400","192.168.0.178","192.168.0.186","25565","25858","3740349","27377","11","0","0x0018"
"8917","2026-08-15T10:06:53.878139300-0500","46.625169400","192.168.0.178","192.168.0.186","25565","25858","3740360","27377","22","0","0x0018"
"8918","2026-08-15T10:06:53.878202900-0500","46.625233000","192.168.0.186","192.168.0.178","25858","25565","27380","3740382","0","0","0x0010"
"8919","2026-08-15T10:06:53.878299400-0500","46.625329500","192.168.0.178","192.168.0.186","25565","25858","3740382","27377","22","0","0x0018"
"8920","2026-08-15T10:06:53.878661500-0500","46.625691600","192.168.0.178","192.168.0.186","25565","25858","3740404","27380","11","0","0x0018"
"8921","2026-08-15T10:06:53.878661500-0500","46.625691600","192.168.0.178","192.168.0.186","25565","25858","3740415","27380","11","0","0x0018"
"8922","2026-08-15T10:06:53.878714000-0500","46.625744100","192.168.0.186","192.168.0.178","25858","25565","27380","3740426","0","0","0x0010"
"8923","2026-08-15T10:06:53.878777100-0500","46.625807200","192.168.0.178","192.168.0.186","25565","25858","3740426","27380","11","0","0x0018"
"8924","2026-08-15T10:06:53.878777100-0500","46.625807200","192.168.0.178","192.168.0.186","25565","25858","3740437","27380","11","0","0x0018"
"8925","2026-08-15T10:06:53.878777100-0500","46.625807200","192.168.0.178","192.168.0.186","25565","25858","3740448","27380","9","0","0x0018"
"8926","2026-08-15T10:06:53.878794800-0500","46.625824900","192.168.0.186","192.168.0.178","25858","25565","27380","3740457","0","0","0x0010"
"8927","2026-08-15T10:06:53.904084000-0500","46.651114100","192.168.0.178","192.168.0.186","25565","25858","3740457","27380","20","0","0x0018"
"8928","2026-08-15T10:06:53.926883200-0500","46.673913300","192.168.0.186","192.168.0.178","25858","25565","27380","3740477","28","0","0x0018"
"8929","2026-08-15T10:06:53.927725200-0500","46.674755300","192.168.0.186","192.168.0.178","25858","25565","27408","3740477","3","0","0x0018"
"8930","2026-08-15T10:06:53.928498200-0500","46.675528300","192.168.0.178","192.168.0.186","25565","25858","3740477","27411","0","0","0x0010"
"8931","2026-08-15T10:06:53.976909500-0500","46.723939600","192.168.0.186","192.168.0.178","25858","25565","27411","3740477","28","0","0x0018"
"8932","2026-08-15T10:06:53.977801400-0500","46.724831500","192.168.0.186","192.168.0.178","25858","25565","27439","3740477","3","0","0x0018"
"8933","2026-08-15T10:06:53.978659100-0500","46.725689200","192.168.0.178","192.168.0.186","25565","25858","3740477","27442","0","0","0x0010"
"8934","2026-08-15T10:06:54.026485800-0500","46.773515900","192.168.0.186","192.168.0.178","25858","25565","27442","3740477","28","0","0x0018"
"8935","2026-08-15T10:06:54.026841900-0500","46.773872000","192.168.0.186","192.168.0.178","25858","25565","27470","3740477","3","0","0x0018"
"8936","2026-08-15T10:06:54.027603300-0500","46.774633400","192.168.0.178","192.168.0.186","25565","25858","3740477","27473","0","0","0x0010"
"8937","2026-08-15T10:06:54.077259700-0500","46.824289800","192.168.0.186","192.168.0.178","25858","25565","27473","3740477","36","0","0x0018"
"8938","2026-08-15T10:06:54.078124200-0500","46.825154300","192.168.0.186","192.168.0.178","25858","25565","27509","3740477","3","0","0x0018"
"8939","2026-08-15T10:06:54.078910400-0500","46.825940500","192.168.0.178","192.168.0.186","25565","25858","3740477","27512","0","0","0x0010"
"8940","2026-08-15T10:06:54.127198300-0500","46.874228400","192.168.0.186","192.168.0.178","25858","25565","27512","3740477","28","0","0x0018"
"8941","2026-08-15T10:06:54.128126000-0500","46.875156100","192.168.0.186","192.168.0.178","25858","25565","27540","3740477","3","0","0x0018"
"8942","2026-08-15T10:06:54.128587000-0500","46.875617100","192.168.0.178","192.168.0.186","25565","25858","3740477","27543","0","0","0x0010"
"8943","2026-08-15T10:06:54.176870800-0500","46.923900900","192.168.0.186","192.168.0.178","25858","25565","27543","3740477","28","0","0x0018"
"8944","2026-08-15T10:06:54.177800000-0500","46.924830100","192.168.0.186","192.168.0.178","25858","25565","27571","3740477","3","0","0x0018"
"8945","2026-08-15T10:06:54.178476500-0500","46.925506600","192.168.0.178","192.168.0.186","25565","25858","3740477","27574","0","0","0x0010"
"8946","2026-08-15T10:06:54.226837100-0500","46.973867200","192.168.0.186","192.168.0.178","25858","25565","27574","3740477","36","0","0x0018"
"8947","2026-08-15T10:06:54.227782400-0500","46.974812500","192.168.0.186","192.168.0.178","25858","25565","27610","3740477","3","0","0x0018"
"8948","2026-08-15T10:06:54.228652700-0500","46.975682800","192.168.0.178","192.168.0.186","25565","25858","3740477","27613","0","0","0x0010"
"8949","2026-08-15T10:06:54.276178400-0500","47.023208500","192.168.0.186","192.168.0.178","25858","25565","27613","3740477","28","0","0x0018"
"8950","2026-08-15T10:06:54.276692800-0500","47.023722900","192.168.0.186","192.168.0.178","25858","25565","27641","3740477","3","0","0x0018"
"8951","2026-08-15T10:06:54.277309600-0500","47.024339700","192.168.0.178","192.168.0.186","25565","25858","3740477","27644","0","0","0x0010"
"8952","2026-08-15T10:06:54.327472300-0500","47.074502400","192.168.0.186","192.168.0.178","25858","25565","27644","3740477","28","0","0x0018"
"8953","2026-08-15T10:06:54.328383800-0500","47.075413900","192.168.0.186","192.168.0.178","25858","25565","27672","3740477","3","0","0x0018"
"8954","2026-08-15T10:06:54.329029600-0500","47.076059700","192.168.0.178","192.168.0.186","25565","25858","3740477","27675","0","0","0x0010"
"8955","2026-08-15T10:06:54.377044600-0500","47.124074700","192.168.0.186","192.168.0.178","25858","25565","27675","3740477","28","0","0x0018"
"8956","2026-08-15T10:06:54.378108400-0500","47.125138500","192.168.0.186","192.168.0.178","25858","25565","27703","3740477","3","0","0x0018"
"8957","2026-08-15T10:06:54.378875000-0500","47.125905100","192.168.0.178","192.168.0.186","25565","25858","3740477","27706","0","0","0x0010"
"8958","2026-08-15T10:06:54.426846500-0500","47.173876600","192.168.0.186","192.168.0.178","25858","25565","27706","3740477","28","0","0x0018"
"8959","2026-08-15T10:06:54.427831000-0500","47.174861100","192.168.0.186","192.168.0.178","25858","25565","27734","3740477","3","0","0x0018"
"8960","2026-08-15T10:06:54.428718300-0500","47.175748400","192.168.0.178","192.168.0.186","25565","25858","3740477","27737","0","0","0x0010"
"8961","2026-08-15T10:06:54.477042200-0500","47.224072300","192.168.0.186","192.168.0.178","25858","25565","27737","3740477","28","0","0x0018"
"8962","2026-08-15T10:06:54.477941700-0500","47.224971800","192.168.0.186","192.168.0.178","25858","25565","27765","3740477","3","0","0x0018"
"8963","2026-08-15T10:06:54.478794400-0500","47.225824500","192.168.0.178","192.168.0.186","25565","25858","3740477","27768","0","0","0x0010"
"8964","2026-08-15T10:06:54.525836700-0500","47.272866800","192.168.0.186","192.168.0.178","25858","25565","27768","3740477","28","0","0x0018"
"8965","2026-08-15T10:06:54.526198800-0500","47.273228900","192.168.0.186","192.168.0.178","25858","25565","27796","3740477","3","0","0x0018"
"8966","2026-08-15T10:06:54.526684500-0500","47.273714600","192.168.0.178","192.168.0.186","25565","25858","3740477","27799","0","0","0x0010"
"8967","2026-08-15T10:06:54.577057800-0500","47.324087900","192.168.0.186","192.168.0.178","25858","25565","27799","3740477","28","0","0x0018"
"8968","2026-08-15T10:06:54.578001500-0500","47.325031600","192.168.0.186","192.168.0.178","25858","25565","27827","3740477","3","0","0x0018"
"8969","2026-08-15T10:06:54.578645400-0500","47.325675500","192.168.0.178","192.168.0.186","25565","25858","3740477","27830","0","0","0x0010"
"8970","2026-08-15T10:06:54.627408800-0500","47.374438900","192.168.0.186","192.168.0.178","25858","25565","27830","3740477","28","0","0x0018"
"8971","2026-08-15T10:06:54.628327300-0500","47.375357400","192.168.0.186","192.168.0.178","25858","25565","27858","3740477","3","0","0x0018"
"8972","2026-08-15T10:06:54.628729300-0500","47.375759400","192.168.0.178","192.168.0.186","25565","25858","3740477","27861","0","0","0x0010"
"8973","2026-08-15T10:06:54.676724900-0500","47.423755000","192.168.0.186","192.168.0.178","25858","25565","27861","3740477","28","0","0x0018"
"8974","2026-08-15T10:06:54.677691700-0500","47.424721800","192.168.0.186","192.168.0.178","25858","25565","27889","3740477","3","0","0x0018"
"8975","2026-08-15T10:06:54.678406600-0500","47.425436700","192.168.0.178","192.168.0.186","25565","25858","3740477","27892","0","0","0x0010"
"8976","2026-08-15T10:06:54.706606000-0500","47.453636100","192.168.0.178","192.168.0.186","25565","25858","3740477","27892","11","0","0x0018"
"8977","2026-08-15T10:06:54.706758100-0500","47.453788200","192.168.0.186","192.168.0.178","25858","25565","27892","3740488","11","0","0x0018"
"8978","2026-08-15T10:06:54.727018600-0500","47.474048700","192.168.0.186","192.168.0.178","25858","25565","27903","3740488","28","0","0x0018"
"8979","2026-08-15T10:06:54.727621700-0500","47.474651800","192.168.0.178","192.168.0.186","25565","25858","3740488","27931","0","0","0x0010"
"8980","2026-08-15T10:06:54.727922500-0500","47.474952600","192.168.0.186","192.168.0.178","25858","25565","27931","3740488","3","0","0x0018"
"8981","2026-08-15T10:06:54.770101500-0500","47.517131600","192.168.0.178","192.168.0.186","25565","25858","3740488","27934","0","0","0x0010"
"8982","2026-08-15T10:06:54.776944000-0500","47.523974100","192.168.0.186","192.168.0.178","25858","25565","27934","3740488","28","0","0x0018"
"8983","2026-08-15T10:06:54.777677100-0500","47.524707200","192.168.0.178","192.168.0.186","25565","25858","3740488","27962","0","0","0x0010"
"8984","2026-08-15T10:06:54.777866200-0500","47.524896300","192.168.0.186","192.168.0.178","25858","25565","27962","3740488","3","0","0x0018"
"8985","2026-08-15T10:06:54.778569000-0500","47.525599100","192.168.0.178","192.168.0.186","25565","25858","3740488","27965","0","0","0x0010"
"8986","2026-08-15T10:06:54.827273500-0500","47.574303600","192.168.0.186","192.168.0.178","25858","25565","27965","3740488","28","0","0x0018"
"8987","2026-08-15T10:06:54.827900400-0500","47.574930500","192.168.0.178","192.168.0.186","25565","25858","3740488","27993","0","0","0x0010"
"8988","2026-08-15T10:06:54.828174700-0500","47.575204800","192.168.0.186","192.168.0.178","25858","25565","27993","3740488","3","0","0x0018"
"8989","2026-08-15T10:06:54.828863900-0500","47.575894000","192.168.0.178","192.168.0.186","25565","25858","3740488","27996","0","0","0x0010"
"8990","2026-08-15T10:06:54.876707800-0500","47.623737900","192.168.0.186","192.168.0.178","25858","25565","27996","3740488","28","0","0x0018"
"8991","2026-08-15T10:06:54.877440400-0500","47.624470500","192.168.0.178","192.168.0.186","25565","25858","3740488","28024","0","0","0x0010"
"8992","2026-08-15T10:06:54.877643500-0500","47.624673600","192.168.0.186","192.168.0.178","25858","25565","28024","3740488","3","0","0x0018"
"8993","2026-08-15T10:06:54.878306100-0500","47.625336200","192.168.0.178","192.168.0.186","25565","25858","3740488","28027","0","0","0x0010"
"8994","2026-08-15T10:06:54.901270900-0500","47.648301000","192.168.0.178","192.168.0.186","25565","25858","3740488","28027","20","0","0x0018"
"8995","2026-08-15T10:06:54.927036500-0500","47.674066600","192.168.0.186","192.168.0.178","25858","25565","28027","3740508","28","0","0x0018"
"8996","2026-08-15T10:06:54.927885700-0500","47.674915800","192.168.0.186","192.168.0.178","25858","25565","28055","3740508","3","0","0x0018"
"8997","2026-08-15T10:06:54.928795500-0500","47.675825600","192.168.0.178","192.168.0.186","25565","25858","3740508","28058","0","0","0x0010"
"8998","2026-08-15T10:06:54.976755600-0500","47.723785700","192.168.0.186","192.168.0.178","25858","25565","28058","3740508","28","0","0x0018"
"8999","2026-08-15T10:06:54.977584400-0500","47.724614500","192.168.0.186","192.168.0.178","25858","25565","28086","3740508","3","0","0x0018"
"9000","2026-08-15T10:06:54.978237700-0500","47.725267800","192.168.0.178","192.168.0.186","25565","25858","3740508","28089","0","0","0x0010"
"9001","2026-08-15T10:06:55.027077200-0500","47.774107300","192.168.0.186","192.168.0.178","25858","25565","28089","3740508","28","0","0x0018"
"9002","2026-08-15T10:06:55.027978400-0500","47.775008500","192.168.0.186","192.168.0.178","25858","25565","28117","3740508","3","0","0x0018"
"9003","2026-08-15T10:06:55.028640200-0500","47.775670300","192.168.0.178","192.168.0.186","25565","25858","3740508","28120","0","0","0x0010"
"9004","2026-08-15T10:06:55.052530200-0500","47.799560300","192.168.0.178","192.168.0.186","25565","25858","3740508","28120","1460","0","0x0010"
"9005","2026-08-15T10:06:55.052530200-0500","47.799560300","192.168.0.178","192.168.0.186","25565","25858","3741968","28120","1460","0","0x0010"
"9006","2026-08-15T10:06:55.052578100-0500","47.799608200","192.168.0.186","192.168.0.178","25858","25565","28120","3743428","0","0","0x0010"
"9007","2026-08-15T10:06:55.052643200-0500","47.799673300","192.168.0.178","192.168.0.186","25565","25858","3743428","28120","1460","0","0x0010"
"9008","2026-08-15T10:06:55.052905300-0500","47.799935400","192.168.0.178","192.168.0.186","25565","25858","3744888","28120","1460","0","0x0010"
"9009","2026-08-15T10:06:55.052905300-0500","47.799935400","192.168.0.178","192.168.0.186","25565","25858","3746348","28120","1296","0","0x0018"
"9010","2026-08-15T10:06:55.052937000-0500","47.799967100","192.168.0.186","192.168.0.178","25858","25565","28120","3747644","0","0","0x0010"
"9011","2026-08-15T10:06:55.076521900-0500","47.823552000","192.168.0.186","192.168.0.178","25858","25565","28120","3747644","28","0","0x0018"
"9012","2026-08-15T10:06:55.076972600-0500","47.824002700","192.168.0.186","192.168.0.178","25858","25565","28148","3747644","3","0","0x0018"
"9013","2026-08-15T10:06:55.077481800-0500","47.824511900","192.168.0.178","192.168.0.186","25565","25858","3747644","28151","0","0","0x0010"
"9014","2026-08-15T10:06:55.127108800-0500","47.874138900","192.168.0.186","192.168.0.178","25858","25565","28151","3747644","28","0","0x0018"
"9015","2026-08-15T10:06:55.128096300-0500","47.875126400","192.168.0.186","192.168.0.178","25858","25565","28179","3747644","3","0","0x0018"
"9016","2026-08-15T10:06:55.128946800-0500","47.875976900","192.168.0.178","192.168.0.186","25565","25858","3747644","28182","0","0","0x0010"
"9017","2026-08-15T10:06:55.176812300-0500","47.923842400","192.168.0.186","192.168.0.178","25858","25565","28182","3747644","28","0","0x0018"
"9018","2026-08-15T10:06:55.177764600-0500","47.924794700","192.168.0.186","192.168.0.178","25858","25565","28210","3747644","3","0","0x0018"
"9019","2026-08-15T10:06:55.178546400-0500","47.925576500","192.168.0.178","192.168.0.186","25565","25858","3747644","28213","0","0","0x0010"
"9020","2026-08-15T10:06:55.227090300-0500","47.974120400","192.168.0.186","192.168.0.178","25858","25565","28213","3747644","28","0","0x0018"
"9021","2026-08-15T10:06:55.228152900-0500","47.975183000","192.168.0.186","192.168.0.178","25858","25565","28241","3747644","3","0","0x0018"
"9022","2026-08-15T10:06:55.228991700-0500","47.976021800","192.168.0.178","192.168.0.186","25565","25858","3747644","28244","0","0","0x0010"
"9023","2026-08-15T10:06:55.277045900-0500","48.024076000","192.168.0.186","192.168.0.178","25858","25565","28244","3747644","28","0","0x0018"
"9024","2026-08-15T10:06:55.278058600-0500","48.025088700","192.168.0.186","192.168.0.178","25858","25565","28272","3747644","3","0","0x0018"
"9025","2026-08-15T10:06:55.278760500-0500","48.025790600","192.168.0.178","192.168.0.186","25565","25858","3747644","28275","0","0","0x0010"
"9026","2026-08-15T10:06:55.326401900-0500","48.073432000","192.168.0.186","192.168.0.178","25858","25565","28275","3747644","28","0","0x0018"
"9027","2026-08-15T10:06:55.326737300-0500","48.073767400","192.168.0.186","192.168.0.178","25858","25565","28303","3747644","3","0","0x0018"
"9028","2026-08-15T10:06:55.327379900-0500","48.074410000","192.168.0.178","192.168.0.186","25565","25858","3747644","28306","0","0","0x0010"
"9029","2026-08-15T10:06:55.351962200-0500","48.098992300","192.168.0.178","192.168.0.186","25565","25858","3747644","28306","1460","0","0x0010"
"9030","2026-08-15T10:06:55.351962200-0500","48.098992300","192.168.0.178","192.168.0.186","25565","25858","3749104","28306","1460","0","0x0010"
"9031","2026-08-15T10:06:55.352042600-0500","48.099072700","192.168.0.186","192.168.0.178","25858","25565","28306","3750564","0","0","0x0010"
"9032","2026-08-15T10:06:55.352133500-0500","48.099163600","192.168.0.178","192.168.0.186","25565","25858","3750564","28306","898","0","0x0018"
"9033","2026-08-15T10:06:55.376838500-0500","48.123868600","192.168.0.186","192.168.0.178","25858","25565","28306","3751462","28","0","0x0018"
"9034","2026-08-15T10:06:55.378016600-0500","48.125046700","192.168.0.186","192.168.0.178","25858","25565","28334","3751462","3","0","0x0018"
"9035","2026-08-15T10:06:55.378734500-0500","48.125764600","192.168.0.178","192.168.0.186","25565","25858","3751462","28337","0","0","0x0010"
"9036","2026-08-15T10:06:55.426877600-0500","48.173907700","192.168.0.186","192.168.0.178","25858","25565","28337","3751462","28","0","0x0018"
"9037","2026-08-15T10:06:55.428250100-0500","48.175280200","192.168.0.186","192.168.0.178","25858","25565","28365","3751462","3","0","0x0018"
"9038","2026-08-15T10:06:55.428870600-0500","48.175900700","192.168.0.178","192.168.0.186","25565","25858","3751462","28368","0","0","0x0010"
"9039","2026-08-15T10:06:55.476779300-0500","48.223809400","192.168.0.186","192.168.0.178","25858","25565","28368","3751462","28","0","0x0018"
"9040","2026-08-15T10:06:55.477741000-0500","48.224771100","192.168.0.186","192.168.0.178","25858","25565","28396","3751462","3","0","0x0018"
"9041","2026-08-15T10:06:55.478378800-0500","48.225408900","192.168.0.178","192.168.0.186","25565","25858","3751462","28399","0","0","0x0010"
"9042","2026-08-15T10:06:55.527119900-0500","48.274150000","192.168.0.186","192.168.0.178","25858","25565","28399","3751462","28","0","0x0018"
"9043","2026-08-15T10:06:55.528094400-0500","48.275124500","192.168.0.186","192.168.0.178","25858","25565","28427","3751462","3","0","0x0018"
"9044","2026-08-15T10:06:55.528941400-0500","48.275971500","192.168.0.178","192.168.0.186","25565","25858","3751462","28430","0","0","0x0010"
"9045","2026-08-15T10:06:55.576872900-0500","48.323903000","192.168.0.186","192.168.0.178","25858","25565","28430","3751462","28","0","0x0018"
"9046","2026-08-15T10:06:55.577975300-0500","48.325005400","192.168.0.186","192.168.0.178","25858","25565","28458","3751462","3","0","0x0018"
"9047","2026-08-15T10:06:55.578348800-0500","48.325378900","192.168.0.178","192.168.0.186","25565","25858","3751462","28461","0","0","0x0010"
"9048","2026-08-15T10:06:55.627226400-0500","48.374256500","192.168.0.186","192.168.0.178","25858","25565","28461","3751462","28","0","0x0018"
"9049","2026-08-15T10:06:55.628118500-0500","48.375148600","192.168.0.186","192.168.0.178","25858","25565","28489","3751462","3","0","0x0018"
"9050","2026-08-15T10:06:55.628964600-0500","48.375994700","192.168.0.178","192.168.0.186","25565","25858","3751462","28492","0","0","0x0010"
"9051","2026-08-15T10:06:55.677076600-0500","48.424106700","192.168.0.186","192.168.0.178","25858","25565","28492","3751462","28","0","0x0018"
"9052","2026-08-15T10:06:55.678174200-0500","48.425204300","192.168.0.186","192.168.0.178","25858","25565","28520","3751462","3","0","0x0018"
"9053","2026-08-15T10:06:55.678958800-0500","48.425988900","192.168.0.178","192.168.0.186","25565","25858","3751462","28523","0","0","0x0010"
"9054","2026-08-15T10:06:55.726985200-0500","48.474015300","192.168.0.186","192.168.0.178","25858","25565","28523","3751462","28","0","0x0018"
"9055","2026-08-15T10:06:55.728209200-0500","48.475239300","192.168.0.186","192.168.0.178","25858","25565","28551","3751462","3","0","0x0018"
"9056","2026-08-15T10:06:55.728928600-0500","48.475958700","192.168.0.178","192.168.0.186","25565","25858","3751462","28554","0","0","0x0010"
"9057","2026-08-15T10:06:55.758090200-0500","48.505120300","192.168.0.178","192.168.0.186","25565","25858","3751462","28554","1460","0","0x0010"
"9058","2026-08-15T10:06:55.758090200-0500","48.505120300","192.168.0.178","192.168.0.186","25565","25858","3752922","28554","1460","0","0x0010"
"9059","2026-08-15T10:06:55.758156100-0500","48.505186200","192.168.0.186","192.168.0.178","25858","25565","28554","3754382","0","0","0x0010"
"9060","2026-08-15T10:06:55.758224000-0500","48.505254100","192.168.0.178","192.168.0.186","25565","25858","3754382","28554","1460","0","0x0010"
"9061","2026-08-15T10:06:55.758478800-0500","48.505508900","192.168.0.178","192.168.0.186","25565","25858","3755842","28554","1460","0","0x0010"
"9062","2026-08-15T10:06:55.758478800-0500","48.505508900","192.168.0.178","192.168.0.186","25565","25858","3757302","28554","1460","0","0x0018"
"9063","2026-08-15T10:06:55.758532100-0500","48.505562200","192.168.0.186","192.168.0.178","25858","25565","28554","3758762","0","0","0x0010"
"9064","2026-08-15T10:06:55.758578900-0500","48.505609000","192.168.0.178","192.168.0.186","25565","25858","3758762","28554","1460","0","0x0010"
"9065","2026-08-15T10:06:55.758600700-0500","48.505630800","192.168.0.186","192.168.0.178","25858","25565","28554","3760222","0","0","0x0010"
"9066","2026-08-15T10:06:55.759093400-0500","48.506123500","192.168.0.178","192.168.0.186","25565","25858","3760222","28554","1460","0","0x0010"
"9067","2026-08-15T10:06:55.759093400-0500","48.506123500","192.168.0.178","192.168.0.186","25565","25858","3761682","28554","1460","0","0x0010"
"9068","2026-08-15T10:06:55.759093400-0500","48.506123500","192.168.0.178","192.168.0.186","25565","25858","3763142","28554","1192","0","0x0018"
"9069","2026-08-15T10:06:55.759159200-0500","48.506189300","192.168.0.186","192.168.0.178","25858","25565","28554","3764334","0","0","0x0010"
"9070","2026-08-15T10:06:55.759470200-0500","48.506500300","192.168.0.186","192.168.0.178","25858","25565","28554","3764334","11","0","0x0018"
"9071","2026-08-15T10:06:55.776919800-0500","48.523949900","192.168.0.186","192.168.0.178","25858","25565","28565","3764334","28","0","0x0018"
"9072","2026-08-15T10:06:55.777741200-0500","48.524771300","192.168.0.178","192.168.0.186","25565","25858","3764334","28593","0","0","0x0010"
"9073","2026-08-15T10:06:55.777948100-0500","48.524978200","192.168.0.186","192.168.0.178","25858","25565","28593","3764334","3","0","0x0018"
"9074","2026-08-15T10:06:55.802361900-0500","48.549392000","192.168.0.178","192.168.0.186","25565","25858","3764334","28596","812","0","0x0018"
"9075","2026-08-15T10:06:55.826764900-0500","48.573795000","192.168.0.186","192.168.0.178","25858","25565","28596","3765146","28","0","0x0018"
"9076","2026-08-15T10:06:55.827346000-0500","48.574376100","192.168.0.186","192.168.0.178","25858","25565","28624","3765146","3","0","0x0018"
"9077","2026-08-15T10:06:55.828410500-0500","48.575440600","192.168.0.178","192.168.0.186","25565","25858","3765146","28627","0","0","0x0010"
"9078","2026-08-15T10:06:55.852309900-0500","48.599340000","192.168.0.178","192.168.0.186","25565","25858","3765146","28627","720","0","0x0018"
"9079","2026-08-15T10:06:55.876835600-0500","48.623865700","192.168.0.186","192.168.0.178","25858","25565","28627","3765866","28","0","0x0018"
"9080","2026-08-15T10:06:55.877944500-0500","48.624974600","192.168.0.186","192.168.0.178","25858","25565","28655","3765866","3","0","0x0018"
"9081","2026-08-15T10:06:55.878593800-0500","48.625623900","192.168.0.178","192.168.0.186","25565","25858","3765866","28658","0","0","0x0010"
"9082","2026-08-15T10:06:55.903418600-0500","48.650448700","192.168.0.178","192.168.0.186","25565","25858","3765866","28658","116","0","0x0018"
"9083","2026-08-15T10:06:55.926851100-0500","48.673881200","192.168.0.186","192.168.0.178","25858","25565","28658","3765982","28","0","0x0018"
"9084","2026-08-15T10:06:55.927935500-0500","48.674965600","192.168.0.186","192.168.0.178","25858","25565","28686","3765982","3","0","0x0018"
"9085","2026-08-15T10:06:55.928876100-0500","48.675906200","192.168.0.178","192.168.0.186","25565","25858","3765982","28689","0","0","0x0010"
"9086","2026-08-15T10:06:55.951792200-0500","48.698822300","192.168.0.178","192.168.0.186","25565","25858","3765982","28689","177","0","0x0018"
"9087","2026-08-15T10:06:55.976879100-0500","48.723909200","192.168.0.186","192.168.0.178","25858","25565","28689","3766159","28","0","0x0018"
"9088","2026-08-15T10:06:55.977953000-0500","48.724983100","192.168.0.186","192.168.0.178","25858","25565","28717","3766159","3","0","0x0018"
"9089","2026-08-15T10:06:55.978775700-0500","48.725805800","192.168.0.178","192.168.0.186","25565","25858","3766159","28720","0","0","0x0010"
"9090","2026-08-15T10:06:56.001332900-0500","48.748363000","192.168.0.178","192.168.0.186","25565","25858","3766159","28720","13","0","0x0018"
"9091","2026-08-15T10:06:56.027122200-0500","48.774152300","192.168.0.186","192.168.0.178","25858","25565","28720","3766172","28","0","0x0018"
"9092","2026-08-15T10:06:56.028162000-0500","48.775192100","192.168.0.186","192.168.0.178","25858","25565","28748","3766172","3","0","0x0018"
"9093","2026-08-15T10:06:56.028730400-0500","48.775760500","192.168.0.178","192.168.0.186","25565","25858","3766172","28751","0","0","0x0010"
"9094","2026-08-15T10:06:56.028730400-0500","48.775760500","192.168.0.178","192.168.0.186","25565","25858","3766172","28751","11","0","0x0018"
"9095","2026-08-15T10:06:56.028730400-0500","48.775760500","192.168.0.178","192.168.0.186","25565","25858","3766183","28751","11","0","0x0018"
"9096","2026-08-15T10:06:56.028785400-0500","48.775815500","192.168.0.186","192.168.0.178","25858","25565","28751","3766194","0","0","0x0010"
"9097","2026-08-15T10:06:56.028830100-0500","48.775860200","192.168.0.178","192.168.0.186","25565","25858","3766194","28751","11","0","0x0018"
"9098","2026-08-15T10:06:56.028830100-0500","48.775860200","192.168.0.178","192.168.0.186","25565","25858","3766205","28751","11","0","0x0018"
"9099","2026-08-15T10:06:56.028830100-0500","48.775860200","192.168.0.178","192.168.0.186","25565","25858","3766216","28751","11","0","0x0018"
"9100","2026-08-15T10:06:56.028843700-0500","48.775873800","192.168.0.186","192.168.0.178","25858","25565","28751","3766227","0","0","0x0010"
"9101","2026-08-15T10:06:56.028879600-0500","48.775909700","192.168.0.178","192.168.0.186","25565","25858","3766227","28751","11","0","0x0018"
"9102","2026-08-15T10:06:56.028888000-0500","48.775918100","192.168.0.186","192.168.0.178","25858","25565","28751","3766238","0","0","0x0010"
"9103","2026-08-15T10:06:56.028967000-0500","48.775997100","192.168.0.178","192.168.0.186","25565","25858","3766238","28751","9","0","0x0018"
"9104","2026-08-15T10:06:56.051699400-0500","48.798729500","192.168.0.178","192.168.0.186","25565","25858","3766247","28751","18","0","0x0018"
"9105","2026-08-15T10:06:56.051734400-0500","48.798764500","192.168.0.186","192.168.0.178","25858","25565","28751","3766265","0","0","0x0010"
"9106","2026-08-15T10:06:56.076373800-0500","48.823403900","192.168.0.186","192.168.0.178","25858","25565","28751","3766265","28","0","0x0018"
"9107","2026-08-15T10:06:56.076872000-0500","48.823902100","192.168.0.186","192.168.0.178","25858","25565","28779","3766265","3","0","0x0018"
"9108","2026-08-15T10:06:56.077545400-0500","48.824575500","192.168.0.178","192.168.0.186","25565","25858","3766265","28782","0","0","0x0010"
"9109","2026-08-15T10:06:56.102291700-0500","48.849321800","192.168.0.178","192.168.0.186","25565","25858","3766265","28782","213","0","0x0018"
"9110","2026-08-15T10:06:56.127309100-0500","48.874339200","192.168.0.186","192.168.0.178","25858","25565","28782","3766478","36","0","0x0018"
"9111","2026-08-15T10:06:56.128327400-0500","48.875357500","192.168.0.186","192.168.0.178","25858","25565","28818","3766478","3","0","0x0018"
"9112","2026-08-15T10:06:56.129108200-0500","48.876138300","192.168.0.178","192.168.0.186","25565","25858","3766478","28821","0","0","0x0010"
"9113","2026-08-15T10:06:56.176984800-0500","48.924014900","192.168.0.186","192.168.0.178","25858","25565","28821","3766478","28","0","0x0018"
"9114","2026-08-15T10:06:56.178036000-0500","48.925066100","192.168.0.186","192.168.0.178","25858","25565","28849","3766478","3","0","0x0018"
"9115","2026-08-15T10:06:56.178816300-0500","48.925846400","192.168.0.178","192.168.0.186","25565","25858","3766478","28852","0","0","0x0010"
"9116","2026-08-15T10:06:56.227178300-0500","48.974208400","192.168.0.186","192.168.0.178","25858","25565","28852","3766478","36","0","0x0018"
"9117","2026-08-15T10:06:56.228220400-0500","48.975250500","192.168.0.186","192.168.0.178","25858","25565","28888","3766478","3","0","0x0018"
"9118","2026-08-15T10:06:56.228894500-0500","48.975924600","192.168.0.178","192.168.0.186","25565","25858","3766478","28891","0","0","0x0010"
"9119","2026-08-15T10:06:56.252249700-0500","48.999279800","192.168.0.178","192.168.0.186","25565","25858","3766478","28891","48","0","0x0018"
"9120","2026-08-15T10:06:56.276811100-0500","49.023841200","192.168.0.186","192.168.0.178","25858","25565","28891","3766526","28","0","0x0018"
"9121","2026-08-15T10:06:56.277887100-0500","49.024917200","192.168.0.186","192.168.0.178","25858","25565","28919","3766526","3","0","0x0018"
"9122","2026-08-15T10:06:56.278712200-0500","49.025742300","192.168.0.178","192.168.0.186","25565","25858","3766526","28922","0","0","0x0010"
"9123","2026-08-15T10:06:56.304233100-0500","49.051263200","192.168.0.178","192.168.0.186","25565","25858","3766526","28922","18","0","0x0018"
"9124","2026-08-15T10:06:56.326617400-0500","49.073647500","192.168.0.186","192.168.0.178","25858","25565","28922","3766544","28","0","0x0018"
"9125","2026-08-15T10:06:56.327092200-0500","49.074122300","192.168.0.186","192.168.0.178","25858","25565","28950","3766544","3","0","0x0018"
"9126","2026-08-15T10:06:56.327666300-0500","49.074696400","192.168.0.178","192.168.0.186","25565","25858","3766544","28953","0","0","0x0010"
"9127","2026-08-15T10:06:56.352177200-0500","49.099207300","192.168.0.178","192.168.0.186","25565","25858","3766544","28953","165","0","0x0018"
"9128","2026-08-15T10:06:56.376879300-0500","49.123909400","192.168.0.186","192.168.0.178","25858","25565","28953","3766709","28","0","0x0018"
"9129","2026-08-15T10:06:56.378021300-0500","49.125051400","192.168.0.186","192.168.0.178","25858","25565","28981","3766709","3","0","0x0018"
"9130","2026-08-15T10:06:56.378786400-0500","49.125816500","192.168.0.178","192.168.0.186","25565","25858","3766709","28984","0","0","0x0010"
"9131","2026-08-15T10:06:56.402733300-0500","49.149763400","192.168.0.178","192.168.0.186","25565","25858","3766709","28984","190","0","0x0018"
"9132","2026-08-15T10:06:56.426848000-0500","49.173878100","192.168.0.186","192.168.0.178","25858","25565","28984","3766899","28","0","0x0018"
"9133","2026-08-15T10:06:56.428219500-0500","49.175249600","192.168.0.186","192.168.0.178","25858","25565","29012","3766899","3","0","0x0018"
"9134","2026-08-15T10:06:56.428876300-0500","49.175906400","192.168.0.178","192.168.0.186","25565","25858","3766899","29015","0","0","0x0010"
"9135","2026-08-15T10:06:56.453126100-0500","49.200156200","192.168.0.178","192.168.0.186","25565","25858","3766899","29015","154","0","0x0018"
"9136","2026-08-15T10:06:56.476956100-0500","49.223986200","192.168.0.186","192.168.0.178","25858","25565","29015","3767053","28","0","0x0018"
"9137","2026-08-15T10:06:56.478024400-0500","49.225054500","192.168.0.186","192.168.0.178","25858","25565","29043","3767053","3","0","0x0018"
"9138","2026-08-15T10:06:56.478741300-0500","49.225771400","192.168.0.178","192.168.0.186","25565","25858","3767053","29046","0","0","0x0010"
"9139","2026-08-15T10:06:56.501254700-0500","49.248284800","192.168.0.178","192.168.0.186","25565","25858","3767053","29046","31","0","0x0018"
"9140","2026-08-15T10:06:56.526981700-0500","49.274011800","192.168.0.186","192.168.0.178","25858","25565","29046","3767084","28","0","0x0018"
"9141","2026-08-15T10:06:56.528046600-0500","49.275076700","192.168.0.186","192.168.0.178","25858","25565","29074","3767084","3","0","0x0018"
"9142","2026-08-15T10:06:56.528776200-0500","49.275806300","192.168.0.178","192.168.0.186","25565","25858","3767084","29077","0","0","0x0010"
"9143","2026-08-15T10:06:56.555263500-0500","49.302293600","192.168.0.178","192.168.0.186","25565","25858","3767084","29077","132","0","0x0018"
"9144","2026-08-15T10:06:56.576521300-0500","49.323551400","192.168.0.186","192.168.0.178","25858","25565","29077","3767216","28","0","0x0018"
"9145","2026-08-15T10:06:56.577121000-0500","49.324151100","192.168.0.186","192.168.0.178","25858","25565","29105","3767216","3","0","0x0018"
"9146","2026-08-15T10:06:56.577811500-0500","49.324841600","192.168.0.178","192.168.0.186","25565","25858","3767216","29108","0","0","0x0010"
"9147","2026-08-15T10:06:56.578577800-0500","49.325607900","192.168.0.178","192.168.0.186","25565","25858","3767216","29108","9","0","0x0018"
"9148","2026-08-15T10:06:56.602330200-0500","49.349360300","192.168.0.178","192.168.0.186","25565","25858","3767225","29108","1460","0","0x0010"
"9149","2026-08-15T10:06:56.602330200-0500","49.349360300","192.168.0.178","192.168.0.186","25565","25858","3768685","29108","1460","0","0x0010"
"9150","2026-08-15T10:06:56.602394900-0500","49.349425000","192.168.0.186","192.168.0.178","25858","25565","29108","3770145","0","0","0x0010"
"9151","2026-08-15T10:06:56.602441700-0500","49.349471800","192.168.0.178","192.168.0.186","25565","25858","3770145","29108","1045","0","0x0018"
"9152","2026-08-15T10:06:56.602451700-0500","49.349481800","192.168.0.186","192.168.0.178","25858","25565","29108","3771190","0","0","0x0010"
"9153","2026-08-15T10:06:56.626961500-0500","49.373991600","192.168.0.186","192.168.0.178","25858","25565","29108","3771190","28","0","0x0018"
"9154","2026-08-15T10:06:56.627820200-0500","49.374850300","192.168.0.186","192.168.0.178","25858","25565","29136","3771190","3","0","0x0018"
"9155","2026-08-15T10:06:56.628501800-0500","49.375531900","192.168.0.178","192.168.0.186","25565","25858","3771190","29139","0","0","0x0010"
"9156","2026-08-15T10:06:56.676927800-0500","49.423957900","192.168.0.186","192.168.0.178","25858","25565","29139","3771190","28","0","0x0018"
"9157","2026-08-15T10:06:56.678034200-0500","49.425064300","192.168.0.186","192.168.0.178","25858","25565","29167","3771190","3","0","0x0018"
"9158","2026-08-15T10:06:56.678749800-0500","49.425779900","192.168.0.178","192.168.0.186","25565","25858","3771190","29170","0","0","0x0010"
"9159","2026-08-15T10:06:56.701892800-0500","49.448922900","192.168.0.178","192.168.0.186","25565","25858","3771190","29170","82","0","0x0018"
"9160","2026-08-15T10:06:56.726997900-0500","49.474028000","192.168.0.186","192.168.0.178","25858","25565","29170","3771272","28","0","0x0018"
"9161","2026-08-15T10:06:56.728084100-0500","49.475114200","192.168.0.186","192.168.0.178","25858","25565","29198","3771272","3","0","0x0018"
"9162","2026-08-15T10:06:56.728863200-0500","49.475893300","192.168.0.178","192.168.0.186","25565","25858","3771272","29201","0","0","0x0010"
"9163","2026-08-15T10:06:56.752856400-0500","49.499886500","192.168.0.178","192.168.0.186","25565","25858","3771272","29201","20","0","0x0018"
"9164","2026-08-15T10:06:56.776867900-0500","49.523898000","192.168.0.186","192.168.0.178","25858","25565","29201","3771292","28","0","0x0018"
"9165","2026-08-15T10:06:56.777760500-0500","49.524790600","192.168.0.186","192.168.0.178","25858","25565","29229","3771292","3","0","0x0018"
"9166","2026-08-15T10:06:56.778465200-0500","49.525495300","192.168.0.178","192.168.0.186","25565","25858","3771292","29232","0","0","0x0010"
"9167","2026-08-15T10:06:56.802710200-0500","49.549740300","192.168.0.178","192.168.0.186","25565","25858","3771292","29232","29","0","0x0018"
"9168","2026-08-15T10:06:56.802994400-0500","49.550024500","192.168.0.186","192.168.0.178","25858","25565","29232","3771321","11","0","0x0018"
"9169","2026-08-15T10:06:56.827186800-0500","49.574216900","192.168.0.186","192.168.0.178","25858","25565","29243","3771321","28","0","0x0018"
"9170","2026-08-15T10:06:56.828026300-0500","49.575056400","192.168.0.178","192.168.0.186","25565","25858","3771321","29271","0","0","0x0010"
"9171","2026-08-15T10:06:56.828336000-0500","49.575366100","192.168.0.186","192.168.0.178","25858","25565","29271","3771321","3","0","0x0018"
"9172","2026-08-15T10:06:56.851567300-0500","49.598597400","192.168.0.178","192.168.0.186","25565","25858","3771321","29274","301","0","0x0018"
"9173","2026-08-15T10:06:56.876645100-0500","49.623675200","192.168.0.186","192.168.0.178","25858","25565","29274","3771622","28","0","0x0018"
"9174","2026-08-15T10:06:56.877435600-0500","49.624465700","192.168.0.186","192.168.0.178","25858","25565","29302","3771622","3","0","0x0018"
"9175","2026-08-15T10:06:56.878247600-0500","49.625277700","192.168.0.178","192.168.0.186","25565","25858","3771622","29305","0","0","0x0010"
"9176","2026-08-15T10:06:56.903582100-0500","49.650612200","192.168.0.178","192.168.0.186","25565","25858","3771622","29305","40","0","0x0018"
"9177","2026-08-15T10:06:56.926907500-0500","49.673937600","192.168.0.186","192.168.0.178","25858","25565","29305","3771662","28","0","0x0018"
"9178","2026-08-15T10:06:56.928045200-0500","49.675075300","192.168.0.186","192.168.0.178","25858","25565","29333","3771662","3","0","0x0018"
"9179","2026-08-15T10:06:56.928758000-0500","49.675788100","192.168.0.178","192.168.0.186","25565","25858","3771662","29336","0","0","0x0010"
"9180","2026-08-15T10:06:56.976788200-0500","49.723818300","192.168.0.186","192.168.0.178","25858","25565","29336","3771662","28","0","0x0018"
"9181","2026-08-15T10:06:56.977851500-0500","49.724881600","192.168.0.186","192.168.0.178","25858","25565","29364","3771662","3","0","0x0018"
"9182","2026-08-15T10:06:56.978633400-0500","49.725663500","192.168.0.178","192.168.0.186","25565","25858","3771662","29367","0","0","0x0010"
"9183","2026-08-15T10:06:57.001558300-0500","49.748588400","192.168.0.178","192.168.0.186","25565","25858","3771662","29367","127","0","0x0018"
"9184","2026-08-15T10:06:57.027010800-0500","49.774040900","192.168.0.186","192.168.0.178","25858","25565","29367","3771789","28","0","0x0018"
"9185","2026-08-15T10:06:57.028118500-0500","49.775148600","192.168.0.186","192.168.0.178","25858","25565","29395","3771789","3","0","0x0018"
"9186","2026-08-15T10:06:57.028970900-0500","49.776001000","192.168.0.178","192.168.0.186","25565","25858","3771789","29398","0","0","0x0010"
"9187","2026-08-15T10:06:57.056442000-0500","49.803472100","192.168.0.178","192.168.0.186","25565","25858","3771789","29398","38","0","0x0018"
"9188","2026-08-15T10:06:57.076846100-0500","49.823876200","192.168.0.186","192.168.0.178","25858","25565","29398","3771827","28","0","0x0018"
"9189","2026-08-15T10:06:57.077916600-0500","49.824946700","192.168.0.186","192.168.0.178","25858","25565","29426","3771827","3","0","0x0018"
"9190","2026-08-15T10:06:57.078590700-0500","49.825620800","192.168.0.178","192.168.0.186","25565","25858","3771827","29429","0","0","0x0010"
"9191","2026-08-15T10:06:57.101898800-0500","49.848928900","192.168.0.178","192.168.0.186","25565","25858","3771827","29429","165","0","0x0018"
"9192","2026-08-15T10:06:57.126472100-0500","49.873502200","192.168.0.186","192.168.0.178","25858","25565","29429","3771992","28","0","0x0018"
"9193","2026-08-15T10:06:57.127007200-0500","49.874037300","192.168.0.186","192.168.0.178","25858","25565","29457","3771992","3","0","0x0018"
"9194","2026-08-15T10:06:57.127525800-0500","49.874555900","192.168.0.178","192.168.0.186","25565","25858","3771992","29460","0","0","0x0010"
"9195","2026-08-15T10:06:57.152270900-0500","49.899301000","192.168.0.178","192.168.0.186","25565","25858","3771992","29460","138","0","0x0018"
"9196","2026-08-15T10:06:57.176983500-0500","49.924013600","192.168.0.186","192.168.0.178","25858","25565","29460","3772130","28","0","0x0018"
"9197","2026-08-15T10:06:57.178123200-0500","49.925153300","192.168.0.186","192.168.0.178","25858","25565","29488","3772130","3","0","0x0018"
"9198","2026-08-15T10:06:57.178867100-0500","49.925897200","192.168.0.178","192.168.0.186","25565","25858","3772130","29491","0","0","0x0010"
"9199","2026-08-15T10:06:57.202357400-0500","49.949387500","192.168.0.178","192.168.0.186","25565","25858","3772130","29491","6","0","0x0018"
"9200","2026-08-15T10:06:57.226878200-0500","49.973908300","192.168.0.186","192.168.0.178","25858","25565","29491","3772136","28","0","0x0018"
"9201","2026-08-15T10:06:57.227934700-0500","49.974964800","192.168.0.186","192.168.0.178","25858","25565","29519","3772136","3","0","0x0018"
"9202","2026-08-15T10:06:57.228602900-0500","49.975633000","192.168.0.178","192.168.0.186","25565","25858","3772136","29522","0","0","0x0010"
"9203","2026-08-15T10:06:57.276891500-0500","50.023921600","192.168.0.186","192.168.0.178","25858","25565","29522","3772136","28","0","0x0018"
"9204","2026-08-15T10:06:57.277970100-0500","50.025000200","192.168.0.186","192.168.0.178","25858","25565","29550","3772136","3","0","0x0018"
"9205","2026-08-15T10:06:57.278718200-0500","50.025748300","192.168.0.178","192.168.0.186","25565","25858","3772136","29553","0","0","0x0010"
"9206","2026-08-15T10:06:57.305214000-0500","50.052244100","192.168.0.178","192.168.0.186","25565","25858","3772136","29553","156","0","0x0018"
"9207","2026-08-15T10:06:57.327274600-0500","50.074304700","192.168.0.186","192.168.0.178","25858","25565","29553","3772292","28","0","0x0018"
"9208","2026-08-15T10:06:57.328225500-0500","50.075255600","192.168.0.186","192.168.0.178","25858","25565","29581","3772292","3","0","0x0018"
"9209","2026-08-15T10:06:57.328869600-0500","50.075899700","192.168.0.178","192.168.0.186","25565","25858","3772292","29584","0","0","0x0010"
"9210","2026-08-15T10:06:57.351773800-0500","50.098803900","192.168.0.178","192.168.0.186","25565","25858","3772292","29584","579","0","0x0018"
"9211","2026-08-15T10:06:57.376112200-0500","50.123142300","192.168.0.186","192.168.0.178","25858","25565","29584","3772871","28","0","0x0018"
"9212","2026-08-15T10:06:57.376604400-0500","50.123634500","192.168.0.186","192.168.0.178","25858","25565","29612","3772871","3","0","0x0018"
"9213","2026-08-15T10:06:57.377327000-0500","50.124357100","192.168.0.178","192.168.0.186","25565","25858","3772871","29615","0","0","0x0010"
"9214","2026-08-15T10:06:57.427227000-0500","50.174257100","192.168.0.186","192.168.0.178","25858","25565","29615","3772871","28","0","0x0018"
"9215","2026-08-15T10:06:57.428651900-0500","50.175682000","192.168.0.186","192.168.0.178","25858","25565","29643","3772871","3","0","0x0018"
"9216","2026-08-15T10:06:57.428988500-0500","50.176018600","192.168.0.178","192.168.0.186","25565","25858","3772871","29643","11","0","0x0018"
"9217","2026-08-15T10:06:57.428988500-0500","50.176018600","192.168.0.178","192.168.0.186","25565","25858","3772882","29643","22","0","0x0018"
"9218","2026-08-15T10:06:57.429041100-0500","50.176071200","192.168.0.186","192.168.0.178","25858","25565","29646","3772904","0","0","0x0010"
"9219","2026-08-15T10:06:57.429102900-0500","50.176133000","192.168.0.178","192.168.0.186","25565","25858","3772904","29646","31","0","0x0018"
"9220","2026-08-15T10:06:57.451099800-0500","50.198129900","192.168.0.178","192.168.0.186","25565","25858","3772935","29646","149","0","0x0018"
"9221","2026-08-15T10:06:57.451159300-0500","50.198189400","192.168.0.186","192.168.0.178","25858","25565","29646","3773084","0","0","0x0010"
"9222","2026-08-15T10:06:57.476703200-0500","50.223733300","192.168.0.186","192.168.0.178","25858","25565","29646","3773084","28","0","0x0018"
"9223","2026-08-15T10:06:57.477713300-0500","50.224743400","192.168.0.186","192.168.0.178","25858","25565","29674","3773084","3","0","0x0018"
"9224","2026-08-15T10:06:57.478289400-0500","50.225319500","192.168.0.178","192.168.0.186","25565","25858","3773084","29677","0","0","0x0010"
"9225","2026-08-15T10:06:57.527350500-0500","50.274380600","192.168.0.186","192.168.0.178","25858","25565","29677","3773084","36","0","0x0018"
"9226","2026-08-15T10:06:57.528435000-0500","50.275465100","192.168.0.186","192.168.0.178","25858","25565","29713","3773084","3","0","0x0018"
"9227","2026-08-15T10:06:57.529079200-0500","50.276109300","192.168.0.178","192.168.0.186","25565","25858","3773084","29716","0","0","0x0010"
"9228","2026-08-15T10:06:57.551582600-0500","50.298612700","192.168.0.178","192.168.0.186","25565","25858","3773084","29716","18","0","0x0018"
"9229","2026-08-15T10:06:57.577038800-0500","50.324068900","192.168.0.186","192.168.0.178","25858","25565","29716","3773102","36","0","0x0018"
"9230","2026-08-15T10:06:57.578149700-0500","50.325179800","192.168.0.186","192.168.0.178","25858","25565","29752","3773102","3","0","0x0018"
"9231","2026-08-15T10:06:57.578874100-0500","50.325904200","192.168.0.178","192.168.0.186","25565","25858","3773102","29755","0","0","0x0010"
"9232","2026-08-15T10:06:57.601402400-0500","50.348432500","192.168.0.178","192.168.0.186","25565","25858","3773102","29755","317","0","0x0018"
"9233","2026-08-15T10:06:57.626096200-0500","50.373126300","192.168.0.186","192.168.0.178","25858","25565","29755","3773419","36","0","0x0018"
"9234","2026-08-15T10:06:57.626582900-0500","50.373613000","192.168.0.186","192.168.0.178","25858","25565","29791","3773419","3","0","0x0018"
"9235","2026-08-15T10:06:57.633946400-0500","50.380976500","192.168.0.178","192.168.0.186","25565","25858","3773419","29794","0","0","0x0010"
"9236","2026-08-15T10:06:57.677488100-0500","50.424518200","192.168.0.186","192.168.0.178","25858","25565","29794","3773419","36","0","0x0018"
"9237","2026-08-15T10:06:57.678633700-0500","50.425663800","192.168.0.186","192.168.0.178","25858","25565","29830","3773419","3","0","0x0018"
"9238","2026-08-15T10:06:57.679360000-0500","50.426390100","192.168.0.178","192.168.0.186","25565","25858","3773419","29833","0","0","0x0010"
"9239","2026-08-15T10:06:57.710640900-0500","50.457671000","192.168.0.178","192.168.0.186","25565","25858","3773419","29833","1460","0","0x0010"
"9240","2026-08-15T10:06:57.710640900-0500","50.457671000","192.168.0.178","192.168.0.186","25565","25858","3774879","29833","1460","0","0x0010"
"9241","2026-08-15T10:06:57.710723000-0500","50.457753100","192.168.0.186","192.168.0.178","25858","25565","29833","3776339","0","0","0x0010"
"9242","2026-08-15T10:06:57.710813500-0500","50.457843600","192.168.0.178","192.168.0.186","25565","25858","3776339","29833","395","0","0x0018"
"9243","2026-08-15T10:06:57.727331600-0500","50.474361700","192.168.0.186","192.168.0.178","25858","25565","29833","3776734","36","0","0x0018"
"9244","2026-08-15T10:06:57.728434700-0500","50.475464800","192.168.0.186","192.168.0.178","25858","25565","29869","3776734","3","0","0x0018"
"9245","2026-08-15T10:06:57.729180700-0500","50.476210800","192.168.0.178","192.168.0.186","25565","25858","3776734","29872","0","0","0x0010"
"9246","2026-08-15T10:06:57.757837900-0500","50.504868000","192.168.0.178","192.168.0.186","25565","25858","3776734","29872","150","0","0x0018"
"9247","2026-08-15T10:06:57.776884900-0500","50.523915000","192.168.0.186","192.168.0.178","25858","25565","29872","3776884","36","0","0x0018"
"9248","2026-08-15T10:06:57.777972600-0500","50.525002700","192.168.0.186","192.168.0.178","25858","25565","29908","3776884","3","0","0x0018"
"9249","2026-08-15T10:06:57.778773700-0500","50.525803800","192.168.0.178","192.168.0.186","25565","25858","3776884","29911","0","0","0x0010"
"9250","2026-08-15T10:06:57.807351700-0500","50.554381800","192.168.0.178","192.168.0.186","25565","25858","3776884","29911","29","0","0x0018"
"9251","2026-08-15T10:06:57.807550100-0500","50.554580200","192.168.0.186","192.168.0.178","25858","25565","29911","3776913","11","0","0x0018"
"9252","2026-08-15T10:06:57.827180600-0500","50.574210700","192.168.0.186","192.168.0.178","25858","25565","29922","3776913","36","0","0x0018"
"9253","2026-08-15T10:06:57.827827800-0500","50.574857900","192.168.0.178","192.168.0.186","25565","25858","3776913","29958","0","0","0x0010"
"9254","2026-08-15T10:06:57.828297800-0500","50.575327900","192.168.0.186","192.168.0.178","25858","25565","29958","3776913","3","0","0x0018"
"9255","2026-08-15T10:06:57.854420600-0500","50.601450700","192.168.0.178","192.168.0.186","25565","25858","3776913","29961","165","0","0x0018"
"9256","2026-08-15T10:06:57.876855300-0500","50.623885400","192.168.0.186","192.168.0.178","25858","25565","29961","3777078","36","0","0x0018"
"9257","2026-08-15T10:06:57.878135500-0500","50.625165600","192.168.0.186","192.168.0.178","25858","25565","29997","3777078","3","0","0x0018"
"9258","2026-08-15T10:06:57.878926200-0500","50.625956300","192.168.0.178","192.168.0.186","25565","25858","3777078","30000","0","0","0x0010"
"9259","2026-08-15T10:06:57.912299600-0500","50.659329700","192.168.0.178","192.168.0.186","25565","25858","3777078","30000","145","0","0x0018"
"9260","2026-08-15T10:06:57.926889200-0500","50.673919300","192.168.0.186","192.168.0.178","25858","25565","30000","3777223","36","0","0x0018"
"9261","2026-08-15T10:06:57.927695000-0500","50.674725100","192.168.0.186","192.168.0.178","25858","25565","30036","3777223","3","0","0x0018"
"9262","2026-08-15T10:06:57.928411300-0500","50.675441400","192.168.0.178","192.168.0.186","25565","25858","3777223","30039","0","0","0x0010"
"9263","2026-08-15T10:06:57.977073400-0500","50.724103500","192.168.0.186","192.168.0.178","25858","25565","30039","3777223","36","0","0x0018"
"9264","2026-08-15T10:06:57.978214700-0500","50.725244800","192.168.0.186","192.168.0.178","25858","25565","30075","3777223","3","0","0x0018"
"9265","2026-08-15T10:06:57.978932100-0500","50.725962200","192.168.0.178","192.168.0.186","25565","25858","3777223","30078","0","0","0x0010"
"9266","2026-08-15T10:06:58.027349400-0500","50.774379500","192.168.0.186","192.168.0.178","25858","25565","30078","3777223","36","0","0x0018"
"9267","2026-08-15T10:06:58.028427600-0500","50.775457700","192.168.0.186","192.168.0.178","25858","25565","30114","3777223","3","0","0x0018"
"9268","2026-08-15T10:06:58.029254400-0500","50.776284500","192.168.0.178","192.168.0.186","25565","25858","3777223","30117","0","0","0x0010"
"9269","2026-08-15T10:06:58.051527600-0500","50.798557700","192.168.0.178","192.168.0.186","25565","25858","3777223","30117","118","0","0x0018"
"9270","2026-08-15T10:06:58.077209700-0500","50.824239800","192.168.0.186","192.168.0.178","25858","25565","30117","3777341","36","0","0x0018"
"9271","2026-08-15T10:06:58.078312700-0500","50.825342800","192.168.0.186","192.168.0.178","25858","25565","30153","3777341","3","0","0x0018"
"9272","2026-08-15T10:06:58.078973200-0500","50.826003300","192.168.0.178","192.168.0.186","25565","25858","3777341","30156","0","0","0x0010"
"9273","2026-08-15T10:06:58.101329300-0500","50.848359400","192.168.0.178","192.168.0.186","25565","25858","3777341","30156","165","0","0x0018"
"9274","2026-08-15T10:06:58.127444400-0500","50.874474500","192.168.0.186","192.168.0.178","25858","25565","30156","3777506","36","0","0x0018"
"9275","2026-08-15T10:06:58.128541100-0500","50.875571200","192.168.0.186","192.168.0.178","25858","25565","30192","3777506","3","0","0x0018"
"9276","2026-08-15T10:06:58.129395400-0500","50.876425500","192.168.0.178","192.168.0.186","25565","25858","3777506","30195","0","0","0x0010"
"9277","2026-08-15T10:06:58.176251300-0500","50.923281400","192.168.0.186","192.168.0.178","25858","25565","30195","3777506","36","0","0x0018"
"9278","2026-08-15T10:06:58.176758300-0500","50.923788400","192.168.0.186","192.168.0.178","25858","25565","30231","3777506","3","0","0x0018"
"9279","2026-08-15T10:06:58.177397800-0500","50.924427900","192.168.0.178","192.168.0.186","25565","25858","3777506","30234","0","0","0x0010"
"9280","2026-08-15T10:06:58.202617300-0500","50.949647400","192.168.0.178","192.168.0.186","25565","25858","3777506","30234","94","0","0x0018"
"9281","2026-08-15T10:06:58.227245600-0500","50.974275700","192.168.0.186","192.168.0.178","25858","25565","30234","3777600","36","0","0x0018"
"9282","2026-08-15T10:06:58.228243000-0500","50.975273100","192.168.0.186","192.168.0.178","25858","25565","30270","3777600","3","0","0x0018"
"9283","2026-08-15T10:06:58.229085000-0500","50.976115100","192.168.0.178","192.168.0.186","25565","25858","3777600","30273","0","0","0x0010"
"9284","2026-08-15T10:06:58.277028800-0500","51.024058900","192.168.0.186","192.168.0.178","25858","25565","30273","3777600","36","0","0x0018"
"9285","2026-08-15T10:06:58.278246900-0500","51.025277000","192.168.0.186","192.168.0.178","25858","25565","30309","3777600","3","0","0x0018"
"9286","2026-08-15T10:06:58.279021600-0500","51.026051700","192.168.0.178","192.168.0.186","25565","25858","3777600","30312","0","0","0x0010"
"9287","2026-08-15T10:06:58.301452400-0500","51.048482500","192.168.0.178","192.168.0.186","25565","25858","3777600","30312","18","0","0x0018"
"9288","2026-08-15T10:06:58.327087600-0500","51.074117700","192.168.0.186","192.168.0.178","25858","25565","30312","3777618","36","0","0x0018"
"9289","2026-08-15T10:06:58.328100600-0500","51.075130700","192.168.0.186","192.168.0.178","25858","25565","30348","3777618","3","0","0x0018"
"9290","2026-08-15T10:06:58.328919000-0500","51.075949100","192.168.0.178","192.168.0.186","25565","25858","3777618","30351","0","0","0x0010"
"9291","2026-08-15T10:06:58.351264900-0500","51.098295000","192.168.0.178","192.168.0.186","25565","25858","3777618","30351","270","0","0x0018"
"9292","2026-08-15T10:06:58.376676500-0500","51.123706600","192.168.0.186","192.168.0.178","25858","25565","30351","3777888","36","0","0x0018"
"9293","2026-08-15T10:06:58.377712200-0500","51.124742300","192.168.0.186","192.168.0.178","25858","25565","30387","3777888","3","0","0x0018"
"9294","2026-08-15T10:06:58.378744200-0500","51.125774300","192.168.0.178","192.168.0.186","25565","25858","3777888","30390","0","0","0x0010"
"9295","2026-08-15T10:06:58.407071400-0500","51.154101500","192.168.0.178","192.168.0.186","25565","25858","3777888","30390","8","0","0x0018"
"9296","2026-08-15T10:06:58.426271200-0500","51.173301300","192.168.0.186","192.168.0.178","25858","25565","30390","3777896","28","0","0x0018"
"9297","2026-08-15T10:06:58.426731900-0500","51.173762000","192.168.0.186","192.168.0.178","25858","25565","30418","3777896","3","0","0x0018"
"9298","2026-08-15T10:06:58.427258300-0500","51.174288400","192.168.0.178","192.168.0.186","25565","25858","3777896","30421","0","0","0x0010"
"9299","2026-08-15T10:06:58.477014300-0500","51.224044400","192.168.0.186","192.168.0.178","25858","25565","30421","3777896","36","0","0x0018"
"9300","2026-08-15T10:06:58.478085700-0500","51.225115800","192.168.0.186","192.168.0.178","25858","25565","30457","3777896","3","0","0x0018"
"9301","2026-08-15T10:06:58.478831200-0500","51.225861300","192.168.0.178","192.168.0.186","25565","25858","3777896","30460","0","0","0x0010"
"9302","2026-08-15T10:06:58.503575500-0500","51.250605600","192.168.0.178","192.168.0.186","25565","25858","3777896","30460","102","0","0x0018"
"9303","2026-08-15T10:06:58.527276700-0500","51.274306800","192.168.0.186","192.168.0.178","25858","25565","30460","3777998","36","0","0x0018"
"9304","2026-08-15T10:06:58.528462500-0500","51.275492600","192.168.0.186","192.168.0.178","25858","25565","30496","3777998","3","0","0x0018"
"9305","2026-08-15T10:06:58.529378400-0500","51.276408500","192.168.0.178","192.168.0.186","25565","25858","3777998","30499","0","0","0x0010"
"9306","2026-08-15T10:06:58.552316200-0500","51.299346300","192.168.0.178","192.168.0.186","25565","25858","3777998","30499","83","0","0x0018"
"9307","2026-08-15T10:06:58.576843500-0500","51.323873600","192.168.0.186","192.168.0.178","25858","25565","30499","3778081","36","0","0x0018"
"9308","2026-08-15T10:06:58.578078100-0500","51.325108200","192.168.0.186","192.168.0.178","25858","25565","30535","3778081","3","0","0x0018"
"9309","2026-08-15T10:06:58.579075000-0500","51.326105100","192.168.0.178","192.168.0.186","25565","25858","3778081","30538","0","0","0x0010"
"9310","2026-08-15T10:06:58.579075000-0500","51.326105100","192.168.0.178","192.168.0.186","25565","25858","3778081","30538","11","0","0x0018"
"9311","2026-08-15T10:06:58.579075000-0500","51.326105100","192.168.0.178","192.168.0.186","25565","25858","3778092","30538","11","0","0x0018"
"9312","2026-08-15T10:06:58.579132500-0500","51.326162600","192.168.0.186","192.168.0.178","25858","25565","30538","3778103","0","0","0x0010"
"9313","2026-08-15T10:06:58.579176600-0500","51.326206700","192.168.0.178","192.168.0.186","25565","25858","3778103","30538","11","0","0x0018"
"9314","2026-08-15T10:06:58.579176600-0500","51.326206700","192.168.0.178","192.168.0.186","25565","25858","3778114","30538","9","0","0x0018"
"9315","2026-08-15T10:06:58.579200100-0500","51.326230200","192.168.0.186","192.168.0.178","25858","25565","30538","3778123","0","0","0x0010"
"9316","2026-08-15T10:06:58.601737900-0500","51.348768000","192.168.0.178","192.168.0.186","25565","25858","3778123","30538","165","0","0x0018"
"9317","2026-08-15T10:06:58.627441500-0500","51.374471600","192.168.0.186","192.168.0.178","25858","25565","30538","3778288","28","0","0x0018"
"9318","2026-08-15T10:06:58.628511400-0500","51.375541500","192.168.0.186","192.168.0.178","25858","25565","30566","3778288","3","0","0x0018"
"9319","2026-08-15T10:06:58.629391600-0500","51.376421700","192.168.0.178","192.168.0.186","25565","25858","3778288","30569","0","0","0x0010"
"9320","2026-08-15T10:06:58.651738900-0500","51.398769000","192.168.0.178","192.168.0.186","25565","25858","3778288","30569","93","0","0x0018"
"9321","2026-08-15T10:06:58.676156400-0500","51.423186500","192.168.0.186","192.168.0.178","25858","25565","30569","3778381","36","0","0x0018"
"9322","2026-08-15T10:06:58.676598700-0500","51.423628800","192.168.0.186","192.168.0.178","25858","25565","30605","3778381","3","0","0x0018"
"9323","2026-08-15T10:06:58.676989300-0500","51.424019400","192.168.0.178","192.168.0.186","25565","25858","3778381","30608","0","0","0x0010"
"9324","2026-08-15T10:06:58.703721900-0500","51.450752000","192.168.0.178","192.168.0.186","25565","25858","3778381","30608","68","0","0x0018"
"9325","2026-08-15T10:06:58.727142000-0500","51.474172100","192.168.0.186","192.168.0.178","25858","25565","30608","3778449","36","0","0x0018"
"9326","2026-08-15T10:06:58.728141900-0500","51.475172000","192.168.0.186","192.168.0.178","25858","25565","30644","3778449","3","0","0x0018"
"9327","2026-08-15T10:06:58.728974400-0500","51.476004500","192.168.0.178","192.168.0.186","25565","25858","3778449","30647","0","0","0x0010"
"9328","2026-08-15T10:06:58.776882000-0500","51.523912100","192.168.0.186","192.168.0.178","25858","25565","30647","3778449","36","0","0x0018"
"9329","2026-08-15T10:06:58.777869100-0500","51.524899200","192.168.0.186","192.168.0.178","25858","25565","30683","3778449","3","0","0x0018"
"9330","2026-08-15T10:06:58.778540000-0500","51.525570100","192.168.0.178","192.168.0.186","25565","25858","3778449","30686","0","0","0x0010"
"9331","2026-08-15T10:06:58.801467800-0500","51.548497900","192.168.0.178","192.168.0.186","25565","25858","3778449","30686","130","0","0x0018"
"9332","2026-08-15T10:06:58.826961200-0500","51.573991300","192.168.0.186","192.168.0.178","25858","25565","30686","3778579","28","0","0x0018"
"9333","2026-08-15T10:06:58.827950200-0500","51.574980300","192.168.0.186","192.168.0.178","25858","25565","30714","3778579","3","0","0x0018"
"9334","2026-08-15T10:06:58.828880100-0500","51.575910200","192.168.0.178","192.168.0.186","25565","25858","3778579","30717","0","0","0x0010"
"9335","2026-08-15T10:06:58.851018700-0500","51.598048800","192.168.0.178","192.168.0.186","25565","25858","3778579","30717","699","0","0x0018"
"9336","2026-08-15T10:06:58.851353500-0500","51.598383600","192.168.0.186","192.168.0.178","25858","25565","30717","3779278","11","0","0x0018"
"9337","2026-08-15T10:06:58.876820600-0500","51.623850700","192.168.0.186","192.168.0.178","25858","25565","30728","3779278","28","0","0x0018"
"9338","2026-08-15T10:06:58.877513300-0500","51.624543400","192.168.0.178","192.168.0.186","25565","25858","3779278","30756","0","0","0x0010"
"9339","2026-08-15T10:06:58.877884400-0500","51.624914500","192.168.0.186","192.168.0.178","25858","25565","30756","3779278","3","0","0x0018"
"9340","2026-08-15T10:06:58.900603100-0500","51.647633200","192.168.0.178","192.168.0.186","25565","25858","3779278","30759","20","0","0x0018"
"9341","2026-08-15T10:06:58.926750000-0500","51.673780100","192.168.0.186","192.168.0.178","25858","25565","30759","3779298","28","0","0x0018"
"9342","2026-08-15T10:06:58.927430300-0500","51.674460400","192.168.0.186","192.168.0.178","25858","25565","30787","3779298","3","0","0x0018"
"9343","2026-08-15T10:06:58.928247700-0500","51.675277800","192.168.0.178","192.168.0.186","25565","25858","3779298","30790","0","0","0x0010"
"9344","2026-08-15T10:06:58.951057900-0500","51.698088000","192.168.0.178","192.168.0.186","25565","25858","3779298","30790","89","0","0x0018"
"9345","2026-08-15T10:06:58.976954300-0500","51.723984400","192.168.0.186","192.168.0.178","25858","25565","30790","3779387","28","0","0x0018"
"9346","2026-08-15T10:06:58.977953200-0500","51.724983300","192.168.0.186","192.168.0.178","25858","25565","30818","3779387","3","0","0x0018"
"9347","2026-08-15T10:06:58.978796000-0500","51.725826100","192.168.0.178","192.168.0.186","25565","25858","3779387","30821","0","0","0x0010"
"9348","2026-08-15T10:06:59.001235200-0500","51.748265300","192.168.0.178","192.168.0.186","25565","25858","3779387","30821","20","0","0x0018"
"9349","2026-08-15T10:06:59.027064200-0500","51.774094300","192.168.0.186","192.168.0.178","25858","25565","30821","3779407","28","0","0x0018"
"9350","2026-08-15T10:06:59.028091000-0500","51.775121100","192.168.0.186","192.168.0.178","25858","25565","30849","3779407","3","0","0x0018"
"9351","2026-08-15T10:06:59.028745300-0500","51.775775400","192.168.0.178","192.168.0.186","25565","25858","3779407","30852","0","0","0x0010"
"9352","2026-08-15T10:06:59.051940900-0500","51.798971000","192.168.0.178","192.168.0.186","25565","25858","3779407","30852","18","0","0x0018"
"9353","2026-08-15T10:06:59.076904800-0500","51.823934900","192.168.0.186","192.168.0.178","25858","25565","30852","3779425","36","0","0x0018"
"9354","2026-08-15T10:06:59.077956600-0500","51.824986700","192.168.0.186","192.168.0.178","25858","25565","30888","3779425","3","0","0x0018"
"9355","2026-08-15T10:06:59.078732200-0500","51.825762300","192.168.0.178","192.168.0.186","25565","25858","3779425","30891","0","0","0x0010"
"9356","2026-08-15T10:06:59.103152000-0500","51.850182100","192.168.0.178","192.168.0.186","25565","25858","3779425","30891","356","0","0x0018"
"9357","2026-08-15T10:06:59.108383200-0500","51.855413300","192.168.0.178","192.168.0.186","25565","25858","3779781","30891","52","0","0x0018"
"9358","2026-08-15T10:06:59.108435300-0500","51.855465400","192.168.0.186","192.168.0.178","25858","25565","30891","3779833","0","0","0x0010"
"9359","2026-08-15T10:06:59.109020000-0500","51.856050100","192.168.0.178","192.168.0.186","25565","25858","3779833","30891","52","0","0x0018"
"9360","2026-08-15T10:06:59.109020000-0500","51.856050100","192.168.0.178","192.168.0.186","25565","25858","3779885","30891","52","0","0x0018"
"9361","2026-08-15T10:06:59.109074300-0500","51.856104400","192.168.0.186","192.168.0.178","25858","25565","30891","3779937","0","0","0x0010"
"9362","2026-08-15T10:06:59.127173100-0500","51.874203200","192.168.0.186","192.168.0.178","25858","25565","30891","3779937","36","0","0x0018"
"9363","2026-08-15T10:06:59.128202900-0500","51.875233000","192.168.0.186","192.168.0.178","25858","25565","30927","3779937","3","0","0x0018"
"9364","2026-08-15T10:06:59.128767100-0500","51.875797200","192.168.0.178","192.168.0.186","25565","25858","3779937","30930","0","0","0x0010"
"9365","2026-08-15T10:06:59.128767100-0500","51.875797200","192.168.0.178","192.168.0.186","25565","25858","3779937","30930","9","0","0x0018"
"9366","2026-08-15T10:06:59.153529900-0500","51.900560000","192.168.0.178","192.168.0.186","25565","25858","3779946","30930","28","0","0x0018"
"9367","2026-08-15T10:06:59.153595800-0500","51.900625900","192.168.0.186","192.168.0.178","25858","25565","30930","3779974","0","0","0x0010"
"9368","2026-08-15T10:06:59.176864700-0500","51.923894800","192.168.0.186","192.168.0.178","25858","25565","30930","3779974","36","0","0x0018"
"9369","2026-08-15T10:06:59.177848400-0500","51.924878500","192.168.0.186","192.168.0.178","25858","25565","30966","3779974","3","0","0x0018"
"9370","2026-08-15T10:06:59.178633700-0500","51.925663800","192.168.0.178","192.168.0.186","25565","25858","3779974","30969","0","0","0x0010"
"9371","2026-08-15T10:06:59.227142900-0500","51.974173000","192.168.0.186","192.168.0.178","25858","25565","30969","3779974","36","0","0x0018"
"9372","2026-08-15T10:06:59.227932500-0500","51.974962600","192.168.0.186","192.168.0.178","25858","25565","31005","3779974","3","0","0x0018"
"9373","2026-08-15T10:06:59.228738500-0500","51.975768600","192.168.0.178","192.168.0.186","25565","25858","3779974","31008","0","0","0x0010"
"9374","2026-08-15T10:06:59.252129200-0500","51.999159300","192.168.0.178","192.168.0.186","25565","25858","3779974","31008","99","0","0x0018"
"9375","2026-08-15T10:06:59.277161600-0500","52.024191700","192.168.0.186","192.168.0.178","25858","25565","31008","3780073","36","0","0x0018"
"9376","2026-08-15T10:06:59.278161300-0500","52.025191400","192.168.0.186","192.168.0.178","25858","25565","31044","3780073","3","0","0x0018"
"9377","2026-08-15T10:06:59.278969500-0500","52.025999600","192.168.0.178","192.168.0.186","25565","25858","3780073","31047","0","0","0x0010"
"9378","2026-08-15T10:06:59.301979600-0500","52.049009700","192.168.0.178","192.168.0.186","25565","25858","3780073","31047","1460","0","0x0010"
"9379","2026-08-15T10:06:59.301979600-0500","52.049009700","192.168.0.178","192.168.0.186","25565","25858","3781533","31047","1460","0","0x0010"
"9380","2026-08-15T10:06:59.301979600-0500","52.049009700","192.168.0.178","192.168.0.186","25565","25858","3782993","31047","136","0","0x0018"
"9381","2026-08-15T10:06:59.302052400-0500","52.049082500","192.168.0.186","192.168.0.178","25858","25565","31047","3783129","0","0","0x0010"
"9382","2026-08-15T10:06:59.326962000-0500","52.073992100","192.168.0.186","192.168.0.178","25858","25565","31047","3783129","36","0","0x0018"
"9383","2026-08-15T10:06:59.328047100-0500","52.075077200","192.168.0.186","192.168.0.178","25858","25565","31083","3783129","3","0","0x0018"
"9384","2026-08-15T10:06:59.328795200-0500","52.075825300","192.168.0.178","192.168.0.186","25565","25858","3783129","31086","0","0","0x0010"
"9385","2026-08-15T10:06:59.351285700-0500","52.098315800","192.168.0.178","192.168.0.186","25565","25858","3783129","31086","165","0","0x0018"
"9386","2026-08-15T10:06:59.377091300-0500","52.124121400","192.168.0.186","192.168.0.178","25858","25565","31086","3783294","28","0","0x0018"
"9387","2026-08-15T10:06:59.378178900-0500","52.125209000","192.168.0.186","192.168.0.178","25858","25565","31114","3783294","3","0","0x0018"
"9388","2026-08-15T10:06:59.378811300-0500","52.125841400","192.168.0.178","192.168.0.186","25565","25858","3783294","31117","0","0","0x0010"
"9389","2026-08-15T10:06:59.378811300-0500","52.125841400","192.168.0.178","192.168.0.186","25565","25858","3783294","31117","11","0","0x0018"
"9390","2026-08-15T10:06:59.378811300-0500","52.125841400","192.168.0.178","192.168.0.186","25565","25858","3783305","31117","11","0","0x0018"
"9391","2026-08-15T10:06:59.378890800-0500","52.125920900","192.168.0.186","192.168.0.178","25858","25565","31117","3783316","0","0","0x0010"
"9392","2026-08-15T10:06:59.378930700-0500","52.125960800","192.168.0.178","192.168.0.186","25565","25858","3783316","31117","11","0","0x0018"
"9393","2026-08-15T10:06:59.378930700-0500","52.125960800","192.168.0.178","192.168.0.186","25565","25858","3783327","31117","9","0","0x0018"
"9394","2026-08-15T10:06:59.378941300-0500","52.125971400","192.168.0.186","192.168.0.178","25858","25565","31117","3783336","0","0","0x0010"
"9395","2026-08-15T10:06:59.401109600-0500","52.148139700","192.168.0.178","192.168.0.186","25565","25858","3783336","31117","76","0","0x0018"
"9396","2026-08-15T10:06:59.427259400-0500","52.174289500","192.168.0.186","192.168.0.178","25858","25565","31117","3783412","36","0","0x0018"
"9397","2026-08-15T10:06:59.428283700-0500","52.175313800","192.168.0.186","192.168.0.178","25858","25565","31153","3783412","3","0","0x0018"
"9398","2026-08-15T10:06:59.429007000-0500","52.176037100","192.168.0.178","192.168.0.186","25565","25858","3783412","31156","0","0","0x0010"
"9399","2026-08-15T10:06:59.452864800-0500","52.199894900","192.168.0.178","192.168.0.186","25565","25858","3783412","31156","28","0","0x0018"
"9400","2026-08-15T10:06:59.476502000-0500","52.223532100","192.168.0.186","192.168.0.178","25858","25565","31156","3783440","36","0","0x0018"
"9401","2026-08-15T10:06:59.477072900-0500","52.224103000","192.168.0.186","192.168.0.178","25858","25565","31192","3783440","3","0","0x0018"
"9402","2026-08-15T10:06:59.477789200-0500","52.224819300","192.168.0.178","192.168.0.186","25565","25858","3783440","31195","0","0","0x0010"
"9403","2026-08-15T10:06:59.527223900-0500","52.274254000","192.168.0.186","192.168.0.178","25858","25565","31195","3783440","28","0","0x0018"
"9404","2026-08-15T10:06:59.528260400-0500","52.275290500","192.168.0.186","192.168.0.178","25858","25565","31223","3783440","3","0","0x0018"
"9405","2026-08-15T10:06:59.529121900-0500","52.276152000","192.168.0.178","192.168.0.186","25565","25858","3783440","31226","0","0","0x0010"
"9406","2026-08-15T10:06:59.553940100-0500","52.300970200","192.168.0.178","192.168.0.186","25565","25858","3783440","31226","89","0","0x0018"
"9407","2026-08-15T10:06:59.576820900-0500","52.323851000","192.168.0.186","192.168.0.178","25858","25565","31226","3783529","36","0","0x0018"
"9408","2026-08-15T10:06:59.577713200-0500","52.324743300","192.168.0.186","192.168.0.178","25858","25565","31262","3783529","3","0","0x0018"
"9409","2026-08-15T10:06:59.578465200-0500","52.325495300","192.168.0.178","192.168.0.186","25565","25858","3783529","31265","0","0","0x0010"
"9410","2026-08-15T10:06:59.603081500-0500","52.350111600","192.168.0.178","192.168.0.186","25565","25858","3783529","31265","20","0","0x0018"
"9411","2026-08-15T10:06:59.627025400-0500","52.374055500","192.168.0.186","192.168.0.178","25858","25565","31265","3783549","28","0","0x0018"
"9412","2026-08-15T10:06:59.628003600-0500","52.375033700","192.168.0.186","192.168.0.178","25858","25565","31293","3783549","3","0","0x0018"
"9413","2026-08-15T10:06:59.628796500-0500","52.375826600","192.168.0.178","192.168.0.186","25565","25858","3783549","31296","0","0","0x0010"
"9414","2026-08-15T10:06:59.676890700-0500","52.423920800","192.168.0.186","192.168.0.178","25858","25565","31296","3783549","28","0","0x0018"
"9415","2026-08-15T10:06:59.677927200-0500","52.424957300","192.168.0.186","192.168.0.178","25858","25565","31324","3783549","3","0","0x0018"
"9416","2026-08-15T10:06:59.678707900-0500","52.425738000","192.168.0.178","192.168.0.186","25565","25858","3783549","31327","0","0","0x0010"
"9417","2026-08-15T10:06:59.701497800-0500","52.448527900","192.168.0.178","192.168.0.186","25565","25858","3783549","31327","75","0","0x0018"
"9418","2026-08-15T10:06:59.726463800-0500","52.473493900","192.168.0.186","192.168.0.178","25858","25565","31327","3783624","28","0","0x0018"
"9419","2026-08-15T10:06:59.726788600-0500","52.473818700","192.168.0.186","192.168.0.178","25858","25565","31355","3783624","3","0","0x0018"
"9420","2026-08-15T10:06:59.727315600-0500","52.474345700","192.168.0.178","192.168.0.186","25565","25858","3783624","31358","0","0","0x0010"
"9421","2026-08-15T10:06:59.751449800-0500","52.498479900","192.168.0.178","192.168.0.186","25565","25858","3783624","31358","28","0","0x0018"
"9422","2026-08-15T10:06:59.776750400-0500","52.523780500","192.168.0.186","192.168.0.178","25858","25565","31358","3783652","28","0","0x0018"
"9423","2026-08-15T10:06:59.777581300-0500","52.524611400","192.168.0.186","192.168.0.178","25858","25565","31386","3783652","3","0","0x0018"
"9424","2026-08-15T10:06:59.778248400-0500","52.525278500","192.168.0.178","192.168.0.186","25565","25858","3783652","31389","0","0","0x0010"
"9425","2026-08-15T10:06:59.827051800-0500","52.574081900","192.168.0.186","192.168.0.178","25858","25565","31389","3783652","28","0","0x0018"
"9426","2026-08-15T10:06:59.828028700-0500","52.575058800","192.168.0.186","192.168.0.178","25858","25565","31417","3783652","3","0","0x0018"
"9427","2026-08-15T10:06:59.828764000-0500","52.575794100","192.168.0.178","192.168.0.186","25565","25858","3783652","31420","0","0","0x0010"
"9428","2026-08-15T10:06:59.851285900-0500","52.598316000","192.168.0.178","192.168.0.186","25565","25858","3783652","31420","97","0","0x0018"
"9429","2026-08-15T10:06:59.851475100-0500","52.598505200","192.168.0.186","192.168.0.178","25858","25565","31420","3783749","11","0","0x0018"
"9430","2026-08-15T10:06:59.877022700-0500","52.624052800","192.168.0.186","192.168.0.178","25858","25565","31431","3783749","28","0","0x0018"
"9431","2026-08-15T10:06:59.877740700-0500","52.624770800","192.168.0.178","192.168.0.186","25565","25858","3783749","31459","0","0","0x0010"
"9432","2026-08-15T10:06:59.877908300-0500","52.624938400","192.168.0.186","192.168.0.178","25858","25565","31459","3783749","3","0","0x0018"
"9433","2026-08-15T10:06:59.901623000-0500","52.648653100","192.168.0.178","192.168.0.186","25565","25858","3783749","31462","40","0","0x0018"
"9434","2026-08-15T10:06:59.926983500-0500","52.674013600","192.168.0.186","192.168.0.178","25858","25565","31462","3783789","28","0","0x0018"
"9435","2026-08-15T10:06:59.928061200-0500","52.675091300","192.168.0.186","192.168.0.178","25858","25565","31490","3783789","3","0","0x0018"
"9436","2026-08-15T10:06:59.928860400-0500","52.675890500","192.168.0.178","192.168.0.186","25565","25858","3783789","31493","0","0","0x0010"
"9437","2026-08-15T10:06:59.976784600-0500","52.723814700","192.168.0.186","192.168.0.178","25858","25565","31493","3783789","28","0","0x0018"
"9438","2026-08-15T10:06:59.977829400-0500","52.724859500","192.168.0.186","192.168.0.178","25858","25565","31521","3783789","3","0","0x0018"
"9439","2026-08-15T10:06:59.978600300-0500","52.725630400","192.168.0.178","192.168.0.186","25565","25858","3783789","31524","0","0","0x0010"
"9440","2026-08-15T10:07:00.001801200-0500","52.748831300","192.168.0.178","192.168.0.186","25565","25858","3783789","31524","67","0","0x0018"
"9441","2026-08-15T10:07:00.026469000-0500","52.773499100","192.168.0.186","192.168.0.178","25858","25565","31524","3783856","28","0","0x0018"
"9442","2026-08-15T10:07:00.027011800-0500","52.774041900","192.168.0.186","192.168.0.178","25858","25565","31552","3783856","3","0","0x0018"
"9443","2026-08-15T10:07:00.027715000-0500","52.774745100","192.168.0.178","192.168.0.186","25565","25858","3783856","31555","0","0","0x0010"
"9444","2026-08-15T10:07:00.051488900-0500","52.798519000","192.168.0.178","192.168.0.186","25565","25858","3783856","31555","20","0","0x0018"
"9445","2026-08-15T10:07:00.076635800-0500","52.823665900","192.168.0.186","192.168.0.178","25858","25565","31555","3783876","28","0","0x0018"
"9446","2026-08-15T10:07:00.077640200-0500","52.824670300","192.168.0.186","192.168.0.178","25858","25565","31583","3783876","3","0","0x0018"
"9447","2026-08-15T10:07:00.078423000-0500","52.825453100","192.168.0.178","192.168.0.186","25565","25858","3783876","31586","0","0","0x0010"
"9448","2026-08-15T10:07:00.127027100-0500","52.874057200","192.168.0.186","192.168.0.178","25858","25565","31586","3783876","28","0","0x0018"
"9449","2026-08-15T10:07:00.127991800-0500","52.875021900","192.168.0.186","192.168.0.178","25858","25565","31614","3783876","3","0","0x0018"
"9450","2026-08-15T10:07:00.128861700-0500","52.875891800","192.168.0.178","192.168.0.186","25565","25858","3783876","31617","0","0","0x0010"
"9451","2026-08-15T10:07:00.128861700-0500","52.875891800","192.168.0.178","192.168.0.186","25565","25858","3783876","31617","11","0","0x0018"
"9452","2026-08-15T10:07:00.128861700-0500","52.875891800","192.168.0.178","192.168.0.186","25565","25858","3783887","31617","9","0","0x0018"
"9453","2026-08-15T10:07:00.128924300-0500","52.875954400","192.168.0.186","192.168.0.178","25858","25565","31617","3783896","0","0","0x0010"
"9454","2026-08-15T10:07:00.152014800-0500","52.899044900","192.168.0.178","192.168.0.186","25565","25858","3783896","31617","86","0","0x0018"
"9455","2026-08-15T10:07:00.176871100-0500","52.923901200","192.168.0.186","192.168.0.178","25858","25565","31617","3783982","28","0","0x0018"
"9456","2026-08-15T10:07:00.177851200-0500","52.924881300","192.168.0.186","192.168.0.178","25858","25565","31645","3783982","3","0","0x0018"
"9457","2026-08-15T10:07:00.178721100-0500","52.925751200","192.168.0.178","192.168.0.186","25565","25858","3783982","31648","0","0","0x0010"
"9458","2026-08-15T10:07:00.201360400-0500","52.948390500","192.168.0.178","192.168.0.186","25565","25858","3783982","31648","20","0","0x0018"
"9459","2026-08-15T10:07:00.226998700-0500","52.974028800","192.168.0.186","192.168.0.178","25858","25565","31648","3784002","28","0","0x0018"
"9460","2026-08-15T10:07:00.227976400-0500","52.975006500","192.168.0.186","192.168.0.178","25858","25565","31676","3784002","3","0","0x0018"
"9461","2026-08-15T10:07:00.231449500-0500","52.978479600","192.168.0.178","192.168.0.186","25565","25858","3784002","31679","0","0","0x0010"
"9462","2026-08-15T10:07:00.276894300-0500","53.023924400","192.168.0.186","192.168.0.178","25858","25565","31679","3784002","28","0","0x0018"
"9463","2026-08-15T10:07:00.277550000-0500","53.024580100","192.168.0.186","192.168.0.178","25858","25565","31707","3784002","3","0","0x0018"
"9464","2026-08-15T10:07:00.278244000-0500","53.025274100","192.168.0.178","192.168.0.186","25565","25858","3784002","31710","0","0","0x0010"
"9465","2026-08-15T10:07:00.301431600-0500","53.048461700","192.168.0.178","192.168.0.186","25565","25858","3784002","31710","80","0","0x0018"
"9466","2026-08-15T10:07:00.327012100-0500","53.074042200","192.168.0.186","192.168.0.178","25858","25565","31710","3784082","28","0","0x0018"
"9467","2026-08-15T10:07:00.327910300-0500","53.074940400","192.168.0.186","192.168.0.178","25858","25565","31738","3784082","3","0","0x0018"
"9468","2026-08-15T10:07:00.328528800-0500","53.075558900","192.168.0.178","192.168.0.186","25565","25858","3784082","31741","0","0","0x0010"
"9469","2026-08-15T10:07:00.352446400-0500","53.099476500","192.168.0.178","192.168.0.186","25565","25858","3784082","31741","570","0","0x0018"
"9470","2026-08-15T10:07:00.376870600-0500","53.123900700","192.168.0.186","192.168.0.178","25858","25565","31741","3784652","28","0","0x0018"
"9471","2026-08-15T10:07:00.377850400-0500","53.124880500","192.168.0.186","192.168.0.178","25858","25565","31769","3784652","3","0","0x0018"
"9472","2026-08-15T10:07:00.378699200-0500","53.125729300","192.168.0.178","192.168.0.186","25565","25858","3784652","31772","0","0","0x0010"
"9473","2026-08-15T10:07:00.427301200-0500","53.174331300","192.168.0.186","192.168.0.178","25858","25565","31772","3784652","28","0","0x0018"
"9474","2026-08-15T10:07:00.428251800-0500","53.175281900","192.168.0.186","192.168.0.178","25858","25565","31800","3784652","3","0","0x0018"
"9475","2026-08-15T10:07:00.428884200-0500","53.175914300","192.168.0.178","192.168.0.186","25565","25858","3784652","31803","0","0","0x0010"
"9476","2026-08-15T10:07:00.451216300-0500","53.198246400","192.168.0.178","192.168.0.186","25565","25858","3784652","31803","63","0","0x0018"
"9477","2026-08-15T10:07:00.476853900-0500","53.223884000","192.168.0.186","192.168.0.178","25858","25565","31803","3784715","28","0","0x0018"
"9478","2026-08-15T10:07:00.478203400-0500","53.225233500","192.168.0.186","192.168.0.178","25858","25565","31831","3784715","3","0","0x0018"
"9479","2026-08-15T10:07:00.478906800-0500","53.225936900","192.168.0.178","192.168.0.186","25565","25858","3784715","31834","0","0","0x0010"
"9480","2026-08-15T10:07:00.502127600-0500","53.249157700","192.168.0.178","192.168.0.186","25565","25858","3784715","31834","26","0","0x0018"
"9481","2026-08-15T10:07:00.526334600-0500","53.273364700","192.168.0.186","192.168.0.178","25858","25565","31834","3784741","28","0","0x0018"
"9482","2026-08-15T10:07:00.526819000-0500","53.273849100","192.168.0.186","192.168.0.178","25858","25565","31862","3784741","3","0","0x0018"
"9483","2026-08-15T10:07:00.527388800-0500","53.274418900","192.168.0.178","192.168.0.186","25565","25858","3784741","31865","0","0","0x0010"
"9484","2026-08-15T10:07:00.576946900-0500","53.323977000","192.168.0.186","192.168.0.178","25858","25565","31865","3784741","28","0","0x0018"
"9485","2026-08-15T10:07:00.577983400-0500","53.325013500","192.168.0.186","192.168.0.178","25858","25565","31893","3784741","3","0","0x0018"
"9486","2026-08-15T10:07:00.578748100-0500","53.325778200","192.168.0.178","192.168.0.186","25565","25858","3784741","31896","0","0","0x0010"
"9487","2026-08-15T10:07:00.601887000-0500","53.348917100","192.168.0.178","192.168.0.186","25565","25858","3784741","31896","54","0","0x0018"
"9488","2026-08-15T10:07:00.626961300-0500","53.373991400","192.168.0.186","192.168.0.178","25858","25565","31896","3784795","28","0","0x0018"
"9489","2026-08-15T10:07:00.627895600-0500","53.374925700","192.168.0.186","192.168.0.178","25858","25565","31924","3784795","3","0","0x0018"
"9490","2026-08-15T10:07:00.628689900-0500","53.375720000","192.168.0.178","192.168.0.186","25565","25858","3784795","31927","0","0","0x0010"
"9491","2026-08-15T10:07:00.651354000-0500","53.398384100","192.168.0.178","192.168.0.186","25565","25858","3784795","31927","68","0","0x0018"
"9492","2026-08-15T10:07:00.676996900-0500","53.424027000","192.168.0.186","192.168.0.178","25858","25565","31927","3784863","28","0","0x0018"
"9493","2026-08-15T10:07:00.677931500-0500","53.424961600","192.168.0.186","192.168.0.178","25858","25565","31955","3784863","3","0","0x0018"
"9494","2026-08-15T10:07:00.678683100-0500","53.425713200","192.168.0.178","192.168.0.186","25565","25858","3784863","31958","0","0","0x0010"
"9495","2026-08-15T10:07:00.701541000-0500","53.448571100","192.168.0.178","192.168.0.186","25565","25858","3784863","31958","6","0","0x0018"
"9496","2026-08-15T10:07:00.727015200-0500","53.474045300","192.168.0.186","192.168.0.178","25858","25565","31958","3784869","28","0","0x0018"
"9497","2026-08-15T10:07:00.727926400-0500","53.474956500","192.168.0.186","192.168.0.178","25858","25565","31986","3784869","3","0","0x0018"
"9498","2026-08-15T10:07:00.728759300-0500","53.475789400","192.168.0.178","192.168.0.186","25565","25858","3784869","31989","0","0","0x0010"
"9499","2026-08-15T10:07:00.751380900-0500","53.498411000","192.168.0.178","192.168.0.186","25565","25858","3784869","31989","31","0","0x0018"
"9500","2026-08-15T10:07:00.775868100-0500","53.522898200","192.168.0.186","192.168.0.178","25858","25565","31989","3784900","28","0","0x0018"
"9501","2026-08-15T10:07:00.776241300-0500","53.523271400","192.168.0.186","192.168.0.178","25858","25565","32017","3784900","3","0","0x0018"
"9502","2026-08-15T10:07:00.776776700-0500","53.523806800","192.168.0.178","192.168.0.186","25565","25858","3784900","32020","0","0","0x0010"
"9503","2026-08-15T10:07:00.801104400-0500","53.548134500","192.168.0.178","192.168.0.186","25565","25858","3784900","32020","20","0","0x0018"
"9504","2026-08-15T10:07:00.827167100-0500","53.574197200","192.168.0.186","192.168.0.178","25858","25565","32020","3784920","28","0","0x0018"
"9505","2026-08-15T10:07:00.828086700-0500","53.575116800","192.168.0.186","192.168.0.178","25858","25565","32048","3784920","3","0","0x0018"
"9506","2026-08-15T10:07:00.828675700-0500","53.575705800","192.168.0.178","192.168.0.186","25565","25858","3784920","32051","0","0","0x0010"
"9507","2026-08-15T10:07:00.876724700-0500","53.623754800","192.168.0.186","192.168.0.178","25858","25565","32051","3784920","28","0","0x0018"
"9508","2026-08-15T10:07:00.877575200-0500","53.624605300","192.168.0.178","192.168.0.186","25565","25858","3784920","32079","64","0","0x0018"
"9509","2026-08-15T10:07:00.877740700-0500","53.624770800","192.168.0.186","192.168.0.178","25858","25565","32079","3784984","3","0","0x0018"
"9510","2026-08-15T10:07:00.892725200-0500","53.639755300","192.168.0.186","192.168.0.178","25858","25565","32082","3784984","4","0","0x0018"
"9511","2026-08-15T10:07:00.893135600-0500","53.640165700","192.168.0.186","192.168.0.178","25858","25565","32086","3784984","36","0","0x0018"
"9512","2026-08-15T10:07:00.893408700-0500","53.640438800","192.168.0.178","192.168.0.186","25565","25858","3784984","32086","0","0","0x0010"
"9513","2026-08-15T10:07:00.901454400-0500","53.648484500","192.168.0.178","192.168.0.186","25565","25858","3784984","32122","62","0","0x0018"
"9514","2026-08-15T10:07:00.901660700-0500","53.648690800","192.168.0.186","192.168.0.178","25858","25565","32122","3785046","11","0","0x0018"
"9515","2026-08-15T10:07:00.926703600-0500","53.673733700","192.168.0.186","192.168.0.178","25858","25565","32133","3785046","28","0","0x0018"
"9516","2026-08-15T10:07:00.927420500-0500","53.674450600","192.168.0.178","192.168.0.186","25565","25858","3785046","32161","0","0","0x0010"
"9517","2026-08-15T10:07:00.927651300-0500","53.674681400","192.168.0.186","192.168.0.178","25858","25565","32161","3785046","3","0","0x0018"
"9518","2026-08-15T10:07:00.951298100-0500","53.698328200","192.168.0.178","192.168.0.186","25565","25858","3785046","32164","18","0","0x0018"
"9519","2026-08-15T10:07:00.976726500-0500","53.723756600","192.168.0.186","192.168.0.178","25858","25565","32164","3785064","28","0","0x0018"
"9520","2026-08-15T10:07:00.977695600-0500","53.724725700","192.168.0.186","192.168.0.178","25858","25565","32192","3785064","3","0","0x0018"
"9521","2026-08-15T10:07:00.985954200-0500","53.732984300","192.168.0.178","192.168.0.186","25565","25858","3785064","32195","0","0","0x0010"
"9522","2026-08-15T10:07:01.027047300-0500","53.774077400","192.168.0.186","192.168.0.178","25858","25565","32195","3785064","28","0","0x0018"
"9523","2026-08-15T10:07:01.027876000-0500","53.774906100","192.168.0.186","192.168.0.178","25858","25565","32223","3785064","3","0","0x0018"
"9524","2026-08-15T10:07:01.028555400-0500","53.775585500","192.168.0.178","192.168.0.186","25565","25858","3785064","32226","0","0","0x0010"
"9525","2026-08-15T10:07:01.051641000-0500","53.798671100","192.168.0.178","192.168.0.186","25565","25858","3785064","32226","31","0","0x0018"
"9526","2026-08-15T10:07:01.077236500-0500","53.824266600","192.168.0.186","192.168.0.178","25858","25565","32226","3785095","28","0","0x0018"
"9527","2026-08-15T10:07:01.078086600-0500","53.825116700","192.168.0.186","192.168.0.178","25858","25565","32254","3785095","3","0","0x0018"
"9528","2026-08-15T10:07:01.078768300-0500","53.825798400","192.168.0.178","192.168.0.186","25565","25858","3785095","32257","0","0","0x0010"
"9529","2026-08-15T10:07:01.102073500-0500","53.849103600","192.168.0.178","192.168.0.186","25565","25858","3785095","32257","18","0","0x0018"
"9530","2026-08-15T10:07:01.126991800-0500","53.874021900","192.168.0.186","192.168.0.178","25858","25565","32257","3785113","28","0","0x0018"
"9531","2026-08-15T10:07:01.127999200-0500","53.875029300","192.168.0.186","192.168.0.178","25858","25565","32285","3785113","3","0","0x0018"
"9532","2026-08-15T10:07:01.128781900-0500","53.875812000","192.168.0.178","192.168.0.186","25565","25858","3785113","32288","0","0","0x0010"
"9533","2026-08-15T10:07:01.176735200-0500","53.923765300","192.168.0.186","192.168.0.178","25858","25565","32288","3785113","28","0","0x0018"
"9534","2026-08-15T10:07:01.177696700-0500","53.924726800","192.168.0.186","192.168.0.178","25858","25565","32316","3785113","3","0","0x0018"
"9535","2026-08-15T10:07:01.178506700-0500","53.925536800","192.168.0.178","192.168.0.186","25565","25858","3785113","32319","0","0","0x0010"
"9536","2026-08-15T10:07:01.201119500-0500","53.948149600","192.168.0.178","192.168.0.186","25565","25858","3785113","32319","31","0","0x0018"
"9537","2026-08-15T10:07:01.227064100-0500","53.974094200","192.168.0.186","192.168.0.178","25858","25565","32319","3785144","28","0","0x0018"
"9538","2026-08-15T10:07:01.228109600-0500","53.975139700","192.168.0.186","192.168.0.178","25858","25565","32347","3785144","3","0","0x0018"
"9539","2026-08-15T10:07:01.228953500-0500","53.975983600","192.168.0.178","192.168.0.186","25565","25858","3785144","32350","0","0","0x0010"
"9540","2026-08-15T10:07:01.251770700-0500","53.998800800","192.168.0.178","192.168.0.186","25565","25858","3785144","32350","116","0","0x0018"
"9541","2026-08-15T10:07:01.259521900-0500","54.006552000","192.168.0.178","192.168.0.186","25565","25858","3785260","32350","52","0","0x0018"
"9542","2026-08-15T10:07:01.259521900-0500","54.006552000","192.168.0.178","192.168.0.186","25565","25858","3785312","32350","52","0","0x0018"
"9543","2026-08-15T10:07:01.259575000-0500","54.006605100","192.168.0.186","192.168.0.178","25858","25565","32350","3785364","0","0","0x0010"
"9544","2026-08-15T10:07:01.259672300-0500","54.006702400","192.168.0.178","192.168.0.186","25565","25858","3785364","32350","52","0","0x0018"
"9545","2026-08-15T10:07:01.259692500-0500","54.006722600","192.168.0.186","192.168.0.178","25858","25565","32350","3785416","0","0","0x0010"
"9546","2026-08-15T10:07:01.276725300-0500","54.023755400","192.168.0.186","192.168.0.178","25858","25565","32350","3785416","28","0","0x0018"
"9547","2026-08-15T10:07:01.277690900-0500","54.024721000","192.168.0.186","192.168.0.178","25858","25565","32378","3785416","3","0","0x0018"
"9548","2026-08-15T10:07:01.278284500-0500","54.025314600","192.168.0.178","192.168.0.186","25565","25858","3785416","32381","0","0","0x0010"
"9549","2026-08-15T10:07:01.326723000-0500","54.073753100","192.168.0.186","192.168.0.178","25858","25565","32381","3785416","28","0","0x0018"
"9550","2026-08-15T10:07:01.327256300-0500","54.074286400","192.168.0.186","192.168.0.178","25858","25565","32409","3785416","3","0","0x0018"
"9551","2026-08-15T10:07:01.327553500-0500","54.074583600","192.168.0.178","192.168.0.186","25565","25858","3785416","32409","64","0","0x0018"
"9552","2026-08-15T10:07:01.342334000-0500","54.089364100","192.168.0.186","192.168.0.178","25858","25565","32412","3785480","4","0","0x0018"
"9553","2026-08-15T10:07:01.342815300-0500","54.089845400","192.168.0.186","192.168.0.178","25858","25565","32416","3785480","36","0","0x0018"
"9554","2026-08-15T10:07:01.343057700-0500","54.090087800","192.168.0.178","192.168.0.186","25565","25858","3785480","32416","0","0","0x0010"
"9555","2026-08-15T10:07:01.351391200-0500","54.098421300","192.168.0.178","192.168.0.186","25565","25858","3785480","32452","31","0","0x0018"
"9556","2026-08-15T10:07:01.377110300-0500","54.124140400","192.168.0.186","192.168.0.178","25858","25565","32452","3785511","28","0","0x0018"
"9557","2026-08-15T10:07:01.378155800-0500","54.125185900","192.168.0.186","192.168.0.178","25858","25565","32480","3785511","3","0","0x0018"
"9558","2026-08-15T10:07:01.378961700-0500","54.125991800","192.168.0.178","192.168.0.186","25565","25858","3785511","32483","0","0","0x0010"
"9559","2026-08-15T10:07:01.400870400-0500","54.147900500","192.168.0.178","192.168.0.186","25565","25858","3785511","32483","14","0","0x0018"
"9560","2026-08-15T10:07:01.426965600-0500","54.173995700","192.168.0.186","192.168.0.178","25858","25565","32483","3785525","28","0","0x0018"
"9561","2026-08-15T10:07:01.427963900-0500","54.174994000","192.168.0.186","192.168.0.178","25858","25565","32511","3785525","3","0","0x0018"
"9562","2026-08-15T10:07:01.428693400-0500","54.175723500","192.168.0.178","192.168.0.186","25565","25858","3785525","32514","0","0","0x0010"
"9563","2026-08-15T10:07:01.476939000-0500","54.223969100","192.168.0.186","192.168.0.178","25858","25565","32514","3785525","28","0","0x0018"
"9564","2026-08-15T10:07:01.477972400-0500","54.225002500","192.168.0.186","192.168.0.178","25858","25565","32542","3785525","3","0","0x0018"
"9565","2026-08-15T10:07:01.478735800-0500","54.225765900","192.168.0.178","192.168.0.186","25565","25858","3785525","32545","0","0","0x0010"
"9566","2026-08-15T10:07:01.500945600-0500","54.247975700","192.168.0.178","192.168.0.186","25565","25858","3785525","32545","31","0","0x0018"
"9567","2026-08-15T10:07:01.527084900-0500","54.274115000","192.168.0.186","192.168.0.178","25858","25565","32545","3785556","28","0","0x0018"
"9568","2026-08-15T10:07:01.528115400-0500","54.275145500","192.168.0.178","192.168.0.186","25565","25858","3785556","32573","64","0","0x0018"
"9569","2026-08-15T10:07:01.528362800-0500","54.275392900","192.168.0.186","192.168.0.178","25858","25565","32573","3785620","3","0","0x0018"
"9570","2026-08-15T10:07:01.542475000-0500","54.289505100","192.168.0.186","192.168.0.178","25858","25565","32576","3785620","4","0","0x0018"
"9571","2026-08-15T10:07:01.542519000-0500","54.289549100","192.168.0.186","192.168.0.178","25858","25565","32580","3785620","36","0","0x0018"
"9572","2026-08-15T10:07:01.543198000-0500","54.290228100","192.168.0.178","192.168.0.186","25565","25858","3785620","32616","0","0","0x0010"
"9573","2026-08-15T10:07:01.551271000-0500","54.298301100","192.168.0.178","192.168.0.186","25565","25858","3785620","32616","68","0","0x0018"
"9574","2026-08-15T10:07:01.576324500-0500","54.323354600","192.168.0.186","192.168.0.178","25858","25565","32616","3785688","28","0","0x0018"
"9575","2026-08-15T10:07:01.576687300-0500","54.323717400","192.168.0.186","192.168.0.178","25858","25565","32644","3785688","3","0","0x0018"
"9576","2026-08-15T10:07:01.577410600-0500","54.324440700","192.168.0.178","192.168.0.186","25565","25858","3785688","32647","0","0","0x0010"
"9577","2026-08-15T10:07:01.627017000-0500","54.374047100","192.168.0.186","192.168.0.178","25858","25565","32647","3785688","28","0","0x0018"
"9578","2026-08-15T10:07:01.627978300-0500","54.375008400","192.168.0.186","192.168.0.178","25858","25565","32675","3785688","3","0","0x0018"
"9579","2026-08-15T10:07:01.628790000-0500","54.375820100","192.168.0.178","192.168.0.186","25565","25858","3785688","32678","0","0","0x0010"
"9580","2026-08-15T10:07:01.652325100-0500","54.399355200","192.168.0.178","192.168.0.186","25565","25858","3785688","32678","23","0","0x0018"
"9581","2026-08-15T10:07:01.676937500-0500","54.423967600","192.168.0.186","192.168.0.178","25858","25565","32678","3785711","28","0","0x0018"
"9582","2026-08-15T10:07:01.677932000-0500","54.424962100","192.168.0.186","192.168.0.178","25858","25565","32706","3785711","3","0","0x0018"
"9583","2026-08-15T10:07:01.678592800-0500","54.425622900","192.168.0.178","192.168.0.186","25565","25858","3785711","32709","0","0","0x0010"
"9584","2026-08-15T10:07:01.701568500-0500","54.448598600","192.168.0.178","192.168.0.186","25565","25858","3785711","32709","68","0","0x0018"
"9585","2026-08-15T10:07:01.726931700-0500","54.473961800","192.168.0.186","192.168.0.178","25858","25565","32709","3785779","28","0","0x0018"
"9586","2026-08-15T10:07:01.727845500-0500","54.474875600","192.168.0.178","192.168.0.186","25565","25858","3785779","32737","64","0","0x0018"
"9587","2026-08-15T10:07:01.727990600-0500","54.475020700","192.168.0.186","192.168.0.178","25858","25565","32737","3785843","3","0","0x0018"
"9588","2026-08-15T10:07:01.742600800-0500","54.489630900","192.168.0.186","192.168.0.178","25858","25565","32740","3785843","4","0","0x0018"
"9589","2026-08-15T10:07:01.742632000-0500","54.489662100","192.168.0.186","192.168.0.178","25858","25565","32744","3785843","36","0","0x0018"
"9590","2026-08-15T10:07:01.743265200-0500","54.490295300","192.168.0.178","192.168.0.186","25565","25858","3785843","32780","0","0","0x0010"
"9591","2026-08-15T10:07:01.776829900-0500","54.523860000","192.168.0.186","192.168.0.178","25858","25565","32780","3785843","28","0","0x0018"
"9592","2026-08-15T10:07:01.777808200-0500","54.524838300","192.168.0.186","192.168.0.178","25858","25565","32808","3785843","3","0","0x0018"
"9593","2026-08-15T10:07:01.778534000-0500","54.525564100","192.168.0.178","192.168.0.186","25565","25858","3785843","32811","0","0","0x0010"
"9594","2026-08-15T10:07:01.801173000-0500","54.548203100","192.168.0.178","192.168.0.186","25565","25858","3785843","32811","31","0","0x0018"
"9595","2026-08-15T10:07:01.826980600-0500","54.574010700","192.168.0.186","192.168.0.178","25858","25565","32811","3785874","28","0","0x0018"
"9596","2026-08-15T10:07:01.827992400-0500","54.575022500","192.168.0.186","192.168.0.178","25858","25565","32839","3785874","3","0","0x0018"
"9597","2026-08-15T10:07:01.828589900-0500","54.575620000","192.168.0.178","192.168.0.186","25565","25858","3785874","32842","0","0","0x0010"
"9598","2026-08-15T10:07:01.852190100-0500","54.599220200","192.168.0.178","192.168.0.186","25565","25858","3785874","32842","641","0","0x0018"
"9599","2026-08-15T10:07:01.876762100-0500","54.623792200","192.168.0.186","192.168.0.178","25858","25565","32842","3786515","28","0","0x0018"
"9600","2026-08-15T10:07:01.877512900-0500","54.624543000","192.168.0.186","192.168.0.178","25858","25565","32870","3786515","3","0","0x0018"
"9601","2026-08-15T10:07:01.878196400-0500","54.625226500","192.168.0.178","192.168.0.186","25565","25858","3786515","32873","0","0","0x0010"
"9602","2026-08-15T10:07:01.901236000-0500","54.648266100","192.168.0.178","192.168.0.186","25565","25858","3786515","32873","20","0","0x0018"
"9603","2026-08-15T10:07:01.926858200-0500","54.673888300","192.168.0.186","192.168.0.178","25858","25565","32873","3786535","28","0","0x0018"
"9604","2026-08-15T10:07:01.927700700-0500","54.674730800","192.168.0.178","192.168.0.186","25565","25858","3786535","32901","64","0","0x0018"
"9605","2026-08-15T10:07:01.927884600-0500","54.674914700","192.168.0.186","192.168.0.178","25858","25565","32901","3786599","3","0","0x0018"
"9606","2026-08-15T10:07:01.942479400-0500","54.689509500","192.168.0.186","192.168.0.178","25858","25565","32904","3786599","4","0","0x0018"
"9607","2026-08-15T10:07:01.942515900-0500","54.689546000","192.168.0.186","192.168.0.178","25858","25565","32908","3786599","36","0","0x0018"
"9608","2026-08-15T10:07:01.943376000-0500","54.690406100","192.168.0.178","192.168.0.186","25565","25858","3786599","32944","0","0","0x0010"
"9609","2026-08-15T10:07:01.951048100-0500","54.698078200","192.168.0.178","192.168.0.186","25565","25858","3786599","32944","42","0","0x0018"
"9610","2026-08-15T10:07:01.951198400-0500","54.698228500","192.168.0.186","192.168.0.178","25858","25565","32944","3786641","11","0","0x0018"
"9611","2026-08-15T10:07:01.976976200-0500","54.724006300","192.168.0.186","192.168.0.178","25858","25565","32955","3786641","28","0","0x0018"
"9612","2026-08-15T10:07:01.977888600-0500","54.724918700","192.168.0.178","192.168.0.186","25565","25858","3786641","32983","0","0","0x0010"
"9613","2026-08-15T10:07:01.977990000-0500","54.725020100","192.168.0.186","192.168.0.178","25858","25565","32983","3786641","3","0","0x0018"
"9614","2026-08-15T10:07:02.006080200-0500","54.753110300","192.168.0.178","192.168.0.186","25565","25858","3786641","32986","20","0","0x0018"
"9615","2026-08-15T10:07:02.027070400-0500","54.774100500","192.168.0.186","192.168.0.178","25858","25565","32986","3786661","28","0","0x0018"
"9616","2026-08-15T10:07:02.028026400-0500","54.775056500","192.168.0.186","192.168.0.178","25858","25565","33014","3786661","3","0","0x0018"
"9617","2026-08-15T10:07:02.028773300-0500","54.775803400","192.168.0.178","192.168.0.186","25565","25858","3786661","33017","0","0","0x0010"
"9618","2026-08-15T10:07:02.076865600-0500","54.823895700","192.168.0.186","192.168.0.178","25858","25565","33017","3786661","28","0","0x0018"
"9619","2026-08-15T10:07:02.077808600-0500","54.824838700","192.168.0.186","192.168.0.178","25858","25565","33045","3786661","3","0","0x0018"
"9620","2026-08-15T10:07:02.078591600-0500","54.825621700","192.168.0.178","192.168.0.186","25565","25858","3786661","33048","0","0","0x0010"
"9621","2026-08-15T10:07:02.104999300-0500","54.852029400","192.168.0.178","192.168.0.186","25565","25858","3786661","33048","12","0","0x0018"
"9622","2026-08-15T10:07:02.126342000-0500","54.873372100","192.168.0.186","192.168.0.178","25858","25565","33048","3786673","28","0","0x0018"
"9623","2026-08-15T10:07:02.126824300-0500","54.873854400","192.168.0.186","192.168.0.178","25858","25565","33076","3786673","3","0","0x0018"
"9624","2026-08-15T10:07:02.127409800-0500","54.874439900","192.168.0.178","192.168.0.186","25565","25858","3786673","33079","0","0","0x0010"
"9625","2026-08-15T10:07:02.161072800-0500","54.908102900","192.168.0.178","192.168.0.186","25565","25858","3786673","33079","124","0","0x0018"
"9626","2026-08-15T10:07:02.162864800-0500","54.909894900","192.168.0.178","192.168.0.186","25565","25858","3786797","33079","52","0","0x0018"
"9627","2026-08-15T10:07:02.162864800-0500","54.909894900","192.168.0.178","192.168.0.186","25565","25858","3786849","33079","52","0","0x0018"
"9628","2026-08-15T10:07:02.162864800-0500","54.909894900","192.168.0.178","192.168.0.186","25565","25858","3786901","33079","52","0","0x0018"
"9629","2026-08-15T10:07:02.162920500-0500","54.909950600","192.168.0.186","192.168.0.178","25858","25565","33079","3786953","0","0","0x0010"
"9630","2026-08-15T10:07:02.176777700-0500","54.923807800","192.168.0.186","192.168.0.178","25858","25565","33079","3786953","28","0","0x0018"
"9631","2026-08-15T10:07:02.177718900-0500","54.924749000","192.168.0.186","192.168.0.178","25858","25565","33107","3786953","3","0","0x0018"
"9632","2026-08-15T10:07:02.178461100-0500","54.925491200","192.168.0.178","192.168.0.186","25565","25858","3786953","33110","0","0","0x0010"
"9633","2026-08-15T10:07:02.226899200-0500","54.973929300","192.168.0.186","192.168.0.178","25858","25565","33110","3786953","28","0","0x0018"
"9634","2026-08-15T10:07:02.227867400-0500","54.974897500","192.168.0.186","192.168.0.178","25858","25565","33138","3786953","3","0","0x0018"
"9635","2026-08-15T10:07:02.228589400-0500","54.975619500","192.168.0.178","192.168.0.186","25565","25858","3786953","33141","0","0","0x0010"
"9636","2026-08-15T10:07:02.253110900-0500","55.000141000","192.168.0.178","192.168.0.186","25565","25858","3786953","33141","116","0","0x0018"
"9637","2026-08-15T10:07:02.257916600-0500","55.004946700","192.168.0.178","192.168.0.186","25565","25858","3787069","33141","52","0","0x0018"
"9638","2026-08-15T10:07:02.257961800-0500","55.004991900","192.168.0.186","192.168.0.178","25858","25565","33141","3787121","0","0","0x0010"
"9639","2026-08-15T10:07:02.258057400-0500","55.005087500","192.168.0.178","192.168.0.186","25565","25858","3787121","33141","52","0","0x0018"
"9640","2026-08-15T10:07:02.258121100-0500","55.005151200","192.168.0.178","192.168.0.186","25565","25858","3787173","33141","52","0","0x0018"
"9641","2026-08-15T10:07:02.258133600-0500","55.005163700","192.168.0.186","192.168.0.178","25858","25565","33141","3787225","0","0","0x0010"
"9642","2026-08-15T10:07:02.276944900-0500","55.023975000","192.168.0.186","192.168.0.178","25858","25565","33141","3787225","28","0","0x0018"
"9643","2026-08-15T10:07:02.277896800-0500","55.024926900","192.168.0.186","192.168.0.178","25858","25565","33169","3787225","3","0","0x0018"
"9644","2026-08-15T10:07:02.278540700-0500","55.025570800","192.168.0.178","192.168.0.186","25565","25858","3787225","33172","0","0","0x0010"
"9645","2026-08-15T10:07:02.304894700-0500","55.051924800","192.168.0.178","192.168.0.186","25565","25858","3787225","33172","20","0","0x0018"
"9646","2026-08-15T10:07:02.326770500-0500","55.073800600","192.168.0.186","192.168.0.178","25858","25565","33172","3787245","28","0","0x0018"
"9647","2026-08-15T10:07:02.327712900-0500","55.074743000","192.168.0.186","192.168.0.178","25858","25565","33200","3787245","3","0","0x0018"
"9648","2026-08-15T10:07:02.328572600-0500","55.075602700","192.168.0.178","192.168.0.186","25565","25858","3787245","33203","0","0","0x0010"
"9649","2026-08-15T10:07:02.376238000-0500","55.123268100","192.168.0.186","192.168.0.178","25858","25565","33203","3787245","28","0","0x0018"
"9650","2026-08-15T10:07:02.376574800-0500","55.123604900","192.168.0.186","192.168.0.178","25858","25565","33231","3787245","3","0","0x0018"
"9651","2026-08-15T10:07:02.377171700-0500","55.124201800","192.168.0.178","192.168.0.186","25565","25858","3787245","33234","0","0","0x0010"
"9652","2026-08-15T10:07:02.401530000-0500","55.148560100","192.168.0.178","192.168.0.186","25565","25858","3787245","33234","14","0","0x0018"
"9653","2026-08-15T10:07:02.426907700-0500","55.173937800","192.168.0.186","192.168.0.178","25858","25565","33234","3787259","28","0","0x0018"
"9654","2026-08-15T10:07:02.427967500-0500","55.174997600","192.168.0.186","192.168.0.178","25858","25565","33262","3787259","3","0","0x0018"
"9655","2026-08-15T10:07:02.428546600-0500","55.175576700","192.168.0.178","192.168.0.186","25565","25858","3787259","33265","0","0","0x0010"
"9656","2026-08-15T10:07:02.451248500-0500","55.198278600","192.168.0.178","192.168.0.186","25565","25858","3787259","33265","20","0","0x0018"
"9657","2026-08-15T10:07:02.476862300-0500","55.223892400","192.168.0.186","192.168.0.178","25858","25565","33265","3787279","28","0","0x0018"
"9658","2026-08-15T10:07:02.477818800-0500","55.224848900","192.168.0.186","192.168.0.178","25858","25565","33293","3787279","3","0","0x0018"
"9659","2026-08-15T10:07:02.478540500-0500","55.225570600","192.168.0.178","192.168.0.186","25565","25858","3787279","33296","0","0","0x0010"
"9660","2026-08-15T10:07:02.527007100-0500","55.274037200","192.168.0.186","192.168.0.178","25858","25565","33296","3787279","28","0","0x0018"
"9661","2026-08-15T10:07:02.528314900-0500","55.275345000","192.168.0.186","192.168.0.178","25858","25565","33324","3787279","3","0","0x0018"
"9662","2026-08-15T10:07:02.528928300-0500","55.275958400","192.168.0.178","192.168.0.186","25565","25858","3787279","33327","0","0","0x0010"
"9663","2026-08-15T10:07:02.551626400-0500","55.298656500","192.168.0.178","192.168.0.186","25565","25858","3787279","33327","18","0","0x0018"
"9664","2026-08-15T10:07:02.577037300-0500","55.324067400","192.168.0.186","192.168.0.178","25858","25565","33327","3787297","28","0","0x0018"
"9665","2026-08-15T10:07:02.577905700-0500","55.324935800","192.168.0.186","192.168.0.178","25858","25565","33355","3787297","3","0","0x0018"
"9666","2026-08-15T10:07:02.578717800-0500","55.325747900","192.168.0.178","192.168.0.186","25565","25858","3787297","33358","0","0","0x0010"
"9667","2026-08-15T10:07:02.601155200-0500","55.348185300","192.168.0.178","192.168.0.186","25565","25858","3787297","33358","20","0","0x0018"
"9668","2026-08-15T10:07:02.626678300-0500","55.373708400","192.168.0.186","192.168.0.178","25858","25565","33358","3787317","28","0","0x0018"
"9669","2026-08-15T10:07:02.627302200-0500","55.374332300","192.168.0.186","192.168.0.178","25858","25565","33386","3787317","3","0","0x0018"
"9670","2026-08-15T10:07:02.628076100-0500","55.375106200","192.168.0.178","192.168.0.186","25565","25858","3787317","33389","0","0","0x0010"
"9671","2026-08-15T10:07:02.676905200-0500","55.423935300","192.168.0.186","192.168.0.178","25858","25565","33389","3787317","28","0","0x0018"
"9672","2026-08-15T10:07:02.677796200-0500","55.424826300","192.168.0.186","192.168.0.178","25858","25565","33417","3787317","3","0","0x0018"
"9673","2026-08-15T10:07:02.678574800-0500","55.425604900","192.168.0.178","192.168.0.186","25565","25858","3787317","33420","0","0","0x0010"
"9674","2026-08-15T10:07:02.701066500-0500","55.448096600","192.168.0.178","192.168.0.186","25565","25858","3787317","33420","12","0","0x0018"
"9675","2026-08-15T10:07:02.727144800-0500","55.474174900","192.168.0.186","192.168.0.178","25858","25565","33420","3787329","28","0","0x0018"
"9676","2026-08-15T10:07:02.728145500-0500","55.475175600","192.168.0.186","192.168.0.178","25858","25565","33448","3787329","3","0","0x0018"
"9677","2026-08-15T10:07:02.728833100-0500","55.475863200","192.168.0.178","192.168.0.186","25565","25858","3787329","33451","0","0","0x0010"
"9678","2026-08-15T10:07:02.750857500-0500","55.497887600","192.168.0.178","192.168.0.186","25565","25858","3787329","33451","20","0","0x0018"
"9679","2026-08-15T10:07:02.776585800-0500","55.523615900","192.168.0.186","192.168.0.178","25858","25565","33451","3787349","28","0","0x0018"
"9680","2026-08-15T10:07:02.777548300-0500","55.524578400","192.168.0.186","192.168.0.178","25858","25565","33479","3787349","3","0","0x0018"
"9681","2026-08-15T10:07:02.778346400-0500","55.525376500","192.168.0.178","192.168.0.186","25565","25858","3787349","33482","0","0","0x0010"
"9682","2026-08-15T10:07:02.827026100-0500","55.574056200","192.168.0.186","192.168.0.178","25858","25565","33482","3787349","28","0","0x0018"
"9683","2026-08-15T10:07:02.828015700-0500","55.575045800","192.168.0.186","192.168.0.178","25858","25565","33510","3787349","3","0","0x0018"
"9684","2026-08-15T10:07:02.828815800-0500","55.575845900","192.168.0.178","192.168.0.186","25565","25858","3787349","33513","0","0","0x0010"
"9685","2026-08-15T10:07:02.850976200-0500","55.598006300","192.168.0.178","192.168.0.186","25565","25858","3787349","33513","12","0","0x0018"
"9686","2026-08-15T10:07:02.877047200-0500","55.624077300","192.168.0.186","192.168.0.178","25858","25565","33513","3787361","28","0","0x0018"
"9687","2026-08-15T10:07:02.877924900-0500","55.624955000","192.168.0.186","192.168.0.178","25858","25565","33541","3787361","3","0","0x0018"
"9688","2026-08-15T10:07:02.878064600-0500","55.625094700","192.168.0.178","192.168.0.186","25565","25858","3787361","33541","11","0","0x0018"
"9689","2026-08-15T10:07:02.878170400-0500","55.625200500","192.168.0.178","192.168.0.186","25565","25858","3787372","33541","9","0","0x0018"
"9690","2026-08-15T10:07:02.878190900-0500","55.625221000","192.168.0.186","192.168.0.178","25858","25565","33544","3787381","0","0","0x0010"
"9691","2026-08-15T10:07:02.901977000-0500","55.649007100","192.168.0.178","192.168.0.186","25565","25858","3787381","33544","40","0","0x0018"
"9692","2026-08-15T10:07:02.927495500-0500","55.674525600","192.168.0.186","192.168.0.178","25858","25565","33544","3787421","28","0","0x0018"
"9693","2026-08-15T10:07:02.928291700-0500","55.675321800","192.168.0.186","192.168.0.178","25858","25565","33572","3787421","3","0","0x0018"
"9694","2026-08-15T10:07:02.928973900-0500","55.676004000","192.168.0.178","192.168.0.186","25565","25858","3787421","33575","0","0","0x0010"
"9695","2026-08-15T10:07:02.950948500-0500","55.697978600","192.168.0.178","192.168.0.186","25565","25858","3787421","33575","11","0","0x0018"
"9696","2026-08-15T10:07:02.951195800-0500","55.698225900","192.168.0.186","192.168.0.178","25858","25565","33575","3787432","11","0","0x0018"
"9697","2026-08-15T10:07:02.976951600-0500","55.723981700","192.168.0.186","192.168.0.178","25858","25565","33586","3787432","28","0","0x0018"
"9698","2026-08-15T10:07:02.977686100-0500","55.724716200","192.168.0.178","192.168.0.186","25565","25858","3787432","33614","0","0","0x0010"
"9699","2026-08-15T10:07:02.977925800-0500","55.724955900","192.168.0.186","192.168.0.178","25858","25565","33614","3787432","3","0","0x0018"
"9700","2026-08-15T10:07:03.000922800-0500","55.747952900","192.168.0.178","192.168.0.186","25565","25858","3787432","33617","12","0","0x0018"
"9701","2026-08-15T10:07:03.027178500-0500","55.774208600","192.168.0.186","192.168.0.178","25858","25565","33617","3787444","28","0","0x0018"
"9702","2026-08-15T10:07:03.028233300-0500","55.775263400","192.168.0.186","192.168.0.178","25858","25565","33645","3787444","3","0","0x0018"
"9703","2026-08-15T10:07:03.028963300-0500","55.775993400","192.168.0.178","192.168.0.186","25565","25858","3787444","33648","0","0","0x0010"
"9704","2026-08-15T10:07:03.051308400-0500","55.798338500","192.168.0.178","192.168.0.186","25565","25858","3787444","33648","20","0","0x0018"
"9705","2026-08-15T10:07:03.076811200-0500","55.823841300","192.168.0.186","192.168.0.178","25858","25565","33648","3787464","28","0","0x0018"
"9706","2026-08-15T10:07:03.077765700-0500","55.824795800","192.168.0.186","192.168.0.178","25858","25565","33676","3787464","3","0","0x0018"
"9707","2026-08-15T10:07:03.078543600-0500","55.825573700","192.168.0.178","192.168.0.186","25565","25858","3787464","33679","0","0","0x0010"
"9708","2026-08-15T10:07:03.127059600-0500","55.874089700","192.168.0.186","192.168.0.178","25858","25565","33679","3787464","28","0","0x0018"
"9709","2026-08-15T10:07:03.127979900-0500","55.875010000","192.168.0.186","192.168.0.178","25858","25565","33707","3787464","3","0","0x0018"
"9710","2026-08-15T10:07:03.128587300-0500","55.875617400","192.168.0.178","192.168.0.186","25565","25858","3787464","33710","0","0","0x0010"
"9711","2026-08-15T10:07:03.150768100-0500","55.897798200","192.168.0.178","192.168.0.186","25565","25858","3787464","33710","31","0","0x0018"
"9712","2026-08-15T10:07:03.177112100-0500","55.924142200","192.168.0.186","192.168.0.178","25858","25565","33710","3787495","28","0","0x0018"
"9713","2026-08-15T10:07:03.178072400-0500","55.925102500","192.168.0.186","192.168.0.178","25858","25565","33738","3787495","3","0","0x0018"
"9714","2026-08-15T10:07:03.178835500-0500","55.925865600","192.168.0.178","192.168.0.186","25565","25858","3787495","33741","0","0","0x0010"
"9715","2026-08-15T10:07:03.200714100-0500","55.947744200","192.168.0.178","192.168.0.186","25565","25858","3787495","33741","124","0","0x0018"
"9716","2026-08-15T10:07:03.209069000-0500","55.956099100","192.168.0.178","192.168.0.186","25565","25858","3787619","33741","52","0","0x0018"
"9717","2026-08-15T10:07:03.209069000-0500","55.956099100","192.168.0.178","192.168.0.186","25565","25858","3787671","33741","52","0","0x0018"
"9718","2026-08-15T10:07:03.209069000-0500","55.956099100","192.168.0.178","192.168.0.186","25565","25858","3787723","33741","52","0","0x0018"
"9719","2026-08-15T10:07:03.209125400-0500","55.956155500","192.168.0.186","192.168.0.178","25858","25565","33741","3787775","0","0","0x0010"
"9720","2026-08-15T10:07:03.227070500-0500","55.974100600","192.168.0.186","192.168.0.178","25858","25565","33741","3787775","28","0","0x0018"
"9721","2026-08-15T10:07:03.228009000-0500","55.975039100","192.168.0.186","192.168.0.178","25858","25565","33769","3787775","3","0","0x0018"
"9722","2026-08-15T10:07:03.228874900-0500","55.975905000","192.168.0.178","192.168.0.186","25565","25858","3787775","33772","0","0","0x0010"
"9723","2026-08-15T10:07:03.276808700-0500","56.023838800","192.168.0.186","192.168.0.178","25858","25565","33772","3787775","28","0","0x0018"
"9724","2026-08-15T10:07:03.277768700-0500","56.024798800","192.168.0.186","192.168.0.178","25858","25565","33800","3787775","3","0","0x0018"
"9725","2026-08-15T10:07:03.278487300-0500","56.025517400","192.168.0.178","192.168.0.186","25565","25858","3787775","33803","0","0","0x0010"
"9726","2026-08-15T10:07:03.301068200-0500","56.048098300","192.168.0.178","192.168.0.186","25565","25858","3787775","33803","14","0","0x0018"
"9727","2026-08-15T10:07:03.327223100-0500","56.074253200","192.168.0.186","192.168.0.178","25858","25565","33803","3787789","28","0","0x0018"
"9728","2026-08-15T10:07:03.328215200-0500","56.075245300","192.168.0.186","192.168.0.178","25858","25565","33831","3787789","3","0","0x0018"
"9729","2026-08-15T10:07:03.328854000-0500","56.075884100","192.168.0.178","192.168.0.186","25565","25858","3787789","33834","0","0","0x0010"
"9730","2026-08-15T10:07:03.351624400-0500","56.098654500","192.168.0.178","192.168.0.186","25565","25858","3787789","33834","409","0","0x0018"
"9731","2026-08-15T10:07:03.376995100-0500","56.124025200","192.168.0.186","192.168.0.178","25858","25565","33834","3788198","28","0","0x0018"
"9732","2026-08-15T10:07:03.378049000-0500","56.125079100","192.168.0.186","192.168.0.178","25858","25565","33862","3788198","3","0","0x0018"
"9733","2026-08-15T10:07:03.378819700-0500","56.125849800","192.168.0.178","192.168.0.186","25565","25858","3788198","33865","0","0","0x0010"
"9734","2026-08-15T10:07:03.426100600-0500","56.173130700","192.168.0.186","192.168.0.178","25858","25565","33865","3788198","28","0","0x0018"
"9735","2026-08-15T10:07:03.426486200-0500","56.173516300","192.168.0.186","192.168.0.178","25858","25565","33893","3788198","3","0","0x0018"
"9736","2026-08-15T10:07:03.426981200-0500","56.174011300","192.168.0.178","192.168.0.186","25565","25858","3788198","33896","0","0","0x0010"
"9737","2026-08-15T10:07:03.450248300-0500","56.197278400","192.168.0.178","192.168.0.186","25565","25858","3788198","33896","14","0","0x0018"
"9738","2026-08-15T10:07:03.476914900-0500","56.223945000","192.168.0.186","192.168.0.178","25858","25565","33896","3788212","28","0","0x0018"
"9739","2026-08-15T10:07:03.477865100-0500","56.224895200","192.168.0.186","192.168.0.178","25858","25565","33924","3788212","3","0","0x0018"
"9740","2026-08-15T10:07:03.478731200-0500","56.225761300","192.168.0.178","192.168.0.186","25565","25858","3788212","33927","0","0","0x0010"
"9741","2026-08-15T10:07:03.500407700-0500","56.247437800","192.168.0.178","192.168.0.186","25565","25858","3788212","33927","20","0","0x0018"
"9742","2026-08-15T10:07:03.527038700-0500","56.274068800","192.168.0.186","192.168.0.178","25858","25565","33927","3788232","28","0","0x0018"
"9743","2026-08-15T10:07:03.528318300-0500","56.275348400","192.168.0.186","192.168.0.178","25858","25565","33955","3788232","3","0","0x0018"
"9744","2026-08-15T10:07:03.529018600-0500","56.276048700","192.168.0.178","192.168.0.186","25565","25858","3788232","33958","0","0","0x0010"
"9745","2026-08-15T10:07:03.551157500-0500","56.298187600","192.168.0.178","192.168.0.186","25565","25858","3788232","33958","104","0","0x0018"
"9746","2026-08-15T10:07:03.558611500-0500","56.305641600","192.168.0.178","192.168.0.186","25565","25858","3788336","33958","52","0","0x0018"
"9747","2026-08-15T10:07:03.558611500-0500","56.305641600","192.168.0.178","192.168.0.186","25565","25858","3788388","33958","52","0","0x0018"
"9748","2026-08-15T10:07:03.558611500-0500","56.305641600","192.168.0.178","192.168.0.186","25565","25858","3788440","33958","52","0","0x0018"
"9749","2026-08-15T10:07:03.558665800-0500","56.305695900","192.168.0.186","192.168.0.178","25858","25565","33958","3788492","0","0","0x0010"
"9750","2026-08-15T10:07:03.576852800-0500","56.323882900","192.168.0.186","192.168.0.178","25858","25565","33958","3788492","28","0","0x0018"
"9751","2026-08-15T10:07:03.577820500-0500","56.324850600","192.168.0.186","192.168.0.178","25858","25565","33986","3788492","3","0","0x0018"
"9752","2026-08-15T10:07:03.578632000-0500","56.325662100","192.168.0.178","192.168.0.186","25565","25858","3788492","33989","0","0","0x0010"
"9753","2026-08-15T10:07:03.594836300-0500","56.341866400","192.168.0.178","192.168.0.186","25565","25858","3788492","33989","52","0","0x0018"
"9754","2026-08-15T10:07:03.594836300-0500","56.341866400","192.168.0.178","192.168.0.186","25565","25858","3788544","33989","52","0","0x0018"
"9755","2026-08-15T10:07:03.594836300-0500","56.341866400","192.168.0.178","192.168.0.186","25565","25858","3788596","33989","52","0","0x0018"
"9756","2026-08-15T10:07:03.594897700-0500","56.341927800","192.168.0.186","192.168.0.178","25858","25565","33989","3788648","0","0","0x0010"
"9757","2026-08-15T10:07:03.600847100-0500","56.347877200","192.168.0.178","192.168.0.186","25565","25858","3788648","33989","14","0","0x0018"
"9758","2026-08-15T10:07:03.600890300-0500","56.347920400","192.168.0.186","192.168.0.178","25858","25565","33989","3788662","0","0","0x0010"
"9759","2026-08-15T10:07:03.627081800-0500","56.374111900","192.168.0.186","192.168.0.178","25858","25565","33989","3788662","28","0","0x0018"
"9760","2026-08-15T10:07:03.628072300-0500","56.375102400","192.168.0.186","192.168.0.178","25858","25565","34017","3788662","3","0","0x0018"
"9761","2026-08-15T10:07:03.628994600-0500","56.376024700","192.168.0.178","192.168.0.186","25565","25858","3788662","34020","0","0","0x0010"
"9762","2026-08-15T10:07:03.650883400-0500","56.397913500","192.168.0.178","192.168.0.186","25565","25858","3788662","34020","20","0","0x0018"
"9763","2026-08-15T10:07:03.676118100-0500","56.423148200","192.168.0.186","192.168.0.178","25858","25565","34020","3788682","28","0","0x0018"
"9764","2026-08-15T10:07:03.676519400-0500","56.423549500","192.168.0.186","192.168.0.178","25858","25565","34048","3788682","3","0","0x0018"
"9765","2026-08-15T10:07:03.677107600-0500","56.424137700","192.168.0.178","192.168.0.186","25565","25858","3788682","34051","0","0","0x0010"
"9766","2026-08-15T10:07:03.700303600-0500","56.447333700","192.168.0.178","192.168.0.186","25565","25858","3788682","34051","6","0","0x0018"
"9767","2026-08-15T10:07:03.727013400-0500","56.474043500","192.168.0.186","192.168.0.178","25858","25565","34051","3788688","28","0","0x0018"
"9768","2026-08-15T10:07:03.727971100-0500","56.475001200","192.168.0.186","192.168.0.178","25858","25565","34079","3788688","3","0","0x0018"
"9769","2026-08-15T10:07:03.728798000-0500","56.475828100","192.168.0.178","192.168.0.186","25565","25858","3788688","34082","0","0","0x0010"
"9770","2026-08-15T10:07:03.750745300-0500","56.497775400","192.168.0.178","192.168.0.186","25565","25858","3788688","34082","14","0","0x0018"
"9771","2026-08-15T10:07:03.777055300-0500","56.524085400","192.168.0.186","192.168.0.178","25858","25565","34082","3788702","28","0","0x0018"
"9772","2026-08-15T10:07:03.777958700-0500","56.524988800","192.168.0.186","192.168.0.178","25858","25565","34110","3788702","3","0","0x0018"
"9773","2026-08-15T10:07:03.778716300-0500","56.525746400","192.168.0.178","192.168.0.186","25565","25858","3788702","34113","0","0","0x0010"
"9774","2026-08-15T10:07:03.827177700-0500","56.574207800","192.168.0.186","192.168.0.178","25858","25565","34113","3788702","28","0","0x0018"
"9775","2026-08-15T10:07:03.828148500-0500","56.575178600","192.168.0.186","192.168.0.178","25858","25565","34141","3788702","3","0","0x0018"
"9776","2026-08-15T10:07:03.828862000-0500","56.575892100","192.168.0.178","192.168.0.186","25565","25858","3788702","34144","0","0","0x0010"
"9777","2026-08-15T10:07:03.876905900-0500","56.623936000","192.168.0.186","192.168.0.178","25858","25565","34144","3788702","28","0","0x0018"
"9778","2026-08-15T10:07:03.877758800-0500","56.624788900","192.168.0.186","192.168.0.178","25858","25565","34172","3788702","3","0","0x0018"
"9779","2026-08-15T10:07:03.878531500-0500","56.625561600","192.168.0.178","192.168.0.186","25565","25858","3788702","34175","0","0","0x0010"
"9780","2026-08-15T10:07:03.900889300-0500","56.647919400","192.168.0.178","192.168.0.186","25565","25858","3788702","34175","34","0","0x0018"
"9781","2026-08-15T10:07:03.926025000-0500","56.673055100","192.168.0.186","192.168.0.178","25858","25565","34175","3788736","28","0","0x0018"
"9782","2026-08-15T10:07:03.926390600-0500","56.673420700","192.168.0.186","192.168.0.178","25858","25565","34203","3788736","3","0","0x0018"
"9783","2026-08-15T10:07:03.927121100-0500","56.674151200","192.168.0.178","192.168.0.186","25565","25858","3788736","34206","0","0","0x0010"
"9784","2026-08-15T10:07:03.951024500-0500","56.698054600","192.168.0.178","192.168.0.186","25565","25858","3788736","34206","11","0","0x0018"
"9785","2026-08-15T10:07:03.951124900-0500","56.698155000","192.168.0.186","192.168.0.178","25858","25565","34206","3788747","11","0","0x0018"
"9786","2026-08-15T10:07:03.977042900-0500","56.724073000","192.168.0.186","192.168.0.178","25858","25565","34217","3788747","28","0","0x0018"
"9787","2026-08-15T10:07:03.977967300-0500","56.724997400","192.168.0.186","192.168.0.178","25858","25565","34245","3788747","3","0","0x0018"
"9788","2026-08-15T10:07:03.978010300-0500","56.725040400","192.168.0.178","192.168.0.186","25565","25858","3788747","34245","0","0","0x0010"
"9789","2026-08-15T10:07:04.022018400-0500","56.769048500","192.168.0.178","192.168.0.186","25565","25858","3788747","34248","0","0","0x0010"
"9790","2026-08-15T10:07:04.027018800-0500","56.774048900","192.168.0.186","192.168.0.178","25858","25565","34248","3788747","28","0","0x0018"
"9791","2026-08-15T10:07:04.027915100-0500","56.774945200","192.168.0.178","192.168.0.186","25565","25858","3788747","34276","0","0","0x0010"
"9792","2026-08-15T10:07:04.027981700-0500","56.775011800","192.168.0.186","192.168.0.178","25858","25565","34276","3788747","3","0","0x0018"
"9793","2026-08-15T10:07:04.028798700-0500","56.775828800","192.168.0.178","192.168.0.186","25565","25858","3788747","34279","0","0","0x0010"
"9794","2026-08-15T10:07:04.050175900-0500","56.797206000","192.168.0.178","192.168.0.186","25565","25858","3788747","34279","14","0","0x0018"
"9795","2026-08-15T10:07:04.076868000-0500","56.823898100","192.168.0.186","192.168.0.178","25858","25565","34279","3788761","28","0","0x0018"
"9796","2026-08-15T10:07:04.077840200-0500","56.824870300","192.168.0.186","192.168.0.178","25858","25565","34307","3788761","3","0","0x0018"
"9797","2026-08-15T10:07:04.078627900-0500","56.825658000","192.168.0.178","192.168.0.186","25565","25858","3788761","34310","0","0","0x0010"
"9798","2026-08-15T10:07:04.127044800-0500","56.874074900","192.168.0.186","192.168.0.178","25858","25565","34310","3788761","28","0","0x0018"
"9799","2026-08-15T10:07:04.128082500-0500","56.875112600","192.168.0.186","192.168.0.178","25858","25565","34338","3788761","3","0","0x0018"
"9800","2026-08-15T10:07:04.128967400-0500","56.875997500","192.168.0.178","192.168.0.186","25565","25858","3788761","34341","0","0","0x0010"
"9801","2026-08-15T10:07:04.176491400-0500","56.923521500","192.168.0.186","192.168.0.178","25858","25565","34341","3788761","28","0","0x0018"
"9802","2026-08-15T10:07:04.176787600-0500","56.923817700","192.168.0.186","192.168.0.178","25858","25565","34369","3788761","3","0","0x0018"
"9803","2026-08-15T10:07:04.177340300-0500","56.924370400","192.168.0.178","192.168.0.186","25565","25858","3788761","34372","0","0","0x0010"
"9804","2026-08-15T10:07:04.200694700-0500","56.947724800","192.168.0.178","192.168.0.186","25565","25858","3788761","34372","14","0","0x0018"
"9805","2026-08-15T10:07:04.227402500-0500","56.974432600","192.168.0.186","192.168.0.178","25858","25565","34372","3788775","28","0","0x0018"
"9806","2026-08-15T10:07:04.228335100-0500","56.975365200","192.168.0.186","192.168.0.178","25858","25565","34400","3788775","3","0","0x0018"
"9807","2026-08-15T10:07:04.229197500-0500","56.976227600","192.168.0.178","192.168.0.186","25565","25858","3788775","34403","0","0","0x0010"
"9808","2026-08-15T10:07:04.277047500-0500","57.024077600","192.168.0.186","192.168.0.178","25858","25565","34403","3788775","28","0","0x0018"
"9809","2026-08-15T10:07:04.278022700-0500","57.025052800","192.168.0.186","192.168.0.178","25858","25565","34431","3788775","3","0","0x0018"
"9810","2026-08-15T10:07:04.278817700-0500","57.025847800","192.168.0.178","192.168.0.186","25565","25858","3788775","34434","0","0","0x0010"
"9811","2026-08-15T10:07:04.327160700-0500","57.074190800","192.168.0.186","192.168.0.178","25858","25565","34434","3788775","28","0","0x0018"
"9812","2026-08-15T10:07:04.328122600-0500","57.075152700","192.168.0.186","192.168.0.178","25858","25565","34462","3788775","3","0","0x0018"
"9813","2026-08-15T10:07:04.328928600-0500","57.075958700","192.168.0.178","192.168.0.186","25565","25858","3788775","34465","0","0","0x0010"
"9814","2026-08-15T10:07:04.351048300-0500","57.098078400","192.168.0.178","192.168.0.186","25565","25858","3788775","34465","14","0","0x0018"
"9815","2026-08-15T10:07:04.377315800-0500","57.124345900","192.168.0.186","192.168.0.178","25858","25565","34465","3788789","28","0","0x0018"
"9816","2026-08-15T10:07:04.378224200-0500","57.125254300","192.168.0.186","192.168.0.178","25858","25565","34493","3788789","3","0","0x0018"
"9817","2026-08-15T10:07:04.378906600-0500","57.125936700","192.168.0.178","192.168.0.186","25565","25858","3788789","34496","0","0","0x0010"
"9818","2026-08-15T10:07:04.426667000-0500","57.173697100","192.168.0.186","192.168.0.178","25858","25565","34496","3788789","28","0","0x0018"
"9819","2026-08-15T10:07:04.427661200-0500","57.174691300","192.168.0.186","192.168.0.178","25858","25565","34524","3788789","3","0","0x0018"
"9820","2026-08-15T10:07:04.428276800-0500","57.175306900","192.168.0.178","192.168.0.186","25565","25858","3788789","34527","0","0","0x0010"
"9821","2026-08-15T10:07:04.451066500-0500","57.198096600","192.168.0.178","192.168.0.186","25565","25858","3788789","34527","104","0","0x0018"
"9822","2026-08-15T10:07:04.459188200-0500","57.206218300","192.168.0.178","192.168.0.186","25565","25858","3788893","34527","52","0","0x0018"
"9823","2026-08-15T10:07:04.459188200-0500","57.206218300","192.168.0.178","192.168.0.186","25565","25858","3788945","34527","52","0","0x0018"
"9824","2026-08-15T10:07:04.459188200-0500","57.206218300","192.168.0.178","192.168.0.186","25565","25858","3788997","34527","52","0","0x0018"
"9825","2026-08-15T10:07:04.459250100-0500","57.206280200","192.168.0.186","192.168.0.178","25858","25565","34527","3789049","0","0","0x0010"
"9826","2026-08-15T10:07:04.476394700-0500","57.223424800","192.168.0.186","192.168.0.178","25858","25565","34527","3789049","28","0","0x0018"
"9827","2026-08-15T10:07:04.477121500-0500","57.224151600","192.168.0.186","192.168.0.178","25858","25565","34555","3789049","3","0","0x0018"
"9828","2026-08-15T10:07:04.477812200-0500","57.224842300","192.168.0.178","192.168.0.186","25565","25858","3789049","34558","0","0","0x0010"
"9829","2026-08-15T10:07:04.500441200-0500","57.247471300","192.168.0.178","192.168.0.186","25565","25858","3789049","34558","14","0","0x0018"
"9830","2026-08-15T10:07:04.527218800-0500","57.274248900","192.168.0.186","192.168.0.178","25858","25565","34558","3789063","28","0","0x0018"
"9831","2026-08-15T10:07:04.528200600-0500","57.275230700","192.168.0.186","192.168.0.178","25858","25565","34586","3789063","3","0","0x0018"
"9832","2026-08-15T10:07:04.529081100-0500","57.276111200","192.168.0.178","192.168.0.186","25565","25858","3789063","34589","0","0","0x0010"
"9833","2026-08-15T10:07:04.577087600-0500","57.324117700","192.168.0.186","192.168.0.178","25858","25565","34589","3789063","28","0","0x0018"
"9834","2026-08-15T10:07:04.578308300-0500","57.325338400","192.168.0.186","192.168.0.178","25858","25565","34617","3789063","3","0","0x0018"
"9835","2026-08-15T10:07:04.579143200-0500","57.326173300","192.168.0.178","192.168.0.186","25565","25858","3789063","34620","0","0","0x0010"
"9836","2026-08-15T10:07:04.627107300-0500","57.374137400","192.168.0.186","192.168.0.178","25858","25565","34620","3789063","28","0","0x0018"
"9837","2026-08-15T10:07:04.628135600-0500","57.375165700","192.168.0.186","192.168.0.178","25858","25565","34648","3789063","3","0","0x0018"
"9838","2026-08-15T10:07:04.628845400-0500","57.375875500","192.168.0.178","192.168.0.186","25565","25858","3789063","34651","0","0","0x0010"
"9839","2026-08-15T10:07:04.650293100-0500","57.397323200","192.168.0.178","192.168.0.186","25565","25858","3789063","34651","14","0","0x0018"
"9840","2026-08-15T10:07:04.676812600-0500","57.423842700","192.168.0.186","192.168.0.178","25858","25565","34651","3789077","28","0","0x0018"
"9841","2026-08-15T10:07:04.677806200-0500","57.424836300","192.168.0.186","192.168.0.178","25858","25565","34679","3789077","3","0","0x0018"
"9842","2026-08-15T10:07:04.678626500-0500","57.425656600","192.168.0.178","192.168.0.186","25565","25858","3789077","34682","0","0","0x0010"
"9843","2026-08-15T10:07:04.727137700-0500","57.474167800","192.168.0.186","192.168.0.178","25858","25565","34682","3789077","28","0","0x0018"
"9844","2026-08-15T10:07:04.728024700-0500","57.475054800","192.168.0.186","192.168.0.178","25858","25565","34710","3789077","3","0","0x0018"
"9845","2026-08-15T10:07:04.728768600-0500","57.475798700","192.168.0.178","192.168.0.186","25565","25858","3789077","34713","0","0","0x0010"
"9846","2026-08-15T10:07:04.770782400-0500","57.517812500","192.168.0.178","192.168.0.186","25565","25858","3789077","34713","6","0","0x0018"
"9847","2026-08-15T10:07:04.776842400-0500","57.523872500","192.168.0.186","192.168.0.178","25858","25565","34713","3789083","28","0","0x0018"
"9848","2026-08-15T10:07:04.777763700-0500","57.524793800","192.168.0.186","192.168.0.178","25858","25565","34741","3789083","3","0","0x0018"
"9849","2026-08-15T10:07:04.778560200-0500","57.525590300","192.168.0.178","192.168.0.186","25565","25858","3789083","34744","0","0","0x0010"
"9850","2026-08-15T10:07:04.827121100-0500","57.574151200","192.168.0.186","192.168.0.178","25858","25565","34744","3789083","28","0","0x0018"
"9851","2026-08-15T10:07:04.827978800-0500","57.575008900","192.168.0.186","192.168.0.178","25858","25565","34772","3789083","3","0","0x0018"
"9852","2026-08-15T10:07:04.828794300-0500","57.575824400","192.168.0.178","192.168.0.186","25565","25858","3789083","34775","0","0","0x0010"
"9853","2026-08-15T10:07:04.850949500-0500","57.597979600","192.168.0.178","192.168.0.186","25565","25858","3789083","34775","394","0","0x0018"
"9854","2026-08-15T10:07:04.876938700-0500","57.623968800","192.168.0.186","192.168.0.178","25858","25565","34775","3789477","28","0","0x0018"
"9855","2026-08-15T10:07:04.877833600-0500","57.624863700","192.168.0.186","192.168.0.178","25858","25565","34803","3789477","3","0","0x0018"
"9856","2026-08-15T10:07:04.878665900-0500","57.625696000","192.168.0.178","192.168.0.186","25565","25858","3789477","34806","0","0","0x0010"
"9857","2026-08-15T10:07:04.900462700-0500","57.647492800","192.168.0.178","192.168.0.186","25565","25858","3789477","34806","20","0","0x0018"
"9858","2026-08-15T10:07:04.926836600-0500","57.673866700","192.168.0.186","192.168.0.178","25858","25565","34806","3789497","28","0","0x0018"
"9859","2026-08-15T10:07:04.927743800-0500","57.674773900","192.168.0.186","192.168.0.178","25858","25565","34834","3789497","3","0","0x0018"
"9860","2026-08-15T10:07:04.928546400-0500","57.675576500","192.168.0.178","192.168.0.186","25565","25858","3789497","34837","0","0","0x0010"
"9861","2026-08-15T10:07:04.952301600-0500","57.699331700","192.168.0.178","192.168.0.186","25565","25858","3789497","34837","11","0","0x0018"
"9862","2026-08-15T10:07:04.952455400-0500","57.699485500","192.168.0.186","192.168.0.178","25858","25565","34837","3789508","11","0","0x0018"
"9863","2026-08-15T10:07:04.976697000-0500","57.723727100","192.168.0.186","192.168.0.178","25858","25565","34848","3789508","28","0","0x0018"
"9864","2026-08-15T10:07:04.977500000-0500","57.724530100","192.168.0.186","192.168.0.178","25858","25565","34876","3789508","3","0","0x0018"
"9865","2026-08-15T10:07:04.977595300-0500","57.724625400","192.168.0.178","192.168.0.186","25565","25858","3789508","34876","0","0","0x0010"
"9866","2026-08-15T10:07:05.021967900-0500","57.768998000","192.168.0.178","192.168.0.186","25565","25858","3789508","34879","0","0","0x0010"
"9867","2026-08-15T10:07:05.027062100-0500","57.774092200","192.168.0.186","192.168.0.178","25858","25565","34879","3789508","28","0","0x0018"
"9868","2026-08-15T10:07:05.027745500-0500","57.774775600","192.168.0.186","192.168.0.178","25858","25565","34907","3789508","3","0","0x0018"
"9869","2026-08-15T10:07:05.027858600-0500","57.774888700","192.168.0.178","192.168.0.186","25565","25858","3789508","34907","0","0","0x0010"
"9870","2026-08-15T10:07:05.028545300-0500","57.775575400","192.168.0.178","192.168.0.186","25565","25858","3789508","34910","0","0","0x0010"
"9871","2026-08-15T10:07:05.028545300-0500","57.775575400","192.168.0.178","192.168.0.186","25565","25858","3789508","34910","9","0","0x0018"
"9872","2026-08-15T10:07:05.052020800-0500","57.799050900","192.168.0.178","192.168.0.186","25565","25858","3789517","34910","104","0","0x0018"
"9873","2026-08-15T10:07:05.052078800-0500","57.799108900","192.168.0.186","192.168.0.178","25858","25565","34910","3789621","0","0","0x0010"
"9874","2026-08-15T10:07:05.058989500-0500","57.806019600","192.168.0.178","192.168.0.186","25565","25858","3789621","34910","52","0","0x0018"
"9875","2026-08-15T10:07:05.058989500-0500","57.806019600","192.168.0.178","192.168.0.186","25565","25858","3789673","34910","52","0","0x0018"
"9876","2026-08-15T10:07:05.059049900-0500","57.806080000","192.168.0.186","192.168.0.178","25858","25565","34910","3789725","0","0","0x0010"
"9877","2026-08-15T10:07:05.059101400-0500","57.806131500","192.168.0.178","192.168.0.186","25565","25858","3789725","34910","52","0","0x0018"
"9878","2026-08-15T10:07:05.076885800-0500","57.823915900","192.168.0.186","192.168.0.178","25858","25565","34910","3789777","28","0","0x0018"
"9879","2026-08-15T10:07:05.077805900-0500","57.824836000","192.168.0.186","192.168.0.178","25858","25565","34938","3789777","3","0","0x0018"
"9880","2026-08-15T10:07:05.078559500-0500","57.825589600","192.168.0.178","192.168.0.186","25565","25858","3789777","34941","0","0","0x0010"
"9881","2026-08-15T10:07:05.096202700-0500","57.843232800","192.168.0.178","192.168.0.186","25565","25858","3789777","34941","52","0","0x0018"
"9882","2026-08-15T10:07:05.096202700-0500","57.843232800","192.168.0.178","192.168.0.186","25565","25858","3789829","34941","52","0","0x0018"
"9883","2026-08-15T10:07:05.096290400-0500","57.843320500","192.168.0.186","192.168.0.178","25858","25565","34941","3789881","0","0","0x0010"
"9884","2026-08-15T10:07:05.096394800-0500","57.843424900","192.168.0.178","192.168.0.186","25565","25858","3789881","34941","52","0","0x0018"
"9885","2026-08-15T10:07:05.127413700-0500","57.874443800","192.168.0.186","192.168.0.178","25858","25565","34941","3789933","28","0","0x0018"
"9886","2026-08-15T10:07:05.128324400-0500","57.875354500","192.168.0.186","192.168.0.178","25858","25565","34969","3789933","3","0","0x0018"
"9887","2026-08-15T10:07:05.129119300-0500","57.876149400","192.168.0.178","192.168.0.186","25565","25858","3789933","34972","0","0","0x0010"
"9888","2026-08-15T10:07:05.177009600-0500","57.924039700","192.168.0.186","192.168.0.178","25858","25565","34972","3789933","28","0","0x0018"
"9889","2026-08-15T10:07:05.177939700-0500","57.924969800","192.168.0.186","192.168.0.178","25858","25565","35000","3789933","3","0","0x0018"
"9890","2026-08-15T10:07:05.178747300-0500","57.925777400","192.168.0.178","192.168.0.186","25565","25858","3789933","35003","0","0","0x0010"
"9891","2026-08-15T10:07:05.226273200-0500","57.973303300","192.168.0.186","192.168.0.178","25858","25565","35003","3789933","28","0","0x0018"
"9892","2026-08-15T10:07:05.226620300-0500","57.973650400","192.168.0.186","192.168.0.178","25858","25565","35031","3789933","3","0","0x0018"
"9893","2026-08-15T10:07:05.227249300-0500","57.974279400","192.168.0.178","192.168.0.186","25565","25858","3789933","35034","0","0","0x0010"
"9894","2026-08-15T10:07:05.277005400-0500","58.024035500","192.168.0.186","192.168.0.178","25858","25565","35034","3789933","28","0","0x0018"
"9895","2026-08-15T10:07:05.277919700-0500","58.024949800","192.168.0.186","192.168.0.178","25858","25565","35062","3789933","3","0","0x0018"
"9896","2026-08-15T10:07:05.278684300-0500","58.025714400","192.168.0.178","192.168.0.186","25565","25858","3789933","35065","0","0","0x0010"
"9897","2026-08-15T10:07:05.327022200-0500","58.074052300","192.168.0.186","192.168.0.178","25858","25565","35065","3789933","28","0","0x0018"
"9898","2026-08-15T10:07:05.327917300-0500","58.074947400","192.168.0.186","192.168.0.178","25858","25565","35093","3789933","3","0","0x0018"
"9899","2026-08-15T10:07:05.328739600-0500","58.075769700","192.168.0.178","192.168.0.186","25565","25858","3789933","35096","0","0","0x0010"
"9900","2026-08-15T10:07:05.376702300-0500","58.123732400","192.168.0.186","192.168.0.178","25858","25565","35096","3789933","28","0","0x0018"
"9901","2026-08-15T10:07:05.377578300-0500","58.124608400","192.168.0.186","192.168.0.178","25858","25565","35124","3789933","3","0","0x0018"
"9902","2026-08-15T10:07:05.378393100-0500","58.125423200","192.168.0.178","192.168.0.186","25565","25858","3789933","35127","0","0","0x0010"
"9903","2026-08-15T10:07:05.401230800-0500","58.148260900","192.168.0.178","192.168.0.186","25565","25858","3789933","35127","104","0","0x0018"
"9904","2026-08-15T10:07:05.409786200-0500","58.156816300","192.168.0.178","192.168.0.186","25565","25858","3790037","35127","52","0","0x0018"
"9905","2026-08-15T10:07:05.409835600-0500","58.156865700","192.168.0.186","192.168.0.178","25858","25565","35127","3790089","0","0","0x0010"
"9906","2026-08-15T10:07:05.410146100-0500","58.157176200","192.168.0.178","192.168.0.186","25565","25858","3790089","35127","52","0","0x0018"
"9907","2026-08-15T10:07:05.410501100-0500","58.157531200","192.168.0.178","192.168.0.186","25565","25858","3790141","35127","52","0","0x0018"
"9908","2026-08-15T10:07:05.410549400-0500","58.157579500","192.168.0.186","192.168.0.178","25858","25565","35127","3790193","0","0","0x0010"
"9909","2026-08-15T10:07:05.426756600-0500","58.173786700","192.168.0.186","192.168.0.178","25858","25565","35127","3790193","28","0","0x0018"
"9910","2026-08-15T10:07:05.427726900-0500","58.174757000","192.168.0.186","192.168.0.178","25858","25565","35155","3790193","3","0","0x0018"
"9911","2026-08-15T10:07:05.428468000-0500","58.175498100","192.168.0.178","192.168.0.186","25565","25858","3790193","35158","0","0","0x0010"
"9912","2026-08-15T10:07:05.476971300-0500","58.224001400","192.168.0.186","192.168.0.178","25858","25565","35158","3790193","28","0","0x0018"
"9913","2026-08-15T10:07:05.477739500-0500","58.224769600","192.168.0.186","192.168.0.178","25858","25565","35186","3790193","3","0","0x0018"
"9914","2026-08-15T10:07:05.478417500-0500","58.225447600","192.168.0.178","192.168.0.186","25565","25858","3790193","35189","0","0","0x0010"
"9915","2026-08-15T10:07:05.527019800-0500","58.274049900","192.168.0.186","192.168.0.178","25858","25565","35189","3790193","28","0","0x0018"
"9916","2026-08-15T10:07:05.527915600-0500","58.274945700","192.168.0.186","192.168.0.178","25858","25565","35217","3790193","3","0","0x0018"
"9917","2026-08-15T10:07:05.528550600-0500","58.275580700","192.168.0.178","192.168.0.186","25565","25858","3790193","35220","0","0","0x0010"
"9918","2026-08-15T10:07:05.576913000-0500","58.323943100","192.168.0.186","192.168.0.178","25858","25565","35220","3790193","28","0","0x0018"
"9919","2026-08-15T10:07:05.578245500-0500","58.325275600","192.168.0.186","192.168.0.178","25858","25565","35248","3790193","3","0","0x0018"
"9920","2026-08-15T10:07:05.578953400-0500","58.325983500","192.168.0.178","192.168.0.186","25565","25858","3790193","35251","0","0","0x0010"
"9921","2026-08-15T10:07:05.627011100-0500","58.374041200","192.168.0.186","192.168.0.178","25858","25565","35251","3790193","28","0","0x0018"
"9922","2026-08-15T10:07:05.627919500-0500","58.374949600","192.168.0.186","192.168.0.178","25858","25565","35279","3790193","3","0","0x0018"
"9923","2026-08-15T10:07:05.628318700-0500","58.375348800","192.168.0.178","192.168.0.186","25565","25858","3790193","35282","0","0","0x0010"
"9924","2026-08-15T10:07:05.676867000-0500","58.423897100","192.168.0.186","192.168.0.178","25858","25565","35282","3790193","28","0","0x0018"
"9925","2026-08-15T10:07:05.677762800-0500","58.424792900","192.168.0.186","192.168.0.178","25858","25565","35310","3790193","3","0","0x0018"
"9926","2026-08-15T10:07:05.678455300-0500","58.425485400","192.168.0.178","192.168.0.186","25565","25858","3790193","35313","0","0","0x0010"
"9927","2026-08-15T10:07:05.726584800-0500","58.473614900","192.168.0.186","192.168.0.178","25858","25565","35313","3790193","28","0","0x0018"
"9928","2026-08-15T10:07:05.727145100-0500","58.474175200","192.168.0.186","192.168.0.178","25858","25565","35341","3790193","3","0","0x0018"
"9929","2026-08-15T10:07:05.727899900-0500","58.474930000","192.168.0.178","192.168.0.186","25565","25858","3790193","35344","0","0","0x0010"
"9930","2026-08-15T10:07:05.776684900-0500","58.523715000","192.168.0.186","192.168.0.178","25858","25565","35344","3790193","28","0","0x0018"
"9931","2026-08-15T10:07:05.777479100-0500","58.524509200","192.168.0.186","192.168.0.178","25858","25565","35372","3790193","3","0","0x0018"
"9932","2026-08-15T10:07:05.778114200-0500","58.525144300","192.168.0.178","192.168.0.186","25565","25858","3790193","35375","0","0","0x0010"
"9933","2026-08-15T10:07:05.827108700-0500","58.574138800","192.168.0.186","192.168.0.178","25858","25565","35375","3790193","28","0","0x0018"
"9934","2026-08-15T10:07:05.828018900-0500","58.575049000","192.168.0.186","192.168.0.178","25858","25565","35403","3790193","3","0","0x0018"
"9935","2026-08-15T10:07:05.828917500-0500","58.575947600","192.168.0.178","192.168.0.186","25565","25858","3790193","35406","0","0","0x0010"
"9936","2026-08-15T10:07:05.876959500-0500","58.623989600","192.168.0.186","192.168.0.178","25858","25565","35406","3790193","28","0","0x0018"
"9937","2026-08-15T10:07:05.877942700-0500","58.624972800","192.168.0.186","192.168.0.178","25858","25565","35434","3790193","3","0","0x0018"
"9938","2026-08-15T10:07:05.878786500-0500","58.625816600","192.168.0.178","192.168.0.186","25565","25858","3790193","35437","0","0","0x0010"
"9939","2026-08-15T10:07:05.900320200-0500","58.647350300","192.168.0.178","192.168.0.186","25565","25858","3790193","35437","20","0","0x0018"
"9940","2026-08-15T10:07:05.927219700-0500","58.674249800","192.168.0.186","192.168.0.178","25858","25565","35437","3790213","28","0","0x0018"
"9941","2026-08-15T10:07:05.928164500-0500","58.675194600","192.168.0.186","192.168.0.178","25858","25565","35465","3790213","3","0","0x0018"
"9942","2026-08-15T10:07:05.928926600-0500","58.675956700","192.168.0.178","192.168.0.186","25565","25858","3790213","35468","0","0","0x0010"
"9943","2026-08-15T10:07:05.977078000-0500","58.724108100","192.168.0.186","192.168.0.178","25858","25565","35468","3790213","28","0","0x0018"
"9944","2026-08-15T10:07:05.977817300-0500","58.724847400","192.168.0.186","192.168.0.178","25858","25565","35496","3790213","3","0","0x0018"
"9945","2026-08-15T10:07:05.978538500-0500","58.725568600","192.168.0.178","192.168.0.186","25565","25858","3790213","35499","0","0","0x0010"
"9946","2026-08-15T10:07:06.004705200-0500","58.751735300","192.168.0.178","192.168.0.186","25565","25858","3790213","35499","11","0","0x0018"
"9947","2026-08-15T10:07:06.004822500-0500","58.751852600","192.168.0.186","192.168.0.178","25858","25565","35499","3790224","11","0","0x0018"
"9948","2026-08-15T10:07:06.027069300-0500","58.774099400","192.168.0.186","192.168.0.178","25858","25565","35510","3790224","28","0","0x0018"
"9949","2026-08-15T10:07:06.027969700-0500","58.774999800","192.168.0.186","192.168.0.178","25858","25565","35538","3790224","3","0","0x0018"
"9950","2026-08-15T10:07:06.028248900-0500","58.775279000","192.168.0.178","192.168.0.186","25565","25858","3790224","35538","0","0","0x0010"
"9951","2026-08-15T10:07:06.070101500-0500","58.817131600","192.168.0.178","192.168.0.186","25565","25858","3790224","35541","0","0","0x0010"
"9952","2026-08-15T10:07:06.076848200-0500","58.823878300","192.168.0.186","192.168.0.178","25858","25565","35541","3790224","28","0","0x0018"
"9953","2026-08-15T10:07:06.077732200-0500","58.824762300","192.168.0.186","192.168.0.178","25858","25565","35569","3790224","3","0","0x0018"
"9954","2026-08-15T10:07:06.077830400-0500","58.824860500","192.168.0.178","192.168.0.186","25565","25858","3790224","35569","0","0","0x0010"
"9955","2026-08-15T10:07:06.078464900-0500","58.825495000","192.168.0.178","192.168.0.186","25565","25858","3790224","35572","0","0","0x0010"
"9956","2026-08-15T10:07:06.127125900-0500","58.874156000","192.168.0.186","192.168.0.178","25858","25565","35572","3790224","28","0","0x0018"
"9957","2026-08-15T10:07:06.128041200-0500","58.875071300","192.168.0.186","192.168.0.178","25858","25565","35600","3790224","3","0","0x0018"
"9958","2026-08-15T10:07:06.128047000-0500","58.875077100","192.168.0.178","192.168.0.186","25565","25858","3790224","35600","0","0","0x0010"
"9959","2026-08-15T10:07:06.128751400-0500","58.875781500","192.168.0.178","192.168.0.186","25565","25858","3790224","35603","0","0","0x0010"
"9960","2026-08-15T10:07:06.176850100-0500","58.923880200","192.168.0.186","192.168.0.178","25858","25565","35603","3790224","28","0","0x0018"
"9961","2026-08-15T10:07:06.177583700-0500","58.924613800","192.168.0.178","192.168.0.186","25565","25858","3790224","35631","0","0","0x0010"
"9962","2026-08-15T10:07:06.177857300-0500","58.924887400","192.168.0.186","192.168.0.178","25858","25565","35631","3790224","3","0","0x0018"
"9963","2026-08-15T10:07:06.178713900-0500","58.925744000","192.168.0.178","192.168.0.186","25565","25858","3790224","35634","0","0","0x0010"
"9964","2026-08-15T10:07:06.227051800-0500","58.974081900","192.168.0.186","192.168.0.178","25858","25565","35634","3790224","28","0","0x0018"
"9965","2026-08-15T10:07:06.227803100-0500","58.974833200","192.168.0.178","192.168.0.186","25565","25858","3790224","35662","0","0","0x0010"
"9966","2026-08-15T10:07:06.227971400-0500","58.975001500","192.168.0.186","192.168.0.178","25858","25565","35662","3790224","3","0","0x0018"
"9967","2026-08-15T10:07:06.228681000-0500","58.975711100","192.168.0.178","192.168.0.186","25565","25858","3790224","35665","0","0","0x0010"
"9968","2026-08-15T10:07:06.277053400-0500","59.024083500","192.168.0.186","192.168.0.178","25858","25565","35665","3790224","28","0","0x0018"
"9969","2026-08-15T10:07:06.277717800-0500","59.024747900","192.168.0.186","192.168.0.178","25858","25565","35693","3790224","3","0","0x0018"
"9970","2026-08-15T10:07:06.277802300-0500","59.024832400","192.168.0.178","192.168.0.186","25565","25858","3790224","35693","0","0","0x0010"
"9971","2026-08-15T10:07:06.278358600-0500","59.025388700","192.168.0.178","192.168.0.186","25565","25858","3790224","35696","0","0","0x0010"
"9972","2026-08-15T10:07:06.327216500-0500","59.074246600","192.168.0.186","192.168.0.178","25858","25565","35696","3790224","28","0","0x0018"
"9973","2026-08-15T10:07:06.327957700-0500","59.074987800","192.168.0.178","192.168.0.186","25565","25858","3790224","35724","0","0","0x0010"
"9974","2026-08-15T10:07:06.328090500-0500","59.075120600","192.168.0.186","192.168.0.178","25858","25565","35724","3790224","3","0","0x0018"
"9975","2026-08-15T10:07:06.328929600-0500","59.075959700","192.168.0.178","192.168.0.186","25565","25858","3790224","35727","0","0","0x0010"
"9976","2026-08-15T10:07:06.351966400-0500","59.098996500","192.168.0.178","192.168.0.186","25565","25858","3790224","35727","394","0","0x0018"
"9977","2026-08-15T10:07:06.376956400-0500","59.123986500","192.168.0.186","192.168.0.178","25858","25565","35727","3790618","28","0","0x0018"
"9978","2026-08-15T10:07:06.377945400-0500","59.124975500","192.168.0.186","192.168.0.178","25858","25565","35755","3790618","3","0","0x0018"
"9979","2026-08-15T10:07:06.378570900-0500","59.125601000","192.168.0.178","192.168.0.186","25565","25858","3790618","35758","0","0","0x0010"
"9980","2026-08-15T10:07:06.378570900-0500","59.125601000","192.168.0.178","192.168.0.186","25565","25858","3790618","35758","9","0","0x0018"
"9981","2026-08-15T10:07:06.401329100-0500","59.148359200","192.168.0.178","192.168.0.186","25565","25858","3790627","35758","104","0","0x0018"
"9982","2026-08-15T10:07:06.401390000-0500","59.148420100","192.168.0.186","192.168.0.178","25858","25565","35758","3790731","0","0","0x0010"
"9983","2026-08-15T10:07:06.409637700-0500","59.156667800","192.168.0.178","192.168.0.186","25565","25858","3790731","35758","52","0","0x0018"
"9984","2026-08-15T10:07:06.409637700-0500","59.156667800","192.168.0.178","192.168.0.186","25565","25858","3790783","35758","52","0","0x0018"
"9985","2026-08-15T10:07:06.409682500-0500","59.156712600","192.168.0.186","192.168.0.178","25858","25565","35758","3790835","0","0","0x0010"
"9986","2026-08-15T10:07:06.409751300-0500","59.156781400","192.168.0.178","192.168.0.186","25565","25858","3790835","35758","52","0","0x0018"
"9987","2026-08-15T10:07:06.426779500-0500","59.173809600","192.168.0.186","192.168.0.178","25858","25565","35758","3790887","28","0","0x0018"
"9988","2026-08-15T10:07:06.427651200-0500","59.174681300","192.168.0.186","192.168.0.178","25858","25565","35786","3790887","3","0","0x0018"
"9989","2026-08-15T10:07:06.428461600-0500","59.175491700","192.168.0.178","192.168.0.186","25565","25858","3790887","35789","0","0","0x0010"
"9990","2026-08-15T10:07:06.451181400-0500","59.198211500","192.168.0.178","192.168.0.186","25565","25858","3790887","35789","104","0","0x0018"
"9991","2026-08-15T10:07:06.458330900-0500","59.205361000","192.168.0.178","192.168.0.186","25565","25858","3790991","35789","52","0","0x0018"
"9992","2026-08-15T10:07:06.458382600-0500","59.205412700","192.168.0.186","192.168.0.178","25858","25565","35789","3791043","0","0","0x0010"
"9993","2026-08-15T10:07:06.458431200-0500","59.205461300","192.168.0.178","192.168.0.186","25565","25858","3791043","35789","52","0","0x0018"
"9994","2026-08-15T10:07:06.458485400-0500","59.205515500","192.168.0.178","192.168.0.186","25565","25858","3791095","35789","52","0","0x0018"
"9995","2026-08-15T10:07:06.458499500-0500","59.205529600","192.168.0.186","192.168.0.178","25858","25565","35789","3791147","0","0","0x0010"
"9996","2026-08-15T10:07:06.476819900-0500","59.223850000","192.168.0.186","192.168.0.178","25858","25565","35789","3791147","28","0","0x0018"
"9997","2026-08-15T10:07:06.477716700-0500","59.224746800","192.168.0.186","192.168.0.178","25858","25565","35817","3791147","3","0","0x0018"
"9998","2026-08-15T10:07:06.478569100-0500","59.225599200","192.168.0.178","192.168.0.186","25565","25858","3791147","35820","0","0","0x0010"
"9999","2026-08-15T10:07:06.527146700-0500","59.274176800","192.168.0.186","192.168.0.178","25858","25565","35820","3791147","28","0","0x0018"
"10000","2026-08-15T10:07:06.527826300-0500","59.274856400","192.168.0.186","192.168.0.178","25858","25565","35848","3791147","3","0","0x0018"
"10001","2026-08-15T10:07:06.528593600-0500","59.275623700","192.168.0.178","192.168.0.186","25565","25858","3791147","35851","0","0","0x0010"
"10002","2026-08-15T10:07:06.576852100-0500","59.323882200","192.168.0.186","192.168.0.178","25858","25565","35851","3791147","28","0","0x0018"
"10003","2026-08-15T10:07:06.577806200-0500","59.324836300","192.168.0.186","192.168.0.178","25858","25565","35879","3791147","3","0","0x0018"
"10004","2026-08-15T10:07:06.578567100-0500","59.325597200","192.168.0.178","192.168.0.186","25565","25858","3791147","35882","0","0","0x0010"
"10005","2026-08-15T10:07:06.627190000-0500","59.374220100","192.168.0.186","192.168.0.178","25858","25565","35882","3791147","28","0","0x0018"
"10006","2026-08-15T10:07:06.628733400-0500","59.375763500","192.168.0.186","192.168.0.178","25858","25565","35910","3791147","3","0","0x0018"
"10007","2026-08-15T10:07:06.629458300-0500","59.376488400","192.168.0.178","192.168.0.186","25565","25858","3791147","35913","0","0","0x0010"
"10008","2026-08-15T10:07:06.676667500-0500","59.423697600","192.168.0.186","192.168.0.178","25858","25565","35913","3791147","28","0","0x0018"
"10009","2026-08-15T10:07:06.677535800-0500","59.424565900","192.168.0.186","192.168.0.178","25858","25565","35941","3791147","3","0","0x0018"
"10010","2026-08-15T10:07:06.678279700-0500","59.425309800","192.168.0.178","192.168.0.186","25565","25858","3791147","35944","0","0","0x0010"
"10011","2026-08-15T10:07:06.726909600-0500","59.473939700","192.168.0.186","192.168.0.178","25858","25565","35944","3791147","28","0","0x0018"
"10012","2026-08-15T10:07:06.727825200-0500","59.474855300","192.168.0.186","192.168.0.178","25858","25565","35972","3791147","3","0","0x0018"
"10013","2026-08-15T10:07:06.728506900-0500","59.475537000","192.168.0.178","192.168.0.186","25565","25858","3791147","35975","0","0","0x0010"
"10014","2026-08-15T10:07:06.776338800-0500","59.523368900","192.168.0.186","192.168.0.178","25858","25565","35975","3791147","28","0","0x0018"
"10015","2026-08-15T10:07:06.776659300-0500","59.523689400","192.168.0.186","192.168.0.178","25858","25565","36003","3791147","3","0","0x0018"
"10016","2026-08-15T10:07:06.777327100-0500","59.524357200","192.168.0.178","192.168.0.186","25565","25858","3791147","36006","0","0","0x0010"
"10017","2026-08-15T10:07:06.827064900-0500","59.574095000","192.168.0.186","192.168.0.178","25858","25565","36006","3791147","28","0","0x0018"
"10018","2026-08-15T10:07:06.827961400-0500","59.574991500","192.168.0.186","192.168.0.178","25858","25565","36034","3791147","3","0","0x0018"
"10019","2026-08-15T10:07:06.828609100-0500","59.575639200","192.168.0.178","192.168.0.186","25565","25858","3791147","36037","0","0","0x0010"
"10020","2026-08-15T10:07:06.876862600-0500","59.623892700","192.168.0.186","192.168.0.178","25858","25565","36037","3791147","28","0","0x0018"
"10021","2026-08-15T10:07:06.877763400-0500","59.624793500","192.168.0.186","192.168.0.178","25858","25565","36065","3791147","3","0","0x0018"
"10022","2026-08-15T10:07:06.878584000-0500","59.625614100","192.168.0.178","192.168.0.186","25565","25858","3791147","36068","0","0","0x0010"
"10023","2026-08-15T10:07:06.900405900-0500","59.647436000","192.168.0.178","192.168.0.186","25565","25858","3791147","36068","20","0","0x0018"
"10024","2026-08-15T10:07:06.926843600-0500","59.673873700","192.168.0.186","192.168.0.178","25858","25565","36068","3791167","28","0","0x0018"
"10025","2026-08-15T10:07:06.927757300-0500","59.674787400","192.168.0.186","192.168.0.178","25858","25565","36096","3791167","3","0","0x0018"
"10026","2026-08-15T10:07:06.928499500-0500","59.675529600","192.168.0.178","192.168.0.186","25565","25858","3791167","36099","0","0","0x0010"
"10027","2026-08-15T10:07:06.976885000-0500","59.723915100","192.168.0.186","192.168.0.178","25858","25565","36099","3791167","28","0","0x0018"
"10028","2026-08-15T10:07:06.977682400-0500","59.724712500","192.168.0.186","192.168.0.178","25858","25565","36127","3791167","3","0","0x0018"
"10029","2026-08-15T10:07:06.978432400-0500","59.725462500","192.168.0.178","192.168.0.186","25565","25858","3791167","36130","0","0","0x0010"
"10030","2026-08-15T10:07:07.025953000-0500","59.772983100","192.168.0.186","192.168.0.178","25858","25565","36130","3791167","28","0","0x0018"
"10031","2026-08-15T10:07:07.026345900-0500","59.773376000","192.168.0.186","192.168.0.178","25858","25565","36158","3791167","3","0","0x0018"
"10032","2026-08-15T10:07:07.026936400-0500","59.773966500","192.168.0.178","192.168.0.186","25565","25858","3791167","36161","0","0","0x0010"
"10033","2026-08-15T10:07:07.050525700-0500","59.797555800","192.168.0.178","192.168.0.186","25565","25858","3791167","36161","11","0","0x0018"
"10034","2026-08-15T10:07:07.050658700-0500","59.797688800","192.168.0.186","192.168.0.178","25858","25565","36161","3791178","11","0","0x0018"
"10035","2026-08-15T10:07:07.077157900-0500","59.824188000","192.168.0.186","192.168.0.178","25858","25565","36172","3791178","28","0","0x0018"
"10036","2026-08-15T10:07:07.077953600-0500","59.824983700","192.168.0.178","192.168.0.186","25565","25858","3791178","36200","0","0","0x0010"
"10037","2026-08-15T10:07:07.078085400-0500","59.825115500","192.168.0.186","192.168.0.178","25858","25565","36200","3791178","3","0","0x0018"
"10038","2026-08-15T10:07:07.121945200-0500","59.868975300","192.168.0.178","192.168.0.186","25565","25858","3791178","36203","0","0","0x0010"
"10039","2026-08-15T10:07:07.126903200-0500","59.873933300","192.168.0.186","192.168.0.178","25858","25565","36203","3791178","28","0","0x0018"
"10040","2026-08-15T10:07:07.127703600-0500","59.874733700","192.168.0.178","192.168.0.186","25565","25858","3791178","36231","0","0","0x0010"
"10041","2026-08-15T10:07:07.127828100-0500","59.874858200","192.168.0.186","192.168.0.178","25858","25565","36231","3791178","3","0","0x0018"
"10042","2026-08-15T10:07:07.128649100-0500","59.875679200","192.168.0.178","192.168.0.186","25565","25858","3791178","36234","0","0","0x0010"
"10043","2026-08-15T10:07:07.176883000-0500","59.923913100","192.168.0.186","192.168.0.178","25858","25565","36234","3791178","28","0","0x0018"
"10044","2026-08-15T10:07:07.177640000-0500","59.924670100","192.168.0.178","192.168.0.186","25565","25858","3791178","36262","0","0","0x0010"
"10045","2026-08-15T10:07:07.177801600-0500","59.924831700","192.168.0.186","192.168.0.178","25858","25565","36262","3791178","3","0","0x0018"
"10046","2026-08-15T10:07:07.178334500-0500","59.925364600","192.168.0.178","192.168.0.186","25565","25858","3791178","36265","0","0","0x0010"
"10047","2026-08-15T10:07:07.227147400-0500","59.974177500","192.168.0.186","192.168.0.178","25858","25565","36265","3791178","28","0","0x0018"
"10048","2026-08-15T10:07:07.228028100-0500","59.975058200","192.168.0.178","192.168.0.186","25565","25858","3791178","36293","0","0","0x0010"
"10049","2026-08-15T10:07:07.228122100-0500","59.975152200","192.168.0.186","192.168.0.178","25858","25565","36293","3791178","3","0","0x0018"
"10050","2026-08-15T10:07:07.229478500-0500","59.976508600","192.168.0.178","192.168.0.186","25565","25858","3791178","36296","0","0","0x0010"
"10051","2026-08-15T10:07:07.276706800-0500","60.023736900","192.168.0.186","192.168.0.178","25858","25565","36296","3791178","28","0","0x0018"
"10052","2026-08-15T10:07:07.277479700-0500","60.024509800","192.168.0.178","192.168.0.186","25565","25858","3791178","36324","0","0","0x0010"
"10053","2026-08-15T10:07:07.277631800-0500","60.024661900","192.168.0.186","192.168.0.178","25858","25565","36324","3791178","3","0","0x0018"
"10054","2026-08-15T10:07:07.278284100-0500","60.025314200","192.168.0.178","192.168.0.186","25565","25858","3791178","36327","0","0","0x0010"
"10055","2026-08-15T10:07:07.327161100-0500","60.074191200","192.168.0.186","192.168.0.178","25858","25565","36327","3791178","28","0","0x0018"
"10056","2026-08-15T10:07:07.327897100-0500","60.074927200","192.168.0.178","192.168.0.186","25565","25858","3791178","36355","0","0","0x0010"
"10057","2026-08-15T10:07:07.327926500-0500","60.074956600","192.168.0.186","192.168.0.178","25858","25565","36355","3791178","3","0","0x0018"
"10058","2026-08-15T10:07:07.328713200-0500","60.075743300","192.168.0.178","192.168.0.186","25565","25858","3791178","36358","0","0","0x0010"
"10059","2026-08-15T10:07:07.377084900-0500","60.124115000","192.168.0.186","192.168.0.178","25858","25565","36358","3791178","28","0","0x0018"
"10060","2026-08-15T10:07:07.377952700-0500","60.124982800","192.168.0.186","192.168.0.178","25858","25565","36386","3791178","3","0","0x0018"
"10061","2026-08-15T10:07:07.377966000-0500","60.124996100","192.168.0.178","192.168.0.186","25565","25858","3791178","36386","0","0","0x0010"
"10062","2026-08-15T10:07:07.378550100-0500","60.125580200","192.168.0.178","192.168.0.186","25565","25858","3791178","36389","0","0","0x0010"
"10063","2026-08-15T10:07:07.426940800-0500","60.173970900","192.168.0.186","192.168.0.178","25858","25565","36389","3791178","28","0","0x0018"
"10064","2026-08-15T10:07:07.427776200-0500","60.174806300","192.168.0.178","192.168.0.186","25565","25858","3791178","36417","0","0","0x0010"
"10065","2026-08-15T10:07:07.427866700-0500","60.174896800","192.168.0.186","192.168.0.178","25858","25565","36417","3791178","3","0","0x0018"
"10066","2026-08-15T10:07:07.428661600-0500","60.175691700","192.168.0.178","192.168.0.186","25565","25858","3791178","36420","0","0","0x0010"
"10067","2026-08-15T10:07:07.477078600-0500","60.224108700","192.168.0.186","192.168.0.178","25858","25565","36420","3791178","28","0","0x0018"
"10068","2026-08-15T10:07:07.477950000-0500","60.224980100","192.168.0.186","192.168.0.178","25858","25565","36448","3791178","3","0","0x0018"
"10069","2026-08-15T10:07:07.478007500-0500","60.225037600","192.168.0.178","192.168.0.186","25565","25858","3791178","36448","0","0","0x0010"
"10070","2026-08-15T10:07:07.478092800-0500","60.225122900","192.168.0.178","192.168.0.186","25565","25858","3791178","36448","64","0","0x0018"
"10071","2026-08-15T10:07:07.478134000-0500","60.225164100","192.168.0.186","192.168.0.178","25858","25565","36451","3791242","0","0","0x0010"
"10072","2026-08-15T10:07:07.492462300-0500","60.239492400","192.168.0.186","192.168.0.178","25858","25565","36451","3791242","4","0","0x0018"
"10073","2026-08-15T10:07:07.492500300-0500","60.239530400","192.168.0.186","192.168.0.178","25858","25565","36455","3791242","36","0","0x0018"
"10074","2026-08-15T10:07:07.492958100-0500","60.239988200","192.168.0.178","192.168.0.186","25565","25858","3791242","36491","0","0","0x0010"
"10075","2026-08-15T10:07:07.526863900-0500","60.273894000","192.168.0.186","192.168.0.178","25858","25565","36491","3791242","28","0","0x0018"
"10076","2026-08-15T10:07:07.527823900-0500","60.274854000","192.168.0.186","192.168.0.178","25858","25565","36519","3791242","3","0","0x0018"
"10077","2026-08-15T10:07:07.528435300-0500","60.275465400","192.168.0.178","192.168.0.186","25565","25858","3791242","36522","0","0","0x0010"
"10078","2026-08-15T10:07:07.576841000-0500","60.323871100","192.168.0.186","192.168.0.178","25858","25565","36522","3791242","28","0","0x0018"
"10079","2026-08-15T10:07:07.577575100-0500","60.324605200","192.168.0.186","192.168.0.178","25858","25565","36550","3791242","3","0","0x0018"
"10080","2026-08-15T10:07:07.578165700-0500","60.325195800","192.168.0.178","192.168.0.186","25565","25858","3791242","36553","0","0","0x0010"
"10081","2026-08-15T10:07:07.627332900-0500","60.374363000","192.168.0.186","192.168.0.178","25858","25565","36553","3791242","36","0","0x0018"
"10082","2026-08-15T10:07:07.628105200-0500","60.375135300","192.168.0.186","192.168.0.178","25858","25565","36589","3791242","3","0","0x0018"
"10083","2026-08-15T10:07:07.628896200-0500","60.375926300","192.168.0.178","192.168.0.186","25565","25858","3791242","36592","0","0","0x0010"
"10084","2026-08-15T10:07:07.677026500-0500","60.424056600","192.168.0.186","192.168.0.178","25858","25565","36592","3791242","36","0","0x0018"
"10085","2026-08-15T10:07:07.677911800-0500","60.424941900","192.168.0.186","192.168.0.178","25858","25565","36628","3791242","3","0","0x0018"
"10086","2026-08-15T10:07:07.678670100-0500","60.425700200","192.168.0.178","192.168.0.186","25565","25858","3791242","36631","0","0","0x0010"
"10087","2026-08-15T10:07:07.726998000-0500","60.474028100","192.168.0.186","192.168.0.178","25858","25565","36631","3791242","28","0","0x0018"
"10088","2026-08-15T10:07:07.727917000-0500","60.474947100","192.168.0.186","192.168.0.178","25858","25565","36659","3791242","3","0","0x0018"
"10089","2026-08-15T10:07:07.728629900-0500","60.475660000","192.168.0.178","192.168.0.186","25565","25858","3791242","36662","0","0","0x0010"
"10090","2026-08-15T10:07:07.776731100-0500","60.523761200","192.168.0.186","192.168.0.178","25858","25565","36662","3791242","28","0","0x0018"
"10091","2026-08-15T10:07:07.777616200-0500","60.524646300","192.168.0.186","192.168.0.178","25858","25565","36690","3791242","3","0","0x0018"
"10092","2026-08-15T10:07:07.778279700-0500","60.525309800","192.168.0.178","192.168.0.186","25565","25858","3791242","36693","0","0","0x0010"
"10093","2026-08-15T10:07:07.826223700-0500","60.573253800","192.168.0.186","192.168.0.178","25858","25565","36693","3791242","28","0","0x0018"
"10094","2026-08-15T10:07:07.826529400-0500","60.573559500","192.168.0.186","192.168.0.178","25858","25565","36721","3791242","3","0","0x0018"
"10095","2026-08-15T10:07:07.827105100-0500","60.574135200","192.168.0.178","192.168.0.186","25565","25858","3791242","36724","0","0","0x0010"
"10096","2026-08-15T10:07:07.827153400-0500","60.574183500","192.168.0.178","192.168.0.186","25565","25858","3791242","36724","64","0","0x0018"
"10097","2026-08-15T10:07:07.842855600-0500","60.589885700","192.168.0.186","192.168.0.178","25858","25565","36724","3791306","4","0","0x0018"
"10098","2026-08-15T10:07:07.842902600-0500","60.589932700","192.168.0.186","192.168.0.178","25858","25565","36728","3791306","36","0","0x0018"
"10099","2026-08-15T10:07:07.843745900-0500","60.590776000","192.168.0.178","192.168.0.186","25565","25858","3791306","36764","0","0","0x0010"
"10100","2026-08-15T10:07:07.850793900-0500","60.597824000","192.168.0.178","192.168.0.186","25565","25858","3791306","36764","387","0","0x0018"
"10101","2026-08-15T10:07:07.876878100-0500","60.623908200","192.168.0.186","192.168.0.178","25858","25565","36764","3791693","36","0","0x0018"
"10102","2026-08-15T10:07:07.877873200-0500","60.624903300","192.168.0.186","192.168.0.178","25858","25565","36800","3791693","3","0","0x0018"
"10103","2026-08-15T10:07:07.878696400-0500","60.625726500","192.168.0.178","192.168.0.186","25565","25858","3791693","36803","0","0","0x0010"
"10104","2026-08-15T10:07:07.900453400-0500","60.647483500","192.168.0.178","192.168.0.186","25565","25858","3791693","36803","20","0","0x0018"
"10105","2026-08-15T10:07:07.926907500-0500","60.673937600","192.168.0.186","192.168.0.178","25858","25565","36803","3791713","28","0","0x0018"
"10106","2026-08-15T10:07:07.927821600-0500","60.674851700","192.168.0.186","192.168.0.178","25858","25565","36831","3791713","3","0","0x0018"
"10107","2026-08-15T10:07:07.928727600-0500","60.675757700","192.168.0.178","192.168.0.186","25565","25858","3791713","36834","0","0","0x0010"
"10108","2026-08-15T10:07:07.977514400-0500","60.724544500","192.168.0.186","192.168.0.178","25858","25565","36834","3791713","28","0","0x0018"
"10109","2026-08-15T10:07:07.978323900-0500","60.725354000","192.168.0.186","192.168.0.178","25858","25565","36862","3791713","3","0","0x0018"
"10110","2026-08-15T10:07:07.979205800-0500","60.726235900","192.168.0.178","192.168.0.186","25565","25858","3791713","36865","0","0","0x0010"
"10111","2026-08-15T10:07:08.026987200-0500","60.774017300","192.168.0.186","192.168.0.178","25858","25565","36865","3791713","28","0","0x0018"
"10112","2026-08-15T10:07:08.027917900-0500","60.774948000","192.168.0.186","192.168.0.178","25858","25565","36893","3791713","3","0","0x0018"
"10113","2026-08-15T10:07:08.028791900-0500","60.775822000","192.168.0.178","192.168.0.186","25565","25858","3791713","36896","0","0","0x0010"
"10114","2026-08-15T10:07:08.052182300-0500","60.799212400","192.168.0.178","192.168.0.186","25565","25858","3791713","36896","11","0","0x0018"
"10115","2026-08-15T10:07:08.052415100-0500","60.799445200","192.168.0.186","192.168.0.178","25858","25565","36896","3791724","11","0","0x0018"
"10116","2026-08-15T10:07:08.076238300-0500","60.823268400","192.168.0.186","192.168.0.178","25858","25565","36907","3791724","28","0","0x0018"
"10117","2026-08-15T10:07:08.076608500-0500","60.823638600","192.168.0.186","192.168.0.178","25858","25565","36935","3791724","3","0","0x0018"
"10118","2026-08-15T10:07:08.077118600-0500","60.824148700","192.168.0.178","192.168.0.186","25565","25858","3791724","36938","0","0","0x0010"
"10119","2026-08-15T10:07:08.077570200-0500","60.824600300","192.168.0.178","192.168.0.186","25565","25858","3791724","36938","64","0","0x0018"
"10120","2026-08-15T10:07:08.092246000-0500","60.839276100","192.168.0.186","192.168.0.178","25858","25565","36938","3791788","4","0","0x0018"
"10121","2026-08-15T10:07:08.092267000-0500","60.839297100","192.168.0.186","192.168.0.178","25858","25565","36942","3791788","36","0","0x0018"
"10122","2026-08-15T10:07:08.093182500-0500","60.840212600","192.168.0.178","192.168.0.186","25565","25858","3791788","36978","0","0","0x0010"
"10123","2026-08-15T10:07:08.127407700-0500","60.874437800","192.168.0.186","192.168.0.178","25858","25565","36978","3791788","28","0","0x0018"
"10124","2026-08-15T10:07:08.128264100-0500","60.875294200","192.168.0.186","192.168.0.178","25858","25565","37006","3791788","3","0","0x0018"
"10125","2026-08-15T10:07:08.128399700-0500","60.875429800","192.168.0.178","192.168.0.186","25565","25858","3791788","37006","64","0","0x0018"
"10126","2026-08-15T10:07:08.142792600-0500","60.889822700","192.168.0.186","192.168.0.178","25858","25565","37009","3791852","4","0","0x0018"
"10127","2026-08-15T10:07:08.142834400-0500","60.889864500","192.168.0.186","192.168.0.178","25858","25565","37013","3791852","36","0","0x0018"
"10128","2026-08-15T10:07:08.143599300-0500","60.890629400","192.168.0.178","192.168.0.186","25565","25858","3791852","37049","0","0","0x0010"
"10129","2026-08-15T10:07:08.184570300-0500","60.931600400","192.168.0.178","192.168.0.186","25565","25858","3791852","37049","104","0","0x0018"
"10130","2026-08-15T10:07:08.184667700-0500","60.931697800","192.168.0.178","192.168.0.186","25565","25858","3791956","37049","52","0","0x0018"
"10131","2026-08-15T10:07:08.184677700-0500","60.931707800","192.168.0.186","192.168.0.178","25858","25565","37049","3792008","0","0","0x0010"
"10132","2026-08-15T10:07:08.184963500-0500","60.931993600","192.168.0.178","192.168.0.186","25565","25858","3792008","37049","52","0","0x0018"
"10133","2026-08-15T10:07:08.185053100-0500","60.932083200","192.168.0.178","192.168.0.186","25565","25858","3792060","37049","52","0","0x0018"
"10134","2026-08-15T10:07:08.185059800-0500","60.932089900","192.168.0.186","192.168.0.178","25858","25565","37049","3792112","0","0","0x0010"
"10135","2026-08-15T10:07:08.187990300-0500","60.935020400","192.168.0.186","192.168.0.178","25858","25565","37049","3792112","10","0","0x0018"
"10136","2026-08-15T10:07:08.188004800-0500","60.935034900","192.168.0.186","192.168.0.178","25858","25565","37059","3792112","10","0","0x0018"
"10137","2026-08-15T10:07:08.188015000-0500","60.935045100","192.168.0.186","192.168.0.178","25858","25565","37069","3792112","10","0","0x0018"
"10138","2026-08-15T10:07:08.188021900-0500","60.935052000","192.168.0.186","192.168.0.178","25858","25565","37079","3792112","10","0","0x0018"
"10139","2026-08-15T10:07:08.188031400-0500","60.935061500","192.168.0.186","192.168.0.178","25858","25565","37089","3792112","10","0","0x0018"
"10140","2026-08-15T10:07:08.188041900-0500","60.935072000","192.168.0.186","192.168.0.178","25858","25565","37099","3792112","10","0","0x0018"
"10141","2026-08-15T10:07:08.188050500-0500","60.935080600","192.168.0.186","192.168.0.178","25858","25565","37109","3792112","10","0","0x0018"
"10142","2026-08-15T10:07:08.188059200-0500","60.935089300","192.168.0.186","192.168.0.178","25858","25565","37119","3792112","10","0","0x0018"
"10143","2026-08-15T10:07:08.188066900-0500","60.935097000","192.168.0.186","192.168.0.178","25858","25565","37129","3792112","10","0","0x0018"
"10144","2026-08-15T10:07:08.188074600-0500","60.935104700","192.168.0.186","192.168.0.178","25858","25565","37139","3792112","10","0","0x0018"
"10145","2026-08-15T10:07:08.188082500-0500","60.935112600","192.168.0.186","192.168.0.178","25858","25565","37149","3792112","10","0","0x0018"
"10146","2026-08-15T10:07:08.188089900-0500","60.935120000","192.168.0.186","192.168.0.178","25858","25565","37159","3792112","10","0","0x0018"
"10147","2026-08-15T10:07:08.188098100-0500","60.935128200","192.168.0.186","192.168.0.178","25858","25565","37169","3792112","10","0","0x0018"
"10148","2026-08-15T10:07:08.188105800-0500","60.935135900","192.168.0.186","192.168.0.178","25858","25565","37179","3792112","10","0","0x0018"
"10149","2026-08-15T10:07:08.188112800-0500","60.935142900","192.168.0.186","192.168.0.178","25858","25565","37189","3792112","10","0","0x0018"
"10150","2026-08-15T10:07:08.188120700-0500","60.935150800","192.168.0.186","192.168.0.178","25858","25565","37199","3792112","10","0","0x0018"
"10151","2026-08-15T10:07:08.188128700-0500","60.935158800","192.168.0.186","192.168.0.178","25858","25565","37209","3792112","10","0","0x0018"
"10152","2026-08-15T10:07:08.188141200-0500","60.935171300","192.168.0.186","192.168.0.178","25858","25565","37219","3792112","10","0","0x0018"
"10153","2026-08-15T10:07:08.188148400-0500","60.935178500","192.168.0.186","192.168.0.178","25858","25565","37229","3792112","10","0","0x0018"
"10154","2026-08-15T10:07:08.188155400-0500","60.935185500","192.168.0.186","192.168.0.178","25858","25565","37239","3792112","10","0","0x0018"
"10155","2026-08-15T10:07:08.188162600-0500","60.935192700","192.168.0.186","192.168.0.178","25858","25565","37249","3792112","10","0","0x0018"
"10156","2026-08-15T10:07:08.188170000-0500","60.935200100","192.168.0.186","192.168.0.178","25858","25565","37259","3792112","10","0","0x0018"
"10157","2026-08-15T10:07:08.188178000-0500","60.935208100","192.168.0.186","192.168.0.178","25858","25565","37269","3792112","10","0","0x0018"
"10158","2026-08-15T10:07:08.188184500-0500","60.935214600","192.168.0.186","192.168.0.178","25858","25565","37279","3792112","10","0","0x0018"
"10159","2026-08-15T10:07:08.188235200-0500","60.935265300","192.168.0.186","192.168.0.178","25858","25565","37289","3792112","10","0","0x0018"
"10160","2026-08-15T10:07:08.188259300-0500","60.935289400","192.168.0.186","192.168.0.178","25858","25565","37299","3792112","10","0","0x0018"
"10161","2026-08-15T10:07:08.188270900-0500","60.935301000","192.168.0.186","192.168.0.178","25858","25565","37309","3792112","10","0","0x0018"
"10162","2026-08-15T10:07:08.188279600-0500","60.935309700","192.168.0.186","192.168.0.178","25858","25565","37319","3792112","10","0","0x0018"
"10163","2026-08-15T10:07:08.188290400-0500","60.935320500","192.168.0.186","192.168.0.178","25858","25565","37329","3792112","10","0","0x0018"
"10164","2026-08-15T10:07:08.188299100-0500","60.935329200","192.168.0.186","192.168.0.178","25858","25565","37339","3792112","10","0","0x0018"
"10165","2026-08-15T10:07:08.188307300-0500","60.935337400","192.168.0.186","192.168.0.178","25858","25565","37349","3792112","10","0","0x0018"
"10166","2026-08-15T10:07:08.188319000-0500","60.935349100","192.168.0.186","192.168.0.178","25858","25565","37359","3792112","10","0","0x0018"
"10167","2026-08-15T10:07:08.188404900-0500","60.935435000","192.168.0.186","192.168.0.178","25858","25565","37369","3792112","10","0","0x0018"
"10168","2026-08-15T10:07:08.188417400-0500","60.935447500","192.168.0.186","192.168.0.178","25858","25565","37379","3792112","10","0","0x0018"
"10169","2026-08-15T10:07:08.188425500-0500","60.935455600","192.168.0.186","192.168.0.178","25858","25565","37389","3792112","10","0","0x0018"
"10170","2026-08-15T10:07:08.188432100-0500","60.935462200","192.168.0.186","192.168.0.178","25858","25565","37399","3792112","10","0","0x0018"
"10171","2026-08-15T10:07:08.188441400-0500","60.935471500","192.168.0.186","192.168.0.178","25858","25565","37409","3792112","10","0","0x0018"
"10172","2026-08-15T10:07:08.188818100-0500","60.935848200","192.168.0.186","192.168.0.178","25858","25565","37419","3792112","3","0","0x0018"
"10173","2026-08-15T10:07:08.189501600-0500","60.936531700","192.168.0.178","192.168.0.186","25565","25858","3792112","37422","0","0","0x0010"
"10174","2026-08-15T10:07:08.225958200-0500","60.972988300","192.168.0.186","192.168.0.178","25858","25565","37422","3792112","28","0","0x0018"
"10175","2026-08-15T10:07:08.226298400-0500","60.973328500","192.168.0.186","192.168.0.178","25858","25565","37450","3792112","3","0","0x0018"
"10176","2026-08-15T10:07:08.226846600-0500","60.973876700","192.168.0.178","192.168.0.186","25565","25858","3792112","37453","0","0","0x0010"
"10177","2026-08-15T10:07:08.226917300-0500","60.973947400","192.168.0.178","192.168.0.186","25565","25858","3792112","37453","64","0","0x0018"
"10178","2026-08-15T10:07:08.242051800-0500","60.989081900","192.168.0.186","192.168.0.178","25858","25565","37453","3792176","4","0","0x0018"
"10179","2026-08-15T10:07:08.242069200-0500","60.989099300","192.168.0.186","192.168.0.178","25858","25565","37457","3792176","36","0","0x0018"
"10180","2026-08-15T10:07:08.242796700-0500","60.989826800","192.168.0.178","192.168.0.186","25565","25858","3792176","37493","0","0","0x0010"
"10181","2026-08-15T10:07:08.276141800-0500","61.023171900","192.168.0.186","192.168.0.178","25858","25565","37493","3792176","28","0","0x0018"
"10182","2026-08-15T10:07:08.276793600-0500","61.023823700","192.168.0.186","192.168.0.178","25858","25565","37521","3792176","3","0","0x0018"
"10183","2026-08-15T10:07:08.277093200-0500","61.024123300","192.168.0.178","192.168.0.186","25565","25858","3792176","37521","64","0","0x0018"
"10184","2026-08-15T10:07:08.292228500-0500","61.039258600","192.168.0.186","192.168.0.178","25858","25565","37524","3792240","4","0","0x0018"
"10185","2026-08-15T10:07:08.292271000-0500","61.039301100","192.168.0.186","192.168.0.178","25858","25565","37528","3792240","36","0","0x0018"
"10186","2026-08-15T10:07:08.292977500-0500","61.040007600","192.168.0.178","192.168.0.186","25565","25858","3792240","37564","0","0","0x0010"
"10187","2026-08-15T10:07:08.326832700-0500","61.073862800","192.168.0.186","192.168.0.178","25858","25565","37564","3792240","3","0","0x0018"
"10188","2026-08-15T10:07:08.369942800-0500","61.116972900","192.168.0.178","192.168.0.186","25565","25858","3792240","37567","0","0","0x0010"
"10189","2026-08-15T10:07:08.376985200-0500","61.124015300","192.168.0.186","192.168.0.178","25858","25565","37567","3792240","28","0","0x0018"
"10190","2026-08-15T10:07:08.377728600-0500","61.124758700","192.168.0.178","192.168.0.186","25565","25858","3792240","37595","0","0","0x0010"
"10191","2026-08-15T10:07:08.377849500-0500","61.124879600","192.168.0.186","192.168.0.178","25858","25565","37595","3792240","3","0","0x0018"
"10192","2026-08-15T10:07:08.378475700-0500","61.125505800","192.168.0.178","192.168.0.186","25565","25858","3792240","37598","0","0","0x0010"
"10193","2026-08-15T10:07:08.427326300-0500","61.174356400","192.168.0.186","192.168.0.178","25858","25565","37598","3792240","28","0","0x0018"
"10194","2026-08-15T10:07:08.428173000-0500","61.175203100","192.168.0.178","192.168.0.186","25565","25858","3792240","37626","0","0","0x0010"
"10195","2026-08-15T10:07:08.428237600-0500","61.175267700","192.168.0.186","192.168.0.178","25858","25565","37626","3792240","3","0","0x0018"
"10196","2026-08-15T10:07:08.428904600-0500","61.175934700","192.168.0.178","192.168.0.186","25565","25858","3792240","37629","0","0","0x0010"
"10197","2026-08-15T10:07:08.476909700-0500","61.223939800","192.168.0.186","192.168.0.178","25858","25565","37629","3792240","28","0","0x0018"
"10198","2026-08-15T10:07:08.477581700-0500","61.224611800","192.168.0.178","192.168.0.186","25565","25858","3792240","37657","0","0","0x0010"
"10199","2026-08-15T10:07:08.477824000-0500","61.224854100","192.168.0.186","192.168.0.178","25858","25565","37657","3792240","3","0","0x0018"
"10200","2026-08-15T10:07:08.478560000-0500","61.225590100","192.168.0.178","192.168.0.186","25565","25858","3792240","37660","0","0","0x0010"
"10201","2026-08-15T10:07:08.527433800-0500","61.274463900","192.168.0.186","192.168.0.178","25858","25565","37660","3792240","28","0","0x0018"
"10202","2026-08-15T10:07:08.528212700-0500","61.275242800","192.168.0.178","192.168.0.186","25565","25858","3792240","37688","0","0","0x0010"
"10203","2026-08-15T10:07:08.528346900-0500","61.275377000","192.168.0.186","192.168.0.178","25858","25565","37688","3792240","3","0","0x0018"
"10204","2026-08-15T10:07:08.529037100-0500","61.276067200","192.168.0.178","192.168.0.186","25565","25858","3792240","37691","0","0","0x0010"
"10205","2026-08-15T10:07:08.576365900-0500","61.323396000","192.168.0.186","192.168.0.178","25858","25565","37691","3792240","28","0","0x0018"
"10206","2026-08-15T10:07:08.576674500-0500","61.323704600","192.168.0.186","192.168.0.178","25858","25565","37719","3792240","3","0","0x0018"
"10207","2026-08-15T10:07:08.577002700-0500","61.324032800","192.168.0.178","192.168.0.186","25565","25858","3792240","37719","0","0","0x0010"
"10208","2026-08-15T10:07:08.577074100-0500","61.324104200","192.168.0.178","192.168.0.186","25565","25858","3792240","37722","0","0","0x0010"
"10209","2026-08-15T10:07:08.626606400-0500","61.373636500","192.168.0.186","192.168.0.178","25858","25565","37722","3792240","28","0","0x0018"
"10210","2026-08-15T10:07:08.627041400-0500","61.374071500","192.168.0.186","192.168.0.178","25858","25565","37750","3792240","3","0","0x0018"
"10211","2026-08-15T10:07:08.627263200-0500","61.374293300","192.168.0.178","192.168.0.186","25565","25858","3792240","37750","0","0","0x0010"
"10212","2026-08-15T10:07:08.627604100-0500","61.374634200","192.168.0.178","192.168.0.186","25565","25858","3792240","37753","0","0","0x0010"
"10213","2026-08-15T10:07:08.677968800-0500","61.424998900","192.168.0.186","192.168.0.178","25858","25565","37753","3792240","28","0","0x0018"
"10214","2026-08-15T10:07:08.678002200-0500","61.425032300","192.168.0.186","192.168.0.178","25858","25565","37781","3792240","3","0","0x0018"
"10215","2026-08-15T10:07:08.678683100-0500","61.425713200","192.168.0.178","192.168.0.186","25565","25858","3792240","37784","0","0","0x0010"
"10216","2026-08-15T10:07:08.727754500-0500","61.474784600","192.168.0.186","192.168.0.178","25858","25565","37784","3792240","28","0","0x0018"
"10217","2026-08-15T10:07:08.728522600-0500","61.475552700","192.168.0.178","192.168.0.186","25565","25858","3792240","37812","0","0","0x0010"
"10218","2026-08-15T10:07:08.728629200-0500","61.475659300","192.168.0.186","192.168.0.178","25858","25565","37812","3792240","3","0","0x0018"
"10219","2026-08-15T10:07:08.729244100-0500","61.476274200","192.168.0.178","192.168.0.186","25565","25858","3792240","37815","0","0","0x0010"
"10220","2026-08-15T10:07:08.777001300-0500","61.524031400","192.168.0.186","192.168.0.178","25858","25565","37815","3792240","28","0","0x0018"
"10221","2026-08-15T10:07:08.777842300-0500","61.524872400","192.168.0.178","192.168.0.186","25565","25858","3792240","37843","0","0","0x0010"
"10222","2026-08-15T10:07:08.777876500-0500","61.524906600","192.168.0.186","192.168.0.178","25858","25565","37843","3792240","3","0","0x0018"
"10223","2026-08-15T10:07:08.778608300-0500","61.525638400","192.168.0.178","192.168.0.186","25565","25858","3792240","37846","0","0","0x0010"
"10224","2026-08-15T10:07:08.804229400-0500","61.551259500","192.168.0.178","192.168.0.186","25565","25858","3792240","37846","1460","0","0x0010"
"10225","2026-08-15T10:07:08.804229400-0500","61.551259500","192.168.0.178","192.168.0.186","25565","25858","3793700","37846","1460","0","0x0010"
"10226","2026-08-15T10:07:08.804312600-0500","61.551342700","192.168.0.186","192.168.0.178","25858","25565","37846","3795160","0","0","0x0010"
"10227","2026-08-15T10:07:08.804356700-0500","61.551386800","192.168.0.178","192.168.0.186","25565","25858","3795160","37846","1460","0","0x0010"
"10228","2026-08-15T10:07:08.804479300-0500","61.551509400","192.168.0.178","192.168.0.186","25565","25858","3796620","37846","1460","0","0x0010"
"10229","2026-08-15T10:07:08.804493700-0500","61.551523800","192.168.0.186","192.168.0.178","25858","25565","37846","3798080","0","0","0x0010"
"10230","2026-08-15T10:07:08.804574800-0500","61.551604900","192.168.0.178","192.168.0.186","25565","25858","3798080","37846","1460","0","0x0018"
"10231","2026-08-15T10:07:08.804818600-0500","61.551848700","192.168.0.178","192.168.0.186","25565","25858","3799540","37846","1460","0","0x0010"
"10232","2026-08-15T10:07:08.804818600-0500","61.551848700","192.168.0.178","192.168.0.186","25565","25858","3801000","37846","1460","0","0x0010"
"10233","2026-08-15T10:07:08.804861300-0500","61.551891400","192.168.0.186","192.168.0.178","25858","25565","37846","3802460","0","0","0x0010"
"10234","2026-08-15T10:07:08.805055300-0500","61.552085400","192.168.0.178","192.168.0.186","25565","25858","3802460","37846","1460","0","0x0010"
"10235","2026-08-15T10:07:08.805055300-0500","61.552085400","192.168.0.178","192.168.0.186","25565","25858","3803920","37846","974","0","0x0018"
"10236","2026-08-15T10:07:08.805110400-0500","61.552140500","192.168.0.186","192.168.0.178","25858","25565","37846","3804894","0","0","0x0010"
"10237","2026-08-15T10:07:08.827171500-0500","61.574201600","192.168.0.186","192.168.0.178","25858","25565","37846","3804894","28","0","0x0018"
"10238","2026-08-15T10:07:08.828064700-0500","61.575094800","192.168.0.186","192.168.0.178","25858","25565","37874","3804894","3","0","0x0018"
"10239","2026-08-15T10:07:08.828670000-0500","61.575700100","192.168.0.178","192.168.0.186","25565","25858","3804894","37877","0","0","0x0010"
"10240","2026-08-15T10:07:08.851538700-0500","61.598568800","192.168.0.178","192.168.0.186","25565","25858","3804894","37877","334","0","0x0018"
"10241","2026-08-15T10:07:08.876636800-0500","61.623666900","192.168.0.186","192.168.0.178","25858","25565","37877","3805228","28","0","0x0018"
"10242","2026-08-15T10:07:08.877058600-0500","61.624088700","192.168.0.186","192.168.0.178","25858","25565","37905","3805228","3","0","0x0018"
"10243","2026-08-15T10:07:08.877637600-0500","61.624667700","192.168.0.178","192.168.0.186","25565","25858","3805228","37908","0","0","0x0010"
"10244","2026-08-15T10:07:08.900720700-0500","61.647750800","192.168.0.178","192.168.0.186","25565","25858","3805228","37908","20","0","0x0018"
"10245","2026-08-15T10:07:08.927008300-0500","61.674038400","192.168.0.186","192.168.0.178","25858","25565","37908","3805248","28","0","0x0018"
"10246","2026-08-15T10:07:08.927921000-0500","61.674951100","192.168.0.186","192.168.0.178","25858","25565","37936","3805248","3","0","0x0018"
"10247","2026-08-15T10:07:08.928684700-0500","61.675714800","192.168.0.178","192.168.0.186","25565","25858","3805248","37939","0","0","0x0010"
"10248","2026-08-15T10:07:08.976728400-0500","61.723758500","192.168.0.186","192.168.0.178","25858","25565","37939","3805248","28","0","0x0018"
"10249","2026-08-15T10:07:08.977661100-0500","61.724691200","192.168.0.186","192.168.0.178","25858","25565","37967","3805248","3","0","0x0018"
"10250","2026-08-15T10:07:08.978749000-0500","61.725779100","192.168.0.178","192.168.0.186","25565","25858","3805248","37970","0","0","0x0010"
"10251","2026-08-15T10:07:09.027137600-0500","61.774167700","192.168.0.186","192.168.0.178","25858","25565","37970","3805248","28","0","0x0018"
"10252","2026-08-15T10:07:09.027708500-0500","61.774738600","192.168.0.186","192.168.0.178","25858","25565","37998","3805248","3","0","0x0018"
"10253","2026-08-15T10:07:09.028379100-0500","61.775409200","192.168.0.178","192.168.0.186","25565","25858","3805248","38001","0","0","0x0010"
"10254","2026-08-15T10:07:09.061524000-0500","61.808554100","192.168.0.178","192.168.0.186","25565","25858","3805248","38001","11","0","0x0018"
"10255","2026-08-15T10:07:09.061653300-0500","61.808683400","192.168.0.186","192.168.0.178","25858","25565","38001","3805259","11","0","0x0018"
"10256","2026-08-15T10:07:09.076564200-0500","61.823594300","192.168.0.186","192.168.0.178","25858","25565","38012","3805259","28","0","0x0018"
"10257","2026-08-15T10:07:09.077231300-0500","61.824261400","192.168.0.186","192.168.0.178","25858","25565","38040","3805259","3","0","0x0018"
"10258","2026-08-15T10:07:09.077258400-0500","61.824288500","192.168.0.178","192.168.0.186","25565","25858","3805259","38040","0","0","0x0010"
"10259","2026-08-15T10:07:09.118003800-0500","61.865033900","192.168.0.178","192.168.0.186","25565","25858","3805259","38043","0","0","0x0010"
"10260","2026-08-15T10:07:09.126958800-0500","61.873988900","192.168.0.186","192.168.0.178","25858","25565","38043","3805259","28","0","0x0018"
"10261","2026-08-15T10:07:09.127253900-0500","61.874284000","192.168.0.186","192.168.0.178","25858","25565","38071","3805259","3","0","0x0018"
"10262","2026-08-15T10:07:09.127533500-0500","61.874563600","192.168.0.178","192.168.0.186","25565","25858","3805259","38071","0","0","0x0010"
"10263","2026-08-15T10:07:09.127594800-0500","61.874624900","192.168.0.178","192.168.0.186","25565","25858","3805259","38074","0","0","0x0010"
"10264","2026-08-15T10:07:09.177106500-0500","61.924136600","192.168.0.186","192.168.0.178","25858","25565","38074","3805259","28","0","0x0018"
"10265","2026-08-15T10:07:09.177816600-0500","61.924846700","192.168.0.186","192.168.0.178","25858","25565","38102","3805259","3","0","0x0018"
"10266","2026-08-15T10:07:09.177942400-0500","61.924972500","192.168.0.178","192.168.0.186","25565","25858","3805259","38102","0","0","0x0010"
"10267","2026-08-15T10:07:09.178435500-0500","61.925465600","192.168.0.178","192.168.0.186","25565","25858","3805259","38105","0","0","0x0010"
"10268","2026-08-15T10:07:09.227102300-0500","61.974132400","192.168.0.186","192.168.0.178","25858","25565","38105","3805259","28","0","0x0018"
"10269","2026-08-15T10:07:09.227886200-0500","61.974916300","192.168.0.178","192.168.0.186","25565","25858","3805259","38133","0","0","0x0010"
"10270","2026-08-15T10:07:09.227997700-0500","61.975027800","192.168.0.186","192.168.0.178","25858","25565","38133","3805259","3","0","0x0018"
"10271","2026-08-15T10:07:09.228341700-0500","61.975371800","192.168.0.178","192.168.0.186","25565","25858","3805259","38136","0","0","0x0010"
"10272","2026-08-15T10:07:09.228398700-0500","61.975428800","192.168.0.178","192.168.0.186","25565","25858","3805259","38136","11","0","0x0018"
"10273","2026-08-15T10:07:09.228398700-0500","61.975428800","192.168.0.178","192.168.0.186","25565","25858","3805270","38136","11","0","0x0018"
"10274","2026-08-15T10:07:09.228444500-0500","61.975474600","192.168.0.186","192.168.0.178","25858","25565","38136","3805281","0","0","0x0010"
"10275","2026-08-15T10:07:09.228500400-0500","61.975530500","192.168.0.178","192.168.0.186","25565","25858","3805281","38136","9","0","0x0018"
"10276","2026-08-15T10:07:09.270424300-0500","62.017454400","192.168.0.186","192.168.0.178","25858","25565","38136","3805290","0","0","0x0010"
"10277","2026-08-15T10:07:09.276862900-0500","62.023893000","192.168.0.186","192.168.0.178","25858","25565","38136","3805290","28","0","0x0018"
"10278","2026-08-15T10:07:09.277737100-0500","62.024767200","192.168.0.186","192.168.0.178","25858","25565","38164","3805290","3","0","0x0018"
"10279","2026-08-15T10:07:09.278393200-0500","62.025423300","192.168.0.178","192.168.0.186","25565","25858","3805290","38167","0","0","0x0010"
"10280","2026-08-15T10:07:09.327033000-0500","62.074063100","192.168.0.186","192.168.0.178","25858","25565","38167","3805290","28","0","0x0018"
"10281","2026-08-15T10:07:09.327551200-0500","62.074581300","192.168.0.186","192.168.0.178","25858","25565","38195","3805290","3","0","0x0018"
"10282","2026-08-15T10:07:09.328265200-0500","62.075295300","192.168.0.178","192.168.0.186","25565","25858","3805290","38198","0","0","0x0010"
"10283","2026-08-15T10:07:09.352305600-0500","62.099335700","192.168.0.178","192.168.0.186","25565","25858","3805290","38198","163","0","0x0018"
"10284","2026-08-15T10:07:09.375925500-0500","62.122955600","192.168.0.186","192.168.0.178","25858","25565","38198","3805453","28","0","0x0018"
"10285","2026-08-15T10:07:09.376314200-0500","62.123344300","192.168.0.186","192.168.0.178","25858","25565","38226","3805453","3","0","0x0018"
"10286","2026-08-15T10:07:09.377069200-0500","62.124099300","192.168.0.178","192.168.0.186","25565","25858","3805453","38229","0","0","0x0010"
"10287","2026-08-15T10:07:09.377117900-0500","62.124148000","192.168.0.178","192.168.0.186","25565","25858","3805453","38229","64","0","0x0018"
"10288","2026-08-15T10:07:09.392216500-0500","62.139246600","192.168.0.186","192.168.0.178","25858","25565","38229","3805517","4","0","0x0018"
"10289","2026-08-15T10:07:09.392236800-0500","62.139266900","192.168.0.186","192.168.0.178","25858","25565","38233","3805517","36","0","0x0018"
"10290","2026-08-15T10:07:09.393083800-0500","62.140113900","192.168.0.178","192.168.0.186","25565","25858","3805517","38269","0","0","0x0010"
"10291","2026-08-15T10:07:09.427489100-0500","62.174519200","192.168.0.186","192.168.0.178","25858","25565","38269","3805517","28","0","0x0018"
"10292","2026-08-15T10:07:09.428294700-0500","62.175324800","192.168.0.186","192.168.0.178","25858","25565","38297","3805517","3","0","0x0018"
"10293","2026-08-15T10:07:09.428387400-0500","62.175417500","192.168.0.178","192.168.0.186","25565","25858","3805517","38297","64","0","0x0018"
"10294","2026-08-15T10:07:09.443937100-0500","62.190967200","192.168.0.186","192.168.0.178","25858","25565","38300","3805581","4","0","0x0018"
"10295","2026-08-15T10:07:09.443965800-0500","62.190995900","192.168.0.186","192.168.0.178","25858","25565","38304","3805581","36","0","0x0018"
"10296","2026-08-15T10:07:09.444653200-0500","62.191683300","192.168.0.178","192.168.0.186","25565","25858","3805581","38340","0","0","0x0010"
"10297","2026-08-15T10:07:09.477835100-0500","62.224865200","192.168.0.186","192.168.0.178","25858","25565","38340","3805581","3","0","0x0018"
"10298","2026-08-15T10:07:09.521901700-0500","62.268931800","192.168.0.178","192.168.0.186","25565","25858","3805581","38343","0","0","0x0010"
"10299","2026-08-15T10:07:09.527049400-0500","62.274079500","192.168.0.186","192.168.0.178","25858","25565","38343","3805581","28","0","0x0018"
"10300","2026-08-15T10:07:09.527863900-0500","62.274894000","192.168.0.178","192.168.0.186","25565","25858","3805581","38371","0","0","0x0010"
"10301","2026-08-15T10:07:09.527899800-0500","62.274929900","192.168.0.186","192.168.0.178","25858","25565","38371","3805581","3","0","0x0018"
"10302","2026-08-15T10:07:09.527939400-0500","62.274969500","192.168.0.178","192.168.0.186","25565","25858","3805581","38371","64","0","0x0018"
"10303","2026-08-15T10:07:09.542544300-0500","62.289574400","192.168.0.186","192.168.0.178","25858","25565","38374","3805645","4","0","0x0018"
"10304","2026-08-15T10:07:09.542597700-0500","62.289627800","192.168.0.186","192.168.0.178","25858","25565","38378","3805645","36","0","0x0018"
"10305","2026-08-15T10:07:09.543404900-0500","62.290435000","192.168.0.178","192.168.0.186","25565","25858","3805645","38414","0","0","0x0010"
"10306","2026-08-15T10:07:09.576827200-0500","62.323857300","192.168.0.186","192.168.0.178","25858","25565","38414","3805645","28","0","0x0018"
"10307","2026-08-15T10:07:09.577593500-0500","62.324623600","192.168.0.186","192.168.0.178","25858","25565","38442","3805645","3","0","0x0018"
"10308","2026-08-15T10:07:09.577829900-0500","62.324860000","192.168.0.178","192.168.0.186","25565","25858","3805645","38442","64","0","0x0018"
"10309","2026-08-15T10:07:09.592464300-0500","62.339494400","192.168.0.186","192.168.0.178","25858","25565","38445","3805709","4","0","0x0018"
"10310","2026-08-15T10:07:09.592500300-0500","62.339530400","192.168.0.186","192.168.0.178","25858","25565","38449","3805709","36","0","0x0018"
"10311","2026-08-15T10:07:09.593267700-0500","62.340297800","192.168.0.178","192.168.0.186","25565","25858","3805709","38485","0","0","0x0010"
"10312","2026-08-15T10:07:09.626392900-0500","62.373423000","192.168.0.186","192.168.0.178","25858","25565","38485","3805709","3","0","0x0018"
"10313","2026-08-15T10:07:09.670039000-0500","62.417069100","192.168.0.178","192.168.0.186","25565","25858","3805709","38488","0","0","0x0010"
"10314","2026-08-15T10:07:09.677109600-0500","62.424139700","192.168.0.186","192.168.0.178","25858","25565","38488","3805709","28","0","0x0018"
"10315","2026-08-15T10:07:09.677867400-0500","62.424897500","192.168.0.178","192.168.0.186","25565","25858","3805709","38516","0","0","0x0010"
"10316","2026-08-15T10:07:09.677951000-0500","62.424981100","192.168.0.186","192.168.0.178","25858","25565","38516","3805709","3","0","0x0018"
"10317","2026-08-15T10:07:09.677966400-0500","62.424996500","192.168.0.178","192.168.0.186","25565","25858","3805709","38516","64","0","0x0018"
"10318","2026-08-15T10:07:09.692748700-0500","62.439778800","192.168.0.186","192.168.0.178","25858","25565","38519","3805773","4","0","0x0018"
"10319","2026-08-15T10:07:09.692797400-0500","62.439827500","192.168.0.186","192.168.0.178","25858","25565","38523","3805773","36","0","0x0018"
"10320","2026-08-15T10:07:09.693529000-0500","62.440559100","192.168.0.178","192.168.0.186","25565","25858","3805773","38559","0","0","0x0010"
"10321","2026-08-15T10:07:09.727117400-0500","62.474147500","192.168.0.186","192.168.0.178","25858","25565","38559","3805773","28","0","0x0018"
"10322","2026-08-15T10:07:09.727997700-0500","62.475027800","192.168.0.186","192.168.0.178","25858","25565","38587","3805773","3","0","0x0018"
"10323","2026-08-15T10:07:09.728074300-0500","62.475104400","192.168.0.178","192.168.0.186","25565","25858","3805773","38587","64","0","0x0018"
"10324","2026-08-15T10:07:09.742413100-0500","62.489443200","192.168.0.186","192.168.0.178","25858","25565","38590","3805837","4","0","0x0018"
"10325","2026-08-15T10:07:09.742450700-0500","62.489480800","192.168.0.186","192.168.0.178","25858","25565","38594","3805837","36","0","0x0018"
"10326","2026-08-15T10:07:09.743292900-0500","62.490323000","192.168.0.178","192.168.0.186","25565","25858","3805837","38630","0","0","0x0010"
"10327","2026-08-15T10:07:09.777746600-0500","62.524776700","192.168.0.186","192.168.0.178","25858","25565","38630","3805837","3","0","0x0018"
"10328","2026-08-15T10:07:09.822015700-0500","62.569045800","192.168.0.178","192.168.0.186","25565","25858","3805837","38633","0","0","0x0010"
"10329","2026-08-15T10:07:09.827196200-0500","62.574226300","192.168.0.186","192.168.0.178","25858","25565","38633","3805837","28","0","0x0018"
"10330","2026-08-15T10:07:09.827988000-0500","62.575018100","192.168.0.178","192.168.0.186","25565","25858","3805837","38661","0","0","0x0010"
"10331","2026-08-15T10:07:09.828122100-0500","62.575152200","192.168.0.186","192.168.0.178","25858","25565","38661","3805837","3","0","0x0018"
"10332","2026-08-15T10:07:09.828281200-0500","62.575311300","192.168.0.178","192.168.0.186","25565","25858","3805837","38661","64","0","0x0018"
"10333","2026-08-15T10:07:09.842646800-0500","62.589676900","192.168.0.186","192.168.0.178","25858","25565","38664","3805901","4","0","0x0018"
"10334","2026-08-15T10:07:09.842686800-0500","62.589716900","192.168.0.186","192.168.0.178","25858","25565","38668","3805901","36","0","0x0018"
"10335","2026-08-15T10:07:09.843506600-0500","62.590536700","192.168.0.178","192.168.0.186","25565","25858","3805901","38704","0","0","0x0010"
"10336","2026-08-15T10:07:09.876917300-0500","62.623947400","192.168.0.186","192.168.0.178","25858","25565","38704","3805901","28","0","0x0018"
"10337","2026-08-15T10:07:09.878042600-0500","62.625072700","192.168.0.178","192.168.0.186","25565","25858","3805901","38732","64","0","0x0018"
"10338","2026-08-15T10:07:09.878176500-0500","62.625206600","192.168.0.186","192.168.0.178","25858","25565","38732","3805965","3","0","0x0018"
"10339","2026-08-15T10:07:09.892045400-0500","62.639075500","192.168.0.186","192.168.0.178","25858","25565","38735","3805965","4","0","0x0018"
"10340","2026-08-15T10:07:09.892066700-0500","62.639096800","192.168.0.186","192.168.0.178","25858","25565","38739","3805965","36","0","0x0018"
"10341","2026-08-15T10:07:09.892842800-0500","62.639872900","192.168.0.178","192.168.0.186","25565","25858","3805965","38775","0","0","0x0010"
"10342","2026-08-15T10:07:09.900834000-0500","62.647864100","192.168.0.178","192.168.0.186","25565","25858","3805965","38775","20","0","0x0018"
"10343","2026-08-15T10:07:09.928067700-0500","62.675097800","192.168.0.186","192.168.0.178","25858","25565","38775","3805985","3","0","0x0018"
"10344","2026-08-15T10:07:09.951253600-0500","62.698283700","192.168.0.178","192.168.0.186","25565","25858","3805985","38778","104","0","0x0018"
"10345","2026-08-15T10:07:09.976973600-0500","62.724003700","192.168.0.186","192.168.0.178","25858","25565","38778","3806089","28","0","0x0018"
"10346","2026-08-15T10:07:09.977852500-0500","62.724882600","192.168.0.186","192.168.0.178","25858","25565","38806","3806089","3","0","0x0018"
"10347","2026-08-15T10:07:09.978006800-0500","62.725036900","192.168.0.178","192.168.0.186","25565","25858","3806089","38806","64","0","0x0018"
"10348","2026-08-15T10:07:09.992491100-0500","62.739521200","192.168.0.186","192.168.0.178","25858","25565","38809","3806153","4","0","0x0018"
"10349","2026-08-15T10:07:09.992546600-0500","62.739576700","192.168.0.186","192.168.0.178","25858","25565","38813","3806153","36","0","0x0018"
"10350","2026-08-15T10:07:09.993347800-0500","62.740377900","192.168.0.178","192.168.0.186","25565","25858","3806153","38849","0","0","0x0010"
"10351","2026-08-15T10:07:10.001177300-0500","62.748207400","192.168.0.178","192.168.0.186","25565","25858","3806153","38849","104","0","0x0018"
"10352","2026-08-15T10:07:10.008995000-0500","62.756025100","192.168.0.178","192.168.0.186","25565","25858","3806257","38849","52","0","0x0018"
"10353","2026-08-15T10:07:10.008995000-0500","62.756025100","192.168.0.178","192.168.0.186","25565","25858","3806309","38849","52","0","0x0018"
"10354","2026-08-15T10:07:10.008995000-0500","62.756025100","192.168.0.178","192.168.0.186","25565","25858","3806361","38849","52","0","0x0018"
"10355","2026-08-15T10:07:10.009057000-0500","62.756087100","192.168.0.186","192.168.0.178","25858","25565","38849","3806413","0","0","0x0010"
"10356","2026-08-15T10:07:10.027144400-0500","62.774174500","192.168.0.186","192.168.0.178","25858","25565","38849","3806413","28","0","0x0018"
"10357","2026-08-15T10:07:10.027997300-0500","62.775027400","192.168.0.186","192.168.0.178","25858","25565","38877","3806413","3","0","0x0018"
"10358","2026-08-15T10:07:10.028095300-0500","62.775125400","192.168.0.178","192.168.0.186","25565","25858","3806413","38877","64","0","0x0018"
"10359","2026-08-15T10:07:10.042471500-0500","62.789501600","192.168.0.186","192.168.0.178","25858","25565","38880","3806477","4","0","0x0018"
"10360","2026-08-15T10:07:10.042511700-0500","62.789541800","192.168.0.186","192.168.0.178","25858","25565","38884","3806477","36","0","0x0018"
"10361","2026-08-15T10:07:10.043293000-0500","62.790323100","192.168.0.178","192.168.0.186","25565","25858","3806477","38920","0","0","0x0010"
"10362","2026-08-15T10:07:10.077810400-0500","62.824840500","192.168.0.186","192.168.0.178","25858","25565","38920","3806477","3","0","0x0018"
"10363","2026-08-15T10:07:10.102228600-0500","62.849258700","192.168.0.178","192.168.0.186","25565","25858","3806477","38923","11","0","0x0018"
"10364","2026-08-15T10:07:10.102394300-0500","62.849424400","192.168.0.186","192.168.0.178","25858","25565","38923","3806488","11","0","0x0018"
"10365","2026-08-15T10:07:10.127151900-0500","62.874182000","192.168.0.186","192.168.0.178","25858","25565","38934","3806488","28","0","0x0018"
"10366","2026-08-15T10:07:10.127926000-0500","62.874956100","192.168.0.178","192.168.0.186","25565","25858","3806488","38962","0","0","0x0010"
"10367","2026-08-15T10:07:10.127990900-0500","62.875021000","192.168.0.178","192.168.0.186","25565","25858","3806488","38962","64","0","0x0018"
"10368","2026-08-15T10:07:10.128012100-0500","62.875042200","192.168.0.186","192.168.0.178","25858","25565","38962","3806488","3","0","0x0018"
"10369","2026-08-15T10:07:10.142619800-0500","62.889649900","192.168.0.186","192.168.0.178","25858","25565","38965","3806552","4","0","0x0018"
"10370","2026-08-15T10:07:10.142654100-0500","62.889684200","192.168.0.186","192.168.0.178","25858","25565","38969","3806552","36","0","0x0018"
"10371","2026-08-15T10:07:10.143330000-0500","62.890360100","192.168.0.178","192.168.0.186","25565","25858","3806552","39005","0","0","0x0010"
"10372","2026-08-15T10:07:10.176458700-0500","62.923488800","192.168.0.186","192.168.0.178","25858","25565","39005","3806552","28","0","0x0018"
"10373","2026-08-15T10:07:10.176904600-0500","62.923934700","192.168.0.186","192.168.0.178","25858","25565","39033","3806552","3","0","0x0018"
"10374","2026-08-15T10:07:10.177217900-0500","62.924248000","192.168.0.178","192.168.0.186","25565","25858","3806552","39033","64","0","0x0018"
"10375","2026-08-15T10:07:10.192445800-0500","62.939475900","192.168.0.186","192.168.0.178","25858","25565","39036","3806616","4","0","0x0018"
"10376","2026-08-15T10:07:10.192489600-0500","62.939519700","192.168.0.186","192.168.0.178","25858","25565","39040","3806616","36","0","0x0018"
"10377","2026-08-15T10:07:10.193254300-0500","62.940284400","192.168.0.178","192.168.0.186","25565","25858","3806616","39076","0","0","0x0010"
"10378","2026-08-15T10:07:10.227930900-0500","62.974961000","192.168.0.186","192.168.0.178","25858","25565","39076","3806616","3","0","0x0018"
"10379","2026-08-15T10:07:10.269980100-0500","63.017010200","192.168.0.178","192.168.0.186","25565","25858","3806616","39079","0","0","0x0010"
"10380","2026-08-15T10:07:10.276780000-0500","63.023810100","192.168.0.186","192.168.0.178","25858","25565","39079","3806616","28","0","0x0018"
"10381","2026-08-15T10:07:10.277679400-0500","63.024709500","192.168.0.186","192.168.0.178","25858","25565","39107","3806616","3","0","0x0018"
"10382","2026-08-15T10:07:10.277740500-0500","63.024770600","192.168.0.178","192.168.0.186","25565","25858","3806616","39107","0","0","0x0010"
"10383","2026-08-15T10:07:10.277816600-0500","63.024846700","192.168.0.178","192.168.0.186","25565","25858","3806616","39107","64","0","0x0018"
"10384","2026-08-15T10:07:10.292609800-0500","63.039639900","192.168.0.186","192.168.0.178","25858","25565","39110","3806680","4","0","0x0018"
"10385","2026-08-15T10:07:10.292645600-0500","63.039675700","192.168.0.186","192.168.0.178","25858","25565","39114","3806680","36","0","0x0018"
"10386","2026-08-15T10:07:10.293413800-0500","63.040443900","192.168.0.178","192.168.0.186","25565","25858","3806680","39150","0","0","0x0010"
"10387","2026-08-15T10:07:10.301435000-0500","63.048465100","192.168.0.178","192.168.0.186","25565","25858","3806680","39150","104","0","0x0018"
"10388","2026-08-15T10:07:10.310597700-0500","63.057627800","192.168.0.178","192.168.0.186","25565","25858","3806784","39150","52","0","0x0018"
"10389","2026-08-15T10:07:10.310648500-0500","63.057678600","192.168.0.186","192.168.0.178","25858","25565","39150","3806836","0","0","0x0010"
"10390","2026-08-15T10:07:10.310700700-0500","63.057730800","192.168.0.178","192.168.0.186","25565","25858","3806836","39150","52","0","0x0018"
"10391","2026-08-15T10:07:10.310744900-0500","63.057775000","192.168.0.178","192.168.0.186","25565","25858","3806888","39150","52","0","0x0018"
"10392","2026-08-15T10:07:10.310753200-0500","63.057783300","192.168.0.186","192.168.0.178","25858","25565","39150","3806940","0","0","0x0010"
"10393","2026-08-15T10:07:10.327084600-0500","63.074114700","192.168.0.186","192.168.0.178","25858","25565","39150","3806940","28","0","0x0018"
"10394","2026-08-15T10:07:10.328014100-0500","63.075044200","192.168.0.178","192.168.0.186","25565","25858","3806940","39178","64","0","0x0018"
"10395","2026-08-15T10:07:10.328070400-0500","63.075100500","192.168.0.186","192.168.0.178","25858","25565","39178","3807004","3","0","0x0018"
"10396","2026-08-15T10:07:10.342598900-0500","63.089629000","192.168.0.186","192.168.0.178","25858","25565","39181","3807004","4","0","0x0018"
"10397","2026-08-15T10:07:10.342629400-0500","63.089659500","192.168.0.186","192.168.0.178","25858","25565","39185","3807004","36","0","0x0018"
"10398","2026-08-15T10:07:10.343370500-0500","63.090400600","192.168.0.178","192.168.0.186","25565","25858","3807004","39221","0","0","0x0010"
"10399","2026-08-15T10:07:10.377972300-0500","63.125002400","192.168.0.186","192.168.0.178","25858","25565","39221","3807004","3","0","0x0018"
"10400","2026-08-15T10:07:10.421945000-0500","63.168975100","192.168.0.178","192.168.0.186","25565","25858","3807004","39224","0","0","0x0010"
"10401","2026-08-15T10:07:10.426312100-0500","63.173342200","192.168.0.186","192.168.0.178","25858","25565","39224","3807004","28","0","0x0018"
"10402","2026-08-15T10:07:10.426817500-0500","63.173847600","192.168.0.186","192.168.0.178","25858","25565","39252","3807004","3","0","0x0018"
"10403","2026-08-15T10:07:10.427032600-0500","63.174062700","192.168.0.178","192.168.0.186","25565","25858","3807004","39252","0","0","0x0010"
"10404","2026-08-15T10:07:10.427403000-0500","63.174433100","192.168.0.178","192.168.0.186","25565","25858","3807004","39255","64","0","0x0018"
"10405","2026-08-15T10:07:10.442493700-0500","63.189523800","192.168.0.186","192.168.0.178","25858","25565","39255","3807068","4","0","0x0018"
"10406","2026-08-15T10:07:10.442530000-0500","63.189560100","192.168.0.186","192.168.0.178","25858","25565","39259","3807068","36","0","0x0018"
"10407","2026-08-15T10:07:10.443231600-0500","63.190261700","192.168.0.178","192.168.0.186","25565","25858","3807068","39295","0","0","0x0010"
"10408","2026-08-15T10:07:10.476866000-0500","63.223896100","192.168.0.186","192.168.0.178","25858","25565","39295","3807068","28","0","0x0018"
"10409","2026-08-15T10:07:10.477712800-0500","63.224742900","192.168.0.186","192.168.0.178","25858","25565","39323","3807068","3","0","0x0018"
"10410","2026-08-15T10:07:10.477890200-0500","63.224920300","192.168.0.178","192.168.0.186","25565","25858","3807068","39323","64","0","0x0018"
"10411","2026-08-15T10:07:10.492236000-0500","63.239266100","192.168.0.186","192.168.0.178","25858","25565","39326","3807132","4","0","0x0018"
"10412","2026-08-15T10:07:10.492273000-0500","63.239303100","192.168.0.186","192.168.0.178","25858","25565","39330","3807132","36","0","0x0018"
"10413","2026-08-15T10:07:10.493014000-0500","63.240044100","192.168.0.178","192.168.0.186","25565","25858","3807132","39366","0","0","0x0010"
"10414","2026-08-15T10:07:10.528049900-0500","63.275080000","192.168.0.186","192.168.0.178","25858","25565","39366","3807132","3","0","0x0018"
"10415","2026-08-15T10:07:10.573923400-0500","63.320953500","192.168.0.178","192.168.0.186","25565","25858","3807132","39369","0","0","0x0010"
"10416","2026-08-15T10:07:10.576811200-0500","63.323841300","192.168.0.186","192.168.0.178","25858","25565","39369","3807132","28","0","0x0018"
"10417","2026-08-15T10:07:10.577585500-0500","63.324615600","192.168.0.178","192.168.0.186","25565","25858","3807132","39397","0","0","0x0010"
"10418","2026-08-15T10:07:10.577686800-0500","63.324716900","192.168.0.186","192.168.0.178","25858","25565","39397","3807132","3","0","0x0018"
"10419","2026-08-15T10:07:10.577917800-0500","63.324947900","192.168.0.178","192.168.0.186","25565","25858","3807132","39397","64","0","0x0018"
"10420","2026-08-15T10:07:10.592429700-0500","63.339459800","192.168.0.186","192.168.0.178","25858","25565","39400","3807196","4","0","0x0018"
"10421","2026-08-15T10:07:10.592470900-0500","63.339501000","192.168.0.186","192.168.0.178","25858","25565","39404","3807196","36","0","0x0018"
"10422","2026-08-15T10:07:10.593204000-0500","63.340234100","192.168.0.178","192.168.0.186","25565","25858","3807196","39440","0","0","0x0010"
"10423","2026-08-15T10:07:10.604311100-0500","63.351341200","192.168.0.178","192.168.0.186","25565","25858","3807196","39440","1460","0","0x0010"
"10424","2026-08-15T10:07:10.604311100-0500","63.351341200","192.168.0.178","192.168.0.186","25565","25858","3808656","39440","1460","0","0x0010"
"10425","2026-08-15T10:07:10.604357700-0500","63.351387800","192.168.0.186","192.168.0.178","25858","25565","39440","3810116","0","0","0x0010"
"10426","2026-08-15T10:07:10.604446400-0500","63.351476500","192.168.0.178","192.168.0.186","25565","25858","3810116","39440","1460","0","0x0010"
"10427","2026-08-15T10:07:10.604521100-0500","63.351551200","192.168.0.178","192.168.0.186","25565","25858","3811576","39440","1460","0","0x0010"
"10428","2026-08-15T10:07:10.604530900-0500","63.351561000","192.168.0.186","192.168.0.178","25858","25565","39440","3813036","0","0","0x0010"
"10429","2026-08-15T10:07:10.604781400-0500","63.351811500","192.168.0.178","192.168.0.186","25565","25858","3813036","39440","1053","0","0x0018"
"10430","2026-08-15T10:07:10.627754100-0500","63.374784200","192.168.0.186","192.168.0.178","25858","25565","39440","3814089","28","0","0x0018"
"10431","2026-08-15T10:07:10.628288100-0500","63.375318200","192.168.0.186","192.168.0.178","25858","25565","39468","3814089","3","0","0x0018"
"10432","2026-08-15T10:07:10.629017900-0500","63.376048000","192.168.0.178","192.168.0.186","25565","25858","3814089","39471","0","0","0x0010"
"10433","2026-08-15T10:07:10.675898600-0500","63.422928700","192.168.0.186","192.168.0.178","25858","25565","39471","3814089","28","0","0x0018"
"10434","2026-08-15T10:07:10.676280800-0500","63.423310900","192.168.0.186","192.168.0.178","25858","25565","39499","3814089","3","0","0x0018"
"10435","2026-08-15T10:07:10.676922200-0500","63.423952300","192.168.0.178","192.168.0.186","25565","25858","3814089","39502","0","0","0x0010"
"10436","2026-08-15T10:07:10.727309000-0500","63.474339100","192.168.0.186","192.168.0.178","25858","25565","39502","3814089","28","0","0x0018"
"10437","2026-08-15T10:07:10.728130900-0500","63.475161000","192.168.0.186","192.168.0.178","25858","25565","39530","3814089","3","0","0x0018"
"10438","2026-08-15T10:07:10.728910300-0500","63.475940400","192.168.0.178","192.168.0.186","25565","25858","3814089","39533","0","0","0x0010"
"10439","2026-08-15T10:07:10.776767800-0500","63.523797900","192.168.0.186","192.168.0.178","25858","25565","39533","3814089","28","0","0x0018"
"10440","2026-08-15T10:07:10.777643100-0500","63.524673200","192.168.0.186","192.168.0.178","25858","25565","39561","3814089","3","0","0x0018"
"10441","2026-08-15T10:07:10.778478100-0500","63.525508200","192.168.0.178","192.168.0.186","25565","25858","3814089","39564","0","0","0x0010"
"10442","2026-08-15T10:07:10.827427700-0500","63.574457800","192.168.0.186","192.168.0.178","25858","25565","39564","3814089","28","0","0x0018"
"10443","2026-08-15T10:07:10.828261100-0500","63.575291200","192.168.0.186","192.168.0.178","25858","25565","39592","3814089","3","0","0x0018"
"10444","2026-08-15T10:07:10.829003200-0500","63.576033300","192.168.0.178","192.168.0.186","25565","25858","3814089","39595","0","0","0x0010"
"10445","2026-08-15T10:07:10.851721200-0500","63.598751300","192.168.0.178","192.168.0.186","25565","25858","3814089","39595","162","0","0x0018"
"10446","2026-08-15T10:07:10.876835600-0500","63.623865700","192.168.0.186","192.168.0.178","25858","25565","39595","3814251","28","0","0x0018"
"10447","2026-08-15T10:07:10.877725200-0500","63.624755300","192.168.0.186","192.168.0.178","25858","25565","39623","3814251","3","0","0x0018"
"10448","2026-08-15T10:07:10.878370500-0500","63.625400600","192.168.0.178","192.168.0.186","25565","25858","3814251","39626","0","0","0x0010"
"10449","2026-08-15T10:07:10.901366800-0500","63.648396900","192.168.0.178","192.168.0.186","25565","25858","3814251","39626","20","0","0x0018"
"10450","2026-08-15T10:07:10.926096300-0500","63.673126400","192.168.0.186","192.168.0.178","25858","25565","39626","3814271","28","0","0x0018"
"10451","2026-08-15T10:07:10.926519300-0500","63.673549400","192.168.0.186","192.168.0.178","25858","25565","39654","3814271","3","0","0x0018"
"10452","2026-08-15T10:07:10.927084400-0500","63.674114500","192.168.0.178","192.168.0.186","25565","25858","3814271","39657","0","0","0x0010"
"10453","2026-08-15T10:07:10.977302600-0500","63.724332700","192.168.0.186","192.168.0.178","25858","25565","39657","3814271","28","0","0x0018"
"10454","2026-08-15T10:07:10.977985000-0500","63.725015100","192.168.0.186","192.168.0.178","25858","25565","39685","3814271","3","0","0x0018"
"10455","2026-08-15T10:07:10.978765500-0500","63.725795600","192.168.0.178","192.168.0.186","25565","25858","3814271","39688","0","0","0x0010"
"10456","2026-08-15T10:07:11.027022300-0500","63.774052400","192.168.0.186","192.168.0.178","25858","25565","39688","3814271","28","0","0x0018"
"10457","2026-08-15T10:07:11.028043300-0500","63.775073400","192.168.0.186","192.168.0.178","25858","25565","39716","3814271","3","0","0x0018"
"10458","2026-08-15T10:07:11.028827800-0500","63.775857900","192.168.0.178","192.168.0.186","25565","25858","3814271","39719","0","0","0x0010"
"10459","2026-08-15T10:07:11.076888300-0500","63.823918400","192.168.0.186","192.168.0.178","25858","25565","39719","3814271","28","0","0x0018"
"10460","2026-08-15T10:07:11.077772800-0500","63.824802900","192.168.0.186","192.168.0.178","25858","25565","39747","3814271","3","0","0x0018"
"10461","2026-08-15T10:07:11.078456200-0500","63.825486300","192.168.0.178","192.168.0.186","25565","25858","3814271","39750","0","0","0x0010"
"10462","2026-08-15T10:07:11.127226700-0500","63.874256800","192.168.0.186","192.168.0.178","25858","25565","39750","3814271","28","0","0x0018"
"10463","2026-08-15T10:07:11.128142700-0500","63.875172800","192.168.0.186","192.168.0.178","25858","25565","39778","3814271","3","0","0x0018"
"10464","2026-08-15T10:07:11.128943400-0500","63.875973500","192.168.0.178","192.168.0.186","25565","25858","3814271","39781","0","0","0x0010"
"10465","2026-08-15T10:07:11.151604500-0500","63.898634600","192.168.0.178","192.168.0.186","25565","25858","3814271","39781","11","0","0x0018"
"10466","2026-08-15T10:07:11.151759200-0500","63.898789300","192.168.0.186","192.168.0.178","25858","25565","39781","3814282","11","0","0x0018"
"10467","2026-08-15T10:07:11.176942800-0500","63.923972900","192.168.0.186","192.168.0.178","25858","25565","39792","3814282","28","0","0x0018"
"10468","2026-08-15T10:07:11.177818700-0500","63.924848800","192.168.0.186","192.168.0.178","25858","25565","39820","3814282","3","0","0x0018"
"10469","2026-08-15T10:07:11.177838700-0500","63.924868800","192.168.0.178","192.168.0.186","25565","25858","3814282","39820","0","0","0x0010"
"10470","2026-08-15T10:07:11.221985200-0500","63.969015300","192.168.0.178","192.168.0.186","25565","25858","3814282","39823","0","0","0x0010"
"10471","2026-08-15T10:07:11.226790500-0500","63.973820600","192.168.0.186","192.168.0.178","25858","25565","39823","3814282","28","0","0x0018"
"10472","2026-08-15T10:07:11.227322500-0500","63.974352600","192.168.0.186","192.168.0.178","25858","25565","39851","3814282","3","0","0x0018"
"10473","2026-08-15T10:07:11.227427500-0500","63.974457600","192.168.0.178","192.168.0.186","25565","25858","3814282","39851","0","0","0x0010"
"10474","2026-08-15T10:07:11.227853100-0500","63.974883200","192.168.0.178","192.168.0.186","25565","25858","3814282","39854","0","0","0x0010"
"10475","2026-08-15T10:07:11.277090200-0500","64.024120300","192.168.0.186","192.168.0.178","25858","25565","39854","3814282","28","0","0x0018"
"10476","2026-08-15T10:07:11.277940900-0500","64.024971000","192.168.0.178","192.168.0.186","25565","25858","3814282","39882","0","0","0x0010"
"10477","2026-08-15T10:07:11.278077700-0500","64.025107800","192.168.0.186","192.168.0.178","25858","25565","39882","3814282","3","0","0x0018"
"10478","2026-08-15T10:07:11.278942400-0500","64.025972500","192.168.0.178","192.168.0.186","25565","25858","3814282","39885","0","0","0x0010"
"10479","2026-08-15T10:07:11.327015800-0500","64.074045900","192.168.0.186","192.168.0.178","25858","25565","39885","3814282","28","0","0x0018"
"10480","2026-08-15T10:07:11.327922300-0500","64.074952400","192.168.0.186","192.168.0.178","25858","25565","39913","3814282","3","0","0x0018"
"10481","2026-08-15T10:07:11.357802600-0500","64.104832700","192.168.0.178","192.168.0.186","25565","25858","3814282","39916","0","0","0x0010"
"10482","2026-08-15T10:07:11.376915100-0500","64.123945200","192.168.0.186","192.168.0.178","25858","25565","39916","3814282","28","0","0x0018"
"10483","2026-08-15T10:07:11.377777300-0500","64.124807400","192.168.0.178","192.168.0.186","25565","25858","3814282","39944","0","0","0x0010"
"10484","2026-08-15T10:07:11.378028400-0500","64.125058500","192.168.0.186","192.168.0.178","25858","25565","39944","3814282","3","0","0x0018"
"10485","2026-08-15T10:07:11.378783600-0500","64.125813700","192.168.0.178","192.168.0.186","25565","25858","3814282","39947","0","0","0x0010"
"10486","2026-08-15T10:07:11.426948300-0500","64.173978400","192.168.0.186","192.168.0.178","25858","25565","39947","3814282","28","0","0x0018"
"10487","2026-08-15T10:07:11.427736700-0500","64.174766800","192.168.0.178","192.168.0.186","25565","25858","3814282","39975","0","0","0x0010"
"10488","2026-08-15T10:07:11.427912300-0500","64.174942400","192.168.0.186","192.168.0.178","25858","25565","39975","3814282","3","0","0x0018"
"10489","2026-08-15T10:07:11.428581800-0500","64.175611900","192.168.0.178","192.168.0.186","25565","25858","3814282","39978","0","0","0x0010"
"10490","2026-08-15T10:07:11.477303600-0500","64.224333700","192.168.0.186","192.168.0.178","25858","25565","39978","3814282","28","0","0x0018"
"10491","2026-08-15T10:07:11.478093000-0500","64.225123100","192.168.0.178","192.168.0.186","25565","25858","3814282","40006","0","0","0x0010"
"10492","2026-08-15T10:07:11.478278300-0500","64.225308400","192.168.0.186","192.168.0.178","25858","25565","40006","3814282","3","0","0x0018"
"10493","2026-08-15T10:07:11.478996100-0500","64.226026200","192.168.0.178","192.168.0.186","25565","25858","3814282","40009","0","0","0x0010"
"10494","2026-08-15T10:07:11.527056400-0500","64.274086500","192.168.0.186","192.168.0.178","25858","25565","40009","3814282","28","0","0x0018"
"10495","2026-08-15T10:07:11.527882800-0500","64.274912900","192.168.0.178","192.168.0.186","25565","25858","3814282","40037","0","0","0x0010"
"10496","2026-08-15T10:07:11.528008000-0500","64.275038100","192.168.0.186","192.168.0.178","25858","25565","40037","3814282","3","0","0x0018"
"10497","2026-08-15T10:07:11.528685700-0500","64.275715800","192.168.0.178","192.168.0.186","25565","25858","3814282","40040","0","0","0x0010"
"10498","2026-08-15T10:07:11.576941400-0500","64.323971500","192.168.0.186","192.168.0.178","25858","25565","40040","3814282","28","0","0x0018"
"10499","2026-08-15T10:07:11.577686500-0500","64.324716600","192.168.0.178","192.168.0.186","25565","25858","3814282","40068","0","0","0x0010"
"10500","2026-08-15T10:07:11.577801000-0500","64.324831100","192.168.0.186","192.168.0.178","25858","25565","40068","3814282","3","0","0x0018"
"10501","2026-08-15T10:07:11.578404100-0500","64.325434200","192.168.0.178","192.168.0.186","25565","25858","3814282","40071","0","0","0x0010"
"10502","2026-08-15T10:07:11.627079600-0500","64.374109700","192.168.0.186","192.168.0.178","25858","25565","40071","3814282","28","0","0x0018"
"10503","2026-08-15T10:07:11.627718500-0500","64.374748600","192.168.0.186","192.168.0.178","25858","25565","40099","3814282","3","0","0x0018"
"10504","2026-08-15T10:07:11.627755300-0500","64.374785400","192.168.0.178","192.168.0.186","25565","25858","3814282","40099","0","0","0x0010"
"10505","2026-08-15T10:07:11.628241000-0500","64.375271100","192.168.0.178","192.168.0.186","25565","25858","3814282","40102","0","0","0x0010"
"10506","2026-08-15T10:07:11.676846800-0500","64.423876900","192.168.0.186","192.168.0.178","25858","25565","40102","3814282","28","0","0x0018"
"10507","2026-08-15T10:07:11.677652000-0500","64.424682100","192.168.0.178","192.168.0.186","25565","25858","3814282","40130","0","0","0x0010"
"10508","2026-08-15T10:07:11.677689700-0500","64.424719800","192.168.0.186","192.168.0.178","25858","25565","40130","3814282","3","0","0x0018"
"10509","2026-08-15T10:07:11.678427600-0500","64.425457700","192.168.0.178","192.168.0.186","25565","25858","3814282","40133","0","0","0x0010"
"10510","2026-08-15T10:07:11.727140600-0500","64.474170700","192.168.0.186","192.168.0.178","25858","25565","40133","3814282","28","0","0x0018"
"10511","2026-08-15T10:07:11.727894600-0500","64.474924700","192.168.0.178","192.168.0.186","25565","25858","3814282","40161","0","0","0x0010"
"10512","2026-08-15T10:07:11.727934000-0500","64.474964100","192.168.0.186","192.168.0.178","25858","25565","40161","3814282","3","0","0x0018"
"10513","2026-08-15T10:07:11.728755000-0500","64.475785100","192.168.0.178","192.168.0.186","25565","25858","3814282","40164","0","0","0x0010"
"10514","2026-08-15T10:07:11.776817800-0500","64.523847900","192.168.0.186","192.168.0.178","25858","25565","40164","3814282","28","0","0x0018"
"10515","2026-08-15T10:07:11.777559300-0500","64.524589400","192.168.0.178","192.168.0.186","25565","25858","3814282","40192","0","0","0x0010"
"10516","2026-08-15T10:07:11.777864500-0500","64.524894600","192.168.0.186","192.168.0.178","25858","25565","40192","3814282","3","0","0x0018"
"10517","2026-08-15T10:07:11.778568000-0500","64.525598100","192.168.0.178","192.168.0.186","25565","25858","3814282","40195","0","0","0x0010"
"10518","2026-08-15T10:07:11.827135900-0500","64.574166000","192.168.0.186","192.168.0.178","25858","25565","40195","3814282","28","0","0x0018"
"10519","2026-08-15T10:07:11.827991100-0500","64.575021200","192.168.0.186","192.168.0.178","25858","25565","40223","3814282","3","0","0x0018"
"10520","2026-08-15T10:07:11.827990100-0500","64.575020200","192.168.0.178","192.168.0.186","25565","25858","3814282","40223","0","0","0x0010"
"10521","2026-08-15T10:07:11.828706900-0500","64.575737000","192.168.0.178","192.168.0.186","25565","25858","3814282","40226","0","0","0x0010"
"10522","2026-08-15T10:07:11.877138900-0500","64.624169000","192.168.0.186","192.168.0.178","25858","25565","40226","3814282","28","0","0x0018"
"10523","2026-08-15T10:07:11.877897700-0500","64.624927800","192.168.0.178","192.168.0.186","25565","25858","3814282","40254","0","0","0x0010"
"10524","2026-08-15T10:07:11.878028700-0500","64.625058800","192.168.0.186","192.168.0.178","25858","25565","40254","3814282","3","0","0x0018"
"10525","2026-08-15T10:07:11.878883700-0500","64.625913800","192.168.0.178","192.168.0.186","25565","25858","3814282","40257","0","0","0x0010"
"10526","2026-08-15T10:07:11.901546400-0500","64.648576500","192.168.0.178","192.168.0.186","25565","25858","3814282","40257","20","0","0x0018"
"10527","2026-08-15T10:07:11.926944900-0500","64.673975000","192.168.0.186","192.168.0.178","25858","25565","40257","3814302","28","0","0x0018"
"10528","2026-08-15T10:07:11.927828600-0500","64.674858700","192.168.0.186","192.168.0.178","25858","25565","40285","3814302","3","0","0x0018"
"10529","2026-08-15T10:07:11.928652500-0500","64.675682600","192.168.0.178","192.168.0.186","25565","25858","3814302","40288","0","0","0x0010"
"10530","2026-08-15T10:07:11.975824800-0500","64.722854900","192.168.0.186","192.168.0.178","25858","25565","40288","3814302","28","0","0x0018"
"10531","2026-08-15T10:07:11.976167300-0500","64.723197400","192.168.0.186","192.168.0.178","25858","25565","40316","3814302","3","0","0x0018"
"10532","2026-08-15T10:07:11.976834400-0500","64.723864500","192.168.0.178","192.168.0.186","25565","25858","3814302","40319","0","0","0x0010"
"10533","2026-08-15T10:07:12.027749500-0500","64.774779600","192.168.0.186","192.168.0.178","25858","25565","40319","3814302","28","0","0x0018"
"10534","2026-08-15T10:07:12.028629700-0500","64.775659800","192.168.0.186","192.168.0.178","25858","25565","40347","3814302","3","0","0x0018"
"10535","2026-08-15T10:07:12.029446500-0500","64.776476600","192.168.0.178","192.168.0.186","25565","25858","3814302","40350","0","0","0x0010"
"10536","2026-08-15T10:07:12.076767500-0500","64.823797600","192.168.0.186","192.168.0.178","25858","25565","40350","3814302","28","0","0x0018"
"10537","2026-08-15T10:07:12.077655700-0500","64.824685800","192.168.0.186","192.168.0.178","25858","25565","40378","3814302","3","0","0x0018"
"10538","2026-08-15T10:07:12.078427200-0500","64.825457300","192.168.0.178","192.168.0.186","25565","25858","3814302","40381","0","0","0x0010"
"10539","2026-08-15T10:07:12.127160700-0500","64.874190800","192.168.0.186","192.168.0.178","25858","25565","40381","3814302","28","0","0x0018"
"10540","2026-08-15T10:07:12.128003600-0500","64.875033700","192.168.0.186","192.168.0.178","25858","25565","40409","3814302","3","0","0x0018"
"10541","2026-08-15T10:07:12.128706100-0500","64.875736200","192.168.0.178","192.168.0.186","25565","25858","3814302","40412","0","0","0x0010"
"10542","2026-08-15T10:07:12.152462400-0500","64.899492500","192.168.0.178","192.168.0.186","25565","25858","3814302","40412","11","0","0x0018"
"10543","2026-08-15T10:07:12.152609400-0500","64.899639500","192.168.0.186","192.168.0.178","25858","25565","40412","3814313","11","0","0x0018"
"10544","2026-08-15T10:07:12.177061300-0500","64.924091400","192.168.0.186","192.168.0.178","25858","25565","40423","3814313","28","0","0x0018"
"10545","2026-08-15T10:07:12.177980400-0500","64.925010500","192.168.0.186","192.168.0.178","25858","25565","40451","3814313","3","0","0x0018"
"10546","2026-08-15T10:07:12.178084500-0500","64.925114600","192.168.0.178","192.168.0.186","25565","25858","3814313","40451","0","0","0x0010"
"10547","2026-08-15T10:07:12.221925100-0500","64.968955200","192.168.0.178","192.168.0.186","25565","25858","3814313","40454","0","0","0x0010"
"10548","2026-08-15T10:07:12.227370400-0500","64.974400500","192.168.0.186","192.168.0.178","25858","25565","40454","3814313","28","0","0x0018"
"10549","2026-08-15T10:07:12.228081900-0500","64.975112000","192.168.0.178","192.168.0.186","25565","25858","3814313","40482","0","0","0x0010"
"10550","2026-08-15T10:07:12.228111500-0500","64.975141600","192.168.0.186","192.168.0.178","25858","25565","40482","3814313","3","0","0x0018"
"10551","2026-08-15T10:07:12.228896100-0500","64.975926200","192.168.0.178","192.168.0.186","25565","25858","3814313","40485","0","0","0x0010"
"10552","2026-08-15T10:07:12.276552800-0500","65.023582900","192.168.0.186","192.168.0.178","25858","25565","40485","3814313","28","0","0x0018"
"10553","2026-08-15T10:07:12.277183400-0500","65.024213500","192.168.0.186","192.168.0.178","25858","25565","40513","3814313","3","0","0x0018"
"10554","2026-08-15T10:07:12.277869200-0500","65.024899300","192.168.0.178","192.168.0.186","25565","25858","3814313","40516","0","0","0x0010"
"10555","2026-08-15T10:07:12.327190800-0500","65.074220900","192.168.0.186","192.168.0.178","25858","25565","40516","3814313","28","0","0x0018"
"10556","2026-08-15T10:07:12.327895200-0500","65.074925300","192.168.0.178","192.168.0.186","25565","25858","3814313","40544","0","0","0x0010"
"10557","2026-08-15T10:07:12.328104500-0500","65.075134600","192.168.0.186","192.168.0.178","25858","25565","40544","3814313","3","0","0x0018"
"10558","2026-08-15T10:07:12.328849200-0500","65.075879300","192.168.0.178","192.168.0.186","25565","25858","3814313","40547","0","0","0x0010"
"10559","2026-08-15T10:07:12.350878100-0500","65.097908200","192.168.0.178","192.168.0.186","25565","25858","3814313","40547","79","0","0x0018"
"10560","2026-08-15T10:07:12.376863800-0500","65.123893900","192.168.0.186","192.168.0.178","25858","25565","40547","3814392","28","0","0x0018"
"10561","2026-08-15T10:07:12.378860700-0500","65.125890800","192.168.0.186","192.168.0.178","25858","25565","40575","3814392","3","0","0x0018"
"10562","2026-08-15T10:07:12.379553200-0500","65.126583300","192.168.0.178","192.168.0.186","25565","25858","3814392","40578","0","0","0x0010"
"10563","2026-08-15T10:07:12.426900000-0500","65.173930100","192.168.0.186","192.168.0.178","25858","25565","40578","3814392","28","0","0x0018"
"10564","2026-08-15T10:07:12.427913900-0500","65.174944000","192.168.0.186","192.168.0.178","25858","25565","40606","3814392","3","0","0x0018"
"10565","2026-08-15T10:07:12.428625900-0500","65.175656000","192.168.0.178","192.168.0.186","25565","25858","3814392","40609","0","0","0x0010"
"10566","2026-08-15T10:07:12.477068900-0500","65.224099000","192.168.0.186","192.168.0.178","25858","25565","40609","3814392","28","0","0x0018"
"10567","2026-08-15T10:07:12.478038800-0500","65.225068900","192.168.0.186","192.168.0.178","25858","25565","40637","3814392","3","0","0x0018"
"10568","2026-08-15T10:07:12.478745400-0500","65.225775500","192.168.0.178","192.168.0.186","25565","25858","3814392","40640","0","0","0x0010"
"10569","2026-08-15T10:07:12.526698800-0500","65.273728900","192.168.0.186","192.168.0.178","25858","25565","40640","3814392","28","0","0x0018"
"10570","2026-08-15T10:07:12.527449300-0500","65.274479400","192.168.0.186","192.168.0.178","25858","25565","40668","3814392","3","0","0x0018"
"10571","2026-08-15T10:07:12.528162200-0500","65.275192300","192.168.0.178","192.168.0.186","25565","25858","3814392","40671","0","0","0x0010"
"10572","2026-08-15T10:07:12.576804200-0500","65.323834300","192.168.0.186","192.168.0.178","25858","25565","40671","3814392","28","0","0x0018"
"10573","2026-08-15T10:07:12.577710100-0500","65.324740200","192.168.0.186","192.168.0.178","25858","25565","40699","3814392","3","0","0x0018"
"10574","2026-08-15T10:07:12.578480500-0500","65.325510600","192.168.0.178","192.168.0.186","25565","25858","3814392","40702","0","0","0x0010"
"10575","2026-08-15T10:07:12.627090600-0500","65.374120700","192.168.0.186","192.168.0.178","25858","25565","40702","3814392","28","0","0x0018"
"10576","2026-08-15T10:07:12.627988600-0500","65.375018700","192.168.0.186","192.168.0.178","25858","25565","40730","3814392","3","0","0x0018"
"10577","2026-08-15T10:07:12.628730800-0500","65.375760900","192.168.0.178","192.168.0.186","25565","25858","3814392","40733","0","0","0x0010"
"10578","2026-08-15T10:07:12.676818900-0500","65.423849000","192.168.0.186","192.168.0.178","25858","25565","40733","3814392","28","0","0x0018"
"10579","2026-08-15T10:07:12.677737900-0500","65.424768000","192.168.0.186","192.168.0.178","25858","25565","40761","3814392","3","0","0x0018"
"10580","2026-08-15T10:07:12.678584400-0500","65.425614500","192.168.0.178","192.168.0.186","25565","25858","3814392","40764","0","0","0x0010"
"10581","2026-08-15T10:07:12.727055500-0500","65.474085600","192.168.0.186","192.168.0.178","25858","25565","40764","3814392","28","0","0x0018"
"10582","2026-08-15T10:07:12.728213100-0500","65.475243200","192.168.0.186","192.168.0.178","25858","25565","40792","3814392","3","0","0x0018"
"10583","2026-08-15T10:07:12.729023200-0500","65.476053300","192.168.0.178","192.168.0.186","25565","25858","3814392","40795","0","0","0x0010"
"10584","2026-08-15T10:07:12.776316400-0500","65.523346500","192.168.0.186","192.168.0.178","25858","25565","40795","3814392","28","0","0x0018"
"10585","2026-08-15T10:07:12.776724400-0500","65.523754500","192.168.0.186","192.168.0.178","25858","25565","40823","3814392","3","0","0x0018"
"10586","2026-08-15T10:07:12.777359400-0500","65.524389500","192.168.0.178","192.168.0.186","25565","25858","3814392","40826","0","0","0x0010"
"10587","2026-08-15T10:07:12.827123700-0500","65.574153800","192.168.0.186","192.168.0.178","25858","25565","40826","3814392","28","0","0x0018"
"10588","2026-08-15T10:07:12.827965900-0500","65.574996000","192.168.0.186","192.168.0.178","25858","25565","40854","3814392","3","0","0x0018"
"10589","2026-08-15T10:07:12.828635900-0500","65.575666000","192.168.0.178","192.168.0.186","25565","25858","3814392","40857","0","0","0x0010"
"10590","2026-08-15T10:07:12.852565000-0500","65.599595100","192.168.0.178","192.168.0.186","25565","25858","3814392","40857","1460","0","0x0010"
"10591","2026-08-15T10:07:12.852565000-0500","65.599595100","192.168.0.178","192.168.0.186","25565","25858","3815852","40857","1460","0","0x0010"
"10592","2026-08-15T10:07:12.852636300-0500","65.599666400","192.168.0.186","192.168.0.178","25858","25565","40857","3817312","0","0","0x0010"
"10593","2026-08-15T10:07:12.852704300-0500","65.599734400","192.168.0.178","192.168.0.186","25565","25858","3817312","40857","1460","0","0x0010"
"10594","2026-08-15T10:07:12.852941500-0500","65.599971600","192.168.0.178","192.168.0.186","25565","25858","3818772","40857","1460","0","0x0010"
"10595","2026-08-15T10:07:12.852941500-0500","65.599971600","192.168.0.178","192.168.0.186","25565","25858","3820232","40857","1460","0","0x0018"
"10596","2026-08-15T10:07:12.852995400-0500","65.600025500","192.168.0.186","192.168.0.178","25858","25565","40857","3821692","0","0","0x0010"
"10597","2026-08-15T10:07:12.853072700-0500","65.600102800","192.168.0.178","192.168.0.186","25565","25858","3821692","40857","1460","0","0x0010"
"10598","2026-08-15T10:07:12.853083900-0500","65.600114000","192.168.0.186","192.168.0.178","25858","25565","40857","3823152","0","0","0x0010"
"10599","2026-08-15T10:07:12.853312400-0500","65.600342500","192.168.0.178","192.168.0.186","25565","25858","3823152","40857","1460","0","0x0010"
"10600","2026-08-15T10:07:12.853312400-0500","65.600342500","192.168.0.178","192.168.0.186","25565","25858","3824612","40857","1460","0","0x0010"
"10601","2026-08-15T10:07:12.853369200-0500","65.600399300","192.168.0.186","192.168.0.178","25858","25565","40857","3826072","0","0","0x0010"
"10602","2026-08-15T10:07:12.853432500-0500","65.600462600","192.168.0.178","192.168.0.186","25565","25858","3826072","40857","1460","0","0x0010"
"10603","2026-08-15T10:07:12.853681000-0500","65.600711100","192.168.0.178","192.168.0.186","25565","25858","3827532","40857","1460","0","0x0018"
"10604","2026-08-15T10:07:12.853681000-0500","65.600711100","192.168.0.178","192.168.0.186","25565","25858","3828992","40857","1460","0","0x0010"
"10605","2026-08-15T10:07:12.853740800-0500","65.600770900","192.168.0.186","192.168.0.178","25858","25565","40857","3830452","0","0","0x0010"
"10606","2026-08-15T10:07:12.853811100-0500","65.600841200","192.168.0.178","192.168.0.186","25565","25858","3830452","40857","1460","0","0x0010"
"10607","2026-08-15T10:07:12.853830200-0500","65.600860300","192.168.0.186","192.168.0.178","25858","25565","40857","3831912","0","0","0x0010"
"10608","2026-08-15T10:07:12.853867800-0500","65.600897900","192.168.0.178","192.168.0.186","25565","25858","3831912","40857","1122","0","0x0018"
"10609","2026-08-15T10:07:12.876861900-0500","65.623892000","192.168.0.186","192.168.0.178","25858","25565","40857","3833034","28","0","0x0018"
"10610","2026-08-15T10:07:12.876879600-0500","65.623909700","192.168.0.186","192.168.0.178","25858","25565","40885","3833034","3","0","0x0018"
"10611","2026-08-15T10:07:12.877551400-0500","65.624581500","192.168.0.178","192.168.0.186","25565","25858","3833034","40888","0","0","0x0010"
"10612","2026-08-15T10:07:12.900945500-0500","65.647975600","192.168.0.178","192.168.0.186","25565","25858","3833034","40888","20","0","0x0018"
"10613","2026-08-15T10:07:12.927226100-0500","65.674256200","192.168.0.186","192.168.0.178","25858","25565","40888","3833054","28","0","0x0018"
"10614","2026-08-15T10:07:12.928090800-0500","65.675120900","192.168.0.186","192.168.0.178","25858","25565","40916","3833054","3","0","0x0018"
"10615","2026-08-15T10:07:12.928975200-0500","65.676005300","192.168.0.178","192.168.0.186","25565","25858","3833054","40919","0","0","0x0010"
"10616","2026-08-15T10:07:12.977051600-0500","65.724081700","192.168.0.186","192.168.0.178","25858","25565","40919","3833054","28","0","0x0018"
"10617","2026-08-15T10:07:12.977902700-0500","65.724932800","192.168.0.186","192.168.0.178","25858","25565","40947","3833054","3","0","0x0018"
"10618","2026-08-15T10:07:12.978710800-0500","65.725740900","192.168.0.178","192.168.0.186","25565","25858","3833054","40950","0","0","0x0010"
"10619","2026-08-15T10:07:13.027369500-0500","65.774399600","192.168.0.186","192.168.0.178","25858","25565","40950","3833054","28","0","0x0018"
"10620","2026-08-15T10:07:13.028144700-0500","65.775174800","192.168.0.186","192.168.0.178","25858","25565","40978","3833054","3","0","0x0018"
"10621","2026-08-15T10:07:13.028958500-0500","65.775988600","192.168.0.178","192.168.0.186","25565","25858","3833054","40981","0","0","0x0010"
"10622","2026-08-15T10:07:13.077222800-0500","65.824252900","192.168.0.186","192.168.0.178","25858","25565","40981","3833054","28","0","0x0018"
"10623","2026-08-15T10:07:13.077992800-0500","65.825022900","192.168.0.186","192.168.0.178","25858","25565","41009","3833054","3","0","0x0018"
"10624","2026-08-15T10:07:13.078663800-0500","65.825693900","192.168.0.178","192.168.0.186","25565","25858","3833054","41012","0","0","0x0010"
"10625","2026-08-15T10:07:13.125925000-0500","65.872955100","192.168.0.186","192.168.0.178","25858","25565","41012","3833054","28","0","0x0018"
"10626","2026-08-15T10:07:13.126318700-0500","65.873348800","192.168.0.186","192.168.0.178","25858","25565","41040","3833054","3","0","0x0018"
"10627","2026-08-15T10:07:13.127067400-0500","65.874097500","192.168.0.178","192.168.0.186","25565","25858","3833054","41043","0","0","0x0010"
"10628","2026-08-15T10:07:13.177102200-0500","65.924132300","192.168.0.186","192.168.0.178","25858","25565","41043","3833054","28","0","0x0018"
"10629","2026-08-15T10:07:13.177887000-0500","65.924917100","192.168.0.186","192.168.0.178","25858","25565","41071","3833054","3","0","0x0018"
"10630","2026-08-15T10:07:13.178643400-0500","65.925673500","192.168.0.178","192.168.0.186","25565","25858","3833054","41074","0","0","0x0010"
"10631","2026-08-15T10:07:13.204051800-0500","65.951081900","192.168.0.178","192.168.0.186","25565","25858","3833054","41074","11","0","0x0018"
"10632","2026-08-15T10:07:13.204304800-0500","65.951334900","192.168.0.186","192.168.0.178","25858","25565","41074","3833065","11","0","0x0018"
"10633","2026-08-15T10:07:13.226906900-0500","65.973937000","192.168.0.186","192.168.0.178","25858","25565","41085","3833065","28","0","0x0018"
"10634","2026-08-15T10:07:13.227702800-0500","65.974732900","192.168.0.178","192.168.0.186","25565","25858","3833065","41113","0","0","0x0010"
"10635","2026-08-15T10:07:13.227756600-0500","65.974786700","192.168.0.186","192.168.0.178","25858","25565","41113","3833065","3","0","0x0018"
"10636","2026-08-15T10:07:13.269871600-0500","66.016901700","192.168.0.178","192.168.0.186","25565","25858","3833065","41116","0","0","0x0010"
"10637","2026-08-15T10:07:13.276903600-0500","66.023933700","192.168.0.186","192.168.0.178","25858","25565","41116","3833065","28","0","0x0018"
"10638","2026-08-15T10:07:13.277756600-0500","66.024786700","192.168.0.178","192.168.0.186","25565","25858","3833065","41144","0","0","0x0010"
"10639","2026-08-15T10:07:13.277889100-0500","66.024919200","192.168.0.186","192.168.0.178","25858","25565","41144","3833065","3","0","0x0018"
"10640","2026-08-15T10:07:13.278736300-0500","66.025766400","192.168.0.178","192.168.0.186","25565","25858","3833065","41147","0","0","0x0010"
"10641","2026-08-15T10:07:13.327030900-0500","66.074061000","192.168.0.186","192.168.0.178","25858","25565","41147","3833065","28","0","0x0018"
"10642","2026-08-15T10:07:13.327864500-0500","66.074894600","192.168.0.178","192.168.0.186","25565","25858","3833065","41175","0","0","0x0010"
"10643","2026-08-15T10:07:13.327894500-0500","66.074924600","192.168.0.186","192.168.0.178","25858","25565","41175","3833065","3","0","0x0018"
"10644","2026-08-15T10:07:13.328551900-0500","66.075582000","192.168.0.178","192.168.0.186","25565","25858","3833065","41178","0","0","0x0010"
"10645","2026-08-15T10:07:13.376904900-0500","66.123935000","192.168.0.186","192.168.0.178","25858","25565","41178","3833065","28","0","0x0018"
"10646","2026-08-15T10:07:13.377586700-0500","66.124616800","192.168.0.178","192.168.0.186","25565","25858","3833065","41206","0","0","0x0010"
"10647","2026-08-15T10:07:13.377799900-0500","66.124830000","192.168.0.186","192.168.0.178","25858","25565","41206","3833065","3","0","0x0018"
"10648","2026-08-15T10:07:13.378335100-0500","66.125365200","192.168.0.178","192.168.0.186","25565","25858","3833065","41209","0","0","0x0010"
"10649","2026-08-15T10:07:13.426728700-0500","66.173758800","192.168.0.186","192.168.0.178","25858","25565","41209","3833065","28","0","0x0018"
"10650","2026-08-15T10:07:13.427515800-0500","66.174545900","192.168.0.186","192.168.0.178","25858","25565","41237","3833065","3","0","0x0018"
"10651","2026-08-15T10:07:13.427591300-0500","66.174621400","192.168.0.178","192.168.0.186","25565","25858","3833065","41237","0","0","0x0010"
"10652","2026-08-15T10:07:13.428283100-0500","66.175313200","192.168.0.178","192.168.0.186","25565","25858","3833065","41240","0","0","0x0010"
"10653","2026-08-15T10:07:13.450848600-0500","66.197878700","192.168.0.178","192.168.0.186","25565","25858","3833065","41240","56","0","0x0018"
"10654","2026-08-15T10:07:13.476908500-0500","66.223938600","192.168.0.186","192.168.0.178","25858","25565","41240","3833121","28","0","0x0018"
"10655","2026-08-15T10:07:13.477869000-0500","66.224899100","192.168.0.186","192.168.0.178","25858","25565","41268","3833121","3","0","0x0018"
"10656","2026-08-15T10:07:13.478398000-0500","66.225428100","192.168.0.178","192.168.0.186","25565","25858","3833121","41271","0","0","0x0010"
"10657","2026-08-15T10:07:13.527133400-0500","66.274163500","192.168.0.186","192.168.0.178","25858","25565","41271","3833121","28","0","0x0018"
"10658","2026-08-15T10:07:13.528093000-0500","66.275123100","192.168.0.186","192.168.0.178","25858","25565","41299","3833121","3","0","0x0018"
"10659","2026-08-15T10:07:13.528881800-0500","66.275911900","192.168.0.178","192.168.0.186","25565","25858","3833121","41302","0","0","0x0010"
"10660","2026-08-15T10:07:13.577059500-0500","66.324089600","192.168.0.186","192.168.0.178","25858","25565","41302","3833121","28","0","0x0018"
"10661","2026-08-15T10:07:13.577950500-0500","66.324980600","192.168.0.186","192.168.0.178","25858","25565","41330","3833121","3","0","0x0018"
"10662","2026-08-15T10:07:13.578743800-0500","66.325773900","192.168.0.178","192.168.0.186","25565","25858","3833121","41333","0","0","0x0010"
"10663","2026-08-15T10:07:13.601547500-0500","66.348577600","192.168.0.178","192.168.0.186","25565","25858","3833121","41333","104","0","0x0018"
"10664","2026-08-15T10:07:13.609207900-0500","66.356238000","192.168.0.178","192.168.0.186","25565","25858","3833225","41333","52","0","0x0018"
"10665","2026-08-15T10:07:13.609207900-0500","66.356238000","192.168.0.178","192.168.0.186","25565","25858","3833277","41333","52","0","0x0018"
"10666","2026-08-15T10:07:13.609207900-0500","66.356238000","192.168.0.178","192.168.0.186","25565","25858","3833329","41333","52","0","0x0018"
"10667","2026-08-15T10:07:13.609269200-0500","66.356299300","192.168.0.186","192.168.0.178","25858","25565","41333","3833381","0","0","0x0010"
"10668","2026-08-15T10:07:13.627263700-0500","66.374293800","192.168.0.186","192.168.0.178","25858","25565","41333","3833381","28","0","0x0018"
"10669","2026-08-15T10:07:13.628202000-0500","66.375232100","192.168.0.186","192.168.0.178","25858","25565","41361","3833381","3","0","0x0018"
"10670","2026-08-15T10:07:13.628892400-0500","66.375922500","192.168.0.178","192.168.0.186","25565","25858","3833381","41364","0","0","0x0010"
"10671","2026-08-15T10:07:13.676465000-0500","66.423495100","192.168.0.186","192.168.0.178","25858","25565","41364","3833381","28","0","0x0018"
"10672","2026-08-15T10:07:13.676969300-0500","66.423999400","192.168.0.186","192.168.0.178","25858","25565","41392","3833381","3","0","0x0018"
"10673","2026-08-15T10:07:13.677669700-0500","66.424699800","192.168.0.178","192.168.0.186","25565","25858","3833381","41395","0","0","0x0010"
"10674","2026-08-15T10:07:13.726500400-0500","66.473530500","192.168.0.186","192.168.0.178","25858","25565","41395","3833381","28","0","0x0018"
"10675","2026-08-15T10:07:13.727107800-0500","66.474137900","192.168.0.186","192.168.0.178","25858","25565","41423","3833381","3","0","0x0018"
"10676","2026-08-15T10:07:13.727765500-0500","66.474795600","192.168.0.178","192.168.0.186","25565","25858","3833381","41426","0","0","0x0010"
"10677","2026-08-15T10:07:13.776858800-0500","66.523888900","192.168.0.186","192.168.0.178","25858","25565","41426","3833381","28","0","0x0018"
"10678","2026-08-15T10:07:13.778039700-0500","66.525069800","192.168.0.186","192.168.0.178","25858","25565","41454","3833381","3","0","0x0018"
"10679","2026-08-15T10:07:13.778617300-0500","66.525647400","192.168.0.178","192.168.0.186","25565","25858","3833381","41457","0","0","0x0010"
"10680","2026-08-15T10:07:13.827171500-0500","66.574201600","192.168.0.186","192.168.0.178","25858","25565","41457","3833381","28","0","0x0018"
"10681","2026-08-15T10:07:13.828045600-0500","66.575075700","192.168.0.186","192.168.0.178","25858","25565","41485","3833381","3","0","0x0018"
"10682","2026-08-15T10:07:13.828720600-0500","66.575750700","192.168.0.178","192.168.0.186","25565","25858","3833381","41488","0","0","0x0010"
"10683","2026-08-15T10:07:13.877052200-0500","66.624082300","192.168.0.186","192.168.0.178","25858","25565","41488","3833381","28","0","0x0018"
"10684","2026-08-15T10:07:13.877878400-0500","66.624908500","192.168.0.186","192.168.0.178","25858","25565","41516","3833381","3","0","0x0018"
"10685","2026-08-15T10:07:13.878717000-0500","66.625747100","192.168.0.178","192.168.0.186","25565","25858","3833381","41519","0","0","0x0010"
"10686","2026-08-15T10:07:13.903734200-0500","66.650764300","192.168.0.178","192.168.0.186","25565","25858","3833381","41519","20","0","0x0018"
"10687","2026-08-15T10:07:13.926358200-0500","66.673388300","192.168.0.186","192.168.0.178","25858","25565","41519","3833401","28","0","0x0018"
"10688","2026-08-15T10:07:13.926646300-0500","66.673676400","192.168.0.186","192.168.0.178","25858","25565","41547","3833401","3","0","0x0018"
"10689","2026-08-15T10:07:13.927235300-0500","66.674265400","192.168.0.178","192.168.0.186","25565","25858","3833401","41550","0","0","0x0010"
"10690","2026-08-15T10:07:13.975969400-0500","66.722999500","192.168.0.186","192.168.0.178","25858","25565","41550","3833401","28","0","0x0018"
"10691","2026-08-15T10:07:13.976268700-0500","66.723298800","192.168.0.186","192.168.0.178","25858","25565","41578","3833401","3","0","0x0018"
"10692","2026-08-15T10:07:13.976880900-0500","66.723911000","192.168.0.178","192.168.0.186","25565","25858","3833401","41581","0","0","0x0010"
"10693","2026-08-15T10:07:14.027054300-0500","66.774084400","192.168.0.186","192.168.0.178","25858","25565","41581","3833401","28","0","0x0018"
"10694","2026-08-15T10:07:14.027875600-0500","66.774905700","192.168.0.186","192.168.0.178","25858","25565","41609","3833401","3","0","0x0018"
"10695","2026-08-15T10:07:14.028675500-0500","66.775705600","192.168.0.178","192.168.0.186","25565","25858","3833401","41612","0","0","0x0010"
"10696","2026-08-15T10:07:14.076976800-0500","66.824006900","192.168.0.186","192.168.0.178","25858","25565","41612","3833401","28","0","0x0018"
"10697","2026-08-15T10:07:14.077954300-0500","66.824984400","192.168.0.186","192.168.0.178","25858","25565","41640","3833401","3","0","0x0018"
"10698","2026-08-15T10:07:14.078748300-0500","66.825778400","192.168.0.178","192.168.0.186","25565","25858","3833401","41643","0","0","0x0010"
"10699","2026-08-15T10:07:14.127132600-0500","66.874162700","192.168.0.186","192.168.0.178","25858","25565","41643","3833401","28","0","0x0018"
"10700","2026-08-15T10:07:14.127986600-0500","66.875016700","192.168.0.186","192.168.0.178","25858","25565","41671","3833401","3","0","0x0018"
"10701","2026-08-15T10:07:14.128794500-0500","66.875824600","192.168.0.178","192.168.0.186","25565","25858","3833401","41674","0","0","0x0010"
"10702","2026-08-15T10:07:14.176923500-0500","66.923953600","192.168.0.186","192.168.0.178","25858","25565","41674","3833401","28","0","0x0018"
"10703","2026-08-15T10:07:14.177562100-0500","66.924592200","192.168.0.186","192.168.0.178","25858","25565","41702","3833401","3","0","0x0018"
"10704","2026-08-15T10:07:14.178323300-0500","66.925353400","192.168.0.178","192.168.0.186","25565","25858","3833401","41705","0","0","0x0010"
"10705","2026-08-15T10:07:14.227243900-0500","66.974274000","192.168.0.186","192.168.0.178","25858","25565","41705","3833401","28","0","0x0018"
"10706","2026-08-15T10:07:14.228053200-0500","66.975083300","192.168.0.186","192.168.0.178","25858","25565","41733","3833401","3","0","0x0018"
"10707","2026-08-15T10:07:14.228714300-0500","66.975744400","192.168.0.178","192.168.0.186","25565","25858","3833401","41736","0","0","0x0010"
"10708","2026-08-15T10:07:14.250932600-0500","66.997962700","192.168.0.178","192.168.0.186","25565","25858","3833401","41736","11","0","0x0018"
"10709","2026-08-15T10:07:14.251079900-0500","66.998110000","192.168.0.186","192.168.0.178","25858","25565","41736","3833412","11","0","0x0018"
"10710","2026-08-15T10:07:14.276981300-0500","67.024011400","192.168.0.186","192.168.0.178","25858","25565","41747","3833412","28","0","0x0018"
"10711","2026-08-15T10:07:14.277816600-0500","67.024846700","192.168.0.186","192.168.0.178","25858","25565","41775","3833412","3","0","0x0018"
"10712","2026-08-15T10:07:14.277897600-0500","67.024927700","192.168.0.178","192.168.0.186","25565","25858","3833412","41775","0","0","0x0010"
"10713","2026-08-15T10:07:14.321868700-0500","67.068898800","192.168.0.178","192.168.0.186","25565","25858","3833412","41778","0","0","0x0010"
"10714","2026-08-15T10:07:14.326962200-0500","67.073992300","192.168.0.186","192.168.0.178","25858","25565","41778","3833412","28","0","0x0018"
"10715","2026-08-15T10:07:14.327748700-0500","67.074778800","192.168.0.178","192.168.0.186","25565","25858","3833412","41806","0","0","0x0010"
"10716","2026-08-15T10:07:14.327885100-0500","67.074915200","192.168.0.186","192.168.0.178","25858","25565","41806","3833412","3","0","0x0018"
"10717","2026-08-15T10:07:14.328562700-0500","67.075592800","192.168.0.178","192.168.0.186","25565","25858","3833412","41809","0","0","0x0010"
"10718","2026-08-15T10:07:14.353426900-0500","67.100457000","192.168.0.178","192.168.0.186","25565","25858","3833412","41809","1460","0","0x0010"
"10719","2026-08-15T10:07:14.353426900-0500","67.100457000","192.168.0.178","192.168.0.186","25565","25858","3834872","41809","1460","0","0x0010"
"10720","2026-08-15T10:07:14.353503000-0500","67.100533100","192.168.0.186","192.168.0.178","25858","25565","41809","3836332","0","0","0x0010"
"10721","2026-08-15T10:07:14.353551600-0500","67.100581700","192.168.0.178","192.168.0.186","25565","25858","3836332","41809","1460","0","0x0010"
"10722","2026-08-15T10:07:14.353681900-0500","67.100712000","192.168.0.178","192.168.0.186","25565","25858","3837792","41809","1460","0","0x0010"
"10723","2026-08-15T10:07:14.353695900-0500","67.100726000","192.168.0.186","192.168.0.178","25858","25565","41809","3839252","0","0","0x0010"
"10724","2026-08-15T10:07:14.353773200-0500","67.100803300","192.168.0.178","192.168.0.186","25565","25858","3839252","41809","1460","0","0x0018"
"10725","2026-08-15T10:07:14.354027200-0500","67.101057300","192.168.0.178","192.168.0.186","25565","25858","3840712","41809","1460","0","0x0010"
"10726","2026-08-15T10:07:14.354027200-0500","67.101057300","192.168.0.178","192.168.0.186","25565","25858","3842172","41809","1460","0","0x0010"
"10727","2026-08-15T10:07:14.354072100-0500","67.101102200","192.168.0.186","192.168.0.178","25858","25565","41809","3843632","0","0","0x0010"
"10728","2026-08-15T10:07:14.354140600-0500","67.101170700","192.168.0.178","192.168.0.186","25565","25858","3843632","41809","1460","0","0x0010"
"10729","2026-08-15T10:07:14.354161800-0500","67.101191900","192.168.0.186","192.168.0.178","25858","25565","41809","3845092","0","0","0x0010"
"10730","2026-08-15T10:07:14.354390100-0500","67.101420200","192.168.0.178","192.168.0.186","25565","25858","3845092","41809","1460","0","0x0010"
"10731","2026-08-15T10:07:14.354390100-0500","67.101420200","192.168.0.178","192.168.0.186","25565","25858","3846552","41809","1460","0","0x0018"
"10732","2026-08-15T10:07:14.354458100-0500","67.101488200","192.168.0.186","192.168.0.178","25858","25565","41809","3848012","0","0","0x0010"
"10733","2026-08-15T10:07:14.354520400-0500","67.101550500","192.168.0.178","192.168.0.186","25565","25858","3848012","41809","1460","0","0x0010"
"10734","2026-08-15T10:07:14.354662700-0500","67.101692800","192.168.0.178","192.168.0.186","25565","25858","3849472","41809","1460","0","0x0010"
"10735","2026-08-15T10:07:14.354672000-0500","67.101702100","192.168.0.186","192.168.0.178","25858","25565","41809","3850932","0","0","0x0010"
"10736","2026-08-15T10:07:14.354736600-0500","67.101766700","192.168.0.178","192.168.0.186","25565","25858","3850932","41809","1460","0","0x0010"
"10737","2026-08-15T10:07:14.355018400-0500","67.102048500","192.168.0.178","192.168.0.186","25565","25858","3852392","41809","1460","0","0x0018"
"10738","2026-08-15T10:07:14.355018400-0500","67.102048500","192.168.0.178","192.168.0.186","25565","25858","3853852","41809","1460","0","0x0010"
"10739","2026-08-15T10:07:14.355071400-0500","67.102101500","192.168.0.186","192.168.0.178","25858","25565","41809","3855312","0","0","0x0010"
"10740","2026-08-15T10:07:14.355135000-0500","67.102165100","192.168.0.178","192.168.0.186","25565","25858","3855312","41809","1460","0","0x0010"
"10741","2026-08-15T10:07:14.355156200-0500","67.102186300","192.168.0.186","192.168.0.178","25858","25565","41809","3856772","0","0","0x0010"
"10742","2026-08-15T10:07:14.355232100-0500","67.102262200","192.168.0.178","192.168.0.186","25565","25858","3856772","41809","474","0","0x0018"
"10743","2026-08-15T10:07:14.376093300-0500","67.123123400","192.168.0.186","192.168.0.178","25858","25565","41809","3857246","4","0","0x0018"
"10744","2026-08-15T10:07:14.376490000-0500","67.123520100","192.168.0.186","192.168.0.178","25858","25565","41813","3857246","3","0","0x0018"
"10745","2026-08-15T10:07:14.377312900-0500","67.124343000","192.168.0.178","192.168.0.186","25565","25858","3857246","41816","0","0","0x0010"
"10746","2026-08-15T10:07:14.402881200-0500","67.149911300","192.168.0.178","192.168.0.186","25565","25858","3857246","41816","1460","0","0x0010"
"10747","2026-08-15T10:07:14.402881200-0500","67.149911300","192.168.0.178","192.168.0.186","25565","25858","3858706","41816","1460","0","0x0010"
"10748","2026-08-15T10:07:14.402953800-0500","67.149983900","192.168.0.186","192.168.0.178","25858","25565","41816","3860166","0","0","0x0010"
"10749","2026-08-15T10:07:14.403000200-0500","67.150030300","192.168.0.178","192.168.0.186","25565","25858","3860166","41816","1460","0","0x0010"
"10750","2026-08-15T10:07:14.403231700-0500","67.150261800","192.168.0.178","192.168.0.186","25565","25858","3861626","41816","1460","0","0x0010"
"10751","2026-08-15T10:07:14.403231700-0500","67.150261800","192.168.0.178","192.168.0.186","25565","25858","3863086","41816","1460","0","0x0010"
"10752","2026-08-15T10:07:14.403283400-0500","67.150313500","192.168.0.186","192.168.0.178","25858","25565","41816","3864546","0","0","0x0010"
"10753","2026-08-15T10:07:14.403360500-0500","67.150390600","192.168.0.178","192.168.0.186","25565","25858","3864546","41816","1460","0","0x0010"
"10754","2026-08-15T10:07:14.403370500-0500","67.150400600","192.168.0.186","192.168.0.178","25858","25565","41816","3866006","0","0","0x0010"
"10755","2026-08-15T10:07:14.403564700-0500","67.150594800","192.168.0.178","192.168.0.186","25565","25858","3866006","41816","1460","0","0x0010"
"10756","2026-08-15T10:07:14.403675400-0500","67.150705500","192.168.0.178","192.168.0.186","25565","25858","3867466","41816","1460","0","0x0010"
"10757","2026-08-15T10:07:14.403703000-0500","67.150733100","192.168.0.186","192.168.0.178","25858","25565","41816","3868926","0","0","0x0010"
"10758","2026-08-15T10:07:14.403783100-0500","67.150813200","192.168.0.178","192.168.0.186","25565","25858","3868926","41816","1460","0","0x0018"
"10759","2026-08-15T10:07:14.404945800-0500","67.151975900","192.168.0.178","192.168.0.186","25565","25858","3870386","41816","1460","0","0x0010"
"10760","2026-08-15T10:07:14.404945800-0500","67.151975900","192.168.0.178","192.168.0.186","25565","25858","3871846","41816","1460","0","0x0010"
"10761","2026-08-15T10:07:14.404992000-0500","67.152022100","192.168.0.186","192.168.0.178","25858","25565","41816","3873306","0","0","0x0010"
"10762","2026-08-15T10:07:14.405042200-0500","67.152072300","192.168.0.178","192.168.0.186","25565","25858","3873306","41816","1460","0","0x0010"
"10763","2026-08-15T10:07:14.405054900-0500","67.152085000","192.168.0.186","192.168.0.178","25858","25565","41816","3874766","0","0","0x0010"
"10764","2026-08-15T10:07:14.405277700-0500","67.152307800","192.168.0.178","192.168.0.186","25565","25858","3874766","41816","1460","0","0x0010"
"10765","2026-08-15T10:07:14.405277700-0500","67.152307800","192.168.0.178","192.168.0.186","25565","25858","3876226","41816","1460","0","0x0010"
"10766","2026-08-15T10:07:14.405325500-0500","67.152355600","192.168.0.186","192.168.0.178","25858","25565","41816","3877686","0","0","0x0010"
"10767","2026-08-15T10:07:14.405436200-0500","67.152466300","192.168.0.178","192.168.0.186","25565","25858","3877686","41816","1460","0","0x0010"
"10768","2026-08-15T10:07:14.405506100-0500","67.152536200","192.168.0.178","192.168.0.186","25565","25858","3879146","41816","1460","0","0x0010"
"10769","2026-08-15T10:07:14.405513900-0500","67.152544000","192.168.0.186","192.168.0.178","25858","25565","41816","3880606","0","0","0x0010"
"10770","2026-08-15T10:07:14.405745000-0500","67.152775100","192.168.0.178","192.168.0.186","25565","25858","3880606","41816","1460","0","0x0010"
"10771","2026-08-15T10:07:14.405745000-0500","67.152775100","192.168.0.178","192.168.0.186","25565","25858","3882066","41816","1139","0","0x0018"
"10772","2026-08-15T10:07:14.405796900-0500","67.152827000","192.168.0.186","192.168.0.178","25858","25565","41816","3883205","0","0","0x0010"
"10773","2026-08-15T10:07:14.425839800-0500","67.172869900","192.168.0.186","192.168.0.178","25858","25565","41816","3883205","4","0","0x0018"
"10774","2026-08-15T10:07:14.426246200-0500","67.173276300","192.168.0.186","192.168.0.178","25858","25565","41820","3883205","3","0","0x0018"
"10775","2026-08-15T10:07:14.426855400-0500","67.173885500","192.168.0.178","192.168.0.186","25565","25858","3883205","41823","0","0","0x0010"
"10776","2026-08-15T10:07:14.452398300-0500","67.199428400","192.168.0.178","192.168.0.186","25565","25858","3883205","41823","1460","0","0x0010"
"10777","2026-08-15T10:07:14.452398300-0500","67.199428400","192.168.0.178","192.168.0.186","25565","25858","3884665","41823","1460","0","0x0010"
"10778","2026-08-15T10:07:14.452462600-0500","67.199492700","192.168.0.186","192.168.0.178","25858","25565","41823","3886125","0","0","0x0010"
"10779","2026-08-15T10:07:14.452523000-0500","67.199553100","192.168.0.178","192.168.0.186","25565","25858","3886125","41823","1295","0","0x0018"
"10780","2026-08-15T10:07:14.477121900-0500","67.224152000","192.168.0.186","192.168.0.178","25858","25565","41823","3887420","3","0","0x0018"
"10781","2026-08-15T10:07:14.501610800-0500","67.248640900","192.168.0.178","192.168.0.186","25565","25858","3887420","41826","504","0","0x0018"
"10782","2026-08-15T10:07:14.527902100-0500","67.274932200","192.168.0.186","192.168.0.178","25858","25565","41826","3887924","3","0","0x0018"
"10783","2026-08-15T10:07:14.551717900-0500","67.298748000","192.168.0.178","192.168.0.186","25565","25858","3887924","41829","217","0","0x0018"
"10784","2026-08-15T10:07:14.577416100-0500","67.324446200","192.168.0.186","192.168.0.178","25858","25565","41829","3888141","3","0","0x0018"
"10785","2026-08-15T10:07:14.601310900-0500","67.348341000","192.168.0.178","192.168.0.186","25565","25858","3888141","41832","57","0","0x0018"
"10786","2026-08-15T10:07:14.627715300-0500","67.374745400","192.168.0.186","192.168.0.178","25858","25565","41832","3888198","3","0","0x0018"
"10787","2026-08-15T10:07:14.651256700-0500","67.398286800","192.168.0.178","192.168.0.186","25565","25858","3888198","41835","13","0","0x0018"
"10788","2026-08-15T10:07:14.676810400-0500","67.423840500","192.168.0.186","192.168.0.178","25858","25565","41835","3888211","3","0","0x0018"
"10789","2026-08-15T10:07:14.717840700-0500","67.464870800","192.168.0.178","192.168.0.186","25565","25858","3888211","41838","0","0","0x0010"
"10790","2026-08-15T10:07:14.728028200-0500","67.475058300","192.168.0.186","192.168.0.178","25858","25565","41838","3888211","3","0","0x0018"
"10791","2026-08-15T10:07:14.728762600-0500","67.475792700","192.168.0.178","192.168.0.186","25565","25858","3888211","41841","0","0","0x0010"
"10792","2026-08-15T10:07:14.777864700-0500","67.524894800","192.168.0.186","192.168.0.178","25858","25565","41841","3888211","3","0","0x0018"
"10793","2026-08-15T10:07:14.778786700-0500","67.525816800","192.168.0.178","192.168.0.186","25565","25858","3888211","41844","0","0","0x0010"
"10794","2026-08-15T10:07:14.827938400-0500","67.574968500","192.168.0.186","192.168.0.178","25858","25565","41844","3888211","3","0","0x0018"
"10795","2026-08-15T10:07:14.828647400-0500","67.575677500","192.168.0.178","192.168.0.186","25565","25858","3888211","41847","0","0","0x0010"
"10796","2026-08-15T10:07:14.877747900-0500","67.624778000","192.168.0.186","192.168.0.178","25858","25565","41847","3888211","3","0","0x0018"
"10797","2026-08-15T10:07:14.878580000-0500","67.625610100","192.168.0.178","192.168.0.186","25565","25858","3888211","41850","0","0","0x0010"
"10798","2026-08-15T10:07:14.900792800-0500","67.647822900","192.168.0.178","192.168.0.186","25565","25858","3888211","41850","20","0","0x0018"
"10799","2026-08-15T10:07:14.927540200-0500","67.674570300","192.168.0.186","192.168.0.178","25858","25565","41850","3888231","3","0","0x0018"
"10800","2026-08-15T10:07:14.973861600-0500","67.720891700","192.168.0.178","192.168.0.186","25565","25858","3888231","41853","0","0","0x0010"
"10801","2026-08-15T10:07:14.977585500-0500","67.724615600","192.168.0.186","192.168.0.178","25858","25565","41853","3888231","3","0","0x0018"
"10802","2026-08-15T10:07:14.978213900-0500","67.725244000","192.168.0.178","192.168.0.186","25565","25858","3888231","41856","0","0","0x0010"
"10803","2026-08-15T10:07:15.027996700-0500","67.775026800","192.168.0.186","192.168.0.178","25858","25565","41856","3888231","3","0","0x0018"
"10804","2026-08-15T10:07:15.028853300-0500","67.775883400","192.168.0.178","192.168.0.186","25565","25858","3888231","41859","0","0","0x0010"
"10805","2026-08-15T10:07:15.077789800-0500","67.824819900","192.168.0.186","192.168.0.178","25858","25565","41859","3888231","3","0","0x0018"
"10806","2026-08-15T10:07:15.078533500-0500","67.825563600","192.168.0.178","192.168.0.186","25565","25858","3888231","41862","0","0","0x0010"
"10807","2026-08-15T10:07:15.127835300-0500","67.874865400","192.168.0.186","192.168.0.178","25858","25565","41862","3888231","3","0","0x0018"
"10808","2026-08-15T10:07:15.128604900-0500","67.875635000","192.168.0.178","192.168.0.186","25565","25858","3888231","41865","0","0","0x0010"
"10809","2026-08-15T10:07:15.177961000-0500","67.924991100","192.168.0.186","192.168.0.178","25858","25565","41865","3888231","3","0","0x0018"
"10810","2026-08-15T10:07:15.178853700-0500","67.925883800","192.168.0.178","192.168.0.186","25565","25858","3888231","41868","0","0","0x0010"
"10811","2026-08-15T10:07:15.227845300-0500","67.974875400","192.168.0.186","192.168.0.178","25858","25565","41868","3888231","3","0","0x0018"
"10812","2026-08-15T10:07:15.228657000-0500","67.975687100","192.168.0.178","192.168.0.186","25565","25858","3888231","41871","0","0","0x0010"
"10813","2026-08-15T10:07:15.251856700-0500","67.998886800","192.168.0.178","192.168.0.186","25565","25858","3888231","41871","11","0","0x0018"
"10814","2026-08-15T10:07:15.251945400-0500","67.998975500","192.168.0.186","192.168.0.178","25858","25565","41871","3888242","11","0","0x0018"
"10815","2026-08-15T10:07:15.276823000-0500","68.023853100","192.168.0.186","192.168.0.178","25858","25565","41882","3888242","3","0","0x0018"
"10816","2026-08-15T10:07:15.277530800-0500","68.024560900","192.168.0.178","192.168.0.186","25565","25858","3888242","41885","0","0","0x0010"
"10817","2026-08-15T10:07:15.327607800-0500","68.074637900","192.168.0.186","192.168.0.178","25858","25565","41885","3888242","28","0","0x0018"
"10818","2026-08-15T10:07:15.328313700-0500","68.075343800","192.168.0.186","192.168.0.178","25858","25565","41913","3888242","3","0","0x0018"
"10819","2026-08-15T10:07:15.329024700-0500","68.076054800","192.168.0.178","192.168.0.186","25565","25858","3888242","41916","0","0","0x0010"
"10820","2026-08-15T10:07:15.377280400-0500","68.124310500","192.168.0.186","192.168.0.178","25858","25565","41916","3888242","3","0","0x0018"
"10821","2026-08-15T10:07:15.421892700-0500","68.168922800","192.168.0.178","192.168.0.186","25565","25858","3888242","41919","0","0","0x0010"
"10822","2026-08-15T10:07:15.427595600-0500","68.174625700","192.168.0.186","192.168.0.178","25858","25565","41919","3888242","3","0","0x0018"
"10823","2026-08-15T10:07:15.428498300-0500","68.175528400","192.168.0.178","192.168.0.186","25565","25858","3888242","41922","0","0","0x0010"
"10824","2026-08-15T10:07:15.476526200-0500","68.223556300","192.168.0.186","192.168.0.178","25858","25565","41922","3888242","3","0","0x0018"
"10825","2026-08-15T10:07:15.477359600-0500","68.224389700","192.168.0.178","192.168.0.186","25565","25858","3888242","41925","0","0","0x0010"
"10826","2026-08-15T10:07:15.527981400-0500","68.275011500","192.168.0.186","192.168.0.178","25858","25565","41925","3888242","3","0","0x0018"
"10827","2026-08-15T10:07:15.528886500-0500","68.275916600","192.168.0.178","192.168.0.186","25565","25858","3888242","41928","0","0","0x0010"
"10828","2026-08-15T10:07:15.577534900-0500","68.324565000","192.168.0.186","192.168.0.178","25858","25565","41928","3888242","3","0","0x0018"
"10829","2026-08-15T10:07:15.578350900-0500","68.325381000","192.168.0.178","192.168.0.186","25565","25858","3888242","41931","0","0","0x0010"
"10830","2026-08-15T10:07:15.626885100-0500","68.373915200","192.168.0.186","192.168.0.178","25858","25565","41931","3888242","3","0","0x0018"
"10831","2026-08-15T10:07:15.627638500-0500","68.374668600","192.168.0.178","192.168.0.186","25565","25858","3888242","41934","0","0","0x0010"
"10832","2026-08-15T10:07:15.677678700-0500","68.424708800","192.168.0.186","192.168.0.178","25858","25565","41934","3888242","3","0","0x0018"
"10833","2026-08-15T10:07:15.678489600-0500","68.425519700","192.168.0.178","192.168.0.186","25565","25858","3888242","41937","0","0","0x0010"
"10834","2026-08-15T10:07:15.727022700-0500","68.474052800","192.168.0.186","192.168.0.178","25858","25565","41937","3888242","3","0","0x0018"
"10835","2026-08-15T10:07:15.727740500-0500","68.474770600","192.168.0.178","192.168.0.186","25565","25858","3888242","41940","0","0","0x0010"
"10836","2026-08-15T10:07:15.776558200-0500","68.523588300","192.168.0.186","192.168.0.178","25858","25565","41940","3888242","3","0","0x0018"
"10837","2026-08-15T10:07:15.777299600-0500","68.524329700","192.168.0.178","192.168.0.186","25565","25858","3888242","41943","0","0","0x0010"
"10838","2026-08-15T10:07:15.827868000-0500","68.574898100","192.168.0.186","192.168.0.178","25858","25565","41943","3888242","3","0","0x0018"
"10839","2026-08-15T10:07:15.828470800-0500","68.575500900","192.168.0.178","192.168.0.186","25565","25858","3888242","41946","0","0","0x0010"
"10840","2026-08-15T10:07:15.877605700-0500","68.624635800","192.168.0.186","192.168.0.178","25858","25565","41946","3888242","3","0","0x0018"
"10841","2026-08-15T10:07:15.878383000-0500","68.625413100","192.168.0.178","192.168.0.186","25565","25858","3888242","41949","0","0","0x0010"
"10842","2026-08-15T10:07:15.911899000-0500","68.658929100","192.168.0.178","192.168.0.186","25565","25858","3888242","41949","56","0","0x0018"
"10843","2026-08-15T10:07:15.927747500-0500","68.674777600","192.168.0.186","192.168.0.178","25858","25565","41949","3888298","3","0","0x0018"
"10844","2026-08-15T10:07:15.969760700-0500","68.716790800","192.168.0.178","192.168.0.186","25565","25858","3888298","41952","0","0","0x0010"
"10845","2026-08-15T10:07:15.976331900-0500","68.723362000","192.168.0.186","192.168.0.178","25858","25565","41952","3888298","3","0","0x0018"
"10846","2026-08-15T10:07:15.977072200-0500","68.724102300","192.168.0.178","192.168.0.186","25565","25858","3888298","41955","0","0","0x0010"
"10847","2026-08-15T10:07:16.003059700-0500","68.750089800","192.168.0.178","192.168.0.186","25565","25858","3888298","41955","1460","0","0x0010"
"10848","2026-08-15T10:07:16.003059700-0500","68.750089800","192.168.0.178","192.168.0.186","25565","25858","3889758","41955","816","0","0x0018"
"10849","2026-08-15T10:07:16.003116900-0500","68.750147000","192.168.0.186","192.168.0.178","25858","25565","41955","3890574","0","0","0x0010"
"10850","2026-08-15T10:07:16.028122000-0500","68.775152100","192.168.0.186","192.168.0.178","25858","25565","41955","3890574","3","0","0x0018"
"10851","2026-08-15T10:07:16.069984400-0500","68.817014500","192.168.0.178","192.168.0.186","25565","25858","3890574","41958","0","0","0x0010"
"10852","2026-08-15T10:07:16.077766300-0500","68.824796400","192.168.0.186","192.168.0.178","25858","25565","41958","3890574","3","0","0x0018"
"10853","2026-08-15T10:07:16.078218700-0500","68.825248800","192.168.0.178","192.168.0.186","25565","25858","3890574","41961","0","0","0x0010"
"10854","2026-08-15T10:07:16.127884600-0500","68.874914700","192.168.0.186","192.168.0.178","25858","25565","41961","3890574","3","0","0x0018"
"10855","2026-08-15T10:07:16.128637600-0500","68.875667700","192.168.0.178","192.168.0.186","25565","25858","3890574","41964","0","0","0x0010"
"10856","2026-08-15T10:07:16.177719300-0500","68.924749400","192.168.0.186","192.168.0.178","25858","25565","41964","3890574","3","0","0x0018"
"10857","2026-08-15T10:07:16.178367600-0500","68.925397700","192.168.0.178","192.168.0.186","25565","25858","3890574","41967","0","0","0x0010"
"10858","2026-08-15T10:07:16.227911200-0500","68.974941300","192.168.0.186","192.168.0.178","25858","25565","41967","3890574","3","0","0x0018"
"10859","2026-08-15T10:07:16.228800000-0500","68.975830100","192.168.0.178","192.168.0.186","25565","25858","3890574","41970","0","0","0x0010"
"10860","2026-08-15T10:07:16.257259500-0500","69.004289600","192.168.0.178","192.168.0.186","25565","25858","3890574","41970","11","0","0x0018"
"10861","2026-08-15T10:07:16.257369700-0500","69.004399800","192.168.0.186","192.168.0.178","25858","25565","41970","3890585","11","0","0x0018"
"10862","2026-08-15T10:07:16.277427500-0500","69.024457600","192.168.0.186","192.168.0.178","25858","25565","41981","3890585","3","0","0x0018"
"10863","2026-08-15T10:07:16.278527900-0500","69.025558000","192.168.0.178","192.168.0.186","25565","25858","3890585","41984","0","0","0x0010"
"10864","2026-08-15T10:07:16.326917900-0500","69.073948000","192.168.0.186","192.168.0.178","25858","25565","41984","3890585","28","0","0x0018"
"10865","2026-08-15T10:07:16.327588900-0500","69.074619000","192.168.0.186","192.168.0.178","25858","25565","42012","3890585","3","0","0x0018"
"10866","2026-08-15T10:07:16.328219900-0500","69.075250000","192.168.0.178","192.168.0.186","25565","25858","3890585","42015","0","0","0x0010"
"10867","2026-08-15T10:07:16.377943400-0500","69.124973500","192.168.0.186","192.168.0.178","25858","25565","42015","3890585","3","0","0x0018"
"10868","2026-08-15T10:07:16.421934100-0500","69.168964200","192.168.0.178","192.168.0.186","25565","25858","3890585","42018","0","0","0x0010"
"10869","2026-08-15T10:07:16.427630400-0500","69.174660500","192.168.0.186","192.168.0.178","25858","25565","42018","3890585","3","0","0x0018"
"10870","2026-08-15T10:07:16.428252900-0500","69.175283000","192.168.0.178","192.168.0.186","25565","25858","3890585","42021","0","0","0x0010"
"10871","2026-08-15T10:07:16.453903300-0500","69.200933400","192.168.0.178","192.168.0.186","25565","25858","3890585","42021","14","0","0x0018"
"10872","2026-08-15T10:07:16.477751000-0500","69.224781100","192.168.0.186","192.168.0.178","25858","25565","42021","3890599","3","0","0x0018"
"10873","2026-08-15T10:07:16.521757500-0500","69.268787600","192.168.0.178","192.168.0.186","25565","25858","3890599","42024","0","0","0x0010"
"10874","2026-08-15T10:07:16.526618200-0500","69.273648300","192.168.0.186","192.168.0.178","25858","25565","42024","3890599","3","0","0x0018"
"10875","2026-08-15T10:07:16.527275200-0500","69.274305300","192.168.0.178","192.168.0.186","25565","25858","3890599","42027","0","0","0x0010"
"10876","2026-08-15T10:07:16.577707000-0500","69.324737100","192.168.0.186","192.168.0.178","25858","25565","42027","3890599","3","0","0x0018"
"10877","2026-08-15T10:07:16.578450100-0500","69.325480200","192.168.0.178","192.168.0.186","25565","25858","3890599","42030","0","0","0x0010"
"10878","2026-08-15T10:07:16.605686200-0500","69.352716300","192.168.0.178","192.168.0.186","25565","25858","3890599","42030","702","0","0x0018"
"10879","2026-08-15T10:07:16.627678800-0500","69.374708900","192.168.0.186","192.168.0.178","25858","25565","42030","3891301","3","0","0x0018"
"10880","2026-08-15T10:07:16.657267600-0500","69.404297700","192.168.0.178","192.168.0.186","25565","25858","3891301","42033","124","0","0x0018"
"10881","2026-08-15T10:07:16.677769600-0500","69.424799700","192.168.0.186","192.168.0.178","25858","25565","42033","3891425","3","0","0x0018"
"10882","2026-08-15T10:07:16.721768200-0500","69.468798300","192.168.0.178","192.168.0.186","25565","25858","3891425","42036","0","0","0x0010"
"10883","2026-08-15T10:07:16.727929400-0500","69.474959500","192.168.0.186","192.168.0.178","25858","25565","42036","3891425","3","0","0x0018"
"10884","2026-08-15T10:07:16.728630500-0500","69.475660600","192.168.0.178","192.168.0.186","25565","25858","3891425","42039","0","0","0x0010"
"10885","2026-08-15T10:07:16.757700700-0500","69.504730800","192.168.0.178","192.168.0.186","25565","25858","3891425","42039","224","0","0x0018"
"10886","2026-08-15T10:07:16.776643900-0500","69.523674000","192.168.0.186","192.168.0.178","25858","25565","42039","3891649","3","0","0x0018"
"10887","2026-08-15T10:07:16.817961300-0500","69.564991400","192.168.0.178","192.168.0.186","25565","25858","3891649","42042","0","0","0x0010"
"10888","2026-08-15T10:07:16.828086600-0500","69.575116700","192.168.0.186","192.168.0.178","25858","25565","42042","3891649","3","0","0x0018"
"10889","2026-08-15T10:07:16.828928500-0500","69.575958600","192.168.0.178","192.168.0.186","25565","25858","3891649","42045","0","0","0x0010"
"10890","2026-08-15T10:07:16.877655000-0500","69.624685100","192.168.0.186","192.168.0.178","25858","25565","42045","3891649","3","0","0x0018"
"10891","2026-08-15T10:07:16.878459100-0500","69.625489200","192.168.0.178","192.168.0.186","25565","25858","3891649","42048","0","0","0x0010"
"10892","2026-08-15T10:07:16.903955600-0500","69.650985700","192.168.0.178","192.168.0.186","25565","25858","3891649","42048","188","0","0x0018"
"10893","2026-08-15T10:07:16.927662300-0500","69.674692400","192.168.0.186","192.168.0.178","25858","25565","42048","3891837","3","0","0x0018"
"10894","2026-08-15T10:07:16.963037600-0500","69.710067700","192.168.0.178","192.168.0.186","25565","25858","3891837","42051","1460","0","0x0010"
"10895","2026-08-15T10:07:16.963037600-0500","69.710067700","192.168.0.178","192.168.0.186","25565","25858","3893297","42051","1460","0","0x0010"
"10896","2026-08-15T10:07:16.963116200-0500","69.710146300","192.168.0.186","192.168.0.178","25858","25565","42051","3894757","0","0","0x0010"
"10897","2026-08-15T10:07:16.963165100-0500","69.710195200","192.168.0.178","192.168.0.186","25565","25858","3894757","42051","1460","0","0x0010"
"10898","2026-08-15T10:07:16.963397300-0500","69.710427400","192.168.0.178","192.168.0.186","25565","25858","3896217","42051","1460","0","0x0010"
"10899","2026-08-15T10:07:16.963397300-0500","69.710427400","192.168.0.178","192.168.0.186","25565","25858","3897677","42051","1460","0","0x0018"
"10900","2026-08-15T10:07:16.963446300-0500","69.710476400","192.168.0.186","192.168.0.178","25858","25565","42051","3899137","0","0","0x0010"
"10901","2026-08-15T10:07:16.963522600-0500","69.710552700","192.168.0.178","192.168.0.186","25565","25858","3899137","42051","1460","0","0x0010"
"10902","2026-08-15T10:07:16.963537600-0500","69.710567700","192.168.0.186","192.168.0.178","25858","25565","42051","3900597","0","0","0x0010"
"10903","2026-08-15T10:07:16.963741700-0500","69.710771800","192.168.0.178","192.168.0.186","25565","25858","3900597","42051","1460","0","0x0010"
"10904","2026-08-15T10:07:16.963741700-0500","69.710771800","192.168.0.178","192.168.0.186","25565","25858","3902057","42051","1460","0","0x0010"
"10905","2026-08-15T10:07:16.963780000-0500","69.710810100","192.168.0.186","192.168.0.178","25858","25565","42051","3903517","0","0","0x0010"
"10906","2026-08-15T10:07:16.963898400-0500","69.710928500","192.168.0.178","192.168.0.186","25565","25858","3903517","42051","1460","0","0x0010"
"10907","2026-08-15T10:07:16.963975400-0500","69.711005500","192.168.0.178","192.168.0.186","25565","25858","3904977","42051","1460","0","0x0018"
"10908","2026-08-15T10:07:16.963995100-0500","69.711025200","192.168.0.186","192.168.0.178","25858","25565","42051","3906437","0","0","0x0010"
"10909","2026-08-15T10:07:16.965526200-0500","69.712556300","192.168.0.178","192.168.0.186","25565","25858","3906437","42051","1460","0","0x0010"
"10910","2026-08-15T10:07:16.965526200-0500","69.712556300","192.168.0.178","192.168.0.186","25565","25858","3907897","42051","1460","0","0x0010"
"10911","2026-08-15T10:07:16.965569300-0500","69.712599400","192.168.0.186","192.168.0.178","25858","25565","42051","3909357","0","0","0x0010"
"10912","2026-08-15T10:07:16.965632000-0500","69.712662100","192.168.0.178","192.168.0.186","25565","25858","3909357","42051","1460","0","0x0010"
"10913","2026-08-15T10:07:16.965877400-0500","69.712907500","192.168.0.178","192.168.0.186","25565","25858","3910817","42051","1460","0","0x0018"
"10914","2026-08-15T10:07:16.965877400-0500","69.712907500","192.168.0.178","192.168.0.186","25565","25858","3912277","42051","1460","0","0x0010"
"10915","2026-08-15T10:07:16.965919100-0500","69.712949200","192.168.0.186","192.168.0.178","25858","25565","42051","3913737","0","0","0x0010"
"10916","2026-08-15T10:07:16.966036300-0500","69.713066400","192.168.0.178","192.168.0.186","25565","25858","3913737","42051","1460","0","0x0010"
"10917","2026-08-15T10:07:16.966049300-0500","69.713079400","192.168.0.186","192.168.0.178","25858","25565","42051","3915197","0","0","0x0010"
"10918","2026-08-15T10:07:16.966107500-0500","69.713137600","192.168.0.178","192.168.0.186","25565","25858","3915197","42051","1460","0","0x0010"
"10919","2026-08-15T10:07:16.966331100-0500","69.713361200","192.168.0.178","192.168.0.186","25565","25858","3916657","42051","1460","0","0x0010"
"10920","2026-08-15T10:07:16.966331100-0500","69.713361200","192.168.0.178","192.168.0.186","25565","25858","3918117","42051","795","0","0x0018"
"10921","2026-08-15T10:07:16.966374400-0500","69.713404500","192.168.0.186","192.168.0.178","25858","25565","42051","3918912","0","0","0x0010"
"10922","2026-08-15T10:07:16.977152600-0500","69.724182700","192.168.0.186","192.168.0.178","25858","25565","42051","3918912","3","0","0x0018"
"10923","2026-08-15T10:07:17.007462400-0500","69.754492500","192.168.0.178","192.168.0.186","25565","25858","3918912","42054","1460","0","0x0010"
"10924","2026-08-15T10:07:17.007462400-0500","69.754492500","192.168.0.178","192.168.0.186","25565","25858","3920372","42054","1460","0","0x0010"
"10925","2026-08-15T10:07:17.007528900-0500","69.754559000","192.168.0.186","192.168.0.178","25858","25565","42054","3921832","0","0","0x0010"
"10926","2026-08-15T10:07:17.007576100-0500","69.754606200","192.168.0.178","192.168.0.186","25565","25858","3921832","42054","1460","0","0x0010"
"10927","2026-08-15T10:07:17.007803300-0500","69.754833400","192.168.0.178","192.168.0.186","25565","25858","3923292","42054","1460","0","0x0010"
"10928","2026-08-15T10:07:17.007803300-0500","69.754833400","192.168.0.178","192.168.0.186","25565","25858","3924752","42054","1460","0","0x0010"
"10929","2026-08-15T10:07:17.007842400-0500","69.754872500","192.168.0.186","192.168.0.178","25858","25565","42054","3926212","0","0","0x0010"
"10930","2026-08-15T10:07:17.007920800-0500","69.754950900","192.168.0.178","192.168.0.186","25565","25858","3926212","42054","1460","0","0x0010"
"10931","2026-08-15T10:07:17.007931100-0500","69.754961200","192.168.0.186","192.168.0.178","25858","25565","42054","3927672","0","0","0x0010"
"10932","2026-08-15T10:07:17.008159900-0500","69.755190000","192.168.0.178","192.168.0.186","25565","25858","3927672","42054","1460","0","0x0010"
"10933","2026-08-15T10:07:17.008159900-0500","69.755190000","192.168.0.178","192.168.0.186","25565","25858","3929132","42054","1460","0","0x0010"
"10934","2026-08-15T10:07:17.008200400-0500","69.755230500","192.168.0.186","192.168.0.178","25858","25565","42054","3930592","0","0","0x0010"
"10935","2026-08-15T10:07:17.008269800-0500","69.755299900","192.168.0.178","192.168.0.186","25565","25858","3930592","42054","1460","0","0x0010"
"10936","2026-08-15T10:07:17.008498600-0500","69.755528700","192.168.0.178","192.168.0.186","25565","25858","3932052","42054","1460","0","0x0018"
"10937","2026-08-15T10:07:17.008538900-0500","69.755569000","192.168.0.186","192.168.0.178","25858","25565","42054","3933512","0","0","0x0010"
"10938","2026-08-15T10:07:17.008575600-0500","69.755605700","192.168.0.178","192.168.0.186","25565","25858","3933512","42054","1460","0","0x0010"
"10939","2026-08-15T10:07:17.008637900-0500","69.755668000","192.168.0.178","192.168.0.186","25565","25858","3934972","42054","1460","0","0x0010"
"10940","2026-08-15T10:07:17.008649000-0500","69.755679100","192.168.0.186","192.168.0.178","25858","25565","42054","3936432","0","0","0x0010"
"10941","2026-08-15T10:07:17.009053700-0500","69.756083800","192.168.0.178","192.168.0.186","25565","25858","3936432","42054","1460","0","0x0010"
"10942","2026-08-15T10:07:17.009053700-0500","69.756083800","192.168.0.178","192.168.0.186","25565","25858","3937892","42054","1460","0","0x0010"
"10943","2026-08-15T10:07:17.009053700-0500","69.756083800","192.168.0.178","192.168.0.186","25565","25858","3939352","42054","1460","0","0x0010"
"10944","2026-08-15T10:07:17.009053700-0500","69.756083800","192.168.0.178","192.168.0.186","25565","25858","3940812","42054","207","0","0x0018"
"10945","2026-08-15T10:07:17.009124300-0500","69.756154400","192.168.0.186","192.168.0.178","25858","25565","42054","3941019","0","0","0x0010"
"10946","2026-08-15T10:07:17.026492800-0500","69.773522900","192.168.0.186","192.168.0.178","25858","25565","42054","3941019","3","0","0x0018"
"10947","2026-08-15T10:07:17.056288800-0500","69.803318900","192.168.0.178","192.168.0.186","25565","25858","3941019","42057","1460","0","0x0010"
"10948","2026-08-15T10:07:17.056288800-0500","69.803318900","192.168.0.178","192.168.0.186","25565","25858","3942479","42057","1460","0","0x0010"
"10949","2026-08-15T10:07:17.056362700-0500","69.803392800","192.168.0.186","192.168.0.178","25858","25565","42057","3943939","0","0","0x0010"
"10950","2026-08-15T10:07:17.056413100-0500","69.803443200","192.168.0.178","192.168.0.186","25565","25858","3943939","42057","1460","0","0x0010"
"10951","2026-08-15T10:07:17.056546500-0500","69.803576600","192.168.0.178","192.168.0.186","25565","25858","3945399","42057","1460","0","0x0010"
"10952","2026-08-15T10:07:17.056560200-0500","69.803590300","192.168.0.186","192.168.0.178","25858","25565","42057","3946859","0","0","0x0010"
"10953","2026-08-15T10:07:17.056610900-0500","69.803641000","192.168.0.178","192.168.0.186","25565","25858","3946859","42057","1460","0","0x0010"
"10954","2026-08-15T10:07:17.056883900-0500","69.803914000","192.168.0.178","192.168.0.186","25565","25858","3948319","42057","1460","0","0x0010"
"10955","2026-08-15T10:07:17.056883900-0500","69.803914000","192.168.0.178","192.168.0.186","25565","25858","3949779","42057","1460","0","0x0010"
"10956","2026-08-15T10:07:17.056936000-0500","69.803966100","192.168.0.186","192.168.0.178","25858","25565","42057","3951239","0","0","0x0010"
"10957","2026-08-15T10:07:17.057015900-0500","69.804046000","192.168.0.178","192.168.0.186","25565","25858","3951239","42057","1460","0","0x0010"
"10958","2026-08-15T10:07:17.057031500-0500","69.804061600","192.168.0.186","192.168.0.178","25858","25565","42057","3952699","0","0","0x0010"
"10959","2026-08-15T10:07:17.057238100-0500","69.804268200","192.168.0.178","192.168.0.186","25565","25858","3952699","42057","1460","0","0x0010"
"10960","2026-08-15T10:07:17.057238100-0500","69.804268200","192.168.0.178","192.168.0.186","25565","25858","3954159","42057","1460","0","0x0018"
"10961","2026-08-15T10:07:17.057287300-0500","69.804317400","192.168.0.186","192.168.0.178","25858","25565","42057","3955619","0","0","0x0010"
"10962","2026-08-15T10:07:17.057354500-0500","69.804384600","192.168.0.178","192.168.0.186","25565","25858","3955619","42057","1460","0","0x0010"
"10963","2026-08-15T10:07:17.057624100-0500","69.804654200","192.168.0.178","192.168.0.186","25565","25858","3957079","42057","1460","0","0x0010"
"10964","2026-08-15T10:07:17.057624100-0500","69.804654200","192.168.0.178","192.168.0.186","25565","25858","3958539","42057","1460","0","0x0010"
"10965","2026-08-15T10:07:17.057677500-0500","69.804707600","192.168.0.186","192.168.0.178","25858","25565","42057","3959999","0","0","0x0010"
"10966","2026-08-15T10:07:17.057727300-0500","69.804757400","192.168.0.178","192.168.0.186","25565","25858","3959999","42057","1460","0","0x0010"
"10967","2026-08-15T10:07:17.057738300-0500","69.804768400","192.168.0.186","192.168.0.178","25858","25565","42057","3961459","0","0","0x0010"
"10968","2026-08-15T10:07:17.057781400-0500","69.804811500","192.168.0.178","192.168.0.186","25565","25858","3961459","42057","493","0","0x0018"
"10969","2026-08-15T10:07:17.076336600-0500","69.823366700","192.168.0.186","192.168.0.178","25858","25565","42057","3961952","3","0","0x0018"
"10970","2026-08-15T10:07:17.105349300-0500","69.852379400","192.168.0.178","192.168.0.186","25565","25858","3961952","42060","1184","0","0x0018"
"10971","2026-08-15T10:07:17.126364000-0500","69.873394100","192.168.0.186","192.168.0.178","25858","25565","42060","3963136","3","0","0x0018"
"10972","2026-08-15T10:07:17.154047300-0500","69.901077400","192.168.0.178","192.168.0.186","25565","25858","3963136","42063","474","0","0x0018"
"10973","2026-08-15T10:07:17.176275400-0500","69.923305500","192.168.0.186","192.168.0.178","25858","25565","42063","3963610","3","0","0x0018"
"10974","2026-08-15T10:07:17.203596400-0500","69.950626500","192.168.0.178","192.168.0.186","25565","25858","3963610","42066","290","0","0x0018"
"10975","2026-08-15T10:07:17.227825300-0500","69.974855400","192.168.0.186","192.168.0.178","25858","25565","42066","3963900","3","0","0x0018"
"10976","2026-08-15T10:07:17.253472800-0500","70.000502900","192.168.0.178","192.168.0.186","25565","25858","3963900","42069","117","0","0x0018"
"10977","2026-08-15T10:07:17.277863700-0500","70.024893800","192.168.0.186","192.168.0.178","25858","25565","42069","3964017","3","0","0x0018"
"10978","2026-08-15T10:07:17.310266200-0500","70.057296300","192.168.0.178","192.168.0.186","25565","25858","3964017","42072","173","0","0x0018"
"10979","2026-08-15T10:07:17.310534500-0500","70.057564600","192.168.0.186","192.168.0.178","25858","25565","42072","3964190","11","0","0x0018"
"10980","2026-08-15T10:07:17.326158200-0500","70.073188300","192.168.0.186","192.168.0.178","25858","25565","42083","3964190","28","0","0x0018"
"10981","2026-08-15T10:07:17.326646700-0500","70.073676800","192.168.0.186","192.168.0.178","25858","25565","42111","3964190","3","0","0x0018"
"10982","2026-08-15T10:07:17.326902800-0500","70.073932900","192.168.0.178","192.168.0.186","25565","25858","3964190","42111","0","0","0x0010"
"10983","2026-08-15T10:07:17.353617100-0500","70.100647200","192.168.0.178","192.168.0.186","25565","25858","3964190","42114","141","0","0x0018"
"10984","2026-08-15T10:07:17.377826200-0500","70.124856300","192.168.0.186","192.168.0.178","25858","25565","42114","3964331","3","0","0x0018"
"10985","2026-08-15T10:07:17.402833500-0500","70.149863600","192.168.0.178","192.168.0.186","25565","25858","3964331","42117","368","0","0x0018"
"10986","2026-08-15T10:07:17.427097900-0500","70.174128000","192.168.0.186","192.168.0.178","25858","25565","42117","3964699","3","0","0x0018"
"10987","2026-08-15T10:07:17.454549600-0500","70.201579700","192.168.0.178","192.168.0.186","25565","25858","3964699","42120","1460","0","0x0010"
"10988","2026-08-15T10:07:17.454549600-0500","70.201579700","192.168.0.178","192.168.0.186","25565","25858","3966159","42120","1460","0","0x0010"
"10989","2026-08-15T10:07:17.454549600-0500","70.201579700","192.168.0.178","192.168.0.186","25565","25858","3967619","42120","1460","0","0x0010"
"10990","2026-08-15T10:07:17.454549600-0500","70.201579700","192.168.0.178","192.168.0.186","25565","25858","3969079","42120","1460","0","0x0010"
"10991","2026-08-15T10:07:17.454549600-0500","70.201579700","192.168.0.178","192.168.0.186","25565","25858","3970539","42120","1460","0","0x0010"
"10992","2026-08-15T10:07:17.454549600-0500","70.201579700","192.168.0.178","192.168.0.186","25565","25858","3971999","42120","1460","0","0x0010"
"10993","2026-08-15T10:07:17.454549600-0500","70.201579700","192.168.0.178","192.168.0.186","25565","25858","3973459","42120","1460","0","0x0010"
"10994","2026-08-15T10:07:17.454549600-0500","70.201579700","192.168.0.178","192.168.0.186","25565","25858","3974919","42120","1460","0","0x0010"
"10995","2026-08-15T10:07:17.454549600-0500","70.201579700","192.168.0.178","192.168.0.186","25565","25858","3976379","42120","1380","0","0x0018"
"10996","2026-08-15T10:07:17.454615400-0500","70.201645500","192.168.0.186","192.168.0.178","25858","25565","42120","3977759","0","0","0x0010"
"10997","2026-08-15T10:07:17.477019600-0500","70.224049700","192.168.0.186","192.168.0.178","25858","25565","42120","3977759","3","0","0x0018"
"10998","2026-08-15T10:07:17.503208700-0500","70.250238800","192.168.0.178","192.168.0.186","25565","25858","3977759","42123","102","0","0x0018"
"10999","2026-08-15T10:07:17.528009300-0500","70.275039400","192.168.0.186","192.168.0.178","25858","25565","42123","3977861","3","0","0x0018"
"11000","2026-08-15T10:07:17.552286100-0500","70.299316200","192.168.0.178","192.168.0.186","25565","25858","3977861","42126","141","0","0x0018"
"11001","2026-08-15T10:07:17.577638900-0500","70.324669000","192.168.0.186","192.168.0.178","25858","25565","42126","3978002","3","0","0x0018"
"11002","2026-08-15T10:07:17.603456600-0500","70.350486700","192.168.0.178","192.168.0.186","25565","25858","3978002","42129","462","0","0x0018"
"11003","2026-08-15T10:07:17.627814900-0500","70.374845000","192.168.0.186","192.168.0.178","25858","25565","42129","3978464","3","0","0x0018"
"11004","2026-08-15T10:07:17.652021200-0500","70.399051300","192.168.0.178","192.168.0.186","25565","25858","3978464","42132","213","0","0x0018"
"11005","2026-08-15T10:07:17.677922700-0500","70.424952800","192.168.0.186","192.168.0.178","25858","25565","42132","3978677","3","0","0x0018"
"11006","2026-08-15T10:07:17.702529500-0500","70.449559600","192.168.0.178","192.168.0.186","25565","25858","3978677","42135","30","0","0x0018"
"11007","2026-08-15T10:07:17.728209900-0500","70.475240000","192.168.0.186","192.168.0.178","25858","25565","42135","3978707","3","0","0x0018"
"11008","2026-08-15T10:07:17.753891700-0500","70.500921800","192.168.0.178","192.168.0.186","25565","25858","3978707","42138","150","0","0x0018"
"11009","2026-08-15T10:07:17.777649800-0500","70.524679900","192.168.0.186","192.168.0.178","25858","25565","42138","3978857","3","0","0x0018"
"11010","2026-08-15T10:07:17.802565900-0500","70.549596000","192.168.0.178","192.168.0.186","25565","25858","3978857","42141","241","0","0x0018"
"11011","2026-08-15T10:07:17.827718200-0500","70.574748300","192.168.0.186","192.168.0.178","25858","25565","42141","3979098","3","0","0x0018"
"11012","2026-08-15T10:07:17.853943600-0500","70.600973700","192.168.0.178","192.168.0.186","25565","25858","3979098","42144","24","0","0x0018"
"11013","2026-08-15T10:07:17.877549300-0500","70.624579400","192.168.0.186","192.168.0.178","25858","25565","42144","3979122","3","0","0x0018"
"11014","2026-08-15T10:07:17.906068700-0500","70.653098800","192.168.0.178","192.168.0.186","25565","25858","3979122","42147","126","0","0x0018"
"11015","2026-08-15T10:07:17.927753000-0500","70.674783100","192.168.0.186","192.168.0.178","25858","25565","42147","3979248","3","0","0x0018"
"11016","2026-08-15T10:07:17.953431400-0500","70.700461500","192.168.0.178","192.168.0.186","25565","25858","3979248","42150","117","0","0x0018"
"11017","2026-08-15T10:07:17.977779300-0500","70.724809400","192.168.0.186","192.168.0.178","25858","25565","42150","3979365","3","0","0x0018"
"11018","2026-08-15T10:07:18.002785800-0500","70.749815900","192.168.0.178","192.168.0.186","25565","25858","3979365","42153","77","0","0x0018"
"11019","2026-08-15T10:07:18.027987000-0500","70.775017100","192.168.0.186","192.168.0.178","25858","25565","42153","3979442","3","0","0x0018"
"11020","2026-08-15T10:07:18.052845400-0500","70.799875500","192.168.0.178","192.168.0.186","25565","25858","3979442","42156","173","0","0x0018"
"11021","2026-08-15T10:07:18.077634600-0500","70.824664700","192.168.0.186","192.168.0.178","25858","25565","42156","3979615","3","0","0x0018"
"11022","2026-08-15T10:07:18.102429300-0500","70.849459400","192.168.0.178","192.168.0.186","25565","25858","3979615","42159","80","0","0x0018"
"11023","2026-08-15T10:07:18.126745500-0500","70.873775600","192.168.0.186","192.168.0.178","25858","25565","42159","3979695","3","0","0x0018"
"11024","2026-08-15T10:07:18.160955800-0500","70.907985900","192.168.0.178","192.168.0.186","25565","25858","3979695","42162","34","0","0x0018"
"11025","2026-08-15T10:07:18.177849900-0500","70.924880000","192.168.0.186","192.168.0.178","25858","25565","42162","3979729","3","0","0x0018"
"11026","2026-08-15T10:07:18.201793300-0500","70.948823400","192.168.0.178","192.168.0.186","25565","25858","3979729","42165","60","0","0x0018"
"11027","2026-08-15T10:07:18.228084200-0500","70.975114300","192.168.0.186","192.168.0.178","25858","25565","42165","3979789","3","0","0x0018"
"11028","2026-08-15T10:07:18.251929500-0500","70.998959600","192.168.0.178","192.168.0.186","25565","25858","3979789","42168","144","0","0x0018"
"11029","2026-08-15T10:07:18.277677900-0500","71.024708000","192.168.0.186","192.168.0.178","25858","25565","42168","3979933","3","0","0x0018"
"11030","2026-08-15T10:07:18.302435200-0500","71.049465300","192.168.0.178","192.168.0.186","25565","25858","3979933","42171","235","0","0x0018"
"11031","2026-08-15T10:07:18.327390400-0500","71.074420500","192.168.0.186","192.168.0.178","25858","25565","42171","3980168","28","0","0x0018"
"11032","2026-08-15T10:07:18.328330900-0500","71.075361000","192.168.0.186","192.168.0.178","25858","25565","42199","3980168","3","0","0x0018"
"11033","2026-08-15T10:07:18.329032100-0500","71.076062200","192.168.0.178","192.168.0.186","25565","25858","3980168","42202","0","0","0x0010"
"11034","2026-08-15T10:07:18.352764700-0500","71.099794800","192.168.0.178","192.168.0.186","25565","25858","3980168","42202","71","0","0x0018"
"11035","2026-08-15T10:07:18.352966800-0500","71.099996900","192.168.0.186","192.168.0.178","25858","25565","42202","3980239","11","0","0x0018"
"11036","2026-08-15T10:07:18.376955700-0500","71.123985800","192.168.0.186","192.168.0.178","25858","25565","42213","3980239","3","0","0x0018"
"11037","2026-08-15T10:07:18.377713600-0500","71.124743700","192.168.0.178","192.168.0.186","25565","25858","3980239","42216","0","0","0x0010"
"11038","2026-08-15T10:07:18.403053000-0500","71.150083100","192.168.0.178","192.168.0.186","25565","25858","3980239","42216","80","0","0x0018"
"11039","2026-08-15T10:07:18.427861100-0500","71.174891200","192.168.0.186","192.168.0.178","25858","25565","42216","3980319","3","0","0x0018"
"11040","2026-08-15T10:07:18.452420600-0500","71.199450700","192.168.0.178","192.168.0.186","25565","25858","3980319","42219","40","0","0x0018"
"11041","2026-08-15T10:07:18.477677300-0500","71.224707400","192.168.0.186","192.168.0.178","25858","25565","42219","3980359","3","0","0x0018"
"11042","2026-08-15T10:07:18.503450200-0500","71.250480300","192.168.0.178","192.168.0.186","25565","25858","3980359","42222","342","0","0x0018"
"11043","2026-08-15T10:07:18.527759700-0500","71.274789800","192.168.0.186","192.168.0.178","25858","25565","42222","3980701","3","0","0x0018"
"11044","2026-08-15T10:07:18.552614300-0500","71.299644400","192.168.0.178","192.168.0.186","25565","25858","3980701","42225","1206","0","0x0018"
"11045","2026-08-15T10:07:18.577867100-0500","71.324897200","192.168.0.186","192.168.0.178","25858","25565","42225","3981907","3","0","0x0018"
"11046","2026-08-15T10:07:18.602100600-0500","71.349130700","192.168.0.178","192.168.0.186","25565","25858","3981907","42228","40","0","0x0018"
"11047","2026-08-15T10:07:18.627892400-0500","71.374922500","192.168.0.186","192.168.0.178","25858","25565","42228","3981947","3","0","0x0018"
"11048","2026-08-15T10:07:18.652124900-0500","71.399155000","192.168.0.178","192.168.0.186","25565","25858","3981947","42231","128","0","0x0018"
"11049","2026-08-15T10:07:18.677906400-0500","71.424936500","192.168.0.186","192.168.0.178","25858","25565","42231","3982075","3","0","0x0018"
"11050","2026-08-15T10:07:18.703787600-0500","71.450817700","192.168.0.178","192.168.0.186","25565","25858","3982075","42234","78","0","0x0018"
"11051","2026-08-15T10:07:18.727952400-0500","71.474982500","192.168.0.186","192.168.0.178","25858","25565","42234","3982153","3","0","0x0018"
"11052","2026-08-15T10:07:18.756631600-0500","71.503661700","192.168.0.178","192.168.0.186","25565","25858","3982153","42237","101","0","0x0018"
"11053","2026-08-15T10:07:18.777661300-0500","71.524691400","192.168.0.186","192.168.0.178","25858","25565","42237","3982254","3","0","0x0018"
"11054","2026-08-15T10:07:18.804689500-0500","71.551719600","192.168.0.178","192.168.0.186","25565","25858","3982254","42240","417","0","0x0018"
"11055","2026-08-15T10:07:18.827843200-0500","71.574873300","192.168.0.186","192.168.0.178","25858","25565","42240","3982671","3","0","0x0018"
"11056","2026-08-15T10:07:18.855707900-0500","71.602738000","192.168.0.178","192.168.0.186","25565","25858","3982671","42243","78","0","0x0018"
"11057","2026-08-15T10:07:18.877721900-0500","71.624752000","192.168.0.186","192.168.0.178","25858","25565","42243","3982749","3","0","0x0018"
"11058","2026-08-15T10:07:18.902921100-0500","71.649951200","192.168.0.178","192.168.0.186","25565","25858","3982749","42246","82","0","0x0018"
"11059","2026-08-15T10:07:18.927561500-0500","71.674591600","192.168.0.186","192.168.0.178","25858","25565","42246","3982831","3","0","0x0018"
"11060","2026-08-15T10:07:18.955885100-0500","71.702915200","192.168.0.178","192.168.0.186","25565","25858","3982831","42249","738","0","0x0018"
"11061","2026-08-15T10:07:18.976184200-0500","71.723214300","192.168.0.186","192.168.0.178","25858","25565","42249","3983569","3","0","0x0018"
"11062","2026-08-15T10:07:19.003606500-0500","71.750636600","192.168.0.178","192.168.0.186","25565","25858","3983569","42252","241","0","0x0018"
"11063","2026-08-15T10:07:19.027985200-0500","71.775015300","192.168.0.186","192.168.0.178","25858","25565","42252","3983810","3","0","0x0018"
"11064","2026-08-15T10:07:19.055486400-0500","71.802516500","192.168.0.178","192.168.0.186","25565","25858","3983810","42255","285","0","0x0018"
"11065","2026-08-15T10:07:19.077990700-0500","71.825020800","192.168.0.186","192.168.0.178","25858","25565","42255","3984095","3","0","0x0018"
"11066","2026-08-15T10:07:19.109231300-0500","71.856261400","192.168.0.178","192.168.0.186","25565","25858","3984095","42258","80","0","0x0018"
"11067","2026-08-15T10:07:19.127952600-0500","71.874982700","192.168.0.186","192.168.0.178","25858","25565","42258","3984175","3","0","0x0018"
"11068","2026-08-15T10:07:19.161498800-0500","71.908528900","192.168.0.178","192.168.0.186","25565","25858","3984175","42261","74","0","0x0018"
"11069","2026-08-15T10:07:19.177209900-0500","71.924240000","192.168.0.186","192.168.0.178","25858","25565","42261","3984249","3","0","0x0018"
"11070","2026-08-15T10:07:19.208938200-0500","71.955968300","192.168.0.178","192.168.0.186","25565","25858","3984249","42264","20","0","0x0018"
"11071","2026-08-15T10:07:19.227828600-0500","71.974858700","192.168.0.186","192.168.0.178","25858","25565","42264","3984269","3","0","0x0018"
"11072","2026-08-15T10:07:19.262989900-0500","72.010020000","192.168.0.178","192.168.0.186","25565","25858","3984269","42267","152","0","0x0018"
"11073","2026-08-15T10:07:19.277800000-0500","72.024830100","192.168.0.186","192.168.0.178","25858","25565","42267","3984421","3","0","0x0018"
"11074","2026-08-15T10:07:19.305426800-0500","72.052456900","192.168.0.178","192.168.0.186","25565","25858","3984421","42270","417","0","0x0018"
"11075","2026-08-15T10:07:19.326916900-0500","72.073947000","192.168.0.186","192.168.0.178","25858","25565","42270","3984838","28","0","0x0018"
"11076","2026-08-15T10:07:19.327772300-0500","72.074802400","192.168.0.186","192.168.0.178","25858","25565","42298","3984838","3","0","0x0018"
"11077","2026-08-15T10:07:19.328492500-0500","72.075522600","192.168.0.178","192.168.0.186","25565","25858","3984838","42301","0","0","0x0010"
"11078","2026-08-15T10:07:19.361933600-0500","72.108963700","192.168.0.178","192.168.0.186","25565","25858","3984838","42301","31","0","0x0018"
"11079","2026-08-15T10:07:19.362168500-0500","72.109198600","192.168.0.186","192.168.0.178","25858","25565","42301","3984869","11","0","0x0018"
"11080","2026-08-15T10:07:19.377801800-0500","72.124831900","192.168.0.186","192.168.0.178","25858","25565","42312","3984869","3","0","0x0018"
"11081","2026-08-15T10:07:19.378639600-0500","72.125669700","192.168.0.178","192.168.0.186","25565","25858","3984869","42315","0","0","0x0010"
"11082","2026-08-15T10:07:19.403589800-0500","72.150619900","192.168.0.178","192.168.0.186","25565","25858","3984869","42315","80","0","0x0018"
"11083","2026-08-15T10:07:19.427628200-0500","72.174658300","192.168.0.186","192.168.0.178","25858","25565","42315","3984949","3","0","0x0018"
"11084","2026-08-15T10:07:19.457914800-0500","72.204944900","192.168.0.178","192.168.0.186","25565","25858","3984949","42318","80","0","0x0018"
"11085","2026-08-15T10:07:19.477706300-0500","72.224736400","192.168.0.186","192.168.0.178","25858","25565","42318","3985029","3","0","0x0018"
"11086","2026-08-15T10:07:19.504966600-0500","72.251996700","192.168.0.178","192.168.0.186","25565","25858","3985029","42321","44","0","0x0018"
"11087","2026-08-15T10:07:19.528217000-0500","72.275247100","192.168.0.186","192.168.0.178","25858","25565","42321","3985073","3","0","0x0018"
"11088","2026-08-15T10:07:19.555047300-0500","72.302077400","192.168.0.178","192.168.0.186","25565","25858","3985073","42324","285","0","0x0018"
"11089","2026-08-15T10:07:19.577671500-0500","72.324701600","192.168.0.186","192.168.0.178","25858","25565","42324","3985358","3","0","0x0018"
"11090","2026-08-15T10:07:19.605685900-0500","72.352716000","192.168.0.178","192.168.0.186","25565","25858","3985358","42327","80","0","0x0018"
"11091","2026-08-15T10:07:19.627915300-0500","72.374945400","192.168.0.186","192.168.0.178","25858","25565","42327","3985438","3","0","0x0018"
"11092","2026-08-15T10:07:19.659774300-0500","72.406804400","192.168.0.178","192.168.0.186","25565","25858","3985438","42330","1460","0","0x0010"
"11093","2026-08-15T10:07:19.659774300-0500","72.406804400","192.168.0.178","192.168.0.186","25565","25858","3986898","42330","1460","0","0x0010"
"11094","2026-08-15T10:07:19.659815900-0500","72.406846000","192.168.0.186","192.168.0.178","25858","25565","42330","3988358","0","0","0x0010"
"11095","2026-08-15T10:07:19.660033300-0500","72.407063400","192.168.0.178","192.168.0.186","25565","25858","3988358","42330","1460","0","0x0010"
"11096","2026-08-15T10:07:19.660033300-0500","72.407063400","192.168.0.178","192.168.0.186","25565","25858","3989818","42330","1460","0","0x0010"
"11097","2026-08-15T10:07:19.660055600-0500","72.407085700","192.168.0.186","192.168.0.178","25858","25565","42330","3991278","0","0","0x0010"
"11098","2026-08-15T10:07:19.660263200-0500","72.407293300","192.168.0.178","192.168.0.186","25565","25858","3991278","42330","1460","0","0x0010"
"11099","2026-08-15T10:07:19.660263200-0500","72.407293300","192.168.0.178","192.168.0.186","25565","25858","3992738","42330","1460","0","0x0010"
"11100","2026-08-15T10:07:19.660284400-0500","72.407314500","192.168.0.186","192.168.0.178","25858","25565","42330","3994198","0","0","0x0010"
"11101","2026-08-15T10:07:19.660501700-0500","72.407531800","192.168.0.178","192.168.0.186","25565","25858","3994198","42330","1460","0","0x0010"
"11102","2026-08-15T10:07:19.660501700-0500","72.407531800","192.168.0.178","192.168.0.186","25565","25858","3995658","42330","1460","0","0x0010"
"11103","2026-08-15T10:07:19.660522400-0500","72.407552500","192.168.0.186","192.168.0.178","25858","25565","42330","3997118","0","0","0x0010"
"11104","2026-08-15T10:07:19.660736200-0500","72.407766300","192.168.0.178","192.168.0.186","25565","25858","3997118","42330","1460","0","0x0010"
"11105","2026-08-15T10:07:19.660804200-0500","72.407834300","192.168.0.178","192.168.0.186","25565","25858","3998578","42330","1460","0","0x0018"
"11106","2026-08-15T10:07:19.660812500-0500","72.407842600","192.168.0.186","192.168.0.178","25858","25565","42330","4000038","0","0","0x0010"
"11107","2026-08-15T10:07:19.660870600-0500","72.407900700","192.168.0.178","192.168.0.186","25565","25858","4000038","42330","1460","0","0x0010"
"11108","2026-08-15T10:07:19.661122500-0500","72.408152600","192.168.0.178","192.168.0.186","25565","25858","4001498","42330","1460","0","0x0010"
"11109","2026-08-15T10:07:19.661122500-0500","72.408152600","192.168.0.178","192.168.0.186","25565","25858","4002958","42330","1460","0","0x0010"
"11110","2026-08-15T10:07:19.661142300-0500","72.408172400","192.168.0.186","192.168.0.178","25858","25565","42330","4004418","0","0","0x0010"
"11111","2026-08-15T10:07:19.661411800-0500","72.408441900","192.168.0.178","192.168.0.186","25565","25858","4004418","42330","1460","0","0x0010"
"11112","2026-08-15T10:07:19.661411800-0500","72.408441900","192.168.0.178","192.168.0.186","25565","25858","4005878","42330","263","0","0x0018"
"11113","2026-08-15T10:07:19.661430900-0500","72.408461000","192.168.0.186","192.168.0.178","25858","25565","42330","4006141","0","0","0x0010"
"11114","2026-08-15T10:07:19.676821300-0500","72.423851400","192.168.0.186","192.168.0.178","25858","25565","42330","4006141","3","0","0x0018"
"11115","2026-08-15T10:07:19.707447900-0500","72.454478000","192.168.0.178","192.168.0.186","25565","25858","4006141","42333","1460","0","0x0010"
"11116","2026-08-15T10:07:19.707447900-0500","72.454478000","192.168.0.178","192.168.0.186","25565","25858","4007601","42333","1460","0","0x0010"
"11117","2026-08-15T10:07:19.707503800-0500","72.454533900","192.168.0.186","192.168.0.178","25858","25565","42333","4009061","0","0","0x0010"
"11118","2026-08-15T10:07:19.707560600-0500","72.454590700","192.168.0.178","192.168.0.186","25565","25858","4009061","42333","1460","0","0x0010"
"11119","2026-08-15T10:07:19.707804900-0500","72.454835000","192.168.0.178","192.168.0.186","25565","25858","4010521","42333","1460","0","0x0010"
"11120","2026-08-15T10:07:19.707804900-0500","72.454835000","192.168.0.178","192.168.0.186","25565","25858","4011981","42333","1460","0","0x0010"
"11121","2026-08-15T10:07:19.707841400-0500","72.454871500","192.168.0.186","192.168.0.178","25858","25565","42333","4013441","0","0","0x0010"
"11122","2026-08-15T10:07:19.708053100-0500","72.455083200","192.168.0.178","192.168.0.186","25565","25858","4013441","42333","1460","0","0x0010"
"11123","2026-08-15T10:07:19.708053100-0500","72.455083200","192.168.0.178","192.168.0.186","25565","25858","4014901","42333","1460","0","0x0010"
"11124","2026-08-15T10:07:19.708087700-0500","72.455117800","192.168.0.186","192.168.0.178","25858","25565","42333","4016361","0","0","0x0010"
"11125","2026-08-15T10:07:19.708153700-0500","72.455183800","192.168.0.178","192.168.0.186","25565","25858","4016361","42333","1460","0","0x0010"
"11126","2026-08-15T10:07:19.708169800-0500","72.455199900","192.168.0.186","192.168.0.178","25858","25565","42333","4017821","0","0","0x0010"
"11127","2026-08-15T10:07:19.708378300-0500","72.455408400","192.168.0.178","192.168.0.186","25565","25858","4017821","42333","1460","0","0x0010"
"11128","2026-08-15T10:07:19.708438600-0500","72.455468700","192.168.0.178","192.168.0.186","25565","25858","4019281","42333","1460","0","0x0018"
"11129","2026-08-15T10:07:19.708457200-0500","72.455487300","192.168.0.186","192.168.0.178","25858","25565","42333","4020741","0","0","0x0010"
"11130","2026-08-15T10:07:19.708842300-0500","72.455872400","192.168.0.178","192.168.0.186","25565","25858","4020741","42333","1460","0","0x0010"
"11131","2026-08-15T10:07:19.708842300-0500","72.455872400","192.168.0.178","192.168.0.186","25565","25858","4022201","42333","1460","0","0x0010"
"11132","2026-08-15T10:07:19.708842300-0500","72.455872400","192.168.0.178","192.168.0.186","25565","25858","4023661","42333","1460","0","0x0010"
"11133","2026-08-15T10:07:19.708893200-0500","72.455923300","192.168.0.186","192.168.0.178","25858","25565","42333","4025121","0","0","0x0010"
"11134","2026-08-15T10:07:19.708963100-0500","72.455993200","192.168.0.178","192.168.0.186","25565","25858","4025121","42333","1460","0","0x0010"
"11135","2026-08-15T10:07:19.708981700-0500","72.456011800","192.168.0.186","192.168.0.178","25858","25565","42333","4026581","0","0","0x0010"
"11136","2026-08-15T10:07:19.709211700-0500","72.456241800","192.168.0.178","192.168.0.186","25565","25858","4026581","42333","1460","0","0x0010"
"11137","2026-08-15T10:07:19.709211700-0500","72.456241800","192.168.0.178","192.168.0.186","25565","25858","4028041","42333","1460","0","0x0010"
"11138","2026-08-15T10:07:19.709254700-0500","72.456284800","192.168.0.186","192.168.0.178","25858","25565","42333","4029501","0","0","0x0010"
"11139","2026-08-15T10:07:19.709311800-0500","72.456341900","192.168.0.178","192.168.0.186","25565","25858","4029501","42333","1460","0","0x0010"
"11140","2026-08-15T10:07:19.709566500-0500","72.456596600","192.168.0.178","192.168.0.186","25565","25858","4030961","42333","1460","0","0x0010"
"11141","2026-08-15T10:07:19.709566500-0500","72.456596600","192.168.0.178","192.168.0.186","25565","25858","4032421","42333","1460","0","0x0010"
"11142","2026-08-15T10:07:19.709610400-0500","72.456640500","192.168.0.186","192.168.0.178","25858","25565","42333","4033881","0","0","0x0010"
"11143","2026-08-15T10:07:19.709657500-0500","72.456687600","192.168.0.178","192.168.0.186","25565","25858","4033881","42333","869","0","0x0018"
"11144","2026-08-15T10:07:19.709667400-0500","72.456697500","192.168.0.186","192.168.0.178","25858","25565","42333","4034750","0","0","0x0010"
"11145","2026-08-15T10:07:19.726957000-0500","72.473987100","192.168.0.186","192.168.0.178","25858","25565","42333","4034750","3","0","0x0018"
"11146","2026-08-15T10:07:19.755796700-0500","72.502826800","192.168.0.178","192.168.0.186","25565","25858","4034750","42336","1460","0","0x0010"
"11147","2026-08-15T10:07:19.755796700-0500","72.502826800","192.168.0.178","192.168.0.186","25565","25858","4036210","42336","1460","0","0x0010"
"11148","2026-08-15T10:07:19.755842200-0500","72.502872300","192.168.0.186","192.168.0.178","25858","25565","42336","4037670","0","0","0x0010"
"11149","2026-08-15T10:07:19.755897200-0500","72.502927300","192.168.0.178","192.168.0.186","25565","25858","4037670","42336","1460","0","0x0010"
"11150","2026-08-15T10:07:19.756031700-0500","72.503061800","192.168.0.178","192.168.0.186","25565","25858","4039130","42336","1460","0","0x0010"
"11151","2026-08-15T10:07:19.756048300-0500","72.503078400","192.168.0.186","192.168.0.178","25858","25565","42336","4040590","0","0","0x0010"
"11152","2026-08-15T10:07:19.756245700-0500","72.503275800","192.168.0.178","192.168.0.186","25565","25858","4040590","42336","1460","0","0x0010"
"11153","2026-08-15T10:07:19.756245700-0500","72.503275800","192.168.0.178","192.168.0.186","25565","25858","4042050","42336","1460","0","0x0010"
"11154","2026-08-15T10:07:19.756264100-0500","72.503294200","192.168.0.186","192.168.0.178","25858","25565","42336","4043510","0","0","0x0010"
"11155","2026-08-15T10:07:19.756475000-0500","72.503505100","192.168.0.178","192.168.0.186","25565","25858","4043510","42336","1460","0","0x0010"
"11156","2026-08-15T10:07:19.756540400-0500","72.503570500","192.168.0.178","192.168.0.186","25565","25858","4044970","42336","1460","0","0x0010"
"11157","2026-08-15T10:07:19.756547900-0500","72.503578000","192.168.0.186","192.168.0.178","25858","25565","42336","4046430","0","0","0x0010"
"11158","2026-08-15T10:07:19.756627700-0500","72.503657800","192.168.0.178","192.168.0.186","25565","25858","4046430","42336","1460","0","0x0010"
"11159","2026-08-15T10:07:19.756861300-0500","72.503891400","192.168.0.178","192.168.0.186","25565","25858","4047890","42336","1460","0","0x0018"
"11160","2026-08-15T10:07:19.756861300-0500","72.503891400","192.168.0.178","192.168.0.186","25565","25858","4049350","42336","1460","0","0x0010"
"11161","2026-08-15T10:07:19.756883200-0500","72.503913300","192.168.0.186","192.168.0.178","25858","25565","42336","4050810","0","0","0x0010"
"11162","2026-08-15T10:07:19.757104200-0500","72.504134300","192.168.0.178","192.168.0.186","25565","25858","4050810","42336","1460","0","0x0010"
"11163","2026-08-15T10:07:19.757104200-0500","72.504134300","192.168.0.178","192.168.0.186","25565","25858","4052270","42336","1460","0","0x0010"
"11164","2026-08-15T10:07:19.757119500-0500","72.504149600","192.168.0.186","192.168.0.178","25858","25565","42336","4053730","0","0","0x0010"
"11165","2026-08-15T10:07:19.757330400-0500","72.504360500","192.168.0.178","192.168.0.186","25565","25858","4053730","42336","1460","0","0x0010"
"11166","2026-08-15T10:07:19.757347800-0500","72.504377900","192.168.0.186","192.168.0.178","25858","25565","42336","4055190","0","0","0x0010"
"11167","2026-08-15T10:07:19.757383200-0500","72.504413300","192.168.0.178","192.168.0.186","25565","25858","4055190","42336","1460","0","0x0010"
"11168","2026-08-15T10:07:19.757497900-0500","72.504528000","192.168.0.178","192.168.0.186","25565","25858","4056650","42336","1460","0","0x0010"
"11169","2026-08-15T10:07:19.757514700-0500","72.504544800","192.168.0.186","192.168.0.178","25858","25565","42336","4058110","0","0","0x0010"
"11170","2026-08-15T10:07:19.757706200-0500","72.504736300","192.168.0.178","192.168.0.186","25565","25858","4058110","42336","1460","0","0x0010"
"11171","2026-08-15T10:07:19.757771700-0500","72.504801800","192.168.0.178","192.168.0.186","25565","25858","4059570","42336","1460","0","0x0010"
"11172","2026-08-15T10:07:19.757776700-0500","72.504806800","192.168.0.186","192.168.0.178","25858","25565","42336","4061030","0","0","0x0010"
"11173","2026-08-15T10:07:19.757887100-0500","72.504917200","192.168.0.178","192.168.0.186","25565","25858","4061030","42336","1460","0","0x0010"
"11174","2026-08-15T10:07:19.757997300-0500","72.505027400","192.168.0.178","192.168.0.186","25565","25858","4062490","42336","1460","0","0x0018"
"11175","2026-08-15T10:07:19.758003200-0500","72.505033300","192.168.0.186","192.168.0.178","25858","25565","42336","4063950","0","0","0x0010"
"11176","2026-08-15T10:07:19.758119300-0500","72.505149400","192.168.0.178","192.168.0.186","25565","25858","4063950","42336","1460","0","0x0010"
"11177","2026-08-15T10:07:19.758376600-0500","72.505406700","192.168.0.178","192.168.0.186","25565","25858","4065410","42336","1460","0","0x0010"
"11178","2026-08-15T10:07:19.758376600-0500","72.505406700","192.168.0.178","192.168.0.186","25565","25858","4066870","42336","50","0","0x0018"
"11179","2026-08-15T10:07:19.758384300-0500","72.505414400","192.168.0.186","192.168.0.178","25858","25565","42336","4066920","0","0","0x0010"
"11180","2026-08-15T10:07:19.776945400-0500","72.523975500","192.168.0.186","192.168.0.178","25858","25565","42336","4066920","3","0","0x0018"
"11181","2026-08-15T10:07:19.805618700-0500","72.552648800","192.168.0.178","192.168.0.186","25565","25858","4066920","42339","1460","0","0x0010"
"11182","2026-08-15T10:07:19.805618700-0500","72.552648800","192.168.0.178","192.168.0.186","25565","25858","4068380","42339","1460","0","0x0010"
"11183","2026-08-15T10:07:19.805665500-0500","72.552695600","192.168.0.186","192.168.0.178","25858","25565","42339","4069840","0","0","0x0010"
"11184","2026-08-15T10:07:19.805703800-0500","72.552733900","192.168.0.178","192.168.0.186","25565","25858","4069840","42339","1460","0","0x0010"
"11185","2026-08-15T10:07:19.805838200-0500","72.552868300","192.168.0.178","192.168.0.186","25565","25858","4071300","42339","1460","0","0x0010"
"11186","2026-08-15T10:07:19.805855500-0500","72.552885600","192.168.0.186","192.168.0.178","25858","25565","42339","4072760","0","0","0x0010"
"11187","2026-08-15T10:07:19.806037100-0500","72.553067200","192.168.0.178","192.168.0.186","25565","25858","4072760","42339","1460","0","0x0010"
"11188","2026-08-15T10:07:19.806103200-0500","72.553133300","192.168.0.178","192.168.0.186","25565","25858","4074220","42339","1460","0","0x0010"
"11189","2026-08-15T10:07:19.806110300-0500","72.553140400","192.168.0.186","192.168.0.178","25858","25565","42339","4075680","0","0","0x0010"
"11190","2026-08-15T10:07:19.806169500-0500","72.553199600","192.168.0.178","192.168.0.186","25565","25858","4075680","42339","1460","0","0x0010"
"11191","2026-08-15T10:07:19.806417800-0500","72.553447900","192.168.0.178","192.168.0.186","25565","25858","4077140","42339","1460","0","0x0010"
"11192","2026-08-15T10:07:19.806417800-0500","72.553447900","192.168.0.178","192.168.0.186","25565","25858","4078600","42339","1460","0","0x0010"
"11193","2026-08-15T10:07:19.806435500-0500","72.553465600","192.168.0.186","192.168.0.178","25858","25565","42339","4080060","0","0","0x0010"
"11194","2026-08-15T10:07:19.806646800-0500","72.553676900","192.168.0.178","192.168.0.186","25565","25858","4080060","42339","1460","0","0x0010"
"11195","2026-08-15T10:07:19.806663700-0500","72.553693800","192.168.0.186","192.168.0.178","25858","25565","42339","4081520","0","0","0x0010"
"11196","2026-08-15T10:07:19.806695600-0500","72.553725700","192.168.0.178","192.168.0.186","25565","25858","4081520","42339","1460","0","0x0018"
"11197","2026-08-15T10:07:19.806810000-0500","72.553840100","192.168.0.178","192.168.0.186","25565","25858","4082980","42339","1460","0","0x0010"
"11198","2026-08-15T10:07:19.806815100-0500","72.553845200","192.168.0.186","192.168.0.178","25858","25565","42339","4084440","0","0","0x0010"
"11199","2026-08-15T10:07:19.807058600-0500","72.554088700","192.168.0.178","192.168.0.186","25565","25858","4084440","42339","1460","0","0x0010"
"11200","2026-08-15T10:07:19.807058600-0500","72.554088700","192.168.0.178","192.168.0.186","25565","25858","4085900","42339","1460","0","0x0010"
"11201","2026-08-15T10:07:19.807076700-0500","72.554106800","192.168.0.186","192.168.0.178","25858","25565","42339","4087360","0","0","0x0010"
"11202","2026-08-15T10:07:19.807280500-0500","72.554310600","192.168.0.178","192.168.0.186","25565","25858","4087360","42339","1460","0","0x0010"
"11203","2026-08-15T10:07:19.807280500-0500","72.554310600","192.168.0.178","192.168.0.186","25565","25858","4088820","42339","1460","0","0x0010"
"11204","2026-08-15T10:07:19.807297800-0500","72.554327900","192.168.0.186","192.168.0.178","25858","25565","42339","4090280","0","0","0x0010"
"11205","2026-08-15T10:07:19.807503100-0500","72.554533200","192.168.0.178","192.168.0.186","25565","25858","4090280","42339","1460","0","0x0010"
"11206","2026-08-15T10:07:19.807503100-0500","72.554533200","192.168.0.178","192.168.0.186","25565","25858","4091740","42339","1072","0","0x0018"
"11207","2026-08-15T10:07:19.807524300-0500","72.554554400","192.168.0.186","192.168.0.178","25858","25565","42339","4092812","0","0","0x0010"
"11208","2026-08-15T10:07:19.826566100-0500","72.573596200","192.168.0.186","192.168.0.178","25858","25565","42339","4092812","3","0","0x0018"
"11209","2026-08-15T10:07:19.859216500-0500","72.606246600","192.168.0.178","192.168.0.186","25565","25858","4092812","42342","1460","0","0x0010"
"11210","2026-08-15T10:07:19.859216500-0500","72.606246600","192.168.0.178","192.168.0.186","25565","25858","4094272","42342","1460","0","0x0010"
"11211","2026-08-15T10:07:19.859272000-0500","72.606302100","192.168.0.186","192.168.0.178","25858","25565","42342","4095732","0","0","0x0010"
"11212","2026-08-15T10:07:19.859313100-0500","72.606343200","192.168.0.178","192.168.0.186","25565","25858","4095732","42342","1460","0","0x0010"
"11213","2026-08-15T10:07:19.859543100-0500","72.606573200","192.168.0.178","192.168.0.186","25565","25858","4097192","42342","1460","0","0x0010"
"11214","2026-08-15T10:07:19.859543100-0500","72.606573200","192.168.0.178","192.168.0.186","25565","25858","4098652","42342","1460","0","0x0010"
"11215","2026-08-15T10:07:19.859564900-0500","72.606595000","192.168.0.186","192.168.0.178","25858","25565","42342","4100112","0","0","0x0010"
"11216","2026-08-15T10:07:19.859791400-0500","72.606821500","192.168.0.178","192.168.0.186","25565","25858","4100112","42342","1460","0","0x0010"
"11217","2026-08-15T10:07:19.859791400-0500","72.606821500","192.168.0.178","192.168.0.186","25565","25858","4101572","42342","1460","0","0x0010"
"11218","2026-08-15T10:07:19.859810600-0500","72.606840700","192.168.0.186","192.168.0.178","25858","25565","42342","4103032","0","0","0x0010"
"11219","2026-08-15T10:07:19.860044000-0500","72.607074100","192.168.0.178","192.168.0.186","25565","25858","4103032","42342","1460","0","0x0010"
"11220","2026-08-15T10:07:19.860044000-0500","72.607074100","192.168.0.178","192.168.0.186","25565","25858","4104492","42342","1460","0","0x0010"
"11221","2026-08-15T10:07:19.860063300-0500","72.607093400","192.168.0.186","192.168.0.178","25858","25565","42342","4105952","0","0","0x0010"
"11222","2026-08-15T10:07:19.860289300-0500","72.607319400","192.168.0.178","192.168.0.186","25565","25858","4105952","42342","1460","0","0x0010"
"11223","2026-08-15T10:07:19.860289300-0500","72.607319400","192.168.0.178","192.168.0.186","25565","25858","4107412","42342","1460","0","0x0018"
"11224","2026-08-15T10:07:19.860308400-0500","72.607338500","192.168.0.186","192.168.0.178","25858","25565","42342","4108872","0","0","0x0010"
"11225","2026-08-15T10:07:19.860528300-0500","72.607558400","192.168.0.178","192.168.0.186","25565","25858","4108872","42342","1460","0","0x0010"
"11226","2026-08-15T10:07:19.860528300-0500","72.607558400","192.168.0.178","192.168.0.186","25565","25858","4110332","42342","1460","0","0x0010"
"11227","2026-08-15T10:07:19.860547600-0500","72.607577700","192.168.0.186","192.168.0.178","25858","25565","42342","4111792","0","0","0x0010"
"11228","2026-08-15T10:07:19.860761600-0500","72.607791700","192.168.0.178","192.168.0.186","25565","25858","4111792","42342","1460","0","0x0010"
"11229","2026-08-15T10:07:19.860761600-0500","72.607791700","192.168.0.178","192.168.0.186","25565","25858","4113252","42342","1460","0","0x0010"
"11230","2026-08-15T10:07:19.860780300-0500","72.607810400","192.168.0.186","192.168.0.178","25858","25565","42342","4114712","0","0","0x0010"
"11231","2026-08-15T10:07:19.860999500-0500","72.608029600","192.168.0.178","192.168.0.186","25565","25858","4114712","42342","1460","0","0x0010"
"11232","2026-08-15T10:07:19.860999500-0500","72.608029600","192.168.0.178","192.168.0.186","25565","25858","4116172","42342","1460","0","0x0010"
"11233","2026-08-15T10:07:19.861021000-0500","72.608051100","192.168.0.186","192.168.0.178","25858","25565","42342","4117632","0","0","0x0010"
"11234","2026-08-15T10:07:19.861276500-0500","72.608306600","192.168.0.178","192.168.0.186","25565","25858","4117632","42342","1460","0","0x0010"
"11235","2026-08-15T10:07:19.861276500-0500","72.608306600","192.168.0.178","192.168.0.186","25565","25858","4119092","42342","1460","0","0x0010"
"11236","2026-08-15T10:07:19.861296600-0500","72.608326700","192.168.0.186","192.168.0.178","25858","25565","42342","4120552","0","0","0x0010"
"11237","2026-08-15T10:07:19.861506000-0500","72.608536100","192.168.0.178","192.168.0.186","25565","25858","4120552","42342","1460","0","0x0010"
"11238","2026-08-15T10:07:19.861506000-0500","72.608536100","192.168.0.178","192.168.0.186","25565","25858","4122012","42342","301","0","0x0018"
"11239","2026-08-15T10:07:19.861525600-0500","72.608555700","192.168.0.186","192.168.0.178","25858","25565","42342","4122313","0","0","0x0010"
"11240","2026-08-15T10:07:19.876998000-0500","72.624028100","192.168.0.186","192.168.0.178","25858","25565","42342","4122313","3","0","0x0018"
"11241","2026-08-15T10:07:19.907693600-0500","72.654723700","192.168.0.178","192.168.0.186","25565","25858","4122313","42345","1460","0","0x0010"
"11242","2026-08-15T10:07:19.907693600-0500","72.654723700","192.168.0.178","192.168.0.186","25565","25858","4123773","42345","1460","0","0x0010"
"11243","2026-08-15T10:07:19.907757100-0500","72.654787200","192.168.0.186","192.168.0.178","25858","25565","42345","4125233","0","0","0x0010"
"11244","2026-08-15T10:07:19.907800500-0500","72.654830600","192.168.0.178","192.168.0.186","25565","25858","4125233","42345","1460","0","0x0010"
"11245","2026-08-15T10:07:19.908016300-0500","72.655046400","192.168.0.178","192.168.0.186","25565","25858","4126693","42345","1460","0","0x0010"
"11246","2026-08-15T10:07:19.908016300-0500","72.655046400","192.168.0.178","192.168.0.186","25565","25858","4128153","42345","1460","0","0x0010"
"11247","2026-08-15T10:07:19.908035100-0500","72.655065200","192.168.0.186","192.168.0.178","25858","25565","42345","4129613","0","0","0x0010"
"11248","2026-08-15T10:07:19.908281700-0500","72.655311800","192.168.0.178","192.168.0.186","25565","25858","4129613","42345","1460","0","0x0010"
"11249","2026-08-15T10:07:19.908281700-0500","72.655311800","192.168.0.178","192.168.0.186","25565","25858","4131073","42345","134","0","0x0018"
"11250","2026-08-15T10:07:19.908301500-0500","72.655331600","192.168.0.186","192.168.0.178","25858","25565","42345","4131207","0","0","0x0010"
"11251","2026-08-15T10:07:19.926332300-0500","72.673362400","192.168.0.186","192.168.0.178","25858","25565","42345","4131207","3","0","0x0018"
"11252","2026-08-15T10:07:19.956719900-0500","72.703750000","192.168.0.178","192.168.0.186","25565","25858","4131207","42348","1205","0","0x0018"
"11253","2026-08-15T10:07:19.976668300-0500","72.723698400","192.168.0.186","192.168.0.178","25858","25565","42348","4132412","3","0","0x0018"
"11254","2026-08-15T10:07:20.004254100-0500","72.751284200","192.168.0.178","192.168.0.186","25565","25858","4132412","42351","1457","0","0x0018"
"11255","2026-08-15T10:07:20.027793900-0500","72.774824000","192.168.0.186","192.168.0.178","25858","25565","42351","4133869","3","0","0x0018"
"11256","2026-08-15T10:07:20.054216400-0500","72.801246500","192.168.0.178","192.168.0.186","25565","25858","4133869","42354","1460","0","0x0010"
"11257","2026-08-15T10:07:20.054216400-0500","72.801246500","192.168.0.178","192.168.0.186","25565","25858","4135329","42354","1189","0","0x0018"
"11258","2026-08-15T10:07:20.054304900-0500","72.801335000","192.168.0.186","192.168.0.178","25858","25565","42354","4136518","0","0","0x0010"
"11259","2026-08-15T10:07:20.077880100-0500","72.824910200","192.168.0.186","192.168.0.178","25858","25565","42354","4136518","3","0","0x0018"
"11260","2026-08-15T10:07:20.102378100-0500","72.849408200","192.168.0.178","192.168.0.186","25565","25858","4136518","42357","400","0","0x0018"
"11261","2026-08-15T10:07:20.127902600-0500","72.874932700","192.168.0.186","192.168.0.178","25858","25565","42357","4136918","3","0","0x0018"
"11262","2026-08-15T10:07:20.153099900-0500","72.900130000","192.168.0.178","192.168.0.186","25565","25858","4136918","42360","448","0","0x0018"
"11263","2026-08-15T10:07:20.177854600-0500","72.924884700","192.168.0.186","192.168.0.178","25858","25565","42360","4137366","3","0","0x0018"
"11264","2026-08-15T10:07:20.202695200-0500","72.949725300","192.168.0.178","192.168.0.186","25565","25858","4137366","42363","180","0","0x0018"
"11265","2026-08-15T10:07:20.226826600-0500","72.973856700","192.168.0.186","192.168.0.178","25858","25565","42363","4137546","3","0","0x0018"
"11266","2026-08-15T10:07:20.254855000-0500","73.001885100","192.168.0.178","192.168.0.186","25565","25858","4137546","42366","749","0","0x0018"
"11267","2026-08-15T10:07:20.278050200-0500","73.025080300","192.168.0.186","192.168.0.178","25858","25565","42366","4138295","3","0","0x0018"
"11268","2026-08-15T10:07:20.302921400-0500","73.049951500","192.168.0.178","192.168.0.186","25565","25858","4138295","42369","228","0","0x0018"
"11269","2026-08-15T10:07:20.327019800-0500","73.074049900","192.168.0.186","192.168.0.178","25858","25565","42369","4138523","28","0","0x0018"
"11270","2026-08-15T10:07:20.328015200-0500","73.075045300","192.168.0.186","192.168.0.178","25858","25565","42397","4138523","3","0","0x0018"
"11271","2026-08-15T10:07:20.328902900-0500","73.075933000","192.168.0.178","192.168.0.186","25565","25858","4138523","42400","0","0","0x0010"
"11272","2026-08-15T10:07:20.355408900-0500","73.102439000","192.168.0.178","192.168.0.186","25565","25858","4138523","42400","229","0","0x0018"
"11273","2026-08-15T10:07:20.376997800-0500","73.124027900","192.168.0.186","192.168.0.178","25858","25565","42400","4138752","3","0","0x0018"
"11274","2026-08-15T10:07:20.404762100-0500","73.151792200","192.168.0.178","192.168.0.186","25565","25858","4138752","42403","421","0","0x0018"
"11275","2026-08-15T10:07:20.405057600-0500","73.152087700","192.168.0.186","192.168.0.178","25858","25565","42403","4139173","11","0","0x0018"
"11276","2026-08-15T10:07:20.427811400-0500","73.174841500","192.168.0.186","192.168.0.178","25858","25565","42414","4139173","3","0","0x0018"
"11277","2026-08-15T10:07:20.428637400-0500","73.175667500","192.168.0.178","192.168.0.186","25565","25858","4139173","42417","0","0","0x0010"
"11278","2026-08-15T10:07:20.472151000-0500","73.219181100","192.168.0.178","192.168.0.186","25565","25858","4139173","42417","1120","0","0x0018"
"11279","2026-08-15T10:07:20.497693000-0500","73.244723100","192.168.0.186","192.168.0.178","25858","25565","42417","4140293","3","0","0x0018"
"11280","2026-08-15T10:07:20.506382900-0500","73.253413000","192.168.0.178","192.168.0.186","25565","25858","4140293","42420","599","0","0x0018"
"11281","2026-08-15T10:07:20.526504600-0500","73.273534700","192.168.0.186","192.168.0.178","25858","25565","42420","4140892","3","0","0x0018"
"11282","2026-08-15T10:07:20.560229300-0500","73.307259400","192.168.0.178","192.168.0.186","25565","25858","4140892","42423","60","0","0x0018"
"11283","2026-08-15T10:07:20.577992900-0500","73.325023000","192.168.0.186","192.168.0.178","25858","25565","42423","4140952","3","0","0x0018"
"11284","2026-08-15T10:07:20.611105000-0500","73.358135100","192.168.0.178","192.168.0.186","25565","25858","4140952","42426","372","0","0x0018"
"11285","2026-08-15T10:07:20.628067200-0500","73.375097300","192.168.0.186","192.168.0.178","25858","25565","42426","4141324","3","0","0x0018"
"11286","2026-08-15T10:07:20.656347300-0500","73.403377400","192.168.0.178","192.168.0.186","25565","25858","4141324","42429","494","0","0x0018"
"11287","2026-08-15T10:07:20.677942400-0500","73.424972500","192.168.0.186","192.168.0.178","25858","25565","42429","4141818","3","0","0x0018"
"11288","2026-08-15T10:07:20.707425300-0500","73.454455400","192.168.0.178","192.168.0.186","25565","25858","4141818","42432","212","0","0x0018"
"11289","2026-08-15T10:07:20.728204800-0500","73.475234900","192.168.0.186","192.168.0.178","25858","25565","42432","4142030","3","0","0x0018"
"11290","2026-08-15T10:07:20.756367000-0500","73.503397100","192.168.0.178","192.168.0.186","25565","25858","4142030","42435","896","0","0x0018"
"11291","2026-08-15T10:07:20.776794000-0500","73.523824100","192.168.0.186","192.168.0.178","25858","25565","42435","4142926","3","0","0x0018"
"11292","2026-08-15T10:07:20.806183900-0500","73.553214000","192.168.0.178","192.168.0.186","25565","25858","4142926","42438","525","0","0x0018"
"11293","2026-08-15T10:07:20.826758400-0500","73.573788500","192.168.0.186","192.168.0.178","25858","25565","42438","4143451","3","0","0x0018"
"11294","2026-08-15T10:07:20.855074800-0500","73.602104900","192.168.0.178","192.168.0.186","25565","25858","4143451","42441","110","0","0x0018"
"11295","2026-08-15T10:07:20.877794600-0500","73.624824700","192.168.0.186","192.168.0.178","25858","25565","42441","4143561","3","0","0x0018"
"11296","2026-08-15T10:07:20.904415300-0500","73.651445400","192.168.0.178","192.168.0.186","25565","25858","4143561","42444","766","0","0x0018"
"11297","2026-08-15T10:07:20.928119600-0500","73.675149700","192.168.0.186","192.168.0.178","25858","25565","42444","4144327","3","0","0x0018"
"11298","2026-08-15T10:07:20.953245400-0500","73.700275500","192.168.0.178","192.168.0.186","25565","25858","4144327","42447","395","0","0x0018"
"11299","2026-08-15T10:07:20.977817500-0500","73.724847600","192.168.0.186","192.168.0.178","25858","25565","42447","4144722","3","0","0x0018"
"11300","2026-08-15T10:07:21.009443600-0500","73.756473700","192.168.0.178","192.168.0.186","25565","25858","4144722","42450","804","0","0x0018"
"11301","2026-08-15T10:07:21.027589900-0500","73.774620000","192.168.0.186","192.168.0.178","25858","25565","42450","4145526","3","0","0x0018"
"11302","2026-08-15T10:07:21.056573200-0500","73.803603300","192.168.0.178","192.168.0.186","25565","25858","4145526","42453","468","0","0x0018"
"11303","2026-08-15T10:07:21.078215900-0500","73.825246000","192.168.0.186","192.168.0.178","25858","25565","42453","4145994","3","0","0x0018"
"11304","2026-08-15T10:07:21.106442100-0500","73.853472200","192.168.0.178","192.168.0.186","25565","25858","4145994","42456","438","0","0x0018"
"11305","2026-08-15T10:07:21.128261800-0500","73.875291900","192.168.0.186","192.168.0.178","25858","25565","42456","4146432","3","0","0x0018"
"11306","2026-08-15T10:07:21.155545000-0500","73.902575100","192.168.0.178","192.168.0.186","25565","25858","4146432","42459","346","0","0x0018"
"11307","2026-08-15T10:07:21.178126500-0500","73.925156600","192.168.0.186","192.168.0.178","25858","25565","42459","4146778","3","0","0x0018"
"11308","2026-08-15T10:07:21.204678400-0500","73.951708500","192.168.0.178","192.168.0.186","25565","25858","4146778","42462","615","0","0x0018"
"11309","2026-08-15T10:07:21.228016900-0500","73.975047000","192.168.0.186","192.168.0.178","25858","25565","42462","4147393","3","0","0x0018"
"11310","2026-08-15T10:07:21.273799300-0500","74.020829400","192.168.0.178","192.168.0.186","25565","25858","4147393","42465","0","0","0x0010"
"11311","2026-08-15T10:07:21.276400900-0500","74.023431000","192.168.0.186","192.168.0.178","25858","25565","42465","4147393","3","0","0x0018"
"11312","2026-08-15T10:07:21.321793900-0500","74.068824000","192.168.0.178","192.168.0.186","25565","25858","4147393","42468","0","0","0x0010"
"11313","2026-08-15T10:07:21.327476600-0500","74.074506700","192.168.0.186","192.168.0.178","25858","25565","42468","4147393","28","0","0x0018"
"11314","2026-08-15T10:07:21.328247600-0500","74.075277700","192.168.0.178","192.168.0.186","25565","25858","4147393","42496","0","0","0x0010"
"11315","2026-08-15T10:07:21.328402300-0500","74.075432400","192.168.0.186","192.168.0.178","25858","25565","42496","4147393","3","0","0x0018"
"11316","2026-08-15T10:07:21.329254700-0500","74.076284800","192.168.0.178","192.168.0.186","25565","25858","4147393","42496","1460","0","0x0010"
"11317","2026-08-15T10:07:21.329315900-0500","74.076346000","192.168.0.186","192.168.0.178","25858","25565","42499","4148853","0","0","0x0010"
"11318","2026-08-15T10:07:21.329410200-0500","74.076440300","192.168.0.178","192.168.0.186","25565","25858","4148853","42496","1460","0","0x0010"
"11319","2026-08-15T10:07:21.329410200-0500","74.076440300","192.168.0.178","192.168.0.186","25565","25858","4150313","42496","56","0","0x0018"
"11320","2026-08-15T10:07:21.329422000-0500","74.076452100","192.168.0.186","192.168.0.178","25858","25565","42499","4150369","0","0","0x0010"
"11321","2026-08-15T10:07:21.334929600-0500","74.081959700","192.168.0.178","192.168.0.186","25565","25858","4150369","42499","301","0","0x0018"
"11322","2026-08-15T10:07:21.334968800-0500","74.081998900","192.168.0.186","192.168.0.178","25858","25565","42499","4150670","0","0","0x0010"
"11323","2026-08-15T10:07:21.355240400-0500","74.102270500","192.168.0.178","192.168.0.186","25565","25858","4150670","42499","527","0","0x0018"
"11324","2026-08-15T10:07:21.378419200-0500","74.125449300","192.168.0.186","192.168.0.178","25858","25565","42499","4151197","3","0","0x0018"
"11325","2026-08-15T10:07:21.407246300-0500","74.154276400","192.168.0.178","192.168.0.186","25565","25858","4151197","42502","1460","0","0x0010"
"11326","2026-08-15T10:07:21.407246300-0500","74.154276400","192.168.0.178","192.168.0.186","25565","25858","4152657","42502","169","0","0x0018"
"11327","2026-08-15T10:07:21.407317400-0500","74.154347500","192.168.0.186","192.168.0.178","25858","25565","42502","4152826","0","0","0x0010"
"11328","2026-08-15T10:07:21.407620100-0500","74.154650200","192.168.0.186","192.168.0.178","25858","25565","42502","4152826","11","0","0x0018"
"11329","2026-08-15T10:07:21.428279400-0500","74.175309500","192.168.0.186","192.168.0.178","25858","25565","42513","4152826","3","0","0x0018"
"11330","2026-08-15T10:07:21.429035900-0500","74.176066000","192.168.0.178","192.168.0.186","25565","25858","4152826","42516","0","0","0x0010"
"11331","2026-08-15T10:07:21.455880700-0500","74.202910800","192.168.0.178","192.168.0.186","25565","25858","4152826","42516","136","0","0x0018"
"11332","2026-08-15T10:07:21.478424600-0500","74.225454700","192.168.0.186","192.168.0.178","25858","25565","42516","4152962","3","0","0x0018"
"11333","2026-08-15T10:07:21.505796500-0500","74.252826600","192.168.0.178","192.168.0.186","25565","25858","4152962","42519","564","0","0x0018"
"11334","2026-08-15T10:07:21.528049800-0500","74.275079900","192.168.0.186","192.168.0.178","25858","25565","42519","4153526","3","0","0x0018"
"11335","2026-08-15T10:07:21.556935600-0500","74.303965700","192.168.0.178","192.168.0.186","25565","25858","4153526","42522","1173","0","0x0018"
"11336","2026-08-15T10:07:21.577221100-0500","74.324251200","192.168.0.186","192.168.0.178","25858","25565","42522","4154699","3","0","0x0018"
"11337","2026-08-15T10:07:21.607425200-0500","74.354455300","192.168.0.178","192.168.0.186","25565","25858","4154699","42525","1460","0","0x0010"
"11338","2026-08-15T10:07:21.607425200-0500","74.354455300","192.168.0.178","192.168.0.186","25565","25858","4156159","42525","1460","0","0x0010"
"11339","2026-08-15T10:07:21.607479800-0500","74.354509900","192.168.0.186","192.168.0.178","25858","25565","42525","4157619","0","0","0x0010"
"11340","2026-08-15T10:07:21.607533500-0500","74.354563600","192.168.0.178","192.168.0.186","25565","25858","4157619","42525","1460","0","0x0010"
"11341","2026-08-15T10:07:21.607762100-0500","74.354792200","192.168.0.178","192.168.0.186","25565","25858","4159079","42525","1460","0","0x0010"
"11342","2026-08-15T10:07:21.607762100-0500","74.354792200","192.168.0.178","192.168.0.186","25565","25858","4160539","42525","1460","0","0x0010"
"11343","2026-08-15T10:07:21.607792300-0500","74.354822400","192.168.0.186","192.168.0.178","25858","25565","42525","4161999","0","0","0x0010"
"11344","2026-08-15T10:07:21.608006500-0500","74.355036600","192.168.0.178","192.168.0.186","25565","25858","4161999","42525","1460","0","0x0010"
"11345","2026-08-15T10:07:21.608006500-0500","74.355036600","192.168.0.178","192.168.0.186","25565","25858","4163459","42525","1460","0","0x0010"
"11346","2026-08-15T10:07:21.608031900-0500","74.355062000","192.168.0.186","192.168.0.178","25858","25565","42525","4164919","0","0","0x0010"
"11347","2026-08-15T10:07:21.608254500-0500","74.355284600","192.168.0.178","192.168.0.186","25565","25858","4164919","42525","1460","0","0x0010"
"11348","2026-08-15T10:07:21.608254500-0500","74.355284600","192.168.0.178","192.168.0.186","25565","25858","4166379","42525","1460","0","0x0010"
"11349","2026-08-15T10:07:21.608285900-0500","74.355316000","192.168.0.186","192.168.0.178","25858","25565","42525","4167839","0","0","0x0010"
"11350","2026-08-15T10:07:21.608766100-0500","74.355796200","192.168.0.178","192.168.0.186","25565","25858","4167839","42525","1460","0","0x0010"
"11351","2026-08-15T10:07:21.608766100-0500","74.355796200","192.168.0.178","192.168.0.186","25565","25858","4169299","42525","1460","0","0x0018"
"11352","2026-08-15T10:07:21.608766100-0500","74.355796200","192.168.0.178","192.168.0.186","25565","25858","4170759","42525","1460","0","0x0010"
"11353","2026-08-15T10:07:21.608766100-0500","74.355796200","192.168.0.178","192.168.0.186","25565","25858","4172219","42525","1460","0","0x0010"
"11354","2026-08-15T10:07:21.608822500-0500","74.355852600","192.168.0.186","192.168.0.178","25858","25565","42525","4173679","0","0","0x0010"
"11355","2026-08-15T10:07:21.608895300-0500","74.355925400","192.168.0.178","192.168.0.186","25565","25858","4173679","42525","1460","0","0x0010"
"11356","2026-08-15T10:07:21.608903800-0500","74.355933900","192.168.0.186","192.168.0.178","25858","25565","42525","4175139","0","0","0x0010"
"11357","2026-08-15T10:07:21.609137300-0500","74.356167400","192.168.0.178","192.168.0.186","25565","25858","4175139","42525","1460","0","0x0010"
"11358","2026-08-15T10:07:21.609137300-0500","74.356167400","192.168.0.178","192.168.0.186","25565","25858","4176599","42525","1460","0","0x0010"
"11359","2026-08-15T10:07:21.609172800-0500","74.356202900","192.168.0.186","192.168.0.178","25858","25565","42525","4178059","0","0","0x0010"
"11360","2026-08-15T10:07:21.609232600-0500","74.356262700","192.168.0.178","192.168.0.186","25565","25858","4178059","42525","1460","0","0x0010"
"11361","2026-08-15T10:07:21.609470500-0500","74.356500600","192.168.0.178","192.168.0.186","25565","25858","4179519","42525","1460","0","0x0010"
"11362","2026-08-15T10:07:21.609470500-0500","74.356500600","192.168.0.178","192.168.0.186","25565","25858","4180979","42525","1087","0","0x0018"
"11363","2026-08-15T10:07:21.609509800-0500","74.356539900","192.168.0.186","192.168.0.178","25858","25565","42525","4182066","0","0","0x0010"
"11364","2026-08-15T10:07:21.628304200-0500","74.375334300","192.168.0.186","192.168.0.178","25858","25565","42525","4182066","3","0","0x0018"
"11365","2026-08-15T10:07:21.656955600-0500","74.403985700","192.168.0.178","192.168.0.186","25565","25858","4182066","42528","1460","0","0x0010"
"11366","2026-08-15T10:07:21.656955600-0500","74.403985700","192.168.0.178","192.168.0.186","25565","25858","4183526","42528","1460","0","0x0010"
"11367","2026-08-15T10:07:21.657028000-0500","74.404058100","192.168.0.186","192.168.0.178","25858","25565","42528","4184986","0","0","0x0010"
"11368","2026-08-15T10:07:21.657074300-0500","74.404104400","192.168.0.178","192.168.0.186","25565","25858","4184986","42528","1460","0","0x0010"
"11369","2026-08-15T10:07:21.657206500-0500","74.404236600","192.168.0.178","192.168.0.186","25565","25858","4186446","42528","1460","0","0x0010"
"11370","2026-08-15T10:07:21.657220400-0500","74.404250500","192.168.0.186","192.168.0.178","25858","25565","42528","4187906","0","0","0x0010"
"11371","2026-08-15T10:07:21.657278200-0500","74.404308300","192.168.0.178","192.168.0.186","25565","25858","4187906","42528","1460","0","0x0010"
"11372","2026-08-15T10:07:21.657546100-0500","74.404576200","192.168.0.178","192.168.0.186","25565","25858","4189366","42528","1460","0","0x0010"
"11373","2026-08-15T10:07:21.657546100-0500","74.404576200","192.168.0.178","192.168.0.186","25565","25858","4190826","42528","1460","0","0x0010"
"11374","2026-08-15T10:07:21.657604400-0500","74.404634500","192.168.0.186","192.168.0.178","25858","25565","42528","4192286","0","0","0x0010"
"11375","2026-08-15T10:07:21.657672400-0500","74.404702500","192.168.0.178","192.168.0.186","25565","25858","4192286","42528","1460","0","0x0010"
"11376","2026-08-15T10:07:21.657688600-0500","74.404718700","192.168.0.186","192.168.0.178","25858","25565","42528","4193746","0","0","0x0010"
"11377","2026-08-15T10:07:21.657908400-0500","74.404938500","192.168.0.178","192.168.0.186","25565","25858","4193746","42528","1460","0","0x0010"
"11378","2026-08-15T10:07:21.657908400-0500","74.404938500","192.168.0.178","192.168.0.186","25565","25858","4195206","42528","1460","0","0x0010"
"11379","2026-08-15T10:07:21.657959400-0500","74.404989500","192.168.0.186","192.168.0.178","25858","25565","42528","4196666","0","0","0x0010"
"11380","2026-08-15T10:07:21.658025600-0500","74.405055700","192.168.0.178","192.168.0.186","25565","25858","4196666","42528","1460","0","0x0018"
"11381","2026-08-15T10:07:21.658086100-0500","74.405116200","192.168.0.178","192.168.0.186","25565","25858","4198126","42528","563","0","0x0018"
"11382","2026-08-15T10:07:21.658097200-0500","74.405127300","192.168.0.186","192.168.0.178","25858","25565","42528","4198689","0","0","0x0010"
"11383","2026-08-15T10:07:21.677019600-0500","74.424049700","192.168.0.186","192.168.0.178","25858","25565","42528","4198689","3","0","0x0018"
"11384","2026-08-15T10:07:21.707224500-0500","74.454254600","192.168.0.178","192.168.0.186","25565","25858","4198689","42531","1460","0","0x0010"
"11385","2026-08-15T10:07:21.707224500-0500","74.454254600","192.168.0.178","192.168.0.186","25565","25858","4200149","42531","1460","0","0x0010"
"11386","2026-08-15T10:07:21.707284400-0500","74.454314500","192.168.0.186","192.168.0.178","25858","25565","42531","4201609","0","0","0x0010"
"11387","2026-08-15T10:07:21.707330600-0500","74.454360700","192.168.0.178","192.168.0.186","25565","25858","4201609","42531","1460","0","0x0010"
"11388","2026-08-15T10:07:21.707565400-0500","74.454595500","192.168.0.178","192.168.0.186","25565","25858","4203069","42531","1460","0","0x0010"
"11389","2026-08-15T10:07:21.707565400-0500","74.454595500","192.168.0.178","192.168.0.186","25565","25858","4204529","42531","1460","0","0x0010"
"11390","2026-08-15T10:07:21.707598500-0500","74.454628600","192.168.0.186","192.168.0.178","25858","25565","42531","4205989","0","0","0x0010"
"11391","2026-08-15T10:07:21.707824400-0500","74.454854500","192.168.0.178","192.168.0.186","25565","25858","4205989","42531","1460","0","0x0010"
"11392","2026-08-15T10:07:21.707824400-0500","74.454854500","192.168.0.178","192.168.0.186","25565","25858","4207449","42531","1460","0","0x0010"
"11393","2026-08-15T10:07:21.707864800-0500","74.454894900","192.168.0.186","192.168.0.178","25858","25565","42531","4208909","0","0","0x0010"
"11394","2026-08-15T10:07:21.708059900-0500","74.455090000","192.168.0.178","192.168.0.186","25565","25858","4208909","42531","1460","0","0x0010"
"11395","2026-08-15T10:07:21.708059900-0500","74.455090000","192.168.0.178","192.168.0.186","25565","25858","4210369","42531","1460","0","0x0010"
"11396","2026-08-15T10:07:21.708094100-0500","74.455124200","192.168.0.186","192.168.0.178","25858","25565","42531","4211829","0","0","0x0010"
"11397","2026-08-15T10:07:21.708170800-0500","74.455200900","192.168.0.178","192.168.0.186","25565","25858","4211829","42531","1460","0","0x0010"
"11398","2026-08-15T10:07:21.708178800-0500","74.455208900","192.168.0.186","192.168.0.178","25858","25565","42531","4213289","0","0","0x0010"
"11399","2026-08-15T10:07:21.708377000-0500","74.455407100","192.168.0.178","192.168.0.186","25565","25858","4213289","42531","1460","0","0x0018"
"11400","2026-08-15T10:07:21.708461400-0500","74.455491500","192.168.0.178","192.168.0.186","25565","25858","4214749","42531","1460","0","0x0010"
"11401","2026-08-15T10:07:21.708474400-0500","74.455504500","192.168.0.186","192.168.0.178","25858","25565","42531","4216209","0","0","0x0010"
"11402","2026-08-15T10:07:21.708825700-0500","74.455855800","192.168.0.178","192.168.0.186","25565","25858","4216209","42531","1460","0","0x0010"
"11403","2026-08-15T10:07:21.708825700-0500","74.455855800","192.168.0.178","192.168.0.186","25565","25858","4217669","42531","1460","0","0x0010"
"11404","2026-08-15T10:07:21.708825700-0500","74.455855800","192.168.0.178","192.168.0.186","25565","25858","4219129","42531","1460","0","0x0010"
"11405","2026-08-15T10:07:21.708872400-0500","74.455902500","192.168.0.186","192.168.0.178","25858","25565","42531","4220589","0","0","0x0010"
"11406","2026-08-15T10:07:21.709033300-0500","74.456063400","192.168.0.178","192.168.0.186","25565","25858","4220589","42531","1460","0","0x0010"
"11407","2026-08-15T10:07:21.709033300-0500","74.456063400","192.168.0.178","192.168.0.186","25565","25858","4222049","42531","545","0","0x0018"
"11408","2026-08-15T10:07:21.709067600-0500","74.456097700","192.168.0.186","192.168.0.178","25858","25565","42531","4222594","0","0","0x0010"
"11409","2026-08-15T10:07:21.728925400-0500","74.475955500","192.168.0.186","192.168.0.178","25858","25565","42531","4222594","3","0","0x0018"
"11410","2026-08-15T10:07:21.756388300-0500","74.503418400","192.168.0.178","192.168.0.186","25565","25858","4222594","42534","1460","0","0x0010"
"11411","2026-08-15T10:07:21.756388300-0500","74.503418400","192.168.0.178","192.168.0.186","25565","25858","4224054","42534","1460","0","0x0010"
"11412","2026-08-15T10:07:21.756461500-0500","74.503491600","192.168.0.186","192.168.0.178","25858","25565","42534","4225514","0","0","0x0010"
"11413","2026-08-15T10:07:21.756505500-0500","74.503535600","192.168.0.178","192.168.0.186","25565","25858","4225514","42534","1460","0","0x0010"
"11414","2026-08-15T10:07:21.756628100-0500","74.503658200","192.168.0.178","192.168.0.186","25565","25858","4226974","42534","1460","0","0x0010"
"11415","2026-08-15T10:07:21.756641600-0500","74.503671700","192.168.0.186","192.168.0.178","25858","25565","42534","4228434","0","0","0x0010"
"11416","2026-08-15T10:07:21.756703100-0500","74.503733200","192.168.0.178","192.168.0.186","25565","25858","4228434","42534","1460","0","0x0010"
"11417","2026-08-15T10:07:21.756978700-0500","74.504008800","192.168.0.178","192.168.0.186","25565","25858","4229894","42534","1460","0","0x0010"
"11418","2026-08-15T10:07:21.756978700-0500","74.504008800","192.168.0.178","192.168.0.186","25565","25858","4231354","42534","1460","0","0x0010"
"11419","2026-08-15T10:07:21.757027500-0500","74.504057600","192.168.0.186","192.168.0.178","25858","25565","42534","4232814","0","0","0x0010"
"11420","2026-08-15T10:07:21.757125700-0500","74.504155800","192.168.0.178","192.168.0.186","25565","25858","4232814","42534","1460","0","0x0010"
"11421","2026-08-15T10:07:21.757136800-0500","74.504166900","192.168.0.186","192.168.0.178","25858","25565","42534","4234274","0","0","0x0010"
"11422","2026-08-15T10:07:21.757196400-0500","74.504226500","192.168.0.178","192.168.0.186","25565","25858","4234274","42534","1460","0","0x0010"
"11423","2026-08-15T10:07:21.757474900-0500","74.504505000","192.168.0.178","192.168.0.186","25565","25858","4235734","42534","1460","0","0x0010"
"11424","2026-08-15T10:07:21.757474900-0500","74.504505000","192.168.0.178","192.168.0.186","25565","25858","4237194","42534","1460","0","0x0018"
"11425","2026-08-15T10:07:21.757515100-0500","74.504545200","192.168.0.186","192.168.0.178","25858","25565","42534","4238654","0","0","0x0010"
"11426","2026-08-15T10:07:21.757612400-0500","74.504642500","192.168.0.178","192.168.0.186","25565","25858","4238654","42534","1460","0","0x0010"
"11427","2026-08-15T10:07:21.757624000-0500","74.504654100","192.168.0.186","192.168.0.178","25858","25565","42534","4240114","0","0","0x0010"
"11428","2026-08-15T10:07:21.757688300-0500","74.504718400","192.168.0.178","192.168.0.186","25565","25858","4240114","42534","1460","0","0x0010"
"11429","2026-08-15T10:07:21.757758400-0500","74.504788500","192.168.0.178","192.168.0.186","25565","25858","4241574","42534","744","0","0x0018"
"11430","2026-08-15T10:07:21.757780400-0500","74.504810500","192.168.0.186","192.168.0.178","25858","25565","42534","4242318","0","0","0x0010"
"11431","2026-08-15T10:07:21.777676600-0500","74.524706700","192.168.0.186","192.168.0.178","25858","25565","42534","4242318","3","0","0x0018"
"11432","2026-08-15T10:07:21.804713100-0500","74.551743200","192.168.0.178","192.168.0.186","25565","25858","4242318","42537","247","0","0x0018"
"11433","2026-08-15T10:07:21.828286800-0500","74.575316900","192.168.0.186","192.168.0.178","25858","25565","42537","4242565","3","0","0x0018"
"11434","2026-08-15T10:07:21.855026800-0500","74.602056900","192.168.0.178","192.168.0.186","25565","25858","4242565","42540","154","0","0x0018"
"11435","2026-08-15T10:07:21.878027800-0500","74.625057900","192.168.0.186","192.168.0.178","25858","25565","42540","4242719","3","0","0x0018"
"11436","2026-08-15T10:07:21.907070500-0500","74.654100600","192.168.0.178","192.168.0.186","25565","25858","4242719","42543","376","0","0x0018"
"11437","2026-08-15T10:07:21.928174700-0500","74.675204800","192.168.0.186","192.168.0.178","25858","25565","42543","4243095","3","0","0x0018"
"11438","2026-08-15T10:07:21.954378200-0500","74.701408300","192.168.0.178","192.168.0.186","25565","25858","4243095","42546","315","0","0x0018"
"11439","2026-08-15T10:07:21.977987800-0500","74.725017900","192.168.0.186","192.168.0.178","25858","25565","42546","4243410","3","0","0x0018"
"11440","2026-08-15T10:07:22.006025000-0500","74.753055100","192.168.0.178","192.168.0.186","25565","25858","4243410","42549","892","0","0x0018"
"11441","2026-08-15T10:07:22.026457100-0500","74.773487200","192.168.0.186","192.168.0.178","25858","25565","42549","4244302","3","0","0x0018"
"11442","2026-08-15T10:07:22.057441100-0500","74.804471200","192.168.0.178","192.168.0.186","25565","25858","4244302","42552","52","0","0x0018"
"11443","2026-08-15T10:07:22.078253000-0500","74.825283100","192.168.0.186","192.168.0.178","25858","25565","42552","4244354","3","0","0x0018"
"11444","2026-08-15T10:07:22.105097200-0500","74.852127300","192.168.0.178","192.168.0.186","25565","25858","4244354","42555","275","0","0x0018"
"11445","2026-08-15T10:07:22.128426700-0500","74.875456800","192.168.0.186","192.168.0.178","25858","25565","42555","4244629","3","0","0x0018"
"11446","2026-08-15T10:07:22.160821900-0500","74.907852000","192.168.0.178","192.168.0.186","25565","25858","4244629","42558","416","0","0x0018"
"11447","2026-08-15T10:07:22.177605100-0500","74.924635200","192.168.0.186","192.168.0.178","25858","25565","42558","4245045","3","0","0x0018"
"11448","2026-08-15T10:07:22.208017200-0500","74.955047300","192.168.0.178","192.168.0.186","25565","25858","4245045","42561","110","0","0x0018"
"11449","2026-08-15T10:07:22.228274900-0500","74.975305000","192.168.0.186","192.168.0.178","25858","25565","42561","4245155","3","0","0x0018"
"11450","2026-08-15T10:07:22.256251900-0500","75.003282000","192.168.0.178","192.168.0.186","25565","25858","4245155","42564","896","0","0x0018"
"11451","2026-08-15T10:07:22.278033800-0500","75.025063900","192.168.0.186","192.168.0.178","25858","25565","42564","4246051","3","0","0x0018"
"11452","2026-08-15T10:07:22.305251500-0500","75.052281600","192.168.0.178","192.168.0.186","25565","25858","4246051","42567","234","0","0x0018"
"11453","2026-08-15T10:07:22.326507700-0500","75.073537800","192.168.0.186","192.168.0.178","25858","25565","42567","4246285","28","0","0x0018"
"11454","2026-08-15T10:07:22.327217700-0500","75.074247800","192.168.0.186","192.168.0.178","25858","25565","42595","4246285","3","0","0x0018"
"11455","2026-08-15T10:07:22.327992000-0500","75.075022100","192.168.0.178","192.168.0.186","25565","25858","4246285","42598","0","0","0x0010"
"11456","2026-08-15T10:07:22.353257600-0500","75.100287700","192.168.0.178","192.168.0.186","25565","25858","4246285","42598","164","0","0x0018"
"11457","2026-08-15T10:07:22.377266700-0500","75.124296800","192.168.0.186","192.168.0.178","25858","25565","42598","4246449","3","0","0x0018"
"11458","2026-08-15T10:07:22.403777500-0500","75.150807600","192.168.0.178","192.168.0.186","25565","25858","4246449","42601","515","0","0x0018"
"11459","2026-08-15T10:07:22.427951300-0500","75.174981400","192.168.0.186","192.168.0.178","25858","25565","42601","4246964","3","0","0x0018"
"11460","2026-08-15T10:07:22.453251900-0500","75.200282000","192.168.0.178","192.168.0.186","25565","25858","4246964","42604","275","0","0x0018"
"11461","2026-08-15T10:07:22.453490800-0500","75.200520900","192.168.0.186","192.168.0.178","25858","25565","42604","4247239","11","0","0x0018"
"11462","2026-08-15T10:07:22.477951500-0500","75.224981600","192.168.0.186","192.168.0.178","25858","25565","42615","4247239","3","0","0x0018"
"11463","2026-08-15T10:07:22.478658800-0500","75.225688900","192.168.0.178","192.168.0.186","25565","25858","4247239","42618","0","0","0x0010"
"11464","2026-08-15T10:07:22.503096000-0500","75.250126100","192.168.0.178","192.168.0.186","25565","25858","4247239","42618","318","0","0x0018"
"11465","2026-08-15T10:07:22.528562100-0500","75.275592200","192.168.0.186","192.168.0.178","25858","25565","42618","4247557","3","0","0x0018"
"11466","2026-08-15T10:07:22.553743500-0500","75.300773600","192.168.0.178","192.168.0.186","25565","25858","4247557","42621","255","0","0x0018"
"11467","2026-08-15T10:07:22.576762600-0500","75.323792700","192.168.0.186","192.168.0.178","25858","25565","42621","4247812","3","0","0x0018"
"11468","2026-08-15T10:07:22.603261200-0500","75.350291300","192.168.0.178","192.168.0.186","25565","25858","4247812","42624","180","0","0x0018"
"11469","2026-08-15T10:07:22.628355600-0500","75.375385700","192.168.0.186","192.168.0.178","25858","25565","42624","4247992","3","0","0x0018"
"11470","2026-08-15T10:07:22.652739100-0500","75.399769200","192.168.0.178","192.168.0.186","25565","25858","4247992","42627","322","0","0x0018"
"11471","2026-08-15T10:07:22.678107000-0500","75.425137100","192.168.0.186","192.168.0.178","25858","25565","42627","4248314","3","0","0x0018"
"11472","2026-08-15T10:07:22.704133500-0500","75.451163600","192.168.0.178","192.168.0.186","25565","25858","4248314","42630","381","0","0x0018"
"11473","2026-08-15T10:07:22.728198000-0500","75.475228100","192.168.0.186","192.168.0.178","25858","25565","42630","4248695","3","0","0x0018"
"11474","2026-08-15T10:07:22.753953100-0500","75.500983200","192.168.0.178","192.168.0.186","25565","25858","4248695","42633","757","0","0x0018"
"11475","2026-08-15T10:07:22.777855000-0500","75.524885100","192.168.0.186","192.168.0.178","25858","25565","42633","4249452","3","0","0x0018"
"11476","2026-08-15T10:07:22.806580800-0500","75.553610900","192.168.0.178","192.168.0.186","25565","25858","4249452","42636","1460","0","0x0010"
"11477","2026-08-15T10:07:22.806580800-0500","75.553610900","192.168.0.178","192.168.0.186","25565","25858","4250912","42636","1460","0","0x0010"
"11478","2026-08-15T10:07:22.806648200-0500","75.553678300","192.168.0.186","192.168.0.178","25858","25565","42636","4252372","0","0","0x0010"
"11479","2026-08-15T10:07:22.806713600-0500","75.553743700","192.168.0.178","192.168.0.186","25565","25858","4252372","42636","1460","0","0x0010"
"11480","2026-08-15T10:07:22.806976600-0500","75.554006700","192.168.0.178","192.168.0.186","25565","25858","4253832","42636","1460","0","0x0010"
"11481","2026-08-15T10:07:22.806976600-0500","75.554006700","192.168.0.178","192.168.0.186","25565","25858","4255292","42636","1460","0","0x0010"
"11482","2026-08-15T10:07:22.807030300-0500","75.554060400","192.168.0.186","192.168.0.178","25858","25565","42636","4256752","0","0","0x0010"
"11483","2026-08-15T10:07:22.807120700-0500","75.554150800","192.168.0.178","192.168.0.186","25565","25858","4256752","42636","1460","0","0x0010"
"11484","2026-08-15T10:07:22.807131900-0500","75.554162000","192.168.0.186","192.168.0.178","25858","25565","42636","4258212","0","0","0x0010"
"11485","2026-08-15T10:07:22.807183700-0500","75.554213800","192.168.0.178","192.168.0.186","25565","25858","4258212","42636","1460","0","0x0010"
"11486","2026-08-15T10:07:22.807433400-0500","75.554463500","192.168.0.178","192.168.0.186","25565","25858","4259672","42636","1460","0","0x0010"
"11487","2026-08-15T10:07:22.807433400-0500","75.554463500","192.168.0.178","192.168.0.186","25565","25858","4261132","42636","1460","0","0x0010"
"11488","2026-08-15T10:07:22.807482600-0500","75.554512700","192.168.0.186","192.168.0.178","25858","25565","42636","4262592","0","0","0x0010"
"11489","2026-08-15T10:07:22.807549800-0500","75.554579900","192.168.0.178","192.168.0.186","25565","25858","4262592","42636","1460","0","0x0010"
"11490","2026-08-15T10:07:22.807560000-0500","75.554590100","192.168.0.186","192.168.0.178","25858","25565","42636","4264052","0","0","0x0010"
"11491","2026-08-15T10:07:22.807801900-0500","75.554832000","192.168.0.178","192.168.0.186","25565","25858","4264052","42636","1460","0","0x0018"
"11492","2026-08-15T10:07:22.807801900-0500","75.554832000","192.168.0.178","192.168.0.186","25565","25858","4265512","42636","1460","0","0x0010"
"11493","2026-08-15T10:07:22.807852600-0500","75.554882700","192.168.0.186","192.168.0.178","25858","25565","42636","4266972","0","0","0x0010"
"11494","2026-08-15T10:07:22.807926200-0500","75.554956300","192.168.0.178","192.168.0.186","25565","25858","4266972","42636","1460","0","0x0010"
"11495","2026-08-15T10:07:22.808184800-0500","75.555214900","192.168.0.178","192.168.0.186","25565","25858","4268432","42636","1460","0","0x0010"
"11496","2026-08-15T10:07:22.808184800-0500","75.555214900","192.168.0.178","192.168.0.186","25565","25858","4269892","42636","1460","0","0x0010"
"11497","2026-08-15T10:07:22.808229200-0500","75.555259300","192.168.0.186","192.168.0.178","25858","25565","42636","4271352","0","0","0x0010"
"11498","2026-08-15T10:07:22.808297700-0500","75.555327800","192.168.0.178","192.168.0.186","25565","25858","4271352","42636","1460","0","0x0010"
"11499","2026-08-15T10:07:22.808319400-0500","75.555349500","192.168.0.186","192.168.0.178","25858","25565","42636","4272812","0","0","0x0010"
"11500","2026-08-15T10:07:22.808564200-0500","75.555594300","192.168.0.178","192.168.0.186","25565","25858","4272812","42636","1460","0","0x0010"
"11501","2026-08-15T10:07:22.808564200-0500","75.555594300","192.168.0.178","192.168.0.186","25565","25858","4274272","42636","1460","0","0x0010"
"11502","2026-08-15T10:07:22.808617300-0500","75.555647400","192.168.0.186","192.168.0.178","25858","25565","42636","4275732","0","0","0x0010"
"11503","2026-08-15T10:07:22.808656100-0500","75.555686200","192.168.0.178","192.168.0.186","25565","25858","4275732","42636","895","0","0x0018"
"11504","2026-08-15T10:07:22.827358600-0500","75.574388700","192.168.0.186","192.168.0.178","25858","25565","42636","4276627","3","0","0x0018"
"11505","2026-08-15T10:07:22.859388800-0500","75.606418900","192.168.0.178","192.168.0.186","25565","25858","4276627","42639","1460","0","0x0010"
"11506","2026-08-15T10:07:22.859388800-0500","75.606418900","192.168.0.178","192.168.0.186","25565","25858","4278087","42639","1460","0","0x0010"
"11507","2026-08-15T10:07:22.859512900-0500","75.606543000","192.168.0.186","192.168.0.178","25858","25565","42639","4279547","0","0","0x0010"
"11508","2026-08-15T10:07:22.859570300-0500","75.606600400","192.168.0.178","192.168.0.186","25565","25858","4279547","42639","1460","0","0x0010"
"11509","2026-08-15T10:07:22.859570300-0500","75.606600400","192.168.0.178","192.168.0.186","25565","25858","4281007","42639","1460","0","0x0010"
"11510","2026-08-15T10:07:22.859588000-0500","75.606618100","192.168.0.186","192.168.0.178","25858","25565","42639","4282467","0","0","0x0010"
"11511","2026-08-15T10:07:22.859834000-0500","75.606864100","192.168.0.178","192.168.0.186","25565","25858","4282467","42639","1460","0","0x0010"
"11512","2026-08-15T10:07:22.859834000-0500","75.606864100","192.168.0.178","192.168.0.186","25565","25858","4283927","42639","1460","0","0x0010"
"11513","2026-08-15T10:07:22.859883300-0500","75.606913400","192.168.0.186","192.168.0.178","25858","25565","42639","4285387","0","0","0x0010"
"11514","2026-08-15T10:07:22.859947700-0500","75.606977800","192.168.0.178","192.168.0.186","25565","25858","4285387","42639","1460","0","0x0010"
"11515","2026-08-15T10:07:22.860209300-0500","75.607239400","192.168.0.178","192.168.0.186","25565","25858","4286847","42639","1460","0","0x0010"
"11516","2026-08-15T10:07:22.860209300-0500","75.607239400","192.168.0.178","192.168.0.186","25565","25858","4288307","42639","1460","0","0x0010"
"11517","2026-08-15T10:07:22.860261700-0500","75.607291800","192.168.0.186","192.168.0.178","25858","25565","42639","4289767","0","0","0x0010"
"11518","2026-08-15T10:07:22.860327300-0500","75.607357400","192.168.0.178","192.168.0.186","25565","25858","4289767","42639","1460","0","0x0010"
"11519","2026-08-15T10:07:22.860337300-0500","75.607367400","192.168.0.186","192.168.0.178","25858","25565","42639","4291227","0","0","0x0010"
"11520","2026-08-15T10:07:22.860551000-0500","75.607581100","192.168.0.178","192.168.0.186","25565","25858","4291227","42639","1460","0","0x0018"
"11521","2026-08-15T10:07:22.860639900-0500","75.607670000","192.168.0.178","192.168.0.186","25565","25858","4292687","42639","1460","0","0x0010"
"11522","2026-08-15T10:07:22.860663000-0500","75.607693100","192.168.0.186","192.168.0.178","25858","25565","42639","4294147","0","0","0x0010"
"11523","2026-08-15T10:07:22.860774100-0500","75.607804200","192.168.0.178","192.168.0.186","25565","25858","4294147","42639","1460","0","0x0010"
"11524","2026-08-15T10:07:22.860914800-0500","75.607944900","192.168.0.178","192.168.0.186","25565","25858","4295607","42639","1460","0","0x0010"
"11525","2026-08-15T10:07:22.860935200-0500","75.607965300","192.168.0.186","192.168.0.178","25858","25565","42639","4297067","0","0","0x0010"
"11526","2026-08-15T10:07:22.860986700-0500","75.608016800","192.168.0.178","192.168.0.186","25565","25858","4297067","42639","1460","0","0x0010"
"11527","2026-08-15T10:07:22.861265400-0500","75.608295500","192.168.0.178","192.168.0.186","25565","25858","4298527","42639","1460","0","0x0010"
"11528","2026-08-15T10:07:22.861265400-0500","75.608295500","192.168.0.178","192.168.0.186","25565","25858","4299987","42639","238","0","0x0018"
"11529","2026-08-15T10:07:22.861305800-0500","75.608335900","192.168.0.186","192.168.0.178","25858","25565","42639","4300225","0","0","0x0010"
"11530","2026-08-15T10:07:22.878920900-0500","75.625951000","192.168.0.186","192.168.0.178","25858","25565","42639","4300225","3","0","0x0018"
"11531","2026-08-15T10:07:22.912949100-0500","75.659979200","192.168.0.178","192.168.0.186","25565","25858","4300225","42642","1460","0","0x0010"
"11532","2026-08-15T10:07:22.912949100-0500","75.659979200","192.168.0.178","192.168.0.186","25565","25858","4301685","42642","1460","0","0x0010"
"11533","2026-08-15T10:07:22.913015900-0500","75.660046000","192.168.0.186","192.168.0.178","25858","25565","42642","4303145","0","0","0x0010"
"11534","2026-08-15T10:07:22.913067600-0500","75.660097700","192.168.0.178","192.168.0.186","25565","25858","4303145","42642","1460","0","0x0010"
"11535","2026-08-15T10:07:22.913295900-0500","75.660326000","192.168.0.178","192.168.0.186","25565","25858","4304605","42642","1460","0","0x0010"
"11536","2026-08-15T10:07:22.913295900-0500","75.660326000","192.168.0.178","192.168.0.186","25565","25858","4306065","42642","1460","0","0x0010"
"11537","2026-08-15T10:07:22.913337900-0500","75.660368000","192.168.0.186","192.168.0.178","25858","25565","42642","4307525","0","0","0x0010"
"11538","2026-08-15T10:07:22.913397300-0500","75.660427400","192.168.0.178","192.168.0.186","25565","25858","4307525","42642","1460","0","0x0010"
"11539","2026-08-15T10:07:22.913406100-0500","75.660436200","192.168.0.186","192.168.0.178","25858","25565","42642","4308985","0","0","0x0010"
"11540","2026-08-15T10:07:22.913630900-0500","75.660661000","192.168.0.178","192.168.0.186","25565","25858","4308985","42642","1460","0","0x0010"
"11541","2026-08-15T10:07:22.913823800-0500","75.660853900","192.168.0.178","192.168.0.186","25565","25858","4310445","42642","1460","0","0x0010"
"11542","2026-08-15T10:07:22.913823800-0500","75.660853900","192.168.0.178","192.168.0.186","25565","25858","4311905","42642","1460","0","0x0010"
"11543","2026-08-15T10:07:22.913840300-0500","75.660870400","192.168.0.186","192.168.0.178","25858","25565","42642","4313365","0","0","0x0010"
"11544","2026-08-15T10:07:22.913896100-0500","75.660926200","192.168.0.178","192.168.0.186","25565","25858","4313365","42642","1460","0","0x0010"
"11545","2026-08-15T10:07:22.913903100-0500","75.660933200","192.168.0.186","192.168.0.178","25858","25565","42642","4314825","0","0","0x0010"
"11546","2026-08-15T10:07:22.914113000-0500","75.661143100","192.168.0.178","192.168.0.186","25565","25858","4314825","42642","1460","0","0x0018"
"11547","2026-08-15T10:07:22.914172900-0500","75.661203000","192.168.0.178","192.168.0.186","25565","25858","4316285","42642","1460","0","0x0010"
"11548","2026-08-15T10:07:22.914188900-0500","75.661219000","192.168.0.186","192.168.0.178","25858","25565","42642","4317745","0","0","0x0010"
"11549","2026-08-15T10:07:22.914295000-0500","75.661325100","192.168.0.178","192.168.0.186","25565","25858","4317745","42642","1460","0","0x0010"
"11550","2026-08-15T10:07:22.914534900-0500","75.661565000","192.168.0.178","192.168.0.186","25565","25858","4319205","42642","1460","0","0x0010"
"11551","2026-08-15T10:07:22.914534900-0500","75.661565000","192.168.0.178","192.168.0.186","25565","25858","4320665","42642","1460","0","0x0010"
"11552","2026-08-15T10:07:22.914580100-0500","75.661610200","192.168.0.186","192.168.0.178","25858","25565","42642","4322125","0","0","0x0010"
"11553","2026-08-15T10:07:22.914641000-0500","75.661671100","192.168.0.178","192.168.0.186","25565","25858","4322125","42642","1460","0","0x0010"
"11554","2026-08-15T10:07:22.914653000-0500","75.661683100","192.168.0.186","192.168.0.178","25858","25565","42642","4323585","0","0","0x0010"
"11555","2026-08-15T10:07:22.914881200-0500","75.661911300","192.168.0.178","192.168.0.186","25565","25858","4323585","42642","1460","0","0x0010"
"11556","2026-08-15T10:07:22.914881200-0500","75.661911300","192.168.0.178","192.168.0.186","25565","25858","4325045","42642","1460","0","0x0010"
"11557","2026-08-15T10:07:22.914912800-0500","75.661942900","192.168.0.186","192.168.0.178","25858","25565","42642","4326505","0","0","0x0010"
"11558","2026-08-15T10:07:22.915139600-0500","75.662169700","192.168.0.178","192.168.0.186","25565","25858","4326505","42642","1460","0","0x0010"
"11559","2026-08-15T10:07:22.915139600-0500","75.662169700","192.168.0.178","192.168.0.186","25565","25858","4327965","42642","1380","0","0x0018"
"11560","2026-08-15T10:07:22.915185300-0500","75.662215400","192.168.0.186","192.168.0.178","25858","25565","42642","4329345","0","0","0x0010"
"11561","2026-08-15T10:07:22.927030200-0500","75.674060300","192.168.0.186","192.168.0.178","25858","25565","42642","4329345","3","0","0x0018"
"11562","2026-08-15T10:07:22.958775300-0500","75.705805400","192.168.0.178","192.168.0.186","25565","25858","4329345","42645","1460","0","0x0010"
"11563","2026-08-15T10:07:22.958775300-0500","75.705805400","192.168.0.178","192.168.0.186","25565","25858","4330805","42645","1460","0","0x0010"
"11564","2026-08-15T10:07:22.958775300-0500","75.705805400","192.168.0.178","192.168.0.186","25565","25858","4332265","42645","1460","0","0x0010"
"11565","2026-08-15T10:07:22.958775300-0500","75.705805400","192.168.0.178","192.168.0.186","25565","25858","4333725","42645","1460","0","0x0010"
"11566","2026-08-15T10:07:22.958908400-0500","75.705938500","192.168.0.186","192.168.0.178","25858","25565","42645","4335185","0","0","0x0010"
"11567","2026-08-15T10:07:22.958963900-0500","75.705994000","192.168.0.178","192.168.0.186","25565","25858","4335185","42645","1460","0","0x0010"
"11568","2026-08-15T10:07:22.958963900-0500","75.705994000","192.168.0.178","192.168.0.186","25565","25858","4336645","42645","1460","0","0x0010"
"11569","2026-08-15T10:07:22.958983000-0500","75.706013100","192.168.0.186","192.168.0.178","25858","25565","42645","4338105","0","0","0x0010"
"11570","2026-08-15T10:07:22.959027200-0500","75.706057300","192.168.0.178","192.168.0.186","25565","25858","4338105","42645","1460","0","0x0010"
"11571","2026-08-15T10:07:22.959284800-0500","75.706314900","192.168.0.178","192.168.0.186","25565","25858","4339565","42645","1460","0","0x0010"
"11572","2026-08-15T10:07:22.959284800-0500","75.706314900","192.168.0.178","192.168.0.186","25565","25858","4341025","42645","1460","0","0x0010"
"11573","2026-08-15T10:07:22.959312500-0500","75.706342600","192.168.0.186","192.168.0.178","25858","25565","42645","4342485","0","0","0x0010"
"11574","2026-08-15T10:07:22.959505700-0500","75.706535800","192.168.0.178","192.168.0.186","25565","25858","4342485","42645","1460","0","0x0010"
"11575","2026-08-15T10:07:22.959532100-0500","75.706562200","192.168.0.186","192.168.0.178","25858","25565","42645","4343945","0","0","0x0010"
"11576","2026-08-15T10:07:22.959569100-0500","75.706599200","192.168.0.178","192.168.0.186","25565","25858","4343945","42645","1460","0","0x0018"
"11577","2026-08-15T10:07:22.959643900-0500","75.706674000","192.168.0.178","192.168.0.186","25565","25858","4345405","42645","1460","0","0x0010"
"11578","2026-08-15T10:07:22.959651000-0500","75.706681100","192.168.0.186","192.168.0.178","25858","25565","42645","4346865","0","0","0x0010"
"11579","2026-08-15T10:07:22.959866400-0500","75.706896500","192.168.0.178","192.168.0.186","25565","25858","4346865","42645","1460","0","0x0010"
"11580","2026-08-15T10:07:22.959938000-0500","75.706968100","192.168.0.178","192.168.0.186","25565","25858","4348325","42645","1460","0","0x0010"
"11581","2026-08-15T10:07:22.959938000-0500","75.706968100","192.168.0.178","192.168.0.186","25565","25858","4349785","42645","538","0","0x0018"
"11582","2026-08-15T10:07:22.959952100-0500","75.706982200","192.168.0.186","192.168.0.178","25858","25565","42645","4350323","0","0","0x0010"
"11583","2026-08-15T10:07:22.978625500-0500","75.725655600","192.168.0.186","192.168.0.178","25858","25565","42645","4350323","3","0","0x0018"
"11584","2026-08-15T10:07:23.006555900-0500","75.753586000","192.168.0.178","192.168.0.186","25565","25858","4350323","42648","1460","0","0x0010"
"11585","2026-08-15T10:07:23.006555900-0500","75.753586000","192.168.0.178","192.168.0.186","25565","25858","4351783","42648","1460","0","0x0010"
"11586","2026-08-15T10:07:23.006619100-0500","75.753649200","192.168.0.186","192.168.0.178","25858","25565","42648","4353243","0","0","0x0010"
"11587","2026-08-15T10:07:23.006676800-0500","75.753706900","192.168.0.178","192.168.0.186","25565","25858","4353243","42648","1460","0","0x0010"
"11588","2026-08-15T10:07:23.006917300-0500","75.753947400","192.168.0.178","192.168.0.186","25565","25858","4354703","42648","1460","0","0x0010"
"11589","2026-08-15T10:07:23.006917300-0500","75.753947400","192.168.0.178","192.168.0.186","25565","25858","4356163","42648","1460","0","0x0010"
"11590","2026-08-15T10:07:23.006969300-0500","75.753999400","192.168.0.186","192.168.0.178","25858","25565","42648","4357623","0","0","0x0010"
"11591","2026-08-15T10:07:23.007045500-0500","75.754075600","192.168.0.178","192.168.0.186","25565","25858","4357623","42648","1460","0","0x0010"
"11592","2026-08-15T10:07:23.007056300-0500","75.754086400","192.168.0.186","192.168.0.178","25858","25565","42648","4359083","0","0","0x0010"
"11593","2026-08-15T10:07:23.007294600-0500","75.754324700","192.168.0.178","192.168.0.186","25565","25858","4359083","42648","1460","0","0x0010"
"11594","2026-08-15T10:07:23.007294600-0500","75.754324700","192.168.0.178","192.168.0.186","25565","25858","4360543","42648","1460","0","0x0010"
"11595","2026-08-15T10:07:23.007345800-0500","75.754375900","192.168.0.186","192.168.0.178","25858","25565","42648","4362003","0","0","0x0010"
"11596","2026-08-15T10:07:23.007405700-0500","75.754435800","192.168.0.178","192.168.0.186","25565","25858","4362003","42648","1460","0","0x0010"
"11597","2026-08-15T10:07:23.007651300-0500","75.754681400","192.168.0.178","192.168.0.186","25565","25858","4363463","42648","1460","0","0x0010"
"11598","2026-08-15T10:07:23.007651300-0500","75.754681400","192.168.0.178","192.168.0.186","25565","25858","4364923","42648","1460","0","0x0018"
"11599","2026-08-15T10:07:23.007702900-0500","75.754733000","192.168.0.186","192.168.0.178","25858","25565","42648","4366383","0","0","0x0010"
"11600","2026-08-15T10:07:23.007748300-0500","75.754778400","192.168.0.178","192.168.0.186","25565","25858","4366383","42648","1460","0","0x0010"
"11601","2026-08-15T10:07:23.007765800-0500","75.754795900","192.168.0.186","192.168.0.178","25858","25565","42648","4367843","0","0","0x0010"
"11602","2026-08-15T10:07:23.008030700-0500","75.755060800","192.168.0.178","192.168.0.186","25565","25858","4367843","42648","1460","0","0x0010"
"11603","2026-08-15T10:07:23.008030700-0500","75.755060800","192.168.0.178","192.168.0.186","25565","25858","4369303","42648","1460","0","0x0010"
"11604","2026-08-15T10:07:23.008078900-0500","75.755109000","192.168.0.186","192.168.0.178","25858","25565","42648","4370763","0","0","0x0010"
"11605","2026-08-15T10:07:23.008153600-0500","75.755183700","192.168.0.178","192.168.0.186","25565","25858","4370763","42648","1460","0","0x0010"
"11606","2026-08-15T10:07:23.008203500-0500","75.755233600","192.168.0.178","192.168.0.186","25565","25858","4372223","42648","838","0","0x0018"
"11607","2026-08-15T10:07:23.008214700-0500","75.755244800","192.168.0.186","192.168.0.178","25858","25565","42648","4373061","0","0","0x0010"
"11608","2026-08-15T10:07:23.027741100-0500","75.774771200","192.168.0.186","192.168.0.178","25858","25565","42648","4373061","3","0","0x0018"
"11609","2026-08-15T10:07:23.060234800-0500","75.807264900","192.168.0.178","192.168.0.186","25565","25858","4373061","42651","1460","0","0x0010"
"11610","2026-08-15T10:07:23.060234800-0500","75.807264900","192.168.0.178","192.168.0.186","25565","25858","4374521","42651","1460","0","0x0010"
"11611","2026-08-15T10:07:23.060312000-0500","75.807342100","192.168.0.186","192.168.0.178","25858","25565","42651","4375981","0","0","0x0010"
"11612","2026-08-15T10:07:23.060370100-0500","75.807400200","192.168.0.178","192.168.0.186","25565","25858","4375981","42651","1460","0","0x0010"
"11613","2026-08-15T10:07:23.060455800-0500","75.807485900","192.168.0.178","192.168.0.186","25565","25858","4377441","42651","1460","0","0x0010"
"11614","2026-08-15T10:07:23.060469400-0500","75.807499500","192.168.0.186","192.168.0.178","25858","25565","42651","4378901","0","0","0x0010"
"11615","2026-08-15T10:07:23.060710800-0500","75.807740900","192.168.0.178","192.168.0.186","25565","25858","4378901","42651","1460","0","0x0010"
"11616","2026-08-15T10:07:23.060710800-0500","75.807740900","192.168.0.178","192.168.0.186","25565","25858","4380361","42651","1460","0","0x0010"
"11617","2026-08-15T10:07:23.060759900-0500","75.807790000","192.168.0.186","192.168.0.178","25858","25565","42651","4381821","0","0","0x0010"
"11618","2026-08-15T10:07:23.060827800-0500","75.807857900","192.168.0.178","192.168.0.186","25565","25858","4381821","42651","1460","0","0x0010"
"11619","2026-08-15T10:07:23.061070100-0500","75.808100200","192.168.0.178","192.168.0.186","25565","25858","4383281","42651","1460","0","0x0010"
"11620","2026-08-15T10:07:23.061070100-0500","75.808100200","192.168.0.178","192.168.0.186","25565","25858","4384741","42651","1460","0","0x0010"
"11621","2026-08-15T10:07:23.061132000-0500","75.808162100","192.168.0.186","192.168.0.178","25858","25565","42651","4386201","0","0","0x0010"
"11622","2026-08-15T10:07:23.061194400-0500","75.808224500","192.168.0.178","192.168.0.186","25565","25858","4386201","42651","1460","0","0x0010"
"11623","2026-08-15T10:07:23.061205500-0500","75.808235600","192.168.0.186","192.168.0.178","25858","25565","42651","4387661","0","0","0x0010"
"11624","2026-08-15T10:07:23.061450300-0500","75.808480400","192.168.0.178","192.168.0.186","25565","25858","4387661","42651","1460","0","0x0018"
"11625","2026-08-15T10:07:23.061450300-0500","75.808480400","192.168.0.178","192.168.0.186","25565","25858","4389121","42651","1460","0","0x0010"
"11626","2026-08-15T10:07:23.061496700-0500","75.808526800","192.168.0.186","192.168.0.178","25858","25565","42651","4390581","0","0","0x0010"
"11627","2026-08-15T10:07:23.061712700-0500","75.808742800","192.168.0.178","192.168.0.186","25565","25858","4390581","42651","1460","0","0x0010"
"11628","2026-08-15T10:07:23.061712700-0500","75.808742800","192.168.0.178","192.168.0.186","25565","25858","4392041","42651","1390","0","0x0018"
"11629","2026-08-15T10:07:23.061766500-0500","75.808796600","192.168.0.186","192.168.0.178","25858","25565","42651","4393431","0","0","0x0010"
"11630","2026-08-15T10:07:23.076758900-0500","75.823789000","192.168.0.186","192.168.0.178","25858","25565","42651","4393431","3","0","0x0018"
"11631","2026-08-15T10:07:23.106079600-0500","75.853109700","192.168.0.178","192.168.0.186","25565","25858","4393431","42654","1460","0","0x0010"
"11632","2026-08-15T10:07:23.106079600-0500","75.853109700","192.168.0.178","192.168.0.186","25565","25858","4394891","42654","1460","0","0x0010"
"11633","2026-08-15T10:07:23.106131400-0500","75.853161500","192.168.0.186","192.168.0.178","25858","25565","42654","4396351","0","0","0x0010"
"11634","2026-08-15T10:07:23.106175300-0500","75.853205400","192.168.0.178","192.168.0.186","25565","25858","4396351","42654","1460","0","0x0010"
"11635","2026-08-15T10:07:23.106394300-0500","75.853424400","192.168.0.178","192.168.0.186","25565","25858","4397811","42654","1460","0","0x0010"
"11636","2026-08-15T10:07:23.106394300-0500","75.853424400","192.168.0.178","192.168.0.186","25565","25858","4399271","42654","1460","0","0x0010"
"11637","2026-08-15T10:07:23.106413600-0500","75.853443700","192.168.0.186","192.168.0.178","25858","25565","42654","4400731","0","0","0x0010"
"11638","2026-08-15T10:07:23.106634400-0500","75.853664500","192.168.0.178","192.168.0.186","25565","25858","4400731","42654","1460","0","0x0010"
"11639","2026-08-15T10:07:23.106634400-0500","75.853664500","192.168.0.178","192.168.0.186","25565","25858","4402191","42654","1460","0","0x0010"
"11640","2026-08-15T10:07:23.106660600-0500","75.853690700","192.168.0.186","192.168.0.178","25858","25565","42654","4403651","0","0","0x0010"
"11641","2026-08-15T10:07:23.106858300-0500","75.853888400","192.168.0.178","192.168.0.186","25565","25858","4403651","42654","1460","0","0x0010"
"11642","2026-08-15T10:07:23.106875700-0500","75.853905800","192.168.0.186","192.168.0.178","25858","25565","42654","4405111","0","0","0x0010"
"11643","2026-08-15T10:07:23.106908200-0500","75.853938300","192.168.0.178","192.168.0.186","25565","25858","4405111","42654","1460","0","0x0010"
"11644","2026-08-15T10:07:23.107043500-0500","75.854073600","192.168.0.178","192.168.0.186","25565","25858","4406571","42654","1460","0","0x0010"
"11645","2026-08-15T10:07:23.107060700-0500","75.854090800","192.168.0.186","192.168.0.178","25858","25565","42654","4408031","0","0","0x0010"
"11646","2026-08-15T10:07:23.107172000-0500","75.854202100","192.168.0.178","192.168.0.186","25565","25858","4408031","42654","1460","0","0x0018"
"11647","2026-08-15T10:07:23.107364500-0500","75.854394600","192.168.0.178","192.168.0.186","25565","25858","4409491","42654","1460","0","0x0010"
"11648","2026-08-15T10:07:23.107388100-0500","75.854418200","192.168.0.186","192.168.0.178","25858","25565","42654","4410951","0","0","0x0010"
"11649","2026-08-15T10:07:23.107436400-0500","75.854466500","192.168.0.178","192.168.0.186","25565","25858","4410951","42654","1460","0","0x0010"
"11650","2026-08-15T10:07:23.107602100-0500","75.854632200","192.168.0.178","192.168.0.186","25565","25858","4412411","42654","1460","0","0x0010"
"11651","2026-08-15T10:07:23.107621900-0500","75.854652000","192.168.0.186","192.168.0.178","25858","25565","42654","4413871","0","0","0x0010"
"11652","2026-08-15T10:07:23.107658700-0500","75.854688800","192.168.0.178","192.168.0.186","25565","25858","4413871","42654","1460","0","0x0010"
"11653","2026-08-15T10:07:23.107872300-0500","75.854902400","192.168.0.178","192.168.0.186","25565","25858","4415331","42654","1460","0","0x0010"
"11654","2026-08-15T10:07:23.107872300-0500","75.854902400","192.168.0.178","192.168.0.186","25565","25858","4416791","42654","1460","0","0x0010"
"11655","2026-08-15T10:07:23.107891900-0500","75.854922000","192.168.0.186","192.168.0.178","25858","25565","42654","4418251","0","0","0x0010"
"11656","2026-08-15T10:07:23.107953200-0500","75.854983300","192.168.0.178","192.168.0.186","25565","25858","4418251","42654","661","0","0x0018"
"11657","2026-08-15T10:07:23.107963200-0500","75.854993300","192.168.0.186","192.168.0.178","25858","25565","42654","4418912","0","0","0x0010"
"11658","2026-08-15T10:07:23.127396400-0500","75.874426500","192.168.0.186","192.168.0.178","25858","25565","42654","4418912","3","0","0x0018"
"11659","2026-08-15T10:07:23.156947700-0500","75.903977800","192.168.0.178","192.168.0.186","25565","25858","4418912","42657","1460","0","0x0010"
"11660","2026-08-15T10:07:23.156947700-0500","75.903977800","192.168.0.178","192.168.0.186","25565","25858","4420372","42657","1460","0","0x0010"
"11661","2026-08-15T10:07:23.157022400-0500","75.904052500","192.168.0.186","192.168.0.178","25858","25565","42657","4421832","0","0","0x0010"
"11662","2026-08-15T10:07:23.157071300-0500","75.904101400","192.168.0.178","192.168.0.186","25565","25858","4421832","42657","1460","0","0x0010"
"11663","2026-08-15T10:07:23.157193200-0500","75.904223300","192.168.0.178","192.168.0.186","25565","25858","4423292","42657","1460","0","0x0010"
"11664","2026-08-15T10:07:23.157206500-0500","75.904236600","192.168.0.186","192.168.0.178","25858","25565","42657","4424752","0","0","0x0010"
"11665","2026-08-15T10:07:23.157269900-0500","75.904300000","192.168.0.178","192.168.0.186","25565","25858","4424752","42657","1460","0","0x0010"
"11666","2026-08-15T10:07:23.157511400-0500","75.904541500","192.168.0.178","192.168.0.186","25565","25858","4426212","42657","1460","0","0x0010"
"11667","2026-08-15T10:07:23.157566700-0500","75.904596800","192.168.0.186","192.168.0.178","25858","25565","42657","4427672","0","0","0x0010"
"11668","2026-08-15T10:07:23.157639600-0500","75.904669700","192.168.0.178","192.168.0.186","25565","25858","4427672","42657","1460","0","0x0010"
"11669","2026-08-15T10:07:23.157639600-0500","75.904669700","192.168.0.178","192.168.0.186","25565","25858","4429132","42657","1460","0","0x0010"
"11670","2026-08-15T10:07:23.157657000-0500","75.904687100","192.168.0.186","192.168.0.178","25858","25565","42657","4430592","0","0","0x0010"
"11671","2026-08-15T10:07:23.157880800-0500","75.904910900","192.168.0.178","192.168.0.186","25565","25858","4430592","42657","1460","0","0x0010"
"11672","2026-08-15T10:07:23.157995800-0500","75.905025900","192.168.0.178","192.168.0.186","25565","25858","4432052","42657","1460","0","0x0010"
"11673","2026-08-15T10:07:23.158021300-0500","75.905051400","192.168.0.186","192.168.0.178","25858","25565","42657","4433512","0","0","0x0010"
"11674","2026-08-15T10:07:23.158074400-0500","75.905104500","192.168.0.178","192.168.0.186","25565","25858","4433512","42657","1460","0","0x0018"
"11675","2026-08-15T10:07:23.158199200-0500","75.905229300","192.168.0.178","192.168.0.186","25565","25858","4434972","42657","1460","0","0x0010"
"11676","2026-08-15T10:07:23.158207300-0500","75.905237400","192.168.0.186","192.168.0.178","25858","25565","42657","4436432","0","0","0x0010"
"11677","2026-08-15T10:07:23.158460000-0500","75.905490100","192.168.0.178","192.168.0.186","25565","25858","4436432","42657","1460","0","0x0010"
"11678","2026-08-15T10:07:23.158460000-0500","75.905490100","192.168.0.178","192.168.0.186","25565","25858","4437892","42657","1460","0","0x0010"
"11679","2026-08-15T10:07:23.158514700-0500","75.905544800","192.168.0.186","192.168.0.178","25858","25565","42657","4439352","0","0","0x0010"
"11680","2026-08-15T10:07:23.158582200-0500","75.905612300","192.168.0.178","192.168.0.186","25565","25858","4439352","42657","1460","0","0x0010"
"11681","2026-08-15T10:07:23.158943700-0500","75.905973800","192.168.0.178","192.168.0.186","25565","25858","4440812","42657","1460","0","0x0010"
"11682","2026-08-15T10:07:23.158943700-0500","75.905973800","192.168.0.178","192.168.0.186","25565","25858","4442272","42657","1460","0","0x0010"
"11683","2026-08-15T10:07:23.158943700-0500","75.905973800","192.168.0.178","192.168.0.186","25565","25858","4443732","42657","1460","0","0x0010"
"11684","2026-08-15T10:07:23.159006400-0500","75.906036500","192.168.0.186","192.168.0.178","25858","25565","42657","4445192","0","0","0x0010"
"11685","2026-08-15T10:07:23.159065000-0500","75.906095100","192.168.0.178","192.168.0.186","25565","25858","4445192","42657","1260","0","0x0018"
"11686","2026-08-15T10:07:23.178108600-0500","75.925138700","192.168.0.186","192.168.0.178","25858","25565","42657","4446452","3","0","0x0018"
"11687","2026-08-15T10:07:23.204921600-0500","75.951951700","192.168.0.178","192.168.0.186","25565","25858","4446452","42660","1460","0","0x0010"
"11688","2026-08-15T10:07:23.204921600-0500","75.951951700","192.168.0.178","192.168.0.186","25565","25858","4447912","42660","1460","0","0x0010"
"11689","2026-08-15T10:07:23.204969800-0500","75.951999900","192.168.0.186","192.168.0.178","25858","25565","42660","4449372","0","0","0x0010"
"11690","2026-08-15T10:07:23.205017000-0500","75.952047100","192.168.0.178","192.168.0.186","25565","25858","4449372","42660","1460","0","0x0010"
"11691","2026-08-15T10:07:23.205243000-0500","75.952273100","192.168.0.178","192.168.0.186","25565","25858","4450832","42660","1460","0","0x0010"
"11692","2026-08-15T10:07:23.205243000-0500","75.952273100","192.168.0.178","192.168.0.186","25565","25858","4452292","42660","1460","0","0x0010"
"11693","2026-08-15T10:07:23.205263900-0500","75.952294000","192.168.0.186","192.168.0.178","25858","25565","42660","4453752","0","0","0x0010"
"11694","2026-08-15T10:07:23.205472100-0500","75.952502200","192.168.0.178","192.168.0.186","25565","25858","4453752","42660","1460","0","0x0010"
"11695","2026-08-15T10:07:23.205493300-0500","75.952523400","192.168.0.186","192.168.0.178","25858","25565","42660","4455212","0","0","0x0010"
"11696","2026-08-15T10:07:23.205541100-0500","75.952571200","192.168.0.178","192.168.0.186","25565","25858","4455212","42660","1460","0","0x0010"
"11697","2026-08-15T10:07:23.205728800-0500","75.952758900","192.168.0.178","192.168.0.186","25565","25858","4456672","42660","1460","0","0x0010"
"11698","2026-08-15T10:07:23.205728800-0500","75.952758900","192.168.0.178","192.168.0.186","25565","25858","4458132","42660","1460","0","0x0010"
"11699","2026-08-15T10:07:23.205746000-0500","75.952776100","192.168.0.186","192.168.0.178","25858","25565","42660","4459592","0","0","0x0010"
"11700","2026-08-15T10:07:23.205966900-0500","75.952997000","192.168.0.178","192.168.0.186","25565","25858","4459592","42660","1460","0","0x0010"
"11701","2026-08-15T10:07:23.206004400-0500","75.953034500","192.168.0.186","192.168.0.178","25858","25565","42660","4461052","0","0","0x0010"
"11702","2026-08-15T10:07:23.206035000-0500","75.953065100","192.168.0.178","192.168.0.186","25565","25858","4461052","42660","1460","0","0x0018"
"11703","2026-08-15T10:07:23.206299700-0500","75.953329800","192.168.0.178","192.168.0.186","25565","25858","4462512","42660","1460","0","0x0010"
"11704","2026-08-15T10:07:23.206299700-0500","75.953329800","192.168.0.178","192.168.0.186","25565","25858","4463972","42660","1460","0","0x0010"
"11705","2026-08-15T10:07:23.206351100-0500","75.953381200","192.168.0.186","192.168.0.178","25858","25565","42660","4465432","0","0","0x0010"
"11706","2026-08-15T10:07:23.206406300-0500","75.953436400","192.168.0.178","192.168.0.186","25565","25858","4465432","42660","1460","0","0x0010"
"11707","2026-08-15T10:07:23.206417000-0500","75.953447100","192.168.0.186","192.168.0.178","25858","25565","42660","4466892","0","0","0x0010"
"11708","2026-08-15T10:07:23.206642600-0500","75.953672700","192.168.0.178","192.168.0.186","25565","25858","4466892","42660","1460","0","0x0010"
"11709","2026-08-15T10:07:23.206642600-0500","75.953672700","192.168.0.178","192.168.0.186","25565","25858","4468352","42660","1460","0","0x0010"
"11710","2026-08-15T10:07:23.206708600-0500","75.953738700","192.168.0.186","192.168.0.178","25858","25565","42660","4469812","0","0","0x0010"
"11711","2026-08-15T10:07:23.206801300-0500","75.953831400","192.168.0.178","192.168.0.186","25565","25858","4469812","42660","501","0","0x0018"
"11712","2026-08-15T10:07:23.227191900-0500","75.974222000","192.168.0.186","192.168.0.178","25858","25565","42660","4470313","3","0","0x0018"
"11713","2026-08-15T10:07:23.259871600-0500","76.006901700","192.168.0.178","192.168.0.186","25565","25858","4470313","42663","1460","0","0x0010"
"11714","2026-08-15T10:07:23.259871600-0500","76.006901700","192.168.0.178","192.168.0.186","25565","25858","4471773","42663","1460","0","0x0010"
"11715","2026-08-15T10:07:23.259919400-0500","76.006949500","192.168.0.186","192.168.0.178","25858","25565","42663","4473233","0","0","0x0010"
"11716","2026-08-15T10:07:23.259975400-0500","76.007005500","192.168.0.178","192.168.0.186","25565","25858","4473233","42663","1460","0","0x0010"
"11717","2026-08-15T10:07:23.260214200-0500","76.007244300","192.168.0.178","192.168.0.186","25565","25858","4474693","42663","1460","0","0x0010"
"11718","2026-08-15T10:07:23.260214200-0500","76.007244300","192.168.0.178","192.168.0.186","25565","25858","4476153","42663","1460","0","0x0010"
"11719","2026-08-15T10:07:23.260234100-0500","76.007264200","192.168.0.186","192.168.0.178","25858","25565","42663","4477613","0","0","0x0010"
"11720","2026-08-15T10:07:23.260444900-0500","76.007475000","192.168.0.178","192.168.0.186","25565","25858","4477613","42663","1460","0","0x0010"
"11721","2026-08-15T10:07:23.260468100-0500","76.007498200","192.168.0.186","192.168.0.178","25858","25565","42663","4479073","0","0","0x0010"
"11722","2026-08-15T10:07:23.260517100-0500","76.007547200","192.168.0.178","192.168.0.186","25565","25858","4479073","42663","1460","0","0x0010"
"11723","2026-08-15T10:07:23.260680300-0500","76.007710400","192.168.0.178","192.168.0.186","25565","25858","4480533","42663","1460","0","0x0010"
"11724","2026-08-15T10:07:23.260700000-0500","76.007730100","192.168.0.186","192.168.0.178","25858","25565","42663","4481993","0","0","0x0010"
"11725","2026-08-15T10:07:23.260736600-0500","76.007766700","192.168.0.178","192.168.0.186","25565","25858","4481993","42663","1460","0","0x0010"
"11726","2026-08-15T10:07:23.260795800-0500","76.007825900","192.168.0.178","192.168.0.186","25565","25858","4483453","42663","1184","0","0x0018"
"11727","2026-08-15T10:07:23.260805500-0500","76.007835600","192.168.0.186","192.168.0.178","25858","25565","42663","4484637","0","0","0x0010"
"11728","2026-08-15T10:07:23.277910000-0500","76.024940100","192.168.0.186","192.168.0.178","25858","25565","42663","4484637","3","0","0x0018"
"11729","2026-08-15T10:07:23.306659500-0500","76.053689600","192.168.0.178","192.168.0.186","25565","25858","4484637","42666","1460","0","0x0010"
"11730","2026-08-15T10:07:23.306659500-0500","76.053689600","192.168.0.178","192.168.0.186","25565","25858","4486097","42666","1460","0","0x0010"
"11731","2026-08-15T10:07:23.306739800-0500","76.053769900","192.168.0.186","192.168.0.178","25858","25565","42666","4487557","0","0","0x0010"
"11732","2026-08-15T10:07:23.306836400-0500","76.053866500","192.168.0.178","192.168.0.186","25565","25858","4487557","42666","1460","0","0x0010"
"11733","2026-08-15T10:07:23.306900400-0500","76.053930500","192.168.0.178","192.168.0.186","25565","25858","4489017","42666","1460","0","0x0010"
"11734","2026-08-15T10:07:23.306912900-0500","76.053943000","192.168.0.186","192.168.0.178","25858","25565","42666","4490477","0","0","0x0010"
"11735","2026-08-15T10:07:23.307033600-0500","76.054063700","192.168.0.178","192.168.0.186","25565","25858","4490477","42666","1460","0","0x0010"
"11736","2026-08-15T10:07:23.307261700-0500","76.054291800","192.168.0.178","192.168.0.186","25565","25858","4491937","42666","1460","0","0x0010"
"11737","2026-08-15T10:07:23.307261700-0500","76.054291800","192.168.0.178","192.168.0.186","25565","25858","4493397","42666","1460","0","0x0010"
"11738","2026-08-15T10:07:23.307299800-0500","76.054329900","192.168.0.186","192.168.0.178","25858","25565","42666","4494857","0","0","0x0010"
"11739","2026-08-15T10:07:23.307367100-0500","76.054397200","192.168.0.178","192.168.0.186","25565","25858","4494857","42666","1460","0","0x0010"
"11740","2026-08-15T10:07:23.307387200-0500","76.054417300","192.168.0.186","192.168.0.178","25858","25565","42666","4496317","0","0","0x0010"
"11741","2026-08-15T10:07:23.307625200-0500","76.054655300","192.168.0.178","192.168.0.186","25565","25858","4496317","42666","1460","0","0x0010"
"11742","2026-08-15T10:07:23.307625200-0500","76.054655300","192.168.0.178","192.168.0.186","25565","25858","4497777","42666","1460","0","0x0010"
"11743","2026-08-15T10:07:23.307676700-0500","76.054706800","192.168.0.186","192.168.0.178","25858","25565","42666","4499237","0","0","0x0010"
"11744","2026-08-15T10:07:23.307752900-0500","76.054783000","192.168.0.178","192.168.0.186","25565","25858","4499237","42666","1460","0","0x0018"
"11745","2026-08-15T10:07:23.308058300-0500","76.055088400","192.168.0.178","192.168.0.186","25565","25858","4500697","42666","1460","0","0x0010"
"11746","2026-08-15T10:07:23.308058300-0500","76.055088400","192.168.0.178","192.168.0.186","25565","25858","4502157","42666","1460","0","0x0010"
"11747","2026-08-15T10:07:23.308112000-0500","76.055142100","192.168.0.186","192.168.0.178","25858","25565","42666","4503617","0","0","0x0010"
"11748","2026-08-15T10:07:23.308179100-0500","76.055209200","192.168.0.178","192.168.0.186","25565","25858","4503617","42666","1460","0","0x0010"
"11749","2026-08-15T10:07:23.308190000-0500","76.055220100","192.168.0.186","192.168.0.178","25858","25565","42666","4505077","0","0","0x0010"
"11750","2026-08-15T10:07:23.308458300-0500","76.055488400","192.168.0.178","192.168.0.186","25565","25858","4505077","42666","1460","0","0x0010"
"11751","2026-08-15T10:07:23.308458300-0500","76.055488400","192.168.0.178","192.168.0.186","25565","25858","4506537","42666","329","0","0x0018"
"11752","2026-08-15T10:07:23.308511700-0500","76.055541800","192.168.0.186","192.168.0.178","25858","25565","42666","4506866","0","0","0x0010"
"11753","2026-08-15T10:07:23.326439600-0500","76.073469700","192.168.0.186","192.168.0.178","25858","25565","42666","4506866","28","0","0x0018"
"11754","2026-08-15T10:07:23.326969900-0500","76.074000000","192.168.0.186","192.168.0.178","25858","25565","42694","4506866","3","0","0x0018"
"11755","2026-08-15T10:07:23.327496300-0500","76.074526400","192.168.0.178","192.168.0.186","25565","25858","4506866","42697","0","0","0x0010"
"11756","2026-08-15T10:07:23.357049500-0500","76.104079600","192.168.0.178","192.168.0.186","25565","25858","4506866","42697","1460","0","0x0010"
"11757","2026-08-15T10:07:23.357049500-0500","76.104079600","192.168.0.178","192.168.0.186","25565","25858","4508326","42697","1460","0","0x0010"
"11758","2026-08-15T10:07:23.357119400-0500","76.104149500","192.168.0.186","192.168.0.178","25858","25565","42697","4509786","0","0","0x0010"
"11759","2026-08-15T10:07:23.357164000-0500","76.104194100","192.168.0.178","192.168.0.186","25565","25858","4509786","42697","1460","0","0x0010"
"11760","2026-08-15T10:07:23.357387500-0500","76.104417600","192.168.0.178","192.168.0.186","25565","25858","4511246","42697","1460","0","0x0010"
"11761","2026-08-15T10:07:23.357387500-0500","76.104417600","192.168.0.178","192.168.0.186","25565","25858","4512706","42697","1460","0","0x0010"
"11762","2026-08-15T10:07:23.357435700-0500","76.104465800","192.168.0.186","192.168.0.178","25858","25565","42697","4514166","0","0","0x0010"
"11763","2026-08-15T10:07:23.357493400-0500","76.104523500","192.168.0.178","192.168.0.186","25565","25858","4514166","42697","1460","0","0x0010"
"11764","2026-08-15T10:07:23.357511200-0500","76.104541300","192.168.0.186","192.168.0.178","25858","25565","42697","4515626","0","0","0x0010"
"11765","2026-08-15T10:07:23.357714500-0500","76.104744600","192.168.0.178","192.168.0.186","25565","25858","4515626","42697","1460","0","0x0010"
"11766","2026-08-15T10:07:23.357772500-0500","76.104802600","192.168.0.178","192.168.0.186","25565","25858","4517086","42697","1460","0","0x0010"
"11767","2026-08-15T10:07:23.357784900-0500","76.104815000","192.168.0.186","192.168.0.178","25858","25565","42697","4518546","0","0","0x0010"
"11768","2026-08-15T10:07:23.357858500-0500","76.104888600","192.168.0.178","192.168.0.186","25565","25858","4518546","42697","1460","0","0x0010"
"11769","2026-08-15T10:07:23.358132000-0500","76.105162100","192.168.0.178","192.168.0.186","25565","25858","4520006","42697","1460","0","0x0010"
"11770","2026-08-15T10:07:23.358132000-0500","76.105162100","192.168.0.178","192.168.0.186","25565","25858","4521466","42697","1460","0","0x0018"
"11771","2026-08-15T10:07:23.358174600-0500","76.105204700","192.168.0.186","192.168.0.178","25858","25565","42697","4522926","0","0","0x0010"
"11772","2026-08-15T10:07:23.358267800-0500","76.105297900","192.168.0.178","192.168.0.186","25565","25858","4522926","42697","1460","0","0x0010"
"11773","2026-08-15T10:07:23.358277400-0500","76.105307500","192.168.0.186","192.168.0.178","25858","25565","42697","4524386","0","0","0x0010"
"11774","2026-08-15T10:07:23.358509200-0500","76.105539300","192.168.0.178","192.168.0.186","25565","25858","4524386","42697","1460","0","0x0010"
"11775","2026-08-15T10:07:23.358509200-0500","76.105539300","192.168.0.178","192.168.0.186","25565","25858","4525846","42697","1460","0","0x0010"
"11776","2026-08-15T10:07:23.358551300-0500","76.105581400","192.168.0.186","192.168.0.178","25858","25565","42697","4527306","0","0","0x0010"
"11777","2026-08-15T10:07:23.358614800-0500","76.105644900","192.168.0.178","192.168.0.186","25565","25858","4527306","42697","1460","0","0x0010"
"11778","2026-08-15T10:07:23.358678100-0500","76.105708200","192.168.0.178","192.168.0.186","25565","25858","4528766","42697","1004","0","0x0018"
"11779","2026-08-15T10:07:23.358698700-0500","76.105728800","192.168.0.186","192.168.0.178","25858","25565","42697","4529770","0","0","0x0010"
"11780","2026-08-15T10:07:23.377187500-0500","76.124217600","192.168.0.186","192.168.0.178","25858","25565","42697","4529770","3","0","0x0018"
"11781","2026-08-15T10:07:23.403737600-0500","76.150767700","192.168.0.178","192.168.0.186","25565","25858","4529770","42700","1460","0","0x0010"
"11782","2026-08-15T10:07:23.403737600-0500","76.150767700","192.168.0.178","192.168.0.186","25565","25858","4531230","42700","1460","0","0x0010"
"11783","2026-08-15T10:07:23.403815100-0500","76.150845200","192.168.0.186","192.168.0.178","25858","25565","42700","4532690","0","0","0x0010"
"11784","2026-08-15T10:07:23.403859000-0500","76.150889100","192.168.0.178","192.168.0.186","25565","25858","4532690","42700","1460","0","0x0010"
"11785","2026-08-15T10:07:23.403985300-0500","76.151015400","192.168.0.178","192.168.0.186","25565","25858","4534150","42700","1460","0","0x0010"
"11786","2026-08-15T10:07:23.403998100-0500","76.151028200","192.168.0.186","192.168.0.178","25858","25565","42700","4535610","0","0","0x0010"
"11787","2026-08-15T10:07:23.404060700-0500","76.151090800","192.168.0.178","192.168.0.186","25565","25858","4535610","42700","1460","0","0x0010"
"11788","2026-08-15T10:07:23.404332600-0500","76.151362700","192.168.0.178","192.168.0.186","25565","25858","4537070","42700","1460","0","0x0010"
"11789","2026-08-15T10:07:23.404332600-0500","76.151362700","192.168.0.178","192.168.0.186","25565","25858","4538530","42700","1460","0","0x0010"
"11790","2026-08-15T10:07:23.404384300-0500","76.151414400","192.168.0.186","192.168.0.178","25858","25565","42700","4539990","0","0","0x0010"
"11791","2026-08-15T10:07:23.404449900-0500","76.151480000","192.168.0.178","192.168.0.186","25565","25858","4539990","42700","1460","0","0x0010"
"11792","2026-08-15T10:07:23.404465300-0500","76.151495400","192.168.0.186","192.168.0.178","25858","25565","42700","4541450","0","0","0x0010"
"11793","2026-08-15T10:07:23.404698700-0500","76.151728800","192.168.0.178","192.168.0.186","25565","25858","4541450","42700","1460","0","0x0010"
"11794","2026-08-15T10:07:23.404698700-0500","76.151728800","192.168.0.178","192.168.0.186","25565","25858","4542910","42700","1460","0","0x0010"
"11795","2026-08-15T10:07:23.404755300-0500","76.151785400","192.168.0.186","192.168.0.178","25858","25565","42700","4544370","0","0","0x0010"
"11796","2026-08-15T10:07:23.404822000-0500","76.151852100","192.168.0.178","192.168.0.186","25565","25858","4544370","42700","1460","0","0x0018"
"11797","2026-08-15T10:07:23.405081000-0500","76.152111100","192.168.0.178","192.168.0.186","25565","25858","4545830","42700","1460","0","0x0010"
"11798","2026-08-15T10:07:23.405081000-0500","76.152111100","192.168.0.178","192.168.0.186","25565","25858","4547290","42700","1460","0","0x0010"
"11799","2026-08-15T10:07:23.405130500-0500","76.152160600","192.168.0.186","192.168.0.178","25858","25565","42700","4548750","0","0","0x0010"
"11800","2026-08-15T10:07:23.405204700-0500","76.152234800","192.168.0.178","192.168.0.186","25565","25858","4548750","42700","1460","0","0x0010"
"11801","2026-08-15T10:07:23.405214000-0500","76.152244100","192.168.0.186","192.168.0.178","25858","25565","42700","4550210","0","0","0x0010"
"11802","2026-08-15T10:07:23.405432700-0500","76.152462800","192.168.0.178","192.168.0.186","25565","25858","4550210","42700","1460","0","0x0010"
"11803","2026-08-15T10:07:23.405432700-0500","76.152462800","192.168.0.178","192.168.0.186","25565","25858","4551670","42700","1460","0","0x0010"
"11804","2026-08-15T10:07:23.405478000-0500","76.152508100","192.168.0.186","192.168.0.178","25858","25565","42700","4553130","0","0","0x0010"
"11805","2026-08-15T10:07:23.405542100-0500","76.152572200","192.168.0.178","192.168.0.186","25565","25858","4553130","42700","1460","0","0x0010"
"11806","2026-08-15T10:07:23.405773400-0500","76.152803500","192.168.0.178","192.168.0.186","25565","25858","4554590","42700","1460","0","0x0010"
"11807","2026-08-15T10:07:23.405773400-0500","76.152803500","192.168.0.178","192.168.0.186","25565","25858","4556050","42700","772","0","0x0018"
"11808","2026-08-15T10:07:23.405820900-0500","76.152851000","192.168.0.186","192.168.0.178","25858","25565","42700","4556822","0","0","0x0010"
"11809","2026-08-15T10:07:23.426701600-0500","76.173731700","192.168.0.186","192.168.0.178","25858","25565","42700","4556822","3","0","0x0018"
"11810","2026-08-15T10:07:23.454499200-0500","76.201529300","192.168.0.178","192.168.0.186","25565","25858","4556822","42703","1460","0","0x0010"
"11811","2026-08-15T10:07:23.454499200-0500","76.201529300","192.168.0.178","192.168.0.186","25565","25858","4558282","42703","1460","0","0x0010"
"11812","2026-08-15T10:07:23.454566600-0500","76.201596700","192.168.0.186","192.168.0.178","25858","25565","42703","4559742","0","0","0x0010"
"11813","2026-08-15T10:07:23.454620100-0500","76.201650200","192.168.0.178","192.168.0.186","25565","25858","4559742","42703","1460","0","0x0010"
"11814","2026-08-15T10:07:23.454859900-0500","76.201890000","192.168.0.178","192.168.0.186","25565","25858","4561202","42703","1460","0","0x0010"
"11815","2026-08-15T10:07:23.454859900-0500","76.201890000","192.168.0.178","192.168.0.186","25565","25858","4562662","42703","1460","0","0x0010"
"11816","2026-08-15T10:07:23.454912300-0500","76.201942400","192.168.0.186","192.168.0.178","25858","25565","42703","4564122","0","0","0x0010"
"11817","2026-08-15T10:07:23.454978500-0500","76.202008600","192.168.0.178","192.168.0.186","25565","25858","4564122","42703","1460","0","0x0010"
"11818","2026-08-15T10:07:23.454988700-0500","76.202018800","192.168.0.186","192.168.0.178","25858","25565","42703","4565582","0","0","0x0010"
"11819","2026-08-15T10:07:23.455226200-0500","76.202256300","192.168.0.178","192.168.0.186","25565","25858","4565582","42703","1460","0","0x0010"
"11820","2026-08-15T10:07:23.455226200-0500","76.202256300","192.168.0.178","192.168.0.186","25565","25858","4567042","42703","1460","0","0x0010"
"11821","2026-08-15T10:07:23.455262900-0500","76.202293000","192.168.0.186","192.168.0.178","25858","25565","42703","4568502","0","0","0x0010"
"11822","2026-08-15T10:07:23.455306700-0500","76.202336800","192.168.0.178","192.168.0.186","25565","25858","4568502","42703","720","0","0x0018"
"11823","2026-08-15T10:07:23.455637000-0500","76.202667100","192.168.0.186","192.168.0.178","25858","25565","42703","4569222","11","0","0x0018"
"11824","2026-08-15T10:07:23.476885600-0500","76.223915700","192.168.0.186","192.168.0.178","25858","25565","42714","4569222","3","0","0x0018"
"11825","2026-08-15T10:07:23.477769100-0500","76.224799200","192.168.0.178","192.168.0.186","25565","25858","4569222","42717","0","0","0x0010"
"11826","2026-08-15T10:07:23.508460300-0500","76.255490400","192.168.0.178","192.168.0.186","25565","25858","4569222","42717","319","0","0x0018"
"11827","2026-08-15T10:07:23.528302100-0500","76.275332200","192.168.0.186","192.168.0.178","25858","25565","42717","4569541","3","0","0x0018"
"11828","2026-08-15T10:07:23.553672000-0500","76.300702100","192.168.0.178","192.168.0.186","25565","25858","4569541","42720","290","0","0x0018"
"11829","2026-08-15T10:07:23.578227300-0500","76.325257400","192.168.0.186","192.168.0.178","25858","25565","42720","4569831","3","0","0x0018"
"11830","2026-08-15T10:07:23.606449200-0500","76.353479300","192.168.0.178","192.168.0.186","25565","25858","4569831","42723","403","0","0x0018"
"11831","2026-08-15T10:07:23.628400600-0500","76.375430700","192.168.0.186","192.168.0.178","25858","25565","42723","4570234","3","0","0x0018"
"11832","2026-08-15T10:07:23.654593500-0500","76.401623600","192.168.0.178","192.168.0.186","25565","25858","4570234","42726","1460","0","0x0010"
"11833","2026-08-15T10:07:23.654593500-0500","76.401623600","192.168.0.178","192.168.0.186","25565","25858","4571694","42726","403","0","0x0018"
"11834","2026-08-15T10:07:23.654666300-0500","76.401696400","192.168.0.186","192.168.0.178","25858","25565","42726","4572097","0","0","0x0010"
"11835","2026-08-15T10:07:23.678081300-0500","76.425111400","192.168.0.186","192.168.0.178","25858","25565","42726","4572097","3","0","0x0018"
"11836","2026-08-15T10:07:23.703846300-0500","76.450876400","192.168.0.178","192.168.0.186","25565","25858","4572097","42729","385","0","0x0018"
"11837","2026-08-15T10:07:23.727271600-0500","76.474301700","192.168.0.186","192.168.0.178","25858","25565","42729","4572482","3","0","0x0018"
"11838","2026-08-15T10:07:23.753589900-0500","76.500620000","192.168.0.178","192.168.0.186","25565","25858","4572482","42732","279","0","0x0018"
"11839","2026-08-15T10:07:23.778033200-0500","76.525063300","192.168.0.186","192.168.0.178","25858","25565","42732","4572761","3","0","0x0018"
"11840","2026-08-15T10:07:23.803271200-0500","76.550301300","192.168.0.178","192.168.0.186","25565","25858","4572761","42735","476","0","0x0018"
"11841","2026-08-15T10:07:23.828261100-0500","76.575291200","192.168.0.186","192.168.0.178","25858","25565","42735","4573237","3","0","0x0018"
"11842","2026-08-15T10:07:23.852796200-0500","76.599826300","192.168.0.178","192.168.0.186","25565","25858","4573237","42738","362","0","0x0018"
"11843","2026-08-15T10:07:23.878959700-0500","76.625989800","192.168.0.186","192.168.0.178","25858","25565","42738","4573599","3","0","0x0018"
"11844","2026-08-15T10:07:23.903259000-0500","76.650289100","192.168.0.178","192.168.0.186","25565","25858","4573599","42741","1460","0","0x0010"
"11845","2026-08-15T10:07:23.903259000-0500","76.650289100","192.168.0.178","192.168.0.186","25565","25858","4575059","42741","479","0","0x0018"
"11846","2026-08-15T10:07:23.903304800-0500","76.650334900","192.168.0.186","192.168.0.178","25858","25565","42741","4575538","0","0","0x0010"
"11847","2026-08-15T10:07:23.927245500-0500","76.674275600","192.168.0.186","192.168.0.178","25858","25565","42741","4575538","3","0","0x0018"
"11848","2026-08-15T10:07:23.955266000-0500","76.702296100","192.168.0.178","192.168.0.186","25565","25858","4575538","42744","494","0","0x0018"
"11849","2026-08-15T10:07:23.977193200-0500","76.724223300","192.168.0.186","192.168.0.178","25858","25565","42744","4576032","3","0","0x0018"
"11850","2026-08-15T10:07:24.003679400-0500","76.750709500","192.168.0.178","192.168.0.186","25565","25858","4576032","42747","140","0","0x0018"
"11851","2026-08-15T10:07:24.027869500-0500","76.774899600","192.168.0.186","192.168.0.178","25858","25565","42747","4576172","3","0","0x0018"
"11852","2026-08-15T10:07:24.055459900-0500","76.802490000","192.168.0.178","192.168.0.186","25565","25858","4576172","42750","347","0","0x0018"
"11853","2026-08-15T10:07:24.058400000-0500","76.805430100","192.168.0.178","192.168.0.186","25565","25858","4576519","42750","52","0","0x0018"
"11854","2026-08-15T10:07:24.058400000-0500","76.805430100","192.168.0.178","192.168.0.186","25565","25858","4576571","42750","104","0","0x0018"
"11855","2026-08-15T10:07:24.058458300-0500","76.805488400","192.168.0.186","192.168.0.178","25858","25565","42750","4576675","0","0","0x0010"
"11856","2026-08-15T10:07:24.078101100-0500","76.825131200","192.168.0.186","192.168.0.178","25858","25565","42750","4576675","3","0","0x0018"
"11857","2026-08-15T10:07:24.104444700-0500","76.851474800","192.168.0.178","192.168.0.186","25565","25858","4576675","42753","352","0","0x0018"
"11858","2026-08-15T10:07:24.126927200-0500","76.873957300","192.168.0.186","192.168.0.178","25858","25565","42753","4577027","3","0","0x0018"
"11859","2026-08-15T10:07:24.156707500-0500","76.903737600","192.168.0.178","192.168.0.186","25565","25858","4577027","42756","1250","0","0x0018"
"11860","2026-08-15T10:07:24.178223800-0500","76.925253900","192.168.0.186","192.168.0.178","25858","25565","42756","4578277","3","0","0x0018"
"11861","2026-08-15T10:07:24.207422200-0500","76.954452300","192.168.0.178","192.168.0.186","25565","25858","4578277","42759","532","0","0x0018"
"11862","2026-08-15T10:07:24.226924600-0500","76.973954700","192.168.0.186","192.168.0.178","25858","25565","42759","4578809","3","0","0x0018"
"11863","2026-08-15T10:07:24.255588900-0500","77.002619000","192.168.0.178","192.168.0.186","25565","25858","4578809","42762","273","0","0x0018"
"11864","2026-08-15T10:07:24.277051200-0500","77.024081300","192.168.0.186","192.168.0.178","25858","25565","42762","4579082","3","0","0x0018"
"11865","2026-08-15T10:07:24.307164900-0500","77.054195000","192.168.0.178","192.168.0.186","25565","25858","4579082","42765","136","0","0x0018"
"11866","2026-08-15T10:07:24.326800000-0500","77.073830100","192.168.0.186","192.168.0.178","25858","25565","42765","4579218","28","0","0x0018"
"11867","2026-08-15T10:07:24.327536000-0500","77.074566100","192.168.0.186","192.168.0.178","25858","25565","42793","4579218","3","0","0x0018"
"11868","2026-08-15T10:07:24.328228600-0500","77.075258700","192.168.0.178","192.168.0.186","25565","25858","4579218","42796","0","0","0x0010"
"11869","2026-08-15T10:07:24.356260400-0500","77.103290500","192.168.0.178","192.168.0.186","25565","25858","4579218","42796","471","0","0x0018"
"11870","2026-08-15T10:07:24.377877600-0500","77.124907700","192.168.0.186","192.168.0.178","25858","25565","42796","4579689","3","0","0x0018"
"11871","2026-08-15T10:07:24.403843800-0500","77.150873900","192.168.0.178","192.168.0.186","25565","25858","4579689","42799","202","0","0x0018"
"11872","2026-08-15T10:07:24.428067200-0500","77.175097300","192.168.0.186","192.168.0.178","25858","25565","42799","4579891","3","0","0x0018"
"11873","2026-08-15T10:07:24.456755000-0500","77.203785100","192.168.0.178","192.168.0.186","25565","25858","4579891","42802","1039","0","0x0018"
"11874","2026-08-15T10:07:24.457124400-0500","77.204154500","192.168.0.186","192.168.0.178","25858","25565","42802","4580930","11","0","0x0018"
"11875","2026-08-15T10:07:24.477934700-0500","77.224964800","192.168.0.186","192.168.0.178","25858","25565","42813","4580930","3","0","0x0018"
"11876","2026-08-15T10:07:24.478706600-0500","77.225736700","192.168.0.178","192.168.0.186","25565","25858","4580930","42816","0","0","0x0010"
"11877","2026-08-15T10:07:24.503453000-0500","77.250483100","192.168.0.178","192.168.0.186","25565","25858","4580930","42816","981","0","0x0018"
"11878","2026-08-15T10:07:24.526890100-0500","77.273920200","192.168.0.186","192.168.0.178","25858","25565","42816","4581911","3","0","0x0018"
"11879","2026-08-15T10:07:24.554350100-0500","77.301380200","192.168.0.178","192.168.0.186","25565","25858","4581911","42819","1460","0","0x0010"
"11880","2026-08-15T10:07:24.554350100-0500","77.301380200","192.168.0.178","192.168.0.186","25565","25858","4583371","42819","1337","0","0x0018"
"11881","2026-08-15T10:07:24.554410300-0500","77.301440400","192.168.0.186","192.168.0.178","25858","25565","42819","4584708","0","0","0x0010"
"11882","2026-08-15T10:07:24.558670900-0500","77.305701000","192.168.0.178","192.168.0.186","25565","25858","4584708","42819","52","0","0x0018"
"11883","2026-08-15T10:07:24.558670900-0500","77.305701000","192.168.0.178","192.168.0.186","25565","25858","4584760","42819","104","0","0x0018"
"11884","2026-08-15T10:07:24.558707900-0500","77.305738000","192.168.0.186","192.168.0.178","25858","25565","42819","4584864","0","0","0x0010"
"11885","2026-08-15T10:07:24.577555400-0500","77.324585500","192.168.0.186","192.168.0.178","25858","25565","42819","4584864","3","0","0x0018"
"11886","2026-08-15T10:07:24.603594100-0500","77.350624200","192.168.0.178","192.168.0.186","25565","25858","4584864","42822","358","0","0x0018"
"11887","2026-08-15T10:07:24.627335400-0500","77.374365500","192.168.0.186","192.168.0.178","25858","25565","42822","4585222","3","0","0x0018"
"11888","2026-08-15T10:07:24.653669500-0500","77.400699600","192.168.0.178","192.168.0.186","25565","25858","4585222","42825","1413","0","0x0018"
"11889","2026-08-15T10:07:24.678141200-0500","77.425171300","192.168.0.186","192.168.0.178","25858","25565","42825","4586635","3","0","0x0018"
"11890","2026-08-15T10:07:24.706104000-0500","77.453134100","192.168.0.178","192.168.0.186","25565","25858","4586635","42828","446","0","0x0018"
"11891","2026-08-15T10:07:24.728075500-0500","77.475105600","192.168.0.186","192.168.0.178","25858","25565","42828","4587081","3","0","0x0018"
"11892","2026-08-15T10:07:24.755250800-0500","77.502280900","192.168.0.178","192.168.0.186","25565","25858","4587081","42831","504","0","0x0018"
"11893","2026-08-15T10:07:24.776932400-0500","77.523962500","192.168.0.186","192.168.0.178","25858","25565","42831","4587585","3","0","0x0018"
"11894","2026-08-15T10:07:24.804808800-0500","77.551838900","192.168.0.178","192.168.0.186","25565","25858","4587585","42834","445","0","0x0018"
"11895","2026-08-15T10:07:24.828560200-0500","77.575590300","192.168.0.186","192.168.0.178","25858","25565","42834","4588030","3","0","0x0018"
"11896","2026-08-15T10:07:24.859865400-0500","77.606895500","192.168.0.178","192.168.0.186","25565","25858","4588030","42837","1460","0","0x0010"
"11897","2026-08-15T10:07:24.859865400-0500","77.606895500","192.168.0.178","192.168.0.186","25565","25858","4589490","42837","1460","0","0x0010"
"11898","2026-08-15T10:07:24.859914300-0500","77.606944400","192.168.0.186","192.168.0.178","25858","25565","42837","4590950","0","0","0x0010"
"11899","2026-08-15T10:07:24.859970800-0500","77.607000900","192.168.0.178","192.168.0.186","25565","25858","4590950","42837","1460","0","0x0010"
"11900","2026-08-15T10:07:24.860190700-0500","77.607220800","192.168.0.178","192.168.0.186","25565","25858","4592410","42837","1460","0","0x0010"
"11901","2026-08-15T10:07:24.860190700-0500","77.607220800","192.168.0.178","192.168.0.186","25565","25858","4593870","42837","1460","0","0x0010"
"11902","2026-08-15T10:07:24.860209400-0500","77.607239500","192.168.0.186","192.168.0.178","25858","25565","42837","4595330","0","0","0x0010"
"11903","2026-08-15T10:07:24.860413600-0500","77.607443700","192.168.0.178","192.168.0.186","25565","25858","4595330","42837","1460","0","0x0010"
"11904","2026-08-15T10:07:24.860431300-0500","77.607461400","192.168.0.186","192.168.0.178","25858","25565","42837","4596790","0","0","0x0010"
"11905","2026-08-15T10:07:24.860464600-0500","77.607494700","192.168.0.178","192.168.0.186","25565","25858","4596790","42837","1460","0","0x0010"
"11906","2026-08-15T10:07:24.860686400-0500","77.607716500","192.168.0.178","192.168.0.186","25565","25858","4598250","42837","1460","0","0x0010"
"11907","2026-08-15T10:07:24.860686400-0500","77.607716500","192.168.0.178","192.168.0.186","25565","25858","4599710","42837","1460","0","0x0010"
"11908","2026-08-15T10:07:24.860704900-0500","77.607735000","192.168.0.186","192.168.0.178","25858","25565","42837","4601170","0","0","0x0010"
"11909","2026-08-15T10:07:24.860915900-0500","77.607946000","192.168.0.178","192.168.0.186","25565","25858","4601170","42837","1460","0","0x0010"
"11910","2026-08-15T10:07:24.860937600-0500","77.607967700","192.168.0.186","192.168.0.178","25858","25565","42837","4602630","0","0","0x0010"
"11911","2026-08-15T10:07:24.860965600-0500","77.607995700","192.168.0.178","192.168.0.186","25565","25858","4602630","42837","1460","0","0x0018"
"11912","2026-08-15T10:07:24.860965600-0500","77.607995700","192.168.0.178","192.168.0.186","25565","25858","4604090","42837","181","0","0x0018"
"11913","2026-08-15T10:07:24.860973500-0500","77.608003600","192.168.0.186","192.168.0.178","25858","25565","42837","4604271","0","0","0x0010"
"11914","2026-08-15T10:07:24.876981400-0500","77.624011500","192.168.0.186","192.168.0.178","25858","25565","42837","4604271","3","0","0x0018"
"11915","2026-08-15T10:07:24.908946200-0500","77.655976300","192.168.0.178","192.168.0.186","25565","25858","4604271","42840","1460","0","0x0010"
"11916","2026-08-15T10:07:24.908946200-0500","77.655976300","192.168.0.178","192.168.0.186","25565","25858","4605731","42840","1460","0","0x0010"
"11917","2026-08-15T10:07:24.908946200-0500","77.655976300","192.168.0.178","192.168.0.186","25565","25858","4607191","42840","1460","0","0x0010"
"11918","2026-08-15T10:07:24.908946200-0500","77.655976300","192.168.0.178","192.168.0.186","25565","25858","4608651","42840","1460","0","0x0010"
"11919","2026-08-15T10:07:24.908946200-0500","77.655976300","192.168.0.178","192.168.0.186","25565","25858","4610111","42840","1460","0","0x0010"
"11920","2026-08-15T10:07:24.909086600-0500","77.656116700","192.168.0.186","192.168.0.178","25858","25565","42840","4611571","0","0","0x0010"
"11921","2026-08-15T10:07:24.909161900-0500","77.656192000","192.168.0.178","192.168.0.186","25565","25858","4611571","42840","1460","0","0x0010"
"11922","2026-08-15T10:07:24.909161900-0500","77.656192000","192.168.0.178","192.168.0.186","25565","25858","4613031","42840","1460","0","0x0010"
"11923","2026-08-15T10:07:24.909178700-0500","77.656208800","192.168.0.186","192.168.0.178","25858","25565","42840","4614491","0","0","0x0010"
"11924","2026-08-15T10:07:24.909422900-0500","77.656453000","192.168.0.178","192.168.0.186","25565","25858","4614491","42840","1460","0","0x0010"
"11925","2026-08-15T10:07:24.909422900-0500","77.656453000","192.168.0.178","192.168.0.186","25565","25858","4615951","42840","1460","0","0x0010"
"11926","2026-08-15T10:07:24.909461700-0500","77.656491800","192.168.0.186","192.168.0.178","25858","25565","42840","4617411","0","0","0x0010"
"11927","2026-08-15T10:07:24.909585600-0500","77.656615700","192.168.0.178","192.168.0.186","25565","25858","4617411","42840","1460","0","0x0010"
"11928","2026-08-15T10:07:24.909601700-0500","77.656631800","192.168.0.186","192.168.0.178","25858","25565","42840","4618871","0","0","0x0010"
"11929","2026-08-15T10:07:24.909658700-0500","77.656688800","192.168.0.178","192.168.0.186","25565","25858","4618871","42840","1460","0","0x0018"
"11930","2026-08-15T10:07:24.909917800-0500","77.656947900","192.168.0.178","192.168.0.186","25565","25858","4620331","42840","1460","0","0x0010"
"11931","2026-08-15T10:07:24.909917800-0500","77.656947900","192.168.0.178","192.168.0.186","25565","25858","4621791","42840","1460","0","0x0010"
"11932","2026-08-15T10:07:24.909958500-0500","77.656988600","192.168.0.186","192.168.0.178","25858","25565","42840","4623251","0","0","0x0010"
"11933","2026-08-15T10:07:24.910026200-0500","77.657056300","192.168.0.178","192.168.0.186","25565","25858","4623251","42840","1460","0","0x0010"
"11934","2026-08-15T10:07:24.910035600-0500","77.657065700","192.168.0.186","192.168.0.178","25858","25565","42840","4624711","0","0","0x0010"
"11935","2026-08-15T10:07:24.910284400-0500","77.657314500","192.168.0.178","192.168.0.186","25565","25858","4624711","42840","1460","0","0x0010"
"11936","2026-08-15T10:07:24.910284400-0500","77.657314500","192.168.0.178","192.168.0.186","25565","25858","4626171","42840","1460","0","0x0010"
"11937","2026-08-15T10:07:24.910333700-0500","77.657363800","192.168.0.186","192.168.0.178","25858","25565","42840","4627631","0","0","0x0010"
"11938","2026-08-15T10:07:24.910602800-0500","77.657632900","192.168.0.178","192.168.0.186","25565","25858","4627631","42840","1460","0","0x0010"
"11939","2026-08-15T10:07:24.910602800-0500","77.657632900","192.168.0.178","192.168.0.186","25565","25858","4629091","42840","883","0","0x0018"
"11940","2026-08-15T10:07:24.910638600-0500","77.657668700","192.168.0.186","192.168.0.178","25858","25565","42840","4629974","0","0","0x0010"
"11941","2026-08-15T10:07:24.926951600-0500","77.673981700","192.168.0.186","192.168.0.178","25858","25565","42840","4629974","3","0","0x0018"
"11942","2026-08-15T10:07:24.959720900-0500","77.706751000","192.168.0.178","192.168.0.186","25565","25858","4629974","42843","1460","0","0x0010"
"11943","2026-08-15T10:07:24.959720900-0500","77.706751000","192.168.0.178","192.168.0.186","25565","25858","4631434","42843","1460","0","0x0010"
"11944","2026-08-15T10:07:24.959862000-0500","77.706892100","192.168.0.186","192.168.0.178","25858","25565","42843","4632894","0","0","0x0010"
"11945","2026-08-15T10:07:24.959928500-0500","77.706958600","192.168.0.178","192.168.0.186","25565","25858","4632894","42843","1460","0","0x0010"
"11946","2026-08-15T10:07:24.959928500-0500","77.706958600","192.168.0.178","192.168.0.186","25565","25858","4634354","42843","1460","0","0x0010"
"11947","2026-08-15T10:07:24.959942900-0500","77.706973000","192.168.0.186","192.168.0.178","25858","25565","42843","4635814","0","0","0x0010"
"11948","2026-08-15T10:07:24.960148800-0500","77.707178900","192.168.0.178","192.168.0.186","25565","25858","4635814","42843","1460","0","0x0010"
"11949","2026-08-15T10:07:24.960148800-0500","77.707178900","192.168.0.178","192.168.0.186","25565","25858","4637274","42843","1460","0","0x0010"
"11950","2026-08-15T10:07:24.960176700-0500","77.707206800","192.168.0.186","192.168.0.178","25858","25565","42843","4638734","0","0","0x0010"
"11951","2026-08-15T10:07:24.960371000-0500","77.707401100","192.168.0.178","192.168.0.186","25565","25858","4638734","42843","1460","0","0x0010"
"11952","2026-08-15T10:07:24.960431100-0500","77.707461200","192.168.0.178","192.168.0.186","25565","25858","4640194","42843","1460","0","0x0010"
"11953","2026-08-15T10:07:24.960442600-0500","77.707472700","192.168.0.186","192.168.0.178","25858","25565","42843","4641654","0","0","0x0010"
"11954","2026-08-15T10:07:24.960507500-0500","77.707537600","192.168.0.178","192.168.0.186","25565","25858","4641654","42843","1460","0","0x0010"
"11955","2026-08-15T10:07:24.960723200-0500","77.707753300","192.168.0.178","192.168.0.186","25565","25858","4643114","42843","1460","0","0x0010"
"11956","2026-08-15T10:07:24.960748400-0500","77.707778500","192.168.0.186","192.168.0.178","25858","25565","42843","4644574","0","0","0x0010"
"11957","2026-08-15T10:07:24.960785100-0500","77.707815200","192.168.0.178","192.168.0.186","25565","25858","4644574","42843","1460","0","0x0018"
"11958","2026-08-15T10:07:24.961008300-0500","77.708038400","192.168.0.178","192.168.0.186","25565","25858","4646034","42843","1460","0","0x0010"
"11959","2026-08-15T10:07:24.961008300-0500","77.708038400","192.168.0.178","192.168.0.186","25565","25858","4647494","42843","1460","0","0x0010"
"11960","2026-08-15T10:07:24.961034200-0500","77.708064300","192.168.0.186","192.168.0.178","25858","25565","42843","4648954","0","0","0x0010"
"11961","2026-08-15T10:07:24.961260600-0500","77.708290700","192.168.0.178","192.168.0.186","25565","25858","4648954","42843","1460","0","0x0010"
"11962","2026-08-15T10:07:24.961260600-0500","77.708290700","192.168.0.178","192.168.0.186","25565","25858","4650414","42843","1460","0","0x0010"
"11963","2026-08-15T10:07:24.961287800-0500","77.708317900","192.168.0.186","192.168.0.178","25858","25565","42843","4651874","0","0","0x0010"
"11964","2026-08-15T10:07:24.961466500-0500","77.708496600","192.168.0.178","192.168.0.186","25565","25858","4651874","42843","1460","0","0x0010"
"11965","2026-08-15T10:07:24.961490000-0500","77.708520100","192.168.0.186","192.168.0.178","25858","25565","42843","4653334","0","0","0x0010"
"11966","2026-08-15T10:07:24.961530000-0500","77.708560100","192.168.0.178","192.168.0.186","25565","25858","4653334","42843","1460","0","0x0010"
"11967","2026-08-15T10:07:24.961716300-0500","77.708746400","192.168.0.178","192.168.0.186","25565","25858","4654794","42843","1460","0","0x0010"
"11968","2026-08-15T10:07:24.961735400-0500","77.708765500","192.168.0.186","192.168.0.178","25858","25565","42843","4656254","0","0","0x0010"
"11969","2026-08-15T10:07:24.961774800-0500","77.708804900","192.168.0.178","192.168.0.186","25565","25858","4656254","42843","1460","0","0x0010"
"11970","2026-08-15T10:07:24.961830000-0500","77.708860100","192.168.0.178","192.168.0.186","25565","25858","4657714","42843","633","0","0x0018"
"11971","2026-08-15T10:07:24.961836700-0500","77.708866800","192.168.0.186","192.168.0.178","25858","25565","42843","4658347","0","0","0x0010"
"11972","2026-08-15T10:07:24.978952900-0500","77.725983000","192.168.0.186","192.168.0.178","25858","25565","42843","4658347","3","0","0x0018"
"11973","2026-08-15T10:07:25.006782500-0500","77.753812600","192.168.0.178","192.168.0.186","25565","25858","4658347","42846","1460","0","0x0010"
"11974","2026-08-15T10:07:25.006782500-0500","77.753812600","192.168.0.178","192.168.0.186","25565","25858","4659807","42846","1460","0","0x0010"
"11975","2026-08-15T10:07:25.006851500-0500","77.753881600","192.168.0.186","192.168.0.178","25858","25565","42846","4661267","0","0","0x0010"
"11976","2026-08-15T10:07:25.006904700-0500","77.753934800","192.168.0.178","192.168.0.186","25565","25858","4661267","42846","1460","0","0x0010"
"11977","2026-08-15T10:07:25.007144600-0500","77.754174700","192.168.0.178","192.168.0.186","25565","25858","4662727","42846","1460","0","0x0010"
"11978","2026-08-15T10:07:25.007144600-0500","77.754174700","192.168.0.178","192.168.0.186","25565","25858","4664187","42846","1460","0","0x0010"
"11979","2026-08-15T10:07:25.007193100-0500","77.754223200","192.168.0.186","192.168.0.178","25858","25565","42846","4665647","0","0","0x0010"
"11980","2026-08-15T10:07:25.007232700-0500","77.754262800","192.168.0.178","192.168.0.186","25565","25858","4665647","42846","1460","0","0x0010"
"11981","2026-08-15T10:07:25.007248800-0500","77.754278900","192.168.0.186","192.168.0.178","25858","25565","42846","4667107","0","0","0x0010"
"11982","2026-08-15T10:07:25.007494700-0500","77.754524800","192.168.0.178","192.168.0.186","25565","25858","4667107","42846","1460","0","0x0010"
"11983","2026-08-15T10:07:25.007494700-0500","77.754524800","192.168.0.178","192.168.0.186","25565","25858","4668567","42846","1460","0","0x0010"
"11984","2026-08-15T10:07:25.007544500-0500","77.754574600","192.168.0.186","192.168.0.178","25858","25565","42846","4670027","0","0","0x0010"
"11985","2026-08-15T10:07:25.007609200-0500","77.754639300","192.168.0.178","192.168.0.186","25565","25858","4670027","42846","1460","0","0x0010"
"11986","2026-08-15T10:07:25.007878400-0500","77.754908500","192.168.0.178","192.168.0.186","25565","25858","4671487","42846","1460","0","0x0010"
"11987","2026-08-15T10:07:25.007878400-0500","77.754908500","192.168.0.178","192.168.0.186","25565","25858","4672947","42846","1460","0","0x0018"
"11988","2026-08-15T10:07:25.007930000-0500","77.754960100","192.168.0.186","192.168.0.178","25858","25565","42846","4674407","0","0","0x0010"
"11989","2026-08-15T10:07:25.007996700-0500","77.755026800","192.168.0.178","192.168.0.186","25565","25858","4674407","42846","1460","0","0x0010"
"11990","2026-08-15T10:07:25.008007500-0500","77.755037600","192.168.0.186","192.168.0.178","25858","25565","42846","4675867","0","0","0x0010"
"11991","2026-08-15T10:07:25.008226800-0500","77.755256900","192.168.0.178","192.168.0.186","25565","25858","4675867","42846","1460","0","0x0010"
"11992","2026-08-15T10:07:25.008226800-0500","77.755256900","192.168.0.178","192.168.0.186","25565","25858","4677327","42846","1460","0","0x0010"
"11993","2026-08-15T10:07:25.008279100-0500","77.755309200","192.168.0.186","192.168.0.178","25858","25565","42846","4678787","0","0","0x0010"
"11994","2026-08-15T10:07:25.008347100-0500","77.755377200","192.168.0.178","192.168.0.186","25565","25858","4678787","42846","1460","0","0x0010"
"11995","2026-08-15T10:07:25.008648900-0500","77.755679000","192.168.0.178","192.168.0.186","25565","25858","4680247","42846","1246","0","0x0018"
"11996","2026-08-15T10:07:25.008700400-0500","77.755730500","192.168.0.186","192.168.0.178","25858","25565","42846","4681493","0","0","0x0010"
"11997","2026-08-15T10:07:25.026338800-0500","77.773368900","192.168.0.186","192.168.0.178","25858","25565","42846","4681493","3","0","0x0018"
"11998","2026-08-15T10:07:25.054968200-0500","77.801998300","192.168.0.178","192.168.0.186","25565","25858","4681493","42849","1460","0","0x0010"
"11999","2026-08-15T10:07:25.054968200-0500","77.801998300","192.168.0.178","192.168.0.186","25565","25858","4682953","42849","1460","0","0x0010"
"12000","2026-08-15T10:07:25.055025400-0500","77.802055500","192.168.0.186","192.168.0.178","25858","25565","42849","4684413","0","0","0x0010"
"12001","2026-08-15T10:07:25.055081300-0500","77.802111400","192.168.0.178","192.168.0.186","25565","25858","4684413","42849","1460","0","0x0010"
"12002","2026-08-15T10:07:25.055315000-0500","77.802345100","192.168.0.178","192.168.0.186","25565","25858","4685873","42849","1460","0","0x0010"
"12003","2026-08-15T10:07:25.055315000-0500","77.802345100","192.168.0.178","192.168.0.186","25565","25858","4687333","42849","1460","0","0x0010"
"12004","2026-08-15T10:07:25.055346100-0500","77.802376200","192.168.0.186","192.168.0.178","25858","25565","42849","4688793","0","0","0x0010"
"12005","2026-08-15T10:07:25.055556200-0500","77.802586300","192.168.0.178","192.168.0.186","25565","25858","4688793","42849","1460","0","0x0010"
"12006","2026-08-15T10:07:25.055556200-0500","77.802586300","192.168.0.178","192.168.0.186","25565","25858","4690253","42849","1460","0","0x0010"
"12007","2026-08-15T10:07:25.055581500-0500","77.802611600","192.168.0.186","192.168.0.178","25858","25565","42849","4691713","0","0","0x0010"
"12008","2026-08-15T10:07:25.055807700-0500","77.802837800","192.168.0.178","192.168.0.186","25565","25858","4691713","42849","1460","0","0x0010"
"12009","2026-08-15T10:07:25.055807700-0500","77.802837800","192.168.0.178","192.168.0.186","25565","25858","4693173","42849","1460","0","0x0010"
"12010","2026-08-15T10:07:25.055838300-0500","77.802868400","192.168.0.186","192.168.0.178","25858","25565","42849","4694633","0","0","0x0010"
"12011","2026-08-15T10:07:25.056044100-0500","77.803074200","192.168.0.178","192.168.0.186","25565","25858","4694633","42849","1460","0","0x0010"
"12012","2026-08-15T10:07:25.056044100-0500","77.803074200","192.168.0.178","192.168.0.186","25565","25858","4696093","42849","1460","0","0x0018"
"12013","2026-08-15T10:07:25.056074400-0500","77.803104500","192.168.0.186","192.168.0.178","25858","25565","42849","4697553","0","0","0x0010"
"12014","2026-08-15T10:07:25.056290900-0500","77.803321000","192.168.0.178","192.168.0.186","25565","25858","4697553","42849","1460","0","0x0010"
"12015","2026-08-15T10:07:25.056290900-0500","77.803321000","192.168.0.178","192.168.0.186","25565","25858","4699013","42849","1130","0","0x0018"
"12016","2026-08-15T10:07:25.056334400-0500","77.803364500","192.168.0.186","192.168.0.178","25858","25565","42849","4700143","0","0","0x0010"
"12017","2026-08-15T10:07:25.057607300-0500","77.804637400","192.168.0.178","192.168.0.186","25565","25858","4700143","42849","52","0","0x0018"
"12018","2026-08-15T10:07:25.057636600-0500","77.804666700","192.168.0.186","192.168.0.178","25858","25565","42849","4700195","0","0","0x0010"
"12019","2026-08-15T10:07:25.057678300-0500","77.804708400","192.168.0.178","192.168.0.186","25565","25858","4700195","42849","52","0","0x0018"
"12020","2026-08-15T10:07:25.058213600-0500","77.805243700","192.168.0.178","192.168.0.186","25565","25858","4700247","42849","52","0","0x0018"
"12021","2026-08-15T10:07:25.058239900-0500","77.805270000","192.168.0.186","192.168.0.178","25858","25565","42849","4700299","0","0","0x0010"
"12022","2026-08-15T10:07:25.077068300-0500","77.824098400","192.168.0.186","192.168.0.178","25858","25565","42849","4700299","3","0","0x0018"
"12023","2026-08-15T10:07:25.104460300-0500","77.851490400","192.168.0.178","192.168.0.186","25565","25858","4700299","42852","1460","0","0x0010"
"12024","2026-08-15T10:07:25.104460300-0500","77.851490400","192.168.0.178","192.168.0.186","25565","25858","4701759","42852","1460","0","0x0010"
"12025","2026-08-15T10:07:25.104526400-0500","77.851556500","192.168.0.186","192.168.0.178","25858","25565","42852","4703219","0","0","0x0010"
"12026","2026-08-15T10:07:25.104575000-0500","77.851605100","192.168.0.178","192.168.0.186","25565","25858","4703219","42852","1460","0","0x0010"
"12027","2026-08-15T10:07:25.104808400-0500","77.851838500","192.168.0.178","192.168.0.186","25565","25858","4704679","42852","1460","0","0x0010"
"12028","2026-08-15T10:07:25.104808400-0500","77.851838500","192.168.0.178","192.168.0.186","25565","25858","4706139","42852","1460","0","0x0010"
"12029","2026-08-15T10:07:25.104845200-0500","77.851875300","192.168.0.186","192.168.0.178","25858","25565","42852","4707599","0","0","0x0010"
"12030","2026-08-15T10:07:25.105045400-0500","77.852075500","192.168.0.178","192.168.0.186","25565","25858","4707599","42852","1460","0","0x0010"
"12031","2026-08-15T10:07:25.105045400-0500","77.852075500","192.168.0.178","192.168.0.186","25565","25858","4709059","42852","1460","0","0x0010"
"12032","2026-08-15T10:07:25.105074500-0500","77.852104600","192.168.0.186","192.168.0.178","25858","25565","42852","4710519","0","0","0x0010"
"12033","2026-08-15T10:07:25.105303300-0500","77.852333400","192.168.0.178","192.168.0.186","25565","25858","4710519","42852","1460","0","0x0010"
"12034","2026-08-15T10:07:25.105303300-0500","77.852333400","192.168.0.178","192.168.0.186","25565","25858","4711979","42852","1460","0","0x0010"
"12035","2026-08-15T10:07:25.105342000-0500","77.852372100","192.168.0.186","192.168.0.178","25858","25565","42852","4713439","0","0","0x0010"
"12036","2026-08-15T10:07:25.105546300-0500","77.852576400","192.168.0.178","192.168.0.186","25565","25858","4713439","42852","1460","0","0x0010"
"12037","2026-08-15T10:07:25.105546300-0500","77.852576400","192.168.0.178","192.168.0.186","25565","25858","4714899","42852","1460","0","0x0018"
"12038","2026-08-15T10:07:25.105590600-0500","77.852620700","192.168.0.186","192.168.0.178","25858","25565","42852","4716359","0","0","0x0010"
"12039","2026-08-15T10:07:25.105655700-0500","77.852685800","192.168.0.178","192.168.0.186","25565","25858","4716359","42852","1460","0","0x0010"
"12040","2026-08-15T10:07:25.105668200-0500","77.852698300","192.168.0.186","192.168.0.178","25858","25565","42852","4717819","0","0","0x0010"
"12041","2026-08-15T10:07:25.105874200-0500","77.852904300","192.168.0.178","192.168.0.186","25565","25858","4717819","42852","1460","0","0x0010"
"12042","2026-08-15T10:07:25.105934300-0500","77.852964400","192.168.0.178","192.168.0.186","25565","25858","4719279","42852","1460","0","0x0010"
"12043","2026-08-15T10:07:25.105954400-0500","77.852984500","192.168.0.186","192.168.0.178","25858","25565","42852","4720739","0","0","0x0010"
"12044","2026-08-15T10:07:25.106013800-0500","77.853043900","192.168.0.178","192.168.0.186","25565","25858","4720739","42852","1460","0","0x0010"
"12045","2026-08-15T10:07:25.106284100-0500","77.853314200","192.168.0.178","192.168.0.186","25565","25858","4722199","42852","1025","0","0x0018"
"12046","2026-08-15T10:07:25.106329300-0500","77.853359400","192.168.0.186","192.168.0.178","25858","25565","42852","4723224","0","0","0x0010"
"12047","2026-08-15T10:07:25.126402300-0500","77.873432400","192.168.0.186","192.168.0.178","25858","25565","42852","4723224","3","0","0x0018"
"12048","2026-08-15T10:07:25.158121300-0500","77.905151400","192.168.0.178","192.168.0.186","25565","25858","4723224","42855","1460","0","0x0010"
"12049","2026-08-15T10:07:25.158121300-0500","77.905151400","192.168.0.178","192.168.0.186","25565","25858","4724684","42855","1460","0","0x0010"
"12050","2026-08-15T10:07:25.158191300-0500","77.905221400","192.168.0.186","192.168.0.178","25858","25565","42855","4726144","0","0","0x0010"
"12051","2026-08-15T10:07:25.158244700-0500","77.905274800","192.168.0.178","192.168.0.186","25565","25858","4726144","42855","1460","0","0x0010"
"12052","2026-08-15T10:07:25.158480100-0500","77.905510200","192.168.0.178","192.168.0.186","25565","25858","4727604","42855","1460","0","0x0010"
"12053","2026-08-15T10:07:25.158480100-0500","77.905510200","192.168.0.178","192.168.0.186","25565","25858","4729064","42855","1460","0","0x0010"
"12054","2026-08-15T10:07:25.158529600-0500","77.905559700","192.168.0.186","192.168.0.178","25858","25565","42855","4730524","0","0","0x0010"
"12055","2026-08-15T10:07:25.158630600-0500","77.905660700","192.168.0.178","192.168.0.186","25565","25858","4730524","42855","1460","0","0x0010"
"12056","2026-08-15T10:07:25.158653600-0500","77.905683700","192.168.0.186","192.168.0.178","25858","25565","42855","4731984","0","0","0x0010"
"12057","2026-08-15T10:07:25.158710500-0500","77.905740600","192.168.0.178","192.168.0.186","25565","25858","4731984","42855","1460","0","0x0010"
"12058","2026-08-15T10:07:25.158987400-0500","77.906017500","192.168.0.178","192.168.0.186","25565","25858","4733444","42855","1460","0","0x0010"
"12059","2026-08-15T10:07:25.158987400-0500","77.906017500","192.168.0.178","192.168.0.186","25565","25858","4734904","42855","1460","0","0x0010"
"12060","2026-08-15T10:07:25.159039900-0500","77.906070000","192.168.0.186","192.168.0.178","25858","25565","42855","4736364","0","0","0x0010"
"12061","2026-08-15T10:07:25.159080200-0500","77.906110300","192.168.0.178","192.168.0.186","25565","25858","4736364","42855","1460","0","0x0010"
"12062","2026-08-15T10:07:25.159092100-0500","77.906122200","192.168.0.186","192.168.0.178","25858","25565","42855","4737824","0","0","0x0010"
"12063","2026-08-15T10:07:25.159346300-0500","77.906376400","192.168.0.178","192.168.0.186","25565","25858","4737824","42855","1460","0","0x0018"
"12064","2026-08-15T10:07:25.159346300-0500","77.906376400","192.168.0.178","192.168.0.186","25565","25858","4739284","42855","1460","0","0x0010"
"12065","2026-08-15T10:07:25.159391500-0500","77.906421600","192.168.0.186","192.168.0.178","25858","25565","42855","4740744","0","0","0x0010"
"12066","2026-08-15T10:07:25.159455200-0500","77.906485300","192.168.0.178","192.168.0.186","25565","25858","4740744","42855","1460","0","0x0010"
"12067","2026-08-15T10:07:25.159699600-0500","77.906729700","192.168.0.178","192.168.0.186","25565","25858","4742204","42855","1460","0","0x0010"
"12068","2026-08-15T10:07:25.159699600-0500","77.906729700","192.168.0.178","192.168.0.186","25565","25858","4743664","42855","1460","0","0x0010"
"12069","2026-08-15T10:07:25.159739900-0500","77.906770000","192.168.0.186","192.168.0.178","25858","25565","42855","4745124","0","0","0x0010"
"12070","2026-08-15T10:07:25.159852400-0500","77.906882500","192.168.0.178","192.168.0.186","25565","25858","4745124","42855","1373","0","0x0018"
"12071","2026-08-15T10:07:25.159868800-0500","77.906898900","192.168.0.186","192.168.0.178","25858","25565","42855","4746497","0","0","0x0010"
"12072","2026-08-15T10:07:25.178810900-0500","77.925841000","192.168.0.186","192.168.0.178","25858","25565","42855","4746497","3","0","0x0018"
"12073","2026-08-15T10:07:25.207890600-0500","77.954920700","192.168.0.178","192.168.0.186","25565","25858","4746497","42858","1460","0","0x0010"
"12074","2026-08-15T10:07:25.207890600-0500","77.954920700","192.168.0.178","192.168.0.186","25565","25858","4747957","42858","1460","0","0x0010"
"12075","2026-08-15T10:07:25.207971800-0500","77.955001900","192.168.0.186","192.168.0.178","25858","25565","42858","4749417","0","0","0x0010"
"12076","2026-08-15T10:07:25.208022100-0500","77.955052200","192.168.0.178","192.168.0.186","25565","25858","4749417","42858","1460","0","0x0010"
"12077","2026-08-15T10:07:25.208134900-0500","77.955165000","192.168.0.178","192.168.0.186","25565","25858","4750877","42858","1460","0","0x0010"
"12078","2026-08-15T10:07:25.208149000-0500","77.955179100","192.168.0.186","192.168.0.178","25858","25565","42858","4752337","0","0","0x0010"
"12079","2026-08-15T10:07:25.208220000-0500","77.955250100","192.168.0.178","192.168.0.186","25565","25858","4752337","42858","1460","0","0x0010"
"12080","2026-08-15T10:07:25.208485800-0500","77.955515900","192.168.0.178","192.168.0.186","25565","25858","4753797","42858","1460","0","0x0010"
"12081","2026-08-15T10:07:25.208485800-0500","77.955515900","192.168.0.178","192.168.0.186","25565","25858","4755257","42858","1460","0","0x0010"
"12082","2026-08-15T10:07:25.208531600-0500","77.955561700","192.168.0.186","192.168.0.178","25858","25565","42858","4756717","0","0","0x0010"
"12083","2026-08-15T10:07:25.208966800-0500","77.955996900","192.168.0.178","192.168.0.186","25565","25858","4756717","42858","1460","0","0x0010"
"12084","2026-08-15T10:07:25.208966800-0500","77.955996900","192.168.0.178","192.168.0.186","25565","25858","4758177","42858","1460","0","0x0010"
"12085","2026-08-15T10:07:25.208966800-0500","77.955996900","192.168.0.178","192.168.0.186","25565","25858","4759637","42858","1460","0","0x0010"
"12086","2026-08-15T10:07:25.208966800-0500","77.955996900","192.168.0.178","192.168.0.186","25565","25858","4761097","42858","1460","0","0x0018"
"12087","2026-08-15T10:07:25.209032100-0500","77.956062200","192.168.0.186","192.168.0.178","25858","25565","42858","4762557","0","0","0x0010"
"12088","2026-08-15T10:07:25.209138600-0500","77.956168700","192.168.0.178","192.168.0.186","25565","25858","4762557","42858","1460","0","0x0010"
"12089","2026-08-15T10:07:25.209174700-0500","77.956204800","192.168.0.186","192.168.0.178","25858","25565","42858","4764017","0","0","0x0010"
"12090","2026-08-15T10:07:25.209252500-0500","77.956282600","192.168.0.178","192.168.0.186","25565","25858","4764017","42858","845","0","0x0018"
"12091","2026-08-15T10:07:25.227341400-0500","77.974371500","192.168.0.186","192.168.0.178","25858","25565","42858","4764862","3","0","0x0018"
"12092","2026-08-15T10:07:25.258147300-0500","78.005177400","192.168.0.178","192.168.0.186","25565","25858","4764862","42861","1460","0","0x0010"
"12093","2026-08-15T10:07:25.258147300-0500","78.005177400","192.168.0.178","192.168.0.186","25565","25858","4766322","42861","1460","0","0x0010"
"12094","2026-08-15T10:07:25.258204900-0500","78.005235000","192.168.0.186","192.168.0.178","25858","25565","42861","4767782","0","0","0x0010"
"12095","2026-08-15T10:07:25.258257200-0500","78.005287300","192.168.0.178","192.168.0.186","25565","25858","4767782","42861","1460","0","0x0010"
"12096","2026-08-15T10:07:25.258494500-0500","78.005524600","192.168.0.178","192.168.0.186","25565","25858","4769242","42861","1460","0","0x0010"
"12097","2026-08-15T10:07:25.258494500-0500","78.005524600","192.168.0.178","192.168.0.186","25565","25858","4770702","42861","1460","0","0x0010"
"12098","2026-08-15T10:07:25.258530500-0500","78.005560600","192.168.0.186","192.168.0.178","25858","25565","42861","4772162","0","0","0x0010"
"12099","2026-08-15T10:07:25.258892200-0500","78.005922300","192.168.0.178","192.168.0.186","25565","25858","4772162","42861","1460","0","0x0010"
"12100","2026-08-15T10:07:25.258892200-0500","78.005922300","192.168.0.178","192.168.0.186","25565","25858","4773622","42861","1460","0","0x0010"
"12101","2026-08-15T10:07:25.258892200-0500","78.005922300","192.168.0.178","192.168.0.186","25565","25858","4775082","42861","1460","0","0x0010"
"12102","2026-08-15T10:07:25.258892200-0500","78.005922300","192.168.0.178","192.168.0.186","25565","25858","4776542","42861","427","0","0x0018"
"12103","2026-08-15T10:07:25.258944800-0500","78.005974900","192.168.0.186","192.168.0.178","25858","25565","42861","4776969","0","0","0x0010"
"12104","2026-08-15T10:07:25.277253300-0500","78.024283400","192.168.0.186","192.168.0.178","25858","25565","42861","4776969","3","0","0x0018"
"12105","2026-08-15T10:07:25.308065600-0500","78.055095700","192.168.0.178","192.168.0.186","25565","25858","4776969","42864","1244","0","0x0018"
"12106","2026-08-15T10:07:25.327032200-0500","78.074062300","192.168.0.186","192.168.0.178","25858","25565","42864","4778213","28","0","0x0018"
"12107","2026-08-15T10:07:25.328096100-0500","78.075126200","192.168.0.186","192.168.0.178","25858","25565","42892","4778213","3","0","0x0018"
"12108","2026-08-15T10:07:25.328835100-0500","78.075865200","192.168.0.178","192.168.0.186","25565","25858","4778213","42895","0","0","0x0010"
"12109","2026-08-15T10:07:25.361499900-0500","78.108530000","192.168.0.178","192.168.0.186","25565","25858","4778213","42895","507","0","0x0018"
"12110","2026-08-15T10:07:25.378186000-0500","78.125216100","192.168.0.186","192.168.0.178","25858","25565","42895","4778720","3","0","0x0018"
"12111","2026-08-15T10:07:25.411223100-0500","78.158253200","192.168.0.178","192.168.0.186","25565","25858","4778720","42898","991","0","0x0018"
"12112","2026-08-15T10:07:25.426989900-0500","78.174020000","192.168.0.186","192.168.0.178","25858","25565","42898","4779711","3","0","0x0018"
"12113","2026-08-15T10:07:25.456067300-0500","78.203097400","192.168.0.178","192.168.0.186","25565","25858","4779711","42901","860","0","0x0018"
"12114","2026-08-15T10:07:25.478063900-0500","78.225094000","192.168.0.186","192.168.0.178","25858","25565","42901","4780571","3","0","0x0018"
"12115","2026-08-15T10:07:25.507268100-0500","78.254298200","192.168.0.178","192.168.0.186","25565","25858","4780571","42904","259","0","0x0018"
"12116","2026-08-15T10:07:25.507562900-0500","78.254593000","192.168.0.186","192.168.0.178","25858","25565","42904","4780830","11","0","0x0018"
"12117","2026-08-15T10:07:25.528461800-0500","78.275491900","192.168.0.186","192.168.0.178","25858","25565","42915","4780830","3","0","0x0018"
"12118","2026-08-15T10:07:25.529268000-0500","78.276298100","192.168.0.178","192.168.0.186","25565","25858","4780830","42918","0","0","0x0010"
"12119","2026-08-15T10:07:25.557967300-0500","78.304997400","192.168.0.178","192.168.0.186","25565","25858","4780830","42918","457","0","0x0018"
"12120","2026-08-15T10:07:25.558723900-0500","78.305754000","192.168.0.178","192.168.0.186","25565","25858","4781287","42918","52","0","0x0018"
"12121","2026-08-15T10:07:25.558723900-0500","78.305754000","192.168.0.178","192.168.0.186","25565","25858","4781339","42918","104","0","0x0018"
"12122","2026-08-15T10:07:25.558776800-0500","78.305806900","192.168.0.186","192.168.0.178","25858","25565","42918","4781443","0","0","0x0010"
"12123","2026-08-15T10:07:25.577956600-0500","78.324986700","192.168.0.186","192.168.0.178","25858","25565","42918","4781443","3","0","0x0018"
"12124","2026-08-15T10:07:25.605049600-0500","78.352079700","192.168.0.178","192.168.0.186","25565","25858","4781443","42921","499","0","0x0018"
"12125","2026-08-15T10:07:25.628146200-0500","78.375176300","192.168.0.186","192.168.0.178","25858","25565","42921","4781942","3","0","0x0018"
"12126","2026-08-15T10:07:25.653976900-0500","78.401007000","192.168.0.178","192.168.0.186","25565","25858","4781942","42924","776","0","0x0018"
"12127","2026-08-15T10:07:25.678600100-0500","78.425630200","192.168.0.186","192.168.0.178","25858","25565","42924","4782718","3","0","0x0018"
"12128","2026-08-15T10:07:25.703385400-0500","78.450415500","192.168.0.178","192.168.0.186","25565","25858","4782718","42927","871","0","0x0018"
"12129","2026-08-15T10:07:25.727194700-0500","78.474224800","192.168.0.186","192.168.0.178","25858","25565","42927","4783589","3","0","0x0018"
"12130","2026-08-15T10:07:25.753141400-0500","78.500171500","192.168.0.178","192.168.0.186","25565","25858","4783589","42930","381","0","0x0018"
"12131","2026-08-15T10:07:25.778101400-0500","78.525131500","192.168.0.186","192.168.0.178","25858","25565","42930","4783970","3","0","0x0018"
"12132","2026-08-15T10:07:25.802462500-0500","78.549492600","192.168.0.178","192.168.0.186","25565","25858","4783970","42933","354","0","0x0018"
"12133","2026-08-15T10:07:25.828286900-0500","78.575317000","192.168.0.186","192.168.0.178","25858","25565","42933","4784324","3","0","0x0018"
"12134","2026-08-15T10:07:25.852827500-0500","78.599857600","192.168.0.178","192.168.0.186","25565","25858","4784324","42936","719","0","0x0018"
"12135","2026-08-15T10:07:25.877703600-0500","78.624733700","192.168.0.186","192.168.0.178","25858","25565","42936","4785043","3","0","0x0018"
"12136","2026-08-15T10:07:25.905796700-0500","78.652826800","192.168.0.178","192.168.0.186","25565","25858","4785043","42939","1038","0","0x0018"
"12137","2026-08-15T10:07:25.928173900-0500","78.675204000","192.168.0.186","192.168.0.178","25858","25565","42939","4786081","3","0","0x0018"
"12138","2026-08-15T10:07:25.953188500-0500","78.700218600","192.168.0.178","192.168.0.186","25565","25858","4786081","42942","1269","0","0x0018"
"12139","2026-08-15T10:07:25.977163500-0500","78.724193600","192.168.0.186","192.168.0.178","25858","25565","42942","4787350","3","0","0x0018"
"12140","2026-08-15T10:07:26.003225800-0500","78.750255900","192.168.0.178","192.168.0.186","25565","25858","4787350","42945","433","0","0x0018"
"12141","2026-08-15T10:07:26.028332200-0500","78.775362300","192.168.0.186","192.168.0.178","25858","25565","42945","4787783","3","0","0x0018"
"12142","2026-08-15T10:07:26.053136400-0500","78.800166500","192.168.0.178","192.168.0.186","25565","25858","4787783","42948","149","0","0x0018"
"12143","2026-08-15T10:07:26.078097200-0500","78.825127300","192.168.0.186","192.168.0.178","25858","25565","42948","4787932","3","0","0x0018"
"12144","2026-08-15T10:07:26.103394500-0500","78.850424600","192.168.0.178","192.168.0.186","25565","25858","4787932","42951","1460","0","0x0010"
"12145","2026-08-15T10:07:26.103394500-0500","78.850424600","192.168.0.178","192.168.0.186","25565","25858","4789392","42951","1460","0","0x0010"
"12146","2026-08-15T10:07:26.103468100-0500","78.850498200","192.168.0.186","192.168.0.178","25858","25565","42951","4790852","0","0","0x0010"
"12147","2026-08-15T10:07:26.103520900-0500","78.850551000","192.168.0.178","192.168.0.186","25565","25858","4790852","42951","1460","0","0x0010"
"12148","2026-08-15T10:07:26.103753500-0500","78.850783600","192.168.0.178","192.168.0.186","25565","25858","4792312","42951","1460","0","0x0010"
"12149","2026-08-15T10:07:26.103753500-0500","78.850783600","192.168.0.178","192.168.0.186","25565","25858","4793772","42951","1460","0","0x0010"
"12150","2026-08-15T10:07:26.103803100-0500","78.850833200","192.168.0.186","192.168.0.178","25858","25565","42951","4795232","0","0","0x0010"
"12151","2026-08-15T10:07:26.103886100-0500","78.850916200","192.168.0.178","192.168.0.186","25565","25858","4795232","42951","1460","0","0x0010"
"12152","2026-08-15T10:07:26.103896800-0500","78.850926900","192.168.0.186","192.168.0.178","25858","25565","42951","4796692","0","0","0x0010"
"12153","2026-08-15T10:07:26.104123600-0500","78.851153700","192.168.0.178","192.168.0.186","25565","25858","4796692","42951","1460","0","0x0010"
"12154","2026-08-15T10:07:26.104123600-0500","78.851153700","192.168.0.178","192.168.0.186","25565","25858","4798152","42951","1460","0","0x0010"
"12155","2026-08-15T10:07:26.104123600-0500","78.851153700","192.168.0.178","192.168.0.186","25565","25858","4799612","42951","109","0","0x0018"
"12156","2026-08-15T10:07:26.104179000-0500","78.851209100","192.168.0.186","192.168.0.178","25858","25565","42951","4799721","0","0","0x0010"
"12157","2026-08-15T10:07:26.128137000-0500","78.875167100","192.168.0.186","192.168.0.178","25858","25565","42951","4799721","3","0","0x0018"
"12158","2026-08-15T10:07:26.152844700-0500","78.899874800","192.168.0.178","192.168.0.186","25565","25858","4799721","42954","1460","0","0x0010"
"12159","2026-08-15T10:07:26.152844700-0500","78.899874800","192.168.0.178","192.168.0.186","25565","25858","4801181","42954","405","0","0x0018"
"12160","2026-08-15T10:07:26.152934900-0500","78.899965000","192.168.0.186","192.168.0.178","25858","25565","42954","4801586","0","0","0x0010"
"12161","2026-08-15T10:07:26.159347700-0500","78.906377800","192.168.0.178","192.168.0.186","25565","25858","4801586","42954","52","0","0x0018"
"12162","2026-08-15T10:07:26.159347700-0500","78.906377800","192.168.0.178","192.168.0.186","25565","25858","4801638","42954","52","0","0x0018"
"12163","2026-08-15T10:07:26.159347700-0500","78.906377800","192.168.0.178","192.168.0.186","25565","25858","4801690","42954","52","0","0x0018"
"12164","2026-08-15T10:07:26.159411200-0500","78.906441300","192.168.0.186","192.168.0.178","25858","25565","42954","4801742","0","0","0x0010"
"12165","2026-08-15T10:07:26.176909700-0500","78.923939800","192.168.0.186","192.168.0.178","25858","25565","42954","4801742","3","0","0x0018"
"12166","2026-08-15T10:07:26.205884300-0500","78.952914400","192.168.0.178","192.168.0.186","25565","25858","4801742","42957","439","0","0x0018"
"12167","2026-08-15T10:07:26.228271000-0500","78.975301100","192.168.0.186","192.168.0.178","25858","25565","42957","4802181","3","0","0x0018"
"12168","2026-08-15T10:07:26.254055300-0500","79.001085400","192.168.0.178","192.168.0.186","25565","25858","4802181","42960","355","0","0x0018"
"12169","2026-08-15T10:07:26.259117700-0500","79.006147800","192.168.0.178","192.168.0.186","25565","25858","4802536","42960","52","0","0x0018"
"12170","2026-08-15T10:07:26.259117700-0500","79.006147800","192.168.0.178","192.168.0.186","25565","25858","4802588","42960","104","0","0x0018"
"12171","2026-08-15T10:07:26.259179500-0500","79.006209600","192.168.0.186","192.168.0.178","25858","25565","42960","4802692","0","0","0x0010"
"12172","2026-08-15T10:07:26.278188800-0500","79.025218900","192.168.0.186","192.168.0.178","25858","25565","42960","4802692","3","0","0x0018"
"12173","2026-08-15T10:07:26.306215000-0500","79.053245100","192.168.0.178","192.168.0.186","25565","25858","4802692","42963","1460","0","0x0010"
"12174","2026-08-15T10:07:26.306215000-0500","79.053245100","192.168.0.178","192.168.0.186","25565","25858","4804152","42963","1460","0","0x0010"
"12175","2026-08-15T10:07:26.306284900-0500","79.053315000","192.168.0.186","192.168.0.178","25858","25565","42963","4805612","0","0","0x0010"
"12176","2026-08-15T10:07:26.306340500-0500","79.053370600","192.168.0.178","192.168.0.186","25565","25858","4805612","42963","1460","0","0x0010"
"12177","2026-08-15T10:07:26.306478500-0500","79.053508600","192.168.0.178","192.168.0.186","25565","25858","4807072","42963","1460","0","0x0010"
"12178","2026-08-15T10:07:26.306492800-0500","79.053522900","192.168.0.186","192.168.0.178","25858","25565","42963","4808532","0","0","0x0010"
"12179","2026-08-15T10:07:26.306588200-0500","79.053618300","192.168.0.178","192.168.0.186","25565","25858","4808532","42963","1460","0","0x0010"
"12180","2026-08-15T10:07:26.306735000-0500","79.053765100","192.168.0.178","192.168.0.186","25565","25858","4809992","42963","1460","0","0x0010"
"12181","2026-08-15T10:07:26.306751700-0500","79.053781800","192.168.0.186","192.168.0.178","25858","25565","42963","4811452","0","0","0x0010"
"12182","2026-08-15T10:07:26.306805300-0500","79.053835400","192.168.0.178","192.168.0.186","25565","25858","4811452","42963","1460","0","0x0010"
"12183","2026-08-15T10:07:26.307062400-0500","79.054092500","192.168.0.178","192.168.0.186","25565","25858","4812912","42963","1460","0","0x0010"
"12184","2026-08-15T10:07:26.307062400-0500","79.054092500","192.168.0.178","192.168.0.186","25565","25858","4814372","42963","1460","0","0x0010"
"12185","2026-08-15T10:07:26.307117700-0500","79.054147800","192.168.0.186","192.168.0.178","25858","25565","42963","4815832","0","0","0x0010"
"12186","2026-08-15T10:07:26.307200100-0500","79.054230200","192.168.0.178","192.168.0.186","25565","25858","4815832","42963","1460","0","0x0010"
"12187","2026-08-15T10:07:26.307210800-0500","79.054240900","192.168.0.186","192.168.0.178","25858","25565","42963","4817292","0","0","0x0010"
"12188","2026-08-15T10:07:26.307441100-0500","79.054471200","192.168.0.178","192.168.0.186","25565","25858","4817292","42963","1460","0","0x0018"
"12189","2026-08-15T10:07:26.307441100-0500","79.054471200","192.168.0.178","192.168.0.186","25565","25858","4818752","42963","1460","0","0x0010"
"12190","2026-08-15T10:07:26.307490000-0500","79.054520100","192.168.0.186","192.168.0.178","25858","25565","42963","4820212","0","0","0x0010"
"12191","2026-08-15T10:07:26.307555100-0500","79.054585200","192.168.0.178","192.168.0.186","25565","25858","4820212","42963","1460","0","0x0010"
"12192","2026-08-15T10:07:26.307807700-0500","79.054837800","192.168.0.178","192.168.0.186","25565","25858","4821672","42963","1460","0","0x0010"
"12193","2026-08-15T10:07:26.307807700-0500","79.054837800","192.168.0.178","192.168.0.186","25565","25858","4823132","42963","1460","0","0x0010"
"12194","2026-08-15T10:07:26.307858500-0500","79.054888600","192.168.0.186","192.168.0.178","25858","25565","42963","4824592","0","0","0x0010"
"12195","2026-08-15T10:07:26.307961000-0500","79.054991100","192.168.0.178","192.168.0.186","25565","25858","4824592","42963","1460","0","0x0010"
"12196","2026-08-15T10:07:26.307961000-0500","79.054991100","192.168.0.178","192.168.0.186","25565","25858","4826052","42963","669","0","0x0018"
"12197","2026-08-15T10:07:26.307985500-0500","79.055015600","192.168.0.186","192.168.0.178","25858","25565","42963","4826721","0","0","0x0010"
"12198","2026-08-15T10:07:26.326397500-0500","79.073427600","192.168.0.186","192.168.0.178","25858","25565","42963","4826721","28","0","0x0018"
"12199","2026-08-15T10:07:26.326815500-0500","79.073845600","192.168.0.186","192.168.0.178","25858","25565","42991","4826721","3","0","0x0018"
"12200","2026-08-15T10:07:26.327530500-0500","79.074560600","192.168.0.178","192.168.0.186","25565","25858","4826721","42994","0","0","0x0010"
"12201","2026-08-15T10:07:26.355509700-0500","79.102539800","192.168.0.178","192.168.0.186","25565","25858","4826721","42994","1460","0","0x0010"
"12202","2026-08-15T10:07:26.355509700-0500","79.102539800","192.168.0.178","192.168.0.186","25565","25858","4828181","42994","1460","0","0x0010"
"12203","2026-08-15T10:07:26.355559500-0500","79.102589600","192.168.0.186","192.168.0.178","25858","25565","42994","4829641","0","0","0x0010"
"12204","2026-08-15T10:07:26.355610300-0500","79.102640400","192.168.0.178","192.168.0.186","25565","25858","4829641","42994","1460","0","0x0010"
"12205","2026-08-15T10:07:26.355642800-0500","79.102672900","192.168.0.178","192.168.0.186","25565","25858","4831101","42994","1460","0","0x0010"
"12206","2026-08-15T10:07:26.355646300-0500","79.102676400","192.168.0.186","192.168.0.178","25858","25565","42994","4832561","0","0","0x0010"
"12207","2026-08-15T10:07:26.355793000-0500","79.102823100","192.168.0.178","192.168.0.186","25565","25858","4832561","42994","1460","0","0x0010"
"12208","2026-08-15T10:07:26.356006100-0500","79.103036200","192.168.0.178","192.168.0.186","25565","25858","4834021","42994","1460","0","0x0010"
"12209","2026-08-15T10:07:26.356006100-0500","79.103036200","192.168.0.178","192.168.0.186","25565","25858","4835481","42994","1460","0","0x0010"
"12210","2026-08-15T10:07:26.356023900-0500","79.103054000","192.168.0.186","192.168.0.178","25858","25565","42994","4836941","0","0","0x0010"
"12211","2026-08-15T10:07:26.356238900-0500","79.103269000","192.168.0.178","192.168.0.186","25565","25858","4836941","42994","1460","0","0x0010"
"12212","2026-08-15T10:07:26.356259700-0500","79.103289800","192.168.0.186","192.168.0.178","25858","25565","42994","4838401","0","0","0x0010"
"12213","2026-08-15T10:07:26.356309600-0500","79.103339700","192.168.0.178","192.168.0.186","25565","25858","4838401","42994","1460","0","0x0010"
"12214","2026-08-15T10:07:26.356477800-0500","79.103507900","192.168.0.178","192.168.0.186","25565","25858","4839861","42994","1460","0","0x0010"
"12215","2026-08-15T10:07:26.356494000-0500","79.103524100","192.168.0.186","192.168.0.178","25858","25565","42994","4841321","0","0","0x0010"
"12216","2026-08-15T10:07:26.356530800-0500","79.103560900","192.168.0.178","192.168.0.186","25565","25858","4841321","42994","1460","0","0x0018"
"12217","2026-08-15T10:07:26.356666500-0500","79.103696600","192.168.0.178","192.168.0.186","25565","25858","4842781","42994","1460","0","0x0010"
"12218","2026-08-15T10:07:26.356683200-0500","79.103713300","192.168.0.186","192.168.0.178","25858","25565","42994","4844241","0","0","0x0010"
"12219","2026-08-15T10:07:26.356742100-0500","79.103772200","192.168.0.178","192.168.0.186","25565","25858","4844241","42994","1460","0","0x0010"
"12220","2026-08-15T10:07:26.356992200-0500","79.104022300","192.168.0.178","192.168.0.186","25565","25858","4845701","42994","1460","0","0x0010"
"12221","2026-08-15T10:07:26.356992200-0500","79.104022300","192.168.0.178","192.168.0.186","25565","25858","4847161","42994","1460","0","0x0010"
"12222","2026-08-15T10:07:26.357011200-0500","79.104041300","192.168.0.186","192.168.0.178","25858","25565","42994","4848621","0","0","0x0010"
"12223","2026-08-15T10:07:26.357047700-0500","79.104077800","192.168.0.178","192.168.0.186","25565","25858","4848621","42994","219","0","0x0018"
"12224","2026-08-15T10:07:26.357052400-0500","79.104082500","192.168.0.186","192.168.0.178","25858","25565","42994","4848840","0","0","0x0010"
"12225","2026-08-15T10:07:26.376908400-0500","79.123938500","192.168.0.186","192.168.0.178","25858","25565","42994","4848840","3","0","0x0018"
"12226","2026-08-15T10:07:26.405069500-0500","79.152099600","192.168.0.178","192.168.0.186","25565","25858","4848840","42997","1460","0","0x0010"
"12227","2026-08-15T10:07:26.405069500-0500","79.152099600","192.168.0.178","192.168.0.186","25565","25858","4850300","42997","1460","0","0x0010"
"12228","2026-08-15T10:07:26.405139100-0500","79.152169200","192.168.0.186","192.168.0.178","25858","25565","42997","4851760","0","0","0x0010"
"12229","2026-08-15T10:07:26.405191300-0500","79.152221400","192.168.0.178","192.168.0.186","25565","25858","4851760","42997","1460","0","0x0010"
"12230","2026-08-15T10:07:26.405431400-0500","79.152461500","192.168.0.178","192.168.0.186","25565","25858","4853220","42997","1460","0","0x0010"
"12231","2026-08-15T10:07:26.405431400-0500","79.152461500","192.168.0.178","192.168.0.186","25565","25858","4854680","42997","1460","0","0x0010"
"12232","2026-08-15T10:07:26.405479900-0500","79.152510000","192.168.0.186","192.168.0.178","25858","25565","42997","4856140","0","0","0x0010"
"12233","2026-08-15T10:07:26.405558600-0500","79.152588700","192.168.0.178","192.168.0.186","25565","25858","4856140","42997","1460","0","0x0010"
"12234","2026-08-15T10:07:26.405568500-0500","79.152598600","192.168.0.186","192.168.0.178","25858","25565","42997","4857600","0","0","0x0010"
"12235","2026-08-15T10:07:26.405806300-0500","79.152836400","192.168.0.178","192.168.0.186","25565","25858","4857600","42997","1460","0","0x0010"
"12236","2026-08-15T10:07:26.405806300-0500","79.152836400","192.168.0.178","192.168.0.186","25565","25858","4859060","42997","1460","0","0x0010"
"12237","2026-08-15T10:07:26.405856000-0500","79.152886100","192.168.0.186","192.168.0.178","25858","25565","42997","4860520","0","0","0x0010"
"12238","2026-08-15T10:07:26.405923100-0500","79.152953200","192.168.0.178","192.168.0.186","25565","25858","4860520","42997","1460","0","0x0010"
"12239","2026-08-15T10:07:26.406163400-0500","79.153193500","192.168.0.178","192.168.0.186","25565","25858","4861980","42997","1460","0","0x0010"
"12240","2026-08-15T10:07:26.406163400-0500","79.153193500","192.168.0.178","192.168.0.186","25565","25858","4863440","42997","1460","0","0x0018"
"12241","2026-08-15T10:07:26.406215700-0500","79.153245800","192.168.0.186","192.168.0.178","25858","25565","42997","4864900","0","0","0x0010"
"12242","2026-08-15T10:07:26.406296500-0500","79.153326600","192.168.0.178","192.168.0.186","25565","25858","4864900","42997","1460","0","0x0010"
"12243","2026-08-15T10:07:26.406306200-0500","79.153336300","192.168.0.186","192.168.0.178","25858","25565","42997","4866360","0","0","0x0010"
"12244","2026-08-15T10:07:26.406468600-0500","79.153498700","192.168.0.178","192.168.0.186","25565","25858","4866360","42997","1460","0","0x0010"
"12245","2026-08-15T10:07:26.406528900-0500","79.153559000","192.168.0.178","192.168.0.186","25565","25858","4867820","42997","1460","0","0x0010"
"12246","2026-08-15T10:07:26.406537400-0500","79.153567500","192.168.0.186","192.168.0.178","25858","25565","42997","4869280","0","0","0x0010"
"12247","2026-08-15T10:07:26.406771100-0500","79.153801200","192.168.0.178","192.168.0.186","25565","25858","4869280","42997","1460","0","0x0010"
"12248","2026-08-15T10:07:26.406771100-0500","79.153801200","192.168.0.178","192.168.0.186","25565","25858","4870740","42997","1460","0","0x0010"
"12249","2026-08-15T10:07:26.406810800-0500","79.153840900","192.168.0.186","192.168.0.178","25858","25565","42997","4872200","0","0","0x0010"
"12250","2026-08-15T10:07:26.406884600-0500","79.153914700","192.168.0.178","192.168.0.186","25565","25858","4872200","42997","1460","0","0x0010"
"12251","2026-08-15T10:07:26.407158100-0500","79.154188200","192.168.0.178","192.168.0.186","25565","25858","4873660","42997","1460","0","0x0010"
"12252","2026-08-15T10:07:26.407158100-0500","79.154188200","192.168.0.178","192.168.0.186","25565","25858","4875120","42997","1460","0","0x0010"
"12253","2026-08-15T10:07:26.407198400-0500","79.154228500","192.168.0.186","192.168.0.178","25858","25565","42997","4876580","0","0","0x0010"
"12254","2026-08-15T10:07:26.407247700-0500","79.154277800","192.168.0.178","192.168.0.186","25565","25858","4876580","42997","1200","0","0x0018"
"12255","2026-08-15T10:07:26.407258900-0500","79.154289000","192.168.0.186","192.168.0.178","25858","25565","42997","4877780","0","0","0x0010"
"12256","2026-08-15T10:07:26.426631300-0500","79.173661400","192.168.0.186","192.168.0.178","25858","25565","42997","4877780","3","0","0x0018"
"12257","2026-08-15T10:07:26.454243000-0500","79.201273100","192.168.0.178","192.168.0.186","25565","25858","4877780","43000","1460","0","0x0010"
"12258","2026-08-15T10:07:26.454243000-0500","79.201273100","192.168.0.178","192.168.0.186","25565","25858","4879240","43000","1460","0","0x0010"
"12259","2026-08-15T10:07:26.454321300-0500","79.201351400","192.168.0.186","192.168.0.178","25858","25565","43000","4880700","0","0","0x0010"
"12260","2026-08-15T10:07:26.454365300-0500","79.201395400","192.168.0.178","192.168.0.186","25565","25858","4880700","43000","1460","0","0x0010"
"12261","2026-08-15T10:07:26.454595600-0500","79.201625700","192.168.0.178","192.168.0.186","25565","25858","4882160","43000","1460","0","0x0010"
"12262","2026-08-15T10:07:26.454595600-0500","79.201625700","192.168.0.178","192.168.0.186","25565","25858","4883620","43000","1460","0","0x0010"
"12263","2026-08-15T10:07:26.454633900-0500","79.201664000","192.168.0.186","192.168.0.178","25858","25565","43000","4885080","0","0","0x0010"
"12264","2026-08-15T10:07:26.454695700-0500","79.201725800","192.168.0.178","192.168.0.186","25565","25858","4885080","43000","1460","0","0x0010"
"12265","2026-08-15T10:07:26.454707800-0500","79.201737900","192.168.0.186","192.168.0.178","25858","25565","43000","4886540","0","0","0x0010"
"12266","2026-08-15T10:07:26.454940000-0500","79.201970100","192.168.0.178","192.168.0.186","25565","25858","4886540","43000","1460","0","0x0010"
"12267","2026-08-15T10:07:26.454940000-0500","79.201970100","192.168.0.178","192.168.0.186","25565","25858","4888000","43000","1460","0","0x0010"
"12268","2026-08-15T10:07:26.454978000-0500","79.202008100","192.168.0.186","192.168.0.178","25858","25565","43000","4889460","0","0","0x0010"
"12269","2026-08-15T10:07:26.455218700-0500","79.202248800","192.168.0.178","192.168.0.186","25565","25858","4889460","43000","1460","0","0x0010"
"12270","2026-08-15T10:07:26.455218700-0500","79.202248800","192.168.0.178","192.168.0.186","25565","25858","4890920","43000","1460","0","0x0010"
"12271","2026-08-15T10:07:26.455257300-0500","79.202287400","192.168.0.186","192.168.0.178","25858","25565","43000","4892380","0","0","0x0010"
"12272","2026-08-15T10:07:26.455315900-0500","79.202346000","192.168.0.178","192.168.0.186","25565","25858","4892380","43000","1460","0","0x0018"
"12273","2026-08-15T10:07:26.455571400-0500","79.202601500","192.168.0.178","192.168.0.186","25565","25858","4893840","43000","1460","0","0x0010"
"12274","2026-08-15T10:07:26.455571400-0500","79.202601500","192.168.0.178","192.168.0.186","25565","25858","4895300","43000","1460","0","0x0010"
"12275","2026-08-15T10:07:26.455616300-0500","79.202646400","192.168.0.186","192.168.0.178","25858","25565","43000","4896760","0","0","0x0010"
"12276","2026-08-15T10:07:26.455650300-0500","79.202680400","192.168.0.178","192.168.0.186","25565","25858","4896760","43000","573","0","0x0018"
"12277","2026-08-15T10:07:26.455663100-0500","79.202693200","192.168.0.186","192.168.0.178","25858","25565","43000","4897333","0","0","0x0010"
"12278","2026-08-15T10:07:26.476861900-0500","79.223892000","192.168.0.186","192.168.0.178","25858","25565","43000","4897333","3","0","0x0018"
"12279","2026-08-15T10:07:26.503803500-0500","79.250833600","192.168.0.178","192.168.0.186","25565","25858","4897333","43003","1460","0","0x0010"
"12280","2026-08-15T10:07:26.503803500-0500","79.250833600","192.168.0.178","192.168.0.186","25565","25858","4898793","43003","1460","0","0x0010"
"12281","2026-08-15T10:07:26.503868100-0500","79.250898200","192.168.0.186","192.168.0.178","25858","25565","43003","4900253","0","0","0x0010"
"12282","2026-08-15T10:07:26.503915500-0500","79.250945600","192.168.0.178","192.168.0.186","25565","25858","4900253","43003","1460","0","0x0010"
"12283","2026-08-15T10:07:26.504151000-0500","79.251181100","192.168.0.178","192.168.0.186","25565","25858","4901713","43003","1460","0","0x0010"
"12284","2026-08-15T10:07:26.504151000-0500","79.251181100","192.168.0.178","192.168.0.186","25565","25858","4903173","43003","1460","0","0x0010"
"12285","2026-08-15T10:07:26.504186600-0500","79.251216700","192.168.0.186","192.168.0.178","25858","25565","43003","4904633","0","0","0x0010"
"12286","2026-08-15T10:07:26.504386800-0500","79.251416900","192.168.0.178","192.168.0.186","25565","25858","4904633","43003","1460","0","0x0010"
"12287","2026-08-15T10:07:26.504386800-0500","79.251416900","192.168.0.178","192.168.0.186","25565","25858","4906093","43003","1460","0","0x0010"
"12288","2026-08-15T10:07:26.504423600-0500","79.251453700","192.168.0.186","192.168.0.178","25858","25565","43003","4907553","0","0","0x0010"
"12289","2026-08-15T10:07:26.504497000-0500","79.251527100","192.168.0.178","192.168.0.186","25565","25858","4907553","43003","1460","0","0x0010"
"12290","2026-08-15T10:07:26.504504200-0500","79.251534300","192.168.0.186","192.168.0.178","25858","25565","43003","4909013","0","0","0x0010"
"12291","2026-08-15T10:07:26.504698000-0500","79.251728100","192.168.0.178","192.168.0.186","25565","25858","4909013","43003","1460","0","0x0010"
"12292","2026-08-15T10:07:26.504763900-0500","79.251794000","192.168.0.178","192.168.0.186","25565","25858","4910473","43003","1460","0","0x0010"
"12293","2026-08-15T10:07:26.504771400-0500","79.251801500","192.168.0.186","192.168.0.178","25858","25565","43003","4911933","0","0","0x0010"
"12294","2026-08-15T10:07:26.504955100-0500","79.251985200","192.168.0.178","192.168.0.186","25565","25858","4911933","43003","1460","0","0x0018"
"12295","2026-08-15T10:07:26.505012700-0500","79.252042800","192.168.0.178","192.168.0.186","25565","25858","4913393","43003","1460","0","0x0010"
"12296","2026-08-15T10:07:26.505020100-0500","79.252050200","192.168.0.186","192.168.0.178","25858","25565","43003","4914853","0","0","0x0010"
"12297","2026-08-15T10:07:26.505209300-0500","79.252239400","192.168.0.178","192.168.0.186","25565","25858","4914853","43003","1460","0","0x0010"
"12298","2026-08-15T10:07:26.505209300-0500","79.252239400","192.168.0.178","192.168.0.186","25565","25858","4916313","43003","1100","0","0x0018"
"12299","2026-08-15T10:07:26.505230400-0500","79.252260500","192.168.0.186","192.168.0.178","25858","25565","43003","4917413","0","0","0x0010"
"12300","2026-08-15T10:07:26.527505600-0500","79.274535700","192.168.0.186","192.168.0.178","25858","25565","43003","4917413","3","0","0x0018"
"12301","2026-08-15T10:07:26.553305100-0500","79.300335200","192.168.0.178","192.168.0.186","25565","25858","4917413","43006","1460","0","0x0010"
"12302","2026-08-15T10:07:26.553305100-0500","79.300335200","192.168.0.178","192.168.0.186","25565","25858","4918873","43006","1460","0","0x0010"
"12303","2026-08-15T10:07:26.553375800-0500","79.300405900","192.168.0.186","192.168.0.178","25858","25565","43006","4920333","0","0","0x0010"
"12304","2026-08-15T10:07:26.553420400-0500","79.300450500","192.168.0.178","192.168.0.186","25565","25858","4920333","43006","1460","0","0x0010"
"12305","2026-08-15T10:07:26.553652700-0500","79.300682800","192.168.0.178","192.168.0.186","25565","25858","4921793","43006","1460","0","0x0010"
"12306","2026-08-15T10:07:26.553652700-0500","79.300682800","192.168.0.178","192.168.0.186","25565","25858","4923253","43006","1460","0","0x0010"
"12307","2026-08-15T10:07:26.553693200-0500","79.300723300","192.168.0.186","192.168.0.178","25858","25565","43006","4924713","0","0","0x0010"
"12308","2026-08-15T10:07:26.553894100-0500","79.300924200","192.168.0.178","192.168.0.186","25565","25858","4924713","43006","1460","0","0x0010"
"12309","2026-08-15T10:07:26.553894100-0500","79.300924200","192.168.0.178","192.168.0.186","25565","25858","4926173","43006","1460","0","0x0010"
"12310","2026-08-15T10:07:26.553926500-0500","79.300956600","192.168.0.186","192.168.0.178","25858","25565","43006","4927633","0","0","0x0010"
"12311","2026-08-15T10:07:26.554046300-0500","79.301076400","192.168.0.178","192.168.0.186","25565","25858","4927633","43006","1460","0","0x0010"
"12312","2026-08-15T10:07:26.554063300-0500","79.301093400","192.168.0.186","192.168.0.178","25858","25565","43006","4929093","0","0","0x0010"
"12313","2026-08-15T10:07:26.554117000-0500","79.301147100","192.168.0.178","192.168.0.186","25565","25858","4929093","43006","1460","0","0x0010"
"12314","2026-08-15T10:07:26.554377300-0500","79.301407400","192.168.0.178","192.168.0.186","25565","25858","4930553","43006","1460","0","0x0010"
"12315","2026-08-15T10:07:26.554377300-0500","79.301407400","192.168.0.178","192.168.0.186","25565","25858","4932013","43006","1460","0","0x0018"
"12316","2026-08-15T10:07:26.554418600-0500","79.301448700","192.168.0.186","192.168.0.178","25858","25565","43006","4933473","0","0","0x0010"
"12317","2026-08-15T10:07:26.554527100-0500","79.301557200","192.168.0.178","192.168.0.186","25565","25858","4933473","43006","1460","0","0x0010"
"12318","2026-08-15T10:07:26.554541000-0500","79.301571100","192.168.0.186","192.168.0.178","25858","25565","43006","4934933","0","0","0x0010"
"12319","2026-08-15T10:07:26.554607200-0500","79.301637300","192.168.0.178","192.168.0.186","25565","25858","4934933","43006","1460","0","0x0010"
"12320","2026-08-15T10:07:26.554897000-0500","79.301927100","192.168.0.178","192.168.0.186","25565","25858","4936393","43006","1460","0","0x0010"
"12321","2026-08-15T10:07:26.554897000-0500","79.301927100","192.168.0.178","192.168.0.186","25565","25858","4937853","43006","1460","0","0x0010"
"12322","2026-08-15T10:07:26.554940900-0500","79.301971000","192.168.0.186","192.168.0.178","25858","25565","43006","4939313","0","0","0x0010"
"12323","2026-08-15T10:07:26.555001300-0500","79.302031400","192.168.0.178","192.168.0.186","25565","25858","4939313","43006","1460","0","0x0010"
"12324","2026-08-15T10:07:26.555015900-0500","79.302046000","192.168.0.186","192.168.0.178","25858","25565","43006","4940773","0","0","0x0010"
"12325","2026-08-15T10:07:26.555053400-0500","79.302083500","192.168.0.178","192.168.0.186","25565","25858","4940773","43006","619","0","0x0018"
"12326","2026-08-15T10:07:26.555419800-0500","79.302449900","192.168.0.186","192.168.0.178","25858","25565","43006","4941392","11","0","0x0018"
"12327","2026-08-15T10:07:26.577084200-0500","79.324114300","192.168.0.186","192.168.0.178","25858","25565","43017","4941392","3","0","0x0018"
"12328","2026-08-15T10:07:26.577895200-0500","79.324925300","192.168.0.178","192.168.0.186","25565","25858","4941392","43020","0","0","0x0010"
"12329","2026-08-15T10:07:26.606146000-0500","79.353176100","192.168.0.178","192.168.0.186","25565","25858","4941392","43020","1460","0","0x0010"
"12330","2026-08-15T10:07:26.606146000-0500","79.353176100","192.168.0.178","192.168.0.186","25565","25858","4942852","43020","1460","0","0x0010"
"12331","2026-08-15T10:07:26.606199700-0500","79.353229800","192.168.0.186","192.168.0.178","25858","25565","43020","4944312","0","0","0x0010"
"12332","2026-08-15T10:07:26.606246400-0500","79.353276500","192.168.0.178","192.168.0.186","25565","25858","4944312","43020","1460","0","0x0010"
"12333","2026-08-15T10:07:26.606284900-0500","79.353315000","192.168.0.178","192.168.0.186","25565","25858","4945772","43020","1460","0","0x0010"
"12334","2026-08-15T10:07:26.606290600-0500","79.353320700","192.168.0.186","192.168.0.178","25858","25565","43020","4947232","0","0","0x0010"
"12335","2026-08-15T10:07:26.606506400-0500","79.353536500","192.168.0.178","192.168.0.186","25565","25858","4947232","43020","1460","0","0x0010"
"12336","2026-08-15T10:07:26.606564700-0500","79.353594800","192.168.0.178","192.168.0.186","25565","25858","4948692","43020","1460","0","0x0010"
"12337","2026-08-15T10:07:26.606572700-0500","79.353602800","192.168.0.186","192.168.0.178","25858","25565","43020","4950152","0","0","0x0010"
"12338","2026-08-15T10:07:26.606785300-0500","79.353815400","192.168.0.178","192.168.0.186","25565","25858","4950152","43020","1460","0","0x0010"
"12339","2026-08-15T10:07:26.606785300-0500","79.353815400","192.168.0.178","192.168.0.186","25565","25858","4951612","43020","1460","0","0x0010"
"12340","2026-08-15T10:07:26.606805000-0500","79.353835100","192.168.0.186","192.168.0.178","25858","25565","43020","4953072","0","0","0x0010"
"12341","2026-08-15T10:07:26.607018000-0500","79.354048100","192.168.0.178","192.168.0.186","25565","25858","4953072","43020","1460","0","0x0010"
"12342","2026-08-15T10:07:26.607086400-0500","79.354116500","192.168.0.178","192.168.0.186","25565","25858","4954532","43020","1460","0","0x0010"
"12343","2026-08-15T10:07:26.607094100-0500","79.354124200","192.168.0.186","192.168.0.178","25858","25565","43020","4955992","0","0","0x0010"
"12344","2026-08-15T10:07:26.607151600-0500","79.354181700","192.168.0.178","192.168.0.186","25565","25858","4955992","43020","1460","0","0x0018"
"12345","2026-08-15T10:07:26.607367100-0500","79.354397200","192.168.0.178","192.168.0.186","25565","25858","4957452","43020","1460","0","0x0010"
"12346","2026-08-15T10:07:26.607367100-0500","79.354397200","192.168.0.178","192.168.0.186","25565","25858","4958912","43020","606","0","0x0018"
"12347","2026-08-15T10:07:26.607394500-0500","79.354424600","192.168.0.186","192.168.0.178","25858","25565","43020","4959518","0","0","0x0010"
"12348","2026-08-15T10:07:26.627626200-0500","79.374656300","192.168.0.186","192.168.0.178","25858","25565","43020","4959518","3","0","0x0018"
"12349","2026-08-15T10:07:26.653442200-0500","79.400472300","192.168.0.178","192.168.0.186","25565","25858","4959518","43023","1460","0","0x0010"
"12350","2026-08-15T10:07:26.653442200-0500","79.400472300","192.168.0.178","192.168.0.186","25565","25858","4960978","43023","1460","0","0x0010"
"12351","2026-08-15T10:07:26.653496500-0500","79.400526600","192.168.0.186","192.168.0.178","25858","25565","43023","4962438","0","0","0x0010"
"12352","2026-08-15T10:07:26.653544000-0500","79.400574100","192.168.0.178","192.168.0.186","25565","25858","4962438","43023","1460","0","0x0010"
"12353","2026-08-15T10:07:26.653778700-0500","79.400808800","192.168.0.178","192.168.0.186","25565","25858","4963898","43023","1460","0","0x0010"
"12354","2026-08-15T10:07:26.653778700-0500","79.400808800","192.168.0.178","192.168.0.186","25565","25858","4965358","43023","1460","0","0x0010"
"12355","2026-08-15T10:07:26.653811600-0500","79.400841700","192.168.0.186","192.168.0.178","25858","25565","43023","4966818","0","0","0x0010"
"12356","2026-08-15T10:07:26.654027700-0500","79.401057800","192.168.0.178","192.168.0.186","25565","25858","4966818","43023","1460","0","0x0010"
"12357","2026-08-15T10:07:26.654027700-0500","79.401057800","192.168.0.178","192.168.0.186","25565","25858","4968278","43023","1460","0","0x0010"
"12358","2026-08-15T10:07:26.654061600-0500","79.401091700","192.168.0.186","192.168.0.178","25858","25565","43023","4969738","0","0","0x0010"
"12359","2026-08-15T10:07:26.654270800-0500","79.401300900","192.168.0.178","192.168.0.186","25565","25858","4969738","43023","1460","0","0x0010"
"12360","2026-08-15T10:07:26.654270800-0500","79.401300900","192.168.0.178","192.168.0.186","25565","25858","4971198","43023","1460","0","0x0010"
"12361","2026-08-15T10:07:26.654305000-0500","79.401335100","192.168.0.186","192.168.0.178","25858","25565","43023","4972658","0","0","0x0010"
"12362","2026-08-15T10:07:26.654521600-0500","79.401551700","192.168.0.178","192.168.0.186","25565","25858","4972658","43023","1460","0","0x0010"
"12363","2026-08-15T10:07:26.654521600-0500","79.401551700","192.168.0.178","192.168.0.186","25565","25858","4974118","43023","1460","0","0x0018"
"12364","2026-08-15T10:07:26.654561000-0500","79.401591100","192.168.0.186","192.168.0.178","25858","25565","43023","4975578","0","0","0x0010"
"12365","2026-08-15T10:07:26.654621400-0500","79.401651500","192.168.0.178","192.168.0.186","25565","25858","4975578","43023","1362","0","0x0018"
"12366","2026-08-15T10:07:26.654635300-0500","79.401665400","192.168.0.186","192.168.0.178","25858","25565","43023","4976940","0","0","0x0010"
"12367","2026-08-15T10:07:26.658960400-0500","79.405990500","192.168.0.178","192.168.0.186","25565","25858","4976940","43023","52","0","0x0018"
"12368","2026-08-15T10:07:26.658960400-0500","79.405990500","192.168.0.178","192.168.0.186","25565","25858","4976992","43023","104","0","0x0018"
"12369","2026-08-15T10:07:26.659018600-0500","79.406048700","192.168.0.186","192.168.0.178","25858","25565","43023","4977096","0","0","0x0010"
"12370","2026-08-15T10:07:26.677877400-0500","79.424907500","192.168.0.186","192.168.0.178","25858","25565","43023","4977096","3","0","0x0018"
"12371","2026-08-15T10:07:26.703473600-0500","79.450503700","192.168.0.178","192.168.0.186","25565","25858","4977096","43026","1460","0","0x0010"
"12372","2026-08-15T10:07:26.703473600-0500","79.450503700","192.168.0.178","192.168.0.186","25565","25858","4978556","43026","1460","0","0x0010"
"12373","2026-08-15T10:07:26.703534700-0500","79.450564800","192.168.0.186","192.168.0.178","25858","25565","43026","4980016","0","0","0x0010"
"12374","2026-08-15T10:07:26.703570900-0500","79.450601000","192.168.0.178","192.168.0.186","25565","25858","4980016","43026","1460","0","0x0010"
"12375","2026-08-15T10:07:26.703632300-0500","79.450662400","192.168.0.178","192.168.0.186","25565","25858","4981476","43026","583","0","0x0018"
"12376","2026-08-15T10:07:26.703642700-0500","79.450672800","192.168.0.186","192.168.0.178","25858","25565","43026","4982059","0","0","0x0010"
"12377","2026-08-15T10:07:26.726405400-0500","79.473435500","192.168.0.186","192.168.0.178","25858","25565","43026","4982059","3","0","0x0018"
"12378","2026-08-15T10:07:26.752952900-0500","79.499983000","192.168.0.178","192.168.0.186","25565","25858","4982059","43029","494","0","0x0018"
"12379","2026-08-15T10:07:26.777914300-0500","79.524944400","192.168.0.186","192.168.0.178","25858","25565","43029","4982553","3","0","0x0018"
"12380","2026-08-15T10:07:26.802165200-0500","79.549195300","192.168.0.178","192.168.0.186","25565","25858","4982553","43032","211","0","0x0018"
"12381","2026-08-15T10:07:26.828416700-0500","79.575446800","192.168.0.186","192.168.0.178","25858","25565","43032","4982764","3","0","0x0018"
"12382","2026-08-15T10:07:26.854562900-0500","79.601593000","192.168.0.178","192.168.0.186","25565","25858","4982764","43035","580","0","0x0018"
"12383","2026-08-15T10:07:26.877995500-0500","79.625025600","192.168.0.186","192.168.0.178","25858","25565","43035","4983344","3","0","0x0018"
"12384","2026-08-15T10:07:26.903227700-0500","79.650257800","192.168.0.178","192.168.0.186","25565","25858","4983344","43038","1460","0","0x0010"
"12385","2026-08-15T10:07:26.903227700-0500","79.650257800","192.168.0.178","192.168.0.186","25565","25858","4984804","43038","1460","0","0x0010"
"12386","2026-08-15T10:07:26.903303900-0500","79.650334000","192.168.0.186","192.168.0.178","25858","25565","43038","4986264","0","0","0x0010"
"12387","2026-08-15T10:07:26.903350000-0500","79.650380100","192.168.0.178","192.168.0.186","25565","25858","4986264","43038","1460","0","0x0010"
"12388","2026-08-15T10:07:26.903418200-0500","79.650448300","192.168.0.178","192.168.0.186","25565","25858","4987724","43038","1460","0","0x0010"
"12389","2026-08-15T10:07:26.903438700-0500","79.650468800","192.168.0.186","192.168.0.178","25858","25565","43038","4989184","0","0","0x0010"
"12390","2026-08-15T10:07:26.903683100-0500","79.650713200","192.168.0.178","192.168.0.186","25565","25858","4989184","43038","1460","0","0x0010"
"12391","2026-08-15T10:07:26.903683100-0500","79.650713200","192.168.0.178","192.168.0.186","25565","25858","4990644","43038","1460","0","0x0010"
"12392","2026-08-15T10:07:26.903724400-0500","79.650754500","192.168.0.186","192.168.0.178","25858","25565","43038","4992104","0","0","0x0010"
"12393","2026-08-15T10:07:26.903892200-0500","79.650922300","192.168.0.178","192.168.0.186","25565","25858","4992104","43038","1460","0","0x0010"
"12394","2026-08-15T10:07:26.903951800-0500","79.650981900","192.168.0.178","192.168.0.186","25565","25858","4993564","43038","1460","0","0x0010"
"12395","2026-08-15T10:07:26.903961100-0500","79.650991200","192.168.0.186","192.168.0.178","25858","25565","43038","4995024","0","0","0x0010"
"12396","2026-08-15T10:07:26.904198800-0500","79.651228900","192.168.0.178","192.168.0.186","25565","25858","4995024","43038","1460","0","0x0010"
"12397","2026-08-15T10:07:26.904198800-0500","79.651228900","192.168.0.178","192.168.0.186","25565","25858","4996484","43038","1460","0","0x0010"
"12398","2026-08-15T10:07:26.904250100-0500","79.651280200","192.168.0.186","192.168.0.178","25858","25565","43038","4997944","0","0","0x0010"
"12399","2026-08-15T10:07:26.904312000-0500","79.651342100","192.168.0.178","192.168.0.186","25565","25858","4997944","43038","1460","0","0x0018"
"12400","2026-08-15T10:07:26.904566300-0500","79.651596400","192.168.0.178","192.168.0.186","25565","25858","4999404","43038","1460","0","0x0010"
"12401","2026-08-15T10:07:26.904566300-0500","79.651596400","192.168.0.178","192.168.0.186","25565","25858","5000864","43038","1460","0","0x0010"
"12402","2026-08-15T10:07:26.904615500-0500","79.651645600","192.168.0.186","192.168.0.178","25858","25565","43038","5002324","0","0","0x0010"
"12403","2026-08-15T10:07:26.904688600-0500","79.651718700","192.168.0.178","192.168.0.186","25565","25858","5002324","43038","1460","0","0x0010"
"12404","2026-08-15T10:07:26.904704000-0500","79.651734100","192.168.0.186","192.168.0.178","25858","25565","43038","5003784","0","0","0x0010"
"12405","2026-08-15T10:07:26.904921000-0500","79.651951100","192.168.0.178","192.168.0.186","25565","25858","5003784","43038","1460","0","0x0010"
"12406","2026-08-15T10:07:26.904921000-0500","79.651951100","192.168.0.178","192.168.0.186","25565","25858","5005244","43038","76","0","0x0018"
"12407","2026-08-15T10:07:26.904973700-0500","79.652003800","192.168.0.186","192.168.0.178","25858","25565","43038","5005320","0","0","0x0010"
"12408","2026-08-15T10:07:26.926873200-0500","79.673903300","192.168.0.186","192.168.0.178","25858","25565","43038","5005320","3","0","0x0018"
"12409","2026-08-15T10:07:26.956593300-0500","79.703623400","192.168.0.178","192.168.0.186","25565","25858","5005320","43041","1278","0","0x0018"
"12410","2026-08-15T10:07:26.977922500-0500","79.724952600","192.168.0.186","192.168.0.178","25858","25565","43041","5006598","3","0","0x0018"
"12411","2026-08-15T10:07:27.007645300-0500","79.754675400","192.168.0.178","192.168.0.186","25565","25858","5006598","43044","1460","0","0x0010"
"12412","2026-08-15T10:07:27.007645300-0500","79.754675400","192.168.0.178","192.168.0.186","25565","25858","5008058","43044","1460","0","0x0010"
"12413","2026-08-15T10:07:27.007733700-0500","79.754763800","192.168.0.186","192.168.0.178","25858","25565","43044","5009518","0","0","0x0010"
"12414","2026-08-15T10:07:27.007830400-0500","79.754860500","192.168.0.178","192.168.0.186","25565","25858","5009518","43044","1460","0","0x0010"
"12415","2026-08-15T10:07:27.007883600-0500","79.754913700","192.168.0.178","192.168.0.186","25565","25858","5010978","43044","1460","0","0x0010"
"12416","2026-08-15T10:07:27.007896600-0500","79.754926700","192.168.0.186","192.168.0.178","25858","25565","43044","5012438","0","0","0x0010"
"12417","2026-08-15T10:07:27.008136600-0500","79.755166700","192.168.0.178","192.168.0.186","25565","25858","5012438","43044","1460","0","0x0010"
"12418","2026-08-15T10:07:27.008136600-0500","79.755166700","192.168.0.178","192.168.0.186","25565","25858","5013898","43044","1460","0","0x0010"
"12419","2026-08-15T10:07:27.008188500-0500","79.755218600","192.168.0.186","192.168.0.178","25858","25565","43044","5015358","0","0","0x0010"
"12420","2026-08-15T10:07:27.008248100-0500","79.755278200","192.168.0.178","192.168.0.186","25565","25858","5015358","43044","1460","0","0x0010"
"12421","2026-08-15T10:07:27.008496100-0500","79.755526200","192.168.0.178","192.168.0.186","25565","25858","5016818","43044","1460","0","0x0010"
"12422","2026-08-15T10:07:27.008496100-0500","79.755526200","192.168.0.178","192.168.0.186","25565","25858","5018278","43044","1460","0","0x0010"
"12423","2026-08-15T10:07:27.008542800-0500","79.755572900","192.168.0.186","192.168.0.178","25858","25565","43044","5019738","0","0","0x0010"
"12424","2026-08-15T10:07:27.008608800-0500","79.755638900","192.168.0.178","192.168.0.186","25565","25858","5019738","43044","1460","0","0x0010"
"12425","2026-08-15T10:07:27.008625100-0500","79.755655200","192.168.0.186","192.168.0.178","25858","25565","43044","5021198","0","0","0x0010"
"12426","2026-08-15T10:07:27.008979700-0500","79.756009800","192.168.0.178","192.168.0.186","25565","25858","5021198","43044","1460","0","0x0018"
"12427","2026-08-15T10:07:27.008979700-0500","79.756009800","192.168.0.178","192.168.0.186","25565","25858","5022658","43044","1460","0","0x0010"
"12428","2026-08-15T10:07:27.008979700-0500","79.756009800","192.168.0.178","192.168.0.186","25565","25858","5024118","43044","1460","0","0x0010"
"12429","2026-08-15T10:07:27.009032900-0500","79.756063000","192.168.0.186","192.168.0.178","25858","25565","43044","5025578","0","0","0x0010"
"12430","2026-08-15T10:07:27.009099600-0500","79.756129700","192.168.0.178","192.168.0.186","25565","25858","5025578","43044","1460","0","0x0010"
"12431","2026-08-15T10:07:27.009111400-0500","79.756141500","192.168.0.186","192.168.0.178","25858","25565","43044","5027038","0","0","0x0010"
"12432","2026-08-15T10:07:27.009376600-0500","79.756406700","192.168.0.178","192.168.0.186","25565","25858","5027038","43044","1460","0","0x0010"
"12433","2026-08-15T10:07:27.009376600-0500","79.756406700","192.168.0.178","192.168.0.186","25565","25858","5028498","43044","234","0","0x0018"
"12434","2026-08-15T10:07:27.009428100-0500","79.756458200","192.168.0.186","192.168.0.178","25858","25565","43044","5028732","0","0","0x0010"
"12435","2026-08-15T10:07:27.027382300-0500","79.774412400","192.168.0.186","192.168.0.178","25858","25565","43044","5028732","3","0","0x0018"
"12436","2026-08-15T10:07:27.057342100-0500","79.804372200","192.168.0.178","192.168.0.186","25565","25858","5028732","43047","1460","0","0x0010"
"12437","2026-08-15T10:07:27.057342100-0500","79.804372200","192.168.0.178","192.168.0.186","25565","25858","5030192","43047","1460","0","0x0010"
"12438","2026-08-15T10:07:27.057399200-0500","79.804429300","192.168.0.186","192.168.0.178","25858","25565","43047","5031652","0","0","0x0010"
"12439","2026-08-15T10:07:27.057447200-0500","79.804477300","192.168.0.178","192.168.0.186","25565","25858","5031652","43047","1460","0","0x0010"
"12440","2026-08-15T10:07:27.057673600-0500","79.804703700","192.168.0.178","192.168.0.186","25565","25858","5033112","43047","1460","0","0x0010"
"12441","2026-08-15T10:07:27.057673600-0500","79.804703700","192.168.0.178","192.168.0.186","25565","25858","5034572","43047","1460","0","0x0010"
"12442","2026-08-15T10:07:27.057711400-0500","79.804741500","192.168.0.186","192.168.0.178","25858","25565","43047","5036032","0","0","0x0010"
"12443","2026-08-15T10:07:27.057929300-0500","79.804959400","192.168.0.178","192.168.0.186","25565","25858","5036032","43047","1460","0","0x0010"
"12444","2026-08-15T10:07:27.057929300-0500","79.804959400","192.168.0.178","192.168.0.186","25565","25858","5037492","43047","1460","0","0x0010"
"12445","2026-08-15T10:07:27.057957100-0500","79.804987200","192.168.0.186","192.168.0.178","25858","25565","43047","5038952","0","0","0x0010"
"12446","2026-08-15T10:07:27.058180000-0500","79.805210100","192.168.0.178","192.168.0.186","25565","25858","5038952","43047","1460","0","0x0010"
"12447","2026-08-15T10:07:27.058180000-0500","79.805210100","192.168.0.178","192.168.0.186","25565","25858","5040412","43047","1460","0","0x0010"
"12448","2026-08-15T10:07:27.058214400-0500","79.805244500","192.168.0.186","192.168.0.178","25858","25565","43047","5041872","0","0","0x0010"
"12449","2026-08-15T10:07:27.058282600-0500","79.805312700","192.168.0.178","192.168.0.186","25565","25858","5041872","43047","1460","0","0x0010"
"12450","2026-08-15T10:07:27.058290100-0500","79.805320200","192.168.0.186","192.168.0.178","25858","25565","43047","5043332","0","0","0x0010"
"12451","2026-08-15T10:07:27.058534600-0500","79.805564700","192.168.0.178","192.168.0.186","25565","25858","5043332","43047","1460","0","0x0018"
"12452","2026-08-15T10:07:27.058534600-0500","79.805564700","192.168.0.178","192.168.0.186","25565","25858","5044792","43047","1460","0","0x0010"
"12453","2026-08-15T10:07:27.058568900-0500","79.805599000","192.168.0.186","192.168.0.178","25858","25565","43047","5046252","0","0","0x0010"
"12454","2026-08-15T10:07:27.058909800-0500","79.805939900","192.168.0.178","192.168.0.186","25565","25858","5046252","43047","1460","0","0x0010"
"12455","2026-08-15T10:07:27.058909800-0500","79.805939900","192.168.0.178","192.168.0.186","25565","25858","5047712","43047","1460","0","0x0010"
"12456","2026-08-15T10:07:27.058909800-0500","79.805939900","192.168.0.178","192.168.0.186","25565","25858","5049172","43047","1460","0","0x0010"
"12457","2026-08-15T10:07:27.058963100-0500","79.805993200","192.168.0.186","192.168.0.178","25858","25565","43047","5050632","0","0","0x0010"
"12458","2026-08-15T10:07:27.059023300-0500","79.806053400","192.168.0.178","192.168.0.186","25565","25858","5050632","43047","1460","0","0x0010"
"12459","2026-08-15T10:07:27.059038200-0500","79.806068300","192.168.0.186","192.168.0.178","25858","25565","43047","5052092","0","0","0x0010"
"12460","2026-08-15T10:07:27.059272600-0500","79.806302700","192.168.0.178","192.168.0.186","25565","25858","5052092","43047","1460","0","0x0010"
"12461","2026-08-15T10:07:27.059272600-0500","79.806302700","192.168.0.178","192.168.0.186","25565","25858","5053552","43047","1460","0","0x0010"
"12462","2026-08-15T10:07:27.059309800-0500","79.806339900","192.168.0.186","192.168.0.178","25858","25565","43047","5055012","0","0","0x0010"
"12463","2026-08-15T10:07:27.059366900-0500","79.806397000","192.168.0.178","192.168.0.186","25565","25858","5055012","43047","916","0","0x0018"
"12464","2026-08-15T10:07:27.076846200-0500","79.823876300","192.168.0.186","192.168.0.178","25858","25565","43047","5055928","3","0","0x0018"
"12465","2026-08-15T10:07:27.107610200-0500","79.854640300","192.168.0.178","192.168.0.186","25565","25858","5055928","43050","1460","0","0x0010"
"12466","2026-08-15T10:07:27.107610200-0500","79.854640300","192.168.0.178","192.168.0.186","25565","25858","5057388","43050","1460","0","0x0010"
"12467","2026-08-15T10:07:27.107658400-0500","79.854688500","192.168.0.186","192.168.0.178","25858","25565","43050","5058848","0","0","0x0010"
"12468","2026-08-15T10:07:27.107699500-0500","79.854729600","192.168.0.178","192.168.0.186","25565","25858","5058848","43050","1460","0","0x0010"
"12469","2026-08-15T10:07:27.107920200-0500","79.854950300","192.168.0.178","192.168.0.186","25565","25858","5060308","43050","1460","0","0x0010"
"12470","2026-08-15T10:07:27.107920200-0500","79.854950300","192.168.0.178","192.168.0.186","25565","25858","5061768","43050","1460","0","0x0010"
"12471","2026-08-15T10:07:27.107941200-0500","79.854971300","192.168.0.186","192.168.0.178","25858","25565","43050","5063228","0","0","0x0010"
"12472","2026-08-15T10:07:27.108164900-0500","79.855195000","192.168.0.178","192.168.0.186","25565","25858","5063228","43050","1460","0","0x0010"
"12473","2026-08-15T10:07:27.108164900-0500","79.855195000","192.168.0.178","192.168.0.186","25565","25858","5064688","43050","1460","0","0x0010"
"12474","2026-08-15T10:07:27.108186900-0500","79.855217000","192.168.0.186","192.168.0.178","25858","25565","43050","5066148","0","0","0x0010"
"12475","2026-08-15T10:07:27.108669100-0500","79.855699200","192.168.0.178","192.168.0.186","25565","25858","5066148","43050","1460","0","0x0010"
"12476","2026-08-15T10:07:27.108669100-0500","79.855699200","192.168.0.178","192.168.0.186","25565","25858","5067608","43050","1460","0","0x0010"
"12477","2026-08-15T10:07:27.108669100-0500","79.855699200","192.168.0.178","192.168.0.186","25565","25858","5069068","43050","1460","0","0x0010"
"12478","2026-08-15T10:07:27.108669100-0500","79.855699200","192.168.0.178","192.168.0.186","25565","25858","5070528","43050","1378","0","0x0018"
"12479","2026-08-15T10:07:27.108722800-0500","79.855752900","192.168.0.186","192.168.0.178","25858","25565","43050","5071906","0","0","0x0010"
"12480","2026-08-15T10:07:27.127378700-0500","79.874408800","192.168.0.186","192.168.0.178","25858","25565","43050","5071906","3","0","0x0018"
"12481","2026-08-15T10:07:27.154888500-0500","79.901918600","192.168.0.178","192.168.0.186","25565","25858","5071906","43053","1460","0","0x0010"
"12482","2026-08-15T10:07:27.154888500-0500","79.901918600","192.168.0.178","192.168.0.186","25565","25858","5073366","43053","1460","0","0x0010"
"12483","2026-08-15T10:07:27.154965800-0500","79.901995900","192.168.0.186","192.168.0.178","25858","25565","43053","5074826","0","0","0x0010"
"12484","2026-08-15T10:07:27.155062000-0500","79.902092100","192.168.0.178","192.168.0.186","25565","25858","5074826","43053","1460","0","0x0010"
"12485","2026-08-15T10:07:27.155131200-0500","79.902161300","192.168.0.178","192.168.0.186","25565","25858","5076286","43053","1460","0","0x0010"
"12486","2026-08-15T10:07:27.155143500-0500","79.902173600","192.168.0.186","192.168.0.178","25858","25565","43053","5077746","0","0","0x0010"
"12487","2026-08-15T10:07:27.155202200-0500","79.902232300","192.168.0.178","192.168.0.186","25565","25858","5077746","43053","1460","0","0x0010"
"12488","2026-08-15T10:07:27.155478500-0500","79.902508600","192.168.0.178","192.168.0.186","25565","25858","5079206","43053","1460","0","0x0010"
"12489","2026-08-15T10:07:27.155478500-0500","79.902508600","192.168.0.178","192.168.0.186","25565","25858","5080666","43053","1460","0","0x0010"
"12490","2026-08-15T10:07:27.155527700-0500","79.902557800","192.168.0.186","192.168.0.178","25858","25565","43053","5082126","0","0","0x0010"
"12491","2026-08-15T10:07:27.155633700-0500","79.902663800","192.168.0.178","192.168.0.186","25565","25858","5082126","43053","1460","0","0x0010"
"12492","2026-08-15T10:07:27.155650800-0500","79.902680900","192.168.0.186","192.168.0.178","25858","25565","43053","5083586","0","0","0x0010"
"12493","2026-08-15T10:07:27.155705600-0500","79.902735700","192.168.0.178","192.168.0.186","25565","25858","5083586","43053","1460","0","0x0010"
"12494","2026-08-15T10:07:27.155969100-0500","79.902999200","192.168.0.178","192.168.0.186","25565","25858","5085046","43053","1460","0","0x0010"
"12495","2026-08-15T10:07:27.155969100-0500","79.902999200","192.168.0.178","192.168.0.186","25565","25858","5086506","43053","1460","0","0x0018"
"12496","2026-08-15T10:07:27.156028000-0500","79.903058100","192.168.0.186","192.168.0.178","25858","25565","43053","5087966","0","0","0x0010"
"12497","2026-08-15T10:07:27.156086700-0500","79.903116800","192.168.0.178","192.168.0.186","25565","25858","5087966","43053","1460","0","0x0010"
"12498","2026-08-15T10:07:27.156097700-0500","79.903127800","192.168.0.186","192.168.0.178","25858","25565","43053","5089426","0","0","0x0010"
"12499","2026-08-15T10:07:27.156345200-0500","79.903375300","192.168.0.178","192.168.0.186","25565","25858","5089426","43053","1460","0","0x0010"
"12500","2026-08-15T10:07:27.156345200-0500","79.903375300","192.168.0.178","192.168.0.186","25565","25858","5090886","43053","1460","0","0x0010"
"12501","2026-08-15T10:07:27.156381700-0500","79.903411800","192.168.0.186","192.168.0.178","25858","25565","43053","5092346","0","0","0x0010"
"12502","2026-08-15T10:07:27.156452600-0500","79.903482700","192.168.0.178","192.168.0.186","25565","25858","5092346","43053","1460","0","0x0010"
"12503","2026-08-15T10:07:27.156452600-0500","79.903482700","192.168.0.178","192.168.0.186","25565","25858","5093806","43053","165","0","0x0018"
"12504","2026-08-15T10:07:27.156465200-0500","79.903495300","192.168.0.186","192.168.0.178","25858","25565","43053","5093971","0","0","0x0010"
"12505","2026-08-15T10:07:27.176848000-0500","79.923878100","192.168.0.186","192.168.0.178","25858","25565","43053","5093971","3","0","0x0018"
"12506","2026-08-15T10:07:27.204528900-0500","79.951559000","192.168.0.178","192.168.0.186","25565","25858","5093971","43056","1460","0","0x0010"
"12507","2026-08-15T10:07:27.204528900-0500","79.951559000","192.168.0.178","192.168.0.186","25565","25858","5095431","43056","1460","0","0x0010"
"12508","2026-08-15T10:07:27.204580700-0500","79.951610800","192.168.0.186","192.168.0.178","25858","25565","43056","5096891","0","0","0x0010"
"12509","2026-08-15T10:07:27.204638100-0500","79.951668200","192.168.0.178","192.168.0.186","25565","25858","5096891","43056","1460","0","0x0010"
"12510","2026-08-15T10:07:27.204864700-0500","79.951894800","192.168.0.178","192.168.0.186","25565","25858","5098351","43056","1460","0","0x0010"
"12511","2026-08-15T10:07:27.204864700-0500","79.951894800","192.168.0.178","192.168.0.186","25565","25858","5099811","43056","1460","0","0x0010"
"12512","2026-08-15T10:07:27.204889100-0500","79.951919200","192.168.0.186","192.168.0.178","25858","25565","43056","5101271","0","0","0x0010"
"12513","2026-08-15T10:07:27.205111100-0500","79.952141200","192.168.0.178","192.168.0.186","25565","25858","5101271","43056","1460","0","0x0010"
"12514","2026-08-15T10:07:27.205111100-0500","79.952141200","192.168.0.178","192.168.0.186","25565","25858","5102731","43056","1460","0","0x0010"
"12515","2026-08-15T10:07:27.205139100-0500","79.952169200","192.168.0.186","192.168.0.178","25858","25565","43056","5104191","0","0","0x0010"
"12516","2026-08-15T10:07:27.205355900-0500","79.952386000","192.168.0.178","192.168.0.186","25565","25858","5104191","43056","1460","0","0x0010"
"12517","2026-08-15T10:07:27.205355900-0500","79.952386000","192.168.0.178","192.168.0.186","25565","25858","5105651","43056","1460","0","0x0010"
"12518","2026-08-15T10:07:27.205386500-0500","79.952416600","192.168.0.186","192.168.0.178","25858","25565","43056","5107111","0","0","0x0010"
"12519","2026-08-15T10:07:27.205602900-0500","79.952633000","192.168.0.178","192.168.0.186","25565","25858","5107111","43056","1460","0","0x0010"
"12520","2026-08-15T10:07:27.205602900-0500","79.952633000","192.168.0.178","192.168.0.186","25565","25858","5108571","43056","1460","0","0x0018"
"12521","2026-08-15T10:07:27.205628700-0500","79.952658800","192.168.0.186","192.168.0.178","25858","25565","43056","5110031","0","0","0x0010"
"12522","2026-08-15T10:07:27.205844000-0500","79.952874100","192.168.0.178","192.168.0.186","25565","25858","5110031","43056","1460","0","0x0010"
"12523","2026-08-15T10:07:27.205844000-0500","79.952874100","192.168.0.178","192.168.0.186","25565","25858","5111491","43056","1460","0","0x0010"
"12524","2026-08-15T10:07:27.205869500-0500","79.952899600","192.168.0.186","192.168.0.178","25858","25565","43056","5112951","0","0","0x0010"
"12525","2026-08-15T10:07:27.206105200-0500","79.953135300","192.168.0.178","192.168.0.186","25565","25858","5112951","43056","1460","0","0x0010"
"12526","2026-08-15T10:07:27.206105200-0500","79.953135300","192.168.0.178","192.168.0.186","25565","25858","5114411","43056","1460","0","0x0010"
"12527","2026-08-15T10:07:27.206131800-0500","79.953161900","192.168.0.186","192.168.0.178","25858","25565","43056","5115871","0","0","0x0010"
"12528","2026-08-15T10:07:27.206342400-0500","79.953372500","192.168.0.178","192.168.0.186","25565","25858","5115871","43056","1460","0","0x0010"
"12529","2026-08-15T10:07:27.206342400-0500","79.953372500","192.168.0.178","192.168.0.186","25565","25858","5117331","43056","1460","0","0x0010"
"12530","2026-08-15T10:07:27.206369900-0500","79.953400000","192.168.0.186","192.168.0.178","25858","25565","43056","5118791","0","0","0x0010"
"12531","2026-08-15T10:07:27.206561400-0500","79.953591500","192.168.0.178","192.168.0.186","25565","25858","5118791","43056","1460","0","0x0010"
"12532","2026-08-15T10:07:27.206561400-0500","79.953591500","192.168.0.178","192.168.0.186","25565","25858","5120251","43056","663","0","0x0018"
"12533","2026-08-15T10:07:27.206593800-0500","79.953623900","192.168.0.186","192.168.0.178","25858","25565","43056","5120914","0","0","0x0010"
"12534","2026-08-15T10:07:27.226464500-0500","79.973494600","192.168.0.186","192.168.0.178","25858","25565","43056","5120914","3","0","0x0018"
"12535","2026-08-15T10:07:27.253946900-0500","80.000977000","192.168.0.178","192.168.0.186","25565","25858","5120914","43059","1460","0","0x0010"
"12536","2026-08-15T10:07:27.253946900-0500","80.000977000","192.168.0.178","192.168.0.186","25565","25858","5122374","43059","1460","0","0x0010"
"12537","2026-08-15T10:07:27.254017100-0500","80.001047200","192.168.0.186","192.168.0.178","25858","25565","43059","5123834","0","0","0x0010"
"12538","2026-08-15T10:07:27.254063600-0500","80.001093700","192.168.0.178","192.168.0.186","25565","25858","5123834","43059","1460","0","0x0010"
"12539","2026-08-15T10:07:27.254148500-0500","80.001178600","192.168.0.178","192.168.0.186","25565","25858","5125294","43059","1460","0","0x0010"
"12540","2026-08-15T10:07:27.254156500-0500","80.001186600","192.168.0.186","192.168.0.178","25858","25565","43059","5126754","0","0","0x0010"
"12541","2026-08-15T10:07:27.254373300-0500","80.001403400","192.168.0.178","192.168.0.186","25565","25858","5126754","43059","1460","0","0x0010"
"12542","2026-08-15T10:07:27.254440500-0500","80.001470600","192.168.0.178","192.168.0.186","25565","25858","5128214","43059","1460","0","0x0010"
"12543","2026-08-15T10:07:27.254457800-0500","80.001487900","192.168.0.186","192.168.0.178","25858","25565","43059","5129674","0","0","0x0010"
"12544","2026-08-15T10:07:27.254515800-0500","80.001545900","192.168.0.178","192.168.0.186","25565","25858","5129674","43059","1460","0","0x0010"
"12545","2026-08-15T10:07:27.254781900-0500","80.001812000","192.168.0.178","192.168.0.186","25565","25858","5131134","43059","1460","0","0x0010"
"12546","2026-08-15T10:07:27.254781900-0500","80.001812000","192.168.0.178","192.168.0.186","25565","25858","5132594","43059","1460","0","0x0010"
"12547","2026-08-15T10:07:27.254826400-0500","80.001856500","192.168.0.186","192.168.0.178","25858","25565","43059","5134054","0","0","0x0010"
"12548","2026-08-15T10:07:27.254923400-0500","80.001953500","192.168.0.178","192.168.0.186","25565","25858","5134054","43059","1460","0","0x0010"
"12549","2026-08-15T10:07:27.254933700-0500","80.001963800","192.168.0.186","192.168.0.178","25858","25565","43059","5135514","0","0","0x0010"
"12550","2026-08-15T10:07:27.255061600-0500","80.002091700","192.168.0.178","192.168.0.186","25565","25858","5135514","43059","1460","0","0x0018"
"12551","2026-08-15T10:07:27.255157300-0500","80.002187400","192.168.0.178","192.168.0.186","25565","25858","5136974","43059","1460","0","0x0010"
"12552","2026-08-15T10:07:27.255170000-0500","80.002200100","192.168.0.186","192.168.0.178","25858","25565","43059","5138434","0","0","0x0010"
"12553","2026-08-15T10:07:27.255220800-0500","80.002250900","192.168.0.178","192.168.0.186","25565","25858","5138434","43059","1102","0","0x0018"
"12554","2026-08-15T10:07:27.276969400-0500","80.023999500","192.168.0.186","192.168.0.178","25858","25565","43059","5139536","3","0","0x0018"
"12555","2026-08-15T10:07:27.304086700-0500","80.051116800","192.168.0.178","192.168.0.186","25565","25858","5139536","43062","1460","0","0x0010"
"12556","2026-08-15T10:07:27.304086700-0500","80.051116800","192.168.0.178","192.168.0.186","25565","25858","5140996","43062","1460","0","0x0010"
"12557","2026-08-15T10:07:27.304137500-0500","80.051167600","192.168.0.186","192.168.0.178","25858","25565","43062","5142456","0","0","0x0010"
"12558","2026-08-15T10:07:27.304185400-0500","80.051215500","192.168.0.178","192.168.0.186","25565","25858","5142456","43062","1460","0","0x0010"
"12559","2026-08-15T10:07:27.304414900-0500","80.051445000","192.168.0.178","192.168.0.186","25565","25858","5143916","43062","1460","0","0x0010"
"12560","2026-08-15T10:07:27.304414900-0500","80.051445000","192.168.0.178","192.168.0.186","25565","25858","5145376","43062","1460","0","0x0010"
"12561","2026-08-15T10:07:27.304444600-0500","80.051474700","192.168.0.186","192.168.0.178","25858","25565","43062","5146836","0","0","0x0010"
"12562","2026-08-15T10:07:27.304660800-0500","80.051690900","192.168.0.178","192.168.0.186","25565","25858","5146836","43062","1460","0","0x0010"
"12563","2026-08-15T10:07:27.304660800-0500","80.051690900","192.168.0.178","192.168.0.186","25565","25858","5148296","43062","1460","0","0x0010"
"12564","2026-08-15T10:07:27.304689400-0500","80.051719500","192.168.0.186","192.168.0.178","25858","25565","43062","5149756","0","0","0x0010"
"12565","2026-08-15T10:07:27.304903100-0500","80.051933200","192.168.0.178","192.168.0.186","25565","25858","5149756","43062","1460","0","0x0010"
"12566","2026-08-15T10:07:27.304903100-0500","80.051933200","192.168.0.178","192.168.0.186","25565","25858","5151216","43062","1460","0","0x0010"
"12567","2026-08-15T10:07:27.304936300-0500","80.051966400","192.168.0.186","192.168.0.178","25858","25565","43062","5152676","0","0","0x0010"
"12568","2026-08-15T10:07:27.305154800-0500","80.052184900","192.168.0.178","192.168.0.186","25565","25858","5152676","43062","1460","0","0x0010"
"12569","2026-08-15T10:07:27.305154800-0500","80.052184900","192.168.0.178","192.168.0.186","25565","25858","5154136","43062","1460","0","0x0018"
"12570","2026-08-15T10:07:27.305184800-0500","80.052214900","192.168.0.186","192.168.0.178","25858","25565","43062","5155596","0","0","0x0010"
"12571","2026-08-15T10:07:27.305361200-0500","80.052391300","192.168.0.178","192.168.0.186","25565","25858","5155596","43062","1460","0","0x0010"
"12572","2026-08-15T10:07:27.305390700-0500","80.052420800","192.168.0.186","192.168.0.178","25858","25565","43062","5157056","0","0","0x0010"
"12573","2026-08-15T10:07:27.305450900-0500","80.052481000","192.168.0.178","192.168.0.186","25565","25858","5157056","43062","1460","0","0x0010"
"12574","2026-08-15T10:07:27.305701500-0500","80.052731600","192.168.0.178","192.168.0.186","25565","25858","5158516","43062","1460","0","0x0010"
"12575","2026-08-15T10:07:27.305701500-0500","80.052731600","192.168.0.178","192.168.0.186","25565","25858","5159976","43062","1460","0","0x0010"
"12576","2026-08-15T10:07:27.305732300-0500","80.052762400","192.168.0.186","192.168.0.178","25858","25565","43062","5161436","0","0","0x0010"
"12577","2026-08-15T10:07:27.305978200-0500","80.053008300","192.168.0.178","192.168.0.186","25565","25858","5161436","43062","1460","0","0x0010"
"12578","2026-08-15T10:07:27.305978200-0500","80.053008300","192.168.0.178","192.168.0.186","25565","25858","5162896","43062","249","0","0x0018"
"12579","2026-08-15T10:07:27.306014400-0500","80.053044500","192.168.0.186","192.168.0.178","25858","25565","43062","5163145","0","0","0x0010"
"12580","2026-08-15T10:07:27.309437000-0500","80.056467100","192.168.0.178","192.168.0.186","25565","25858","5163145","43062","52","0","0x0018"
"12581","2026-08-15T10:07:27.309437000-0500","80.056467100","192.168.0.178","192.168.0.186","25565","25858","5163197","43062","104","0","0x0018"
"12582","2026-08-15T10:07:27.309465500-0500","80.056495600","192.168.0.186","192.168.0.178","25858","25565","43062","5163301","0","0","0x0010"
"12583","2026-08-15T10:07:27.326716100-0500","80.073746200","192.168.0.186","192.168.0.178","25858","25565","43062","5163301","28","0","0x0018"
"12584","2026-08-15T10:07:27.327477300-0500","80.074507400","192.168.0.186","192.168.0.178","25858","25565","43090","5163301","3","0","0x0018"
"12585","2026-08-15T10:07:27.328230400-0500","80.075260500","192.168.0.178","192.168.0.186","25565","25858","5163301","43093","0","0","0x0010"
"12586","2026-08-15T10:07:27.359064300-0500","80.106094400","192.168.0.178","192.168.0.186","25565","25858","5163301","43093","1460","0","0x0010"
"12587","2026-08-15T10:07:27.359064300-0500","80.106094400","192.168.0.178","192.168.0.186","25565","25858","5164761","43093","1460","0","0x0010"
"12588","2026-08-15T10:07:27.359187900-0500","80.106218000","192.168.0.186","192.168.0.178","25858","25565","43093","5166221","0","0","0x0010"
"12589","2026-08-15T10:07:27.359255500-0500","80.106285600","192.168.0.178","192.168.0.186","25565","25858","5166221","43093","1460","0","0x0010"
"12590","2026-08-15T10:07:27.359255500-0500","80.106285600","192.168.0.178","192.168.0.186","25565","25858","5167681","43093","1460","0","0x0010"
"12591","2026-08-15T10:07:27.359282800-0500","80.106312900","192.168.0.186","192.168.0.178","25858","25565","43093","5169141","0","0","0x0010"
"12592","2026-08-15T10:07:27.359519200-0500","80.106549300","192.168.0.178","192.168.0.186","25565","25858","5169141","43093","1460","0","0x0010"
"12593","2026-08-15T10:07:27.359519200-0500","80.106549300","192.168.0.178","192.168.0.186","25565","25858","5170601","43093","1460","0","0x0010"
"12594","2026-08-15T10:07:27.359558300-0500","80.106588400","192.168.0.186","192.168.0.178","25858","25565","43093","5172061","0","0","0x0010"
"12595","2026-08-15T10:07:27.359632500-0500","80.106662600","192.168.0.178","192.168.0.186","25565","25858","5172061","43093","1460","0","0x0010"
"12596","2026-08-15T10:07:27.359877600-0500","80.106907700","192.168.0.178","192.168.0.186","25565","25858","5173521","43093","1460","0","0x0010"
"12597","2026-08-15T10:07:27.359877600-0500","80.106907700","192.168.0.178","192.168.0.186","25565","25858","5174981","43093","1460","0","0x0010"
"12598","2026-08-15T10:07:27.359916200-0500","80.106946300","192.168.0.186","192.168.0.178","25858","25565","43093","5176441","0","0","0x0010"
"12599","2026-08-15T10:07:27.359982900-0500","80.107013000","192.168.0.178","192.168.0.186","25565","25858","5176441","43093","1460","0","0x0010"
"12600","2026-08-15T10:07:27.359991300-0500","80.107021400","192.168.0.186","192.168.0.178","25858","25565","43093","5177901","0","0","0x0010"
"12601","2026-08-15T10:07:27.360194800-0500","80.107224900","192.168.0.178","192.168.0.186","25565","25858","5177901","43093","1460","0","0x0018"
"12602","2026-08-15T10:07:27.360194800-0500","80.107224900","192.168.0.178","192.168.0.186","25565","25858","5179361","43093","634","0","0x0018"
"12603","2026-08-15T10:07:27.360239600-0500","80.107269700","192.168.0.186","192.168.0.178","25858","25565","43093","5179995","0","0","0x0010"
"12604","2026-08-15T10:07:27.378451200-0500","80.125481300","192.168.0.186","192.168.0.178","25858","25565","43093","5179995","3","0","0x0018"
"12605","2026-08-15T10:07:27.406031300-0500","80.153061400","192.168.0.178","192.168.0.186","25565","25858","5179995","43096","1112","0","0x0018"
"12606","2026-08-15T10:07:27.428035200-0500","80.175065300","192.168.0.186","192.168.0.178","25858","25565","43096","5181107","3","0","0x0018"
"12607","2026-08-15T10:07:27.454780500-0500","80.201810600","192.168.0.178","192.168.0.186","25565","25858","5181107","43099","865","0","0x0018"
"12608","2026-08-15T10:07:27.477881500-0500","80.224911600","192.168.0.186","192.168.0.178","25858","25565","43099","5181972","3","0","0x0018"
"12609","2026-08-15T10:07:27.503434600-0500","80.250464700","192.168.0.178","192.168.0.186","25565","25858","5181972","43102","815","0","0x0018"
"12610","2026-08-15T10:07:27.528310600-0500","80.275340700","192.168.0.186","192.168.0.178","25858","25565","43102","5182787","3","0","0x0018"
"12611","2026-08-15T10:07:27.552545900-0500","80.299576000","192.168.0.178","192.168.0.186","25565","25858","5182787","43105","925","0","0x0018"
"12612","2026-08-15T10:07:27.576801600-0500","80.323831700","192.168.0.186","192.168.0.178","25858","25565","43105","5183712","3","0","0x0018"
"12613","2026-08-15T10:07:27.604965500-0500","80.351995600","192.168.0.178","192.168.0.186","25565","25858","5183712","43108","1204","0","0x0018"
"12614","2026-08-15T10:07:27.605258200-0500","80.352288300","192.168.0.186","192.168.0.178","25858","25565","43108","5184916","11","0","0x0018"
"12615","2026-08-15T10:07:27.627975900-0500","80.375006000","192.168.0.186","192.168.0.178","25858","25565","43119","5184916","3","0","0x0018"
"12616","2026-08-15T10:07:27.628682400-0500","80.375712500","192.168.0.178","192.168.0.186","25565","25858","5184916","43122","0","0","0x0010"
"12617","2026-08-15T10:07:27.653555100-0500","80.400585200","192.168.0.178","192.168.0.186","25565","25858","5184916","43122","708","0","0x0018"
"12618","2026-08-15T10:07:27.678078600-0500","80.425108700","192.168.0.186","192.168.0.178","25858","25565","43122","5185624","3","0","0x0018"
"12619","2026-08-15T10:07:27.703911100-0500","80.450941200","192.168.0.178","192.168.0.186","25565","25858","5185624","43125","870","0","0x0018"
"12620","2026-08-15T10:07:27.726307100-0500","80.473337200","192.168.0.186","192.168.0.178","25858","25565","43125","5186494","3","0","0x0018"
"12621","2026-08-15T10:07:27.752575200-0500","80.499605300","192.168.0.178","192.168.0.186","25565","25858","5186494","43128","324","0","0x0018"
"12622","2026-08-15T10:07:27.778043100-0500","80.525073200","192.168.0.186","192.168.0.178","25858","25565","43128","5186818","3","0","0x0018"
"12623","2026-08-15T10:07:27.802704100-0500","80.549734200","192.168.0.178","192.168.0.186","25565","25858","5186818","43131","1169","0","0x0018"
"12624","2026-08-15T10:07:27.827105200-0500","80.574135300","192.168.0.186","192.168.0.178","25858","25565","43131","5187987","3","0","0x0018"
"12625","2026-08-15T10:07:27.853590900-0500","80.600621000","192.168.0.178","192.168.0.186","25565","25858","5187987","43134","1163","0","0x0018"
"12626","2026-08-15T10:07:27.877382700-0500","80.624412800","192.168.0.186","192.168.0.178","25858","25565","43134","5189150","3","0","0x0018"
"12627","2026-08-15T10:07:27.904139200-0500","80.651169300","192.168.0.178","192.168.0.186","25565","25858","5189150","43137","1460","0","0x0010"
"12628","2026-08-15T10:07:27.904139200-0500","80.651169300","192.168.0.178","192.168.0.186","25565","25858","5190610","43137","177","0","0x0018"
"12629","2026-08-15T10:07:27.904206100-0500","80.651236200","192.168.0.186","192.168.0.178","25858","25565","43137","5190787","0","0","0x0010"
"12630","2026-08-15T10:07:27.927592400-0500","80.674622500","192.168.0.186","192.168.0.178","25858","25565","43137","5190787","3","0","0x0018"
"12631","2026-08-15T10:07:27.954012400-0500","80.701042500","192.168.0.178","192.168.0.186","25565","25858","5190787","43140","1460","0","0x0010"
"12632","2026-08-15T10:07:27.954012400-0500","80.701042500","192.168.0.178","192.168.0.186","25565","25858","5192247","43140","1012","0","0x0018"
"12633","2026-08-15T10:07:27.954092000-0500","80.701122100","192.168.0.186","192.168.0.178","25858","25565","43140","5193259","0","0","0x0010"
"12634","2026-08-15T10:07:27.978103400-0500","80.725133500","192.168.0.186","192.168.0.178","25858","25565","43140","5193259","3","0","0x0018"
"12635","2026-08-15T10:07:28.003557900-0500","80.750588000","192.168.0.178","192.168.0.186","25565","25858","5193259","43143","825","0","0x0018"
"12636","2026-08-15T10:07:28.028563200-0500","80.775593300","192.168.0.186","192.168.0.178","25858","25565","43143","5194084","3","0","0x0018"
"12637","2026-08-15T10:07:28.053761500-0500","80.800791600","192.168.0.178","192.168.0.186","25565","25858","5194084","43146","1046","0","0x0018"
"12638","2026-08-15T10:07:28.078361500-0500","80.825391600","192.168.0.186","192.168.0.178","25858","25565","43146","5195130","3","0","0x0018"
"12639","2026-08-15T10:07:28.108061400-0500","80.855091500","192.168.0.178","192.168.0.186","25565","25858","5195130","43149","1460","0","0x0010"
"12640","2026-08-15T10:07:28.108061400-0500","80.855091500","192.168.0.178","192.168.0.186","25565","25858","5196590","43149","1460","0","0x0010"
"12641","2026-08-15T10:07:28.108113900-0500","80.855144000","192.168.0.186","192.168.0.178","25858","25565","43149","5198050","0","0","0x0010"
"12642","2026-08-15T10:07:28.108165200-0500","80.855195300","192.168.0.178","192.168.0.186","25565","25858","5198050","43149","1460","0","0x0010"
"12643","2026-08-15T10:07:28.108392200-0500","80.855422300","192.168.0.178","192.168.0.186","25565","25858","5199510","43149","1460","0","0x0010"
"12644","2026-08-15T10:07:28.108392200-0500","80.855422300","192.168.0.178","192.168.0.186","25565","25858","5200970","43149","1460","0","0x0010"
"12645","2026-08-15T10:07:28.108412900-0500","80.855443000","192.168.0.186","192.168.0.178","25858","25565","43149","5202430","0","0","0x0010"
"12646","2026-08-15T10:07:28.108785800-0500","80.855815900","192.168.0.178","192.168.0.186","25565","25858","5202430","43149","1460","0","0x0010"
"12647","2026-08-15T10:07:28.108785800-0500","80.855815900","192.168.0.178","192.168.0.186","25565","25858","5203890","43149","1460","0","0x0010"
"12648","2026-08-15T10:07:28.108785800-0500","80.855815900","192.168.0.178","192.168.0.186","25565","25858","5205350","43149","1460","0","0x0010"
"12649","2026-08-15T10:07:28.108818100-0500","80.855848200","192.168.0.186","192.168.0.178","25858","25565","43149","5206810","0","0","0x0010"
"12650","2026-08-15T10:07:28.108900900-0500","80.855931000","192.168.0.178","192.168.0.186","25565","25858","5206810","43149","1460","0","0x0010"
"12651","2026-08-15T10:07:28.109138500-0500","80.856168600","192.168.0.178","192.168.0.186","25565","25858","5208270","43149","1460","0","0x0010"
"12652","2026-08-15T10:07:28.109138500-0500","80.856168600","192.168.0.178","192.168.0.186","25565","25858","5209730","43149","1460","0","0x0018"
"12653","2026-08-15T10:07:28.109170600-0500","80.856200700","192.168.0.186","192.168.0.178","25858","25565","43149","5211190","0","0","0x0010"
"12654","2026-08-15T10:07:28.109381700-0500","80.856411800","192.168.0.178","192.168.0.186","25565","25858","5211190","43149","1460","0","0x0010"
"12655","2026-08-15T10:07:28.109381700-0500","80.856411800","192.168.0.178","192.168.0.186","25565","25858","5212650","43149","1460","0","0x0010"
"12656","2026-08-15T10:07:28.109409500-0500","80.856439600","192.168.0.186","192.168.0.178","25858","25565","43149","5214110","0","0","0x0010"
"12657","2026-08-15T10:07:28.109628900-0500","80.856659000","192.168.0.178","192.168.0.186","25565","25858","5214110","43149","1460","0","0x0010"
"12658","2026-08-15T10:07:28.109628900-0500","80.856659000","192.168.0.178","192.168.0.186","25565","25858","5215570","43149","1226","0","0x0018"
"12659","2026-08-15T10:07:28.109659000-0500","80.856689100","192.168.0.186","192.168.0.178","25858","25565","43149","5216796","0","0","0x0010"
"12660","2026-08-15T10:07:28.127859000-0500","80.874889100","192.168.0.186","192.168.0.178","25858","25565","43149","5216796","3","0","0x0018"
"12661","2026-08-15T10:07:28.157317800-0500","80.904347900","192.168.0.178","192.168.0.186","25565","25858","5216796","43152","1460","0","0x0010"
"12662","2026-08-15T10:07:28.157317800-0500","80.904347900","192.168.0.178","192.168.0.186","25565","25858","5218256","43152","1460","0","0x0010"
"12663","2026-08-15T10:07:28.157409600-0500","80.904439700","192.168.0.186","192.168.0.178","25858","25565","43152","5219716","0","0","0x0010"
"12664","2026-08-15T10:07:28.157465500-0500","80.904495600","192.168.0.178","192.168.0.186","25565","25858","5219716","43152","1460","0","0x0010"
"12665","2026-08-15T10:07:28.157465500-0500","80.904495600","192.168.0.178","192.168.0.186","25565","25858","5221176","43152","1460","0","0x0010"
"12666","2026-08-15T10:07:28.157471800-0500","80.904501900","192.168.0.186","192.168.0.178","25858","25565","43152","5222636","0","0","0x0010"
"12667","2026-08-15T10:07:28.157689600-0500","80.904719700","192.168.0.178","192.168.0.186","25565","25858","5222636","43152","1460","0","0x0010"
"12668","2026-08-15T10:07:28.157739500-0500","80.904769600","192.168.0.178","192.168.0.186","25565","25858","5224096","43152","1460","0","0x0010"
"12669","2026-08-15T10:07:28.157748200-0500","80.904778300","192.168.0.186","192.168.0.178","25858","25565","43152","5225556","0","0","0x0010"
"12670","2026-08-15T10:07:28.157927500-0500","80.904957600","192.168.0.178","192.168.0.186","25565","25858","5225556","43152","1460","0","0x0010"
"12671","2026-08-15T10:07:28.157985800-0500","80.905015900","192.168.0.178","192.168.0.186","25565","25858","5227016","43152","1460","0","0x0010"
"12672","2026-08-15T10:07:28.157992500-0500","80.905022600","192.168.0.186","192.168.0.178","25858","25565","43152","5228476","0","0","0x0010"
"12673","2026-08-15T10:07:28.158205000-0500","80.905235100","192.168.0.178","192.168.0.186","25565","25858","5228476","43152","1460","0","0x0010"
"12674","2026-08-15T10:07:28.158205000-0500","80.905235100","192.168.0.178","192.168.0.186","25565","25858","5229936","43152","1460","0","0x0010"
"12675","2026-08-15T10:07:28.158227100-0500","80.905257200","192.168.0.186","192.168.0.178","25858","25565","43152","5231396","0","0","0x0010"
"12676","2026-08-15T10:07:28.158641100-0500","80.905671200","192.168.0.178","192.168.0.186","25565","25858","5231396","43152","1460","0","0x0018"
"12677","2026-08-15T10:07:28.158641100-0500","80.905671200","192.168.0.178","192.168.0.186","25565","25858","5232856","43152","1460","0","0x0010"
"12678","2026-08-15T10:07:28.158641100-0500","80.905671200","192.168.0.178","192.168.0.186","25565","25858","5234316","43152","1460","0","0x0010"
"12679","2026-08-15T10:07:28.158667000-0500","80.905697100","192.168.0.186","192.168.0.178","25858","25565","43152","5235776","0","0","0x0010"
"12680","2026-08-15T10:07:28.158734100-0500","80.905764200","192.168.0.178","192.168.0.186","25565","25858","5235776","43152","1460","0","0x0010"
"12681","2026-08-15T10:07:28.158739800-0500","80.905769900","192.168.0.186","192.168.0.178","25858","25565","43152","5237236","0","0","0x0010"
"12682","2026-08-15T10:07:28.158978600-0500","80.906008700","192.168.0.178","192.168.0.186","25565","25858","5237236","43152","1222","0","0x0018"
"12683","2026-08-15T10:07:28.177128000-0500","80.924158100","192.168.0.186","192.168.0.178","25858","25565","43152","5238458","3","0","0x0018"
"12684","2026-08-15T10:07:28.221834400-0500","80.968864500","192.168.0.178","192.168.0.186","25565","25858","5238458","43155","0","0","0x0010"
"12685","2026-08-15T10:07:28.226972700-0500","80.974002800","192.168.0.186","192.168.0.178","25858","25565","43155","5238458","3","0","0x0018"
"12686","2026-08-15T10:07:28.249790700-0500","80.996820800","192.168.0.178","192.168.0.186","25565","25858","5238458","43158","0","0","0x0010"
"12687","2026-08-15T10:07:28.257998400-0500","81.005028500","192.168.0.178","192.168.0.186","25565","25858","5238458","43158","1460","0","0x0010"
"12688","2026-08-15T10:07:28.257998400-0500","81.005028500","192.168.0.178","192.168.0.186","25565","25858","5239918","43158","1460","0","0x0010"
"12689","2026-08-15T10:07:28.258064700-0500","81.005094800","192.168.0.186","192.168.0.178","25858","25565","43158","5241378","0","0","0x0010"
"12690","2026-08-15T10:07:28.258121700-0500","81.005151800","192.168.0.178","192.168.0.186","25565","25858","5241378","43158","1460","0","0x0010"
"12691","2026-08-15T10:07:28.258248300-0500","81.005278400","192.168.0.178","192.168.0.186","25565","25858","5242838","43158","1460","0","0x0010"
"12692","2026-08-15T10:07:28.258262000-0500","81.005292100","192.168.0.186","192.168.0.178","25858","25565","43158","5244298","0","0","0x0010"
"12693","2026-08-15T10:07:28.258370500-0500","81.005400600","192.168.0.178","192.168.0.186","25565","25858","5244298","43158","1460","0","0x0010"
"12694","2026-08-15T10:07:28.258609400-0500","81.005639500","192.168.0.178","192.168.0.186","25565","25858","5245758","43158","1460","0","0x0010"
"12695","2026-08-15T10:07:28.258609400-0500","81.005639500","192.168.0.178","192.168.0.186","25565","25858","5247218","43158","1460","0","0x0010"
"12696","2026-08-15T10:07:28.258649900-0500","81.005680000","192.168.0.186","192.168.0.178","25858","25565","43158","5248678","0","0","0x0010"
"12697","2026-08-15T10:07:28.258715600-0500","81.005745700","192.168.0.178","192.168.0.186","25565","25858","5248678","43158","1460","0","0x0010"
"12698","2026-08-15T10:07:28.258726100-0500","81.005756200","192.168.0.186","192.168.0.178","25858","25565","43158","5250138","0","0","0x0010"
"12699","2026-08-15T10:07:28.260308200-0500","81.007338300","192.168.0.178","192.168.0.186","25565","25858","5250138","43158","1460","0","0x0010"
"12700","2026-08-15T10:07:28.260308200-0500","81.007338300","192.168.0.178","192.168.0.186","25565","25858","5251598","43158","1460","0","0x0010"
"12701","2026-08-15T10:07:28.260308200-0500","81.007338300","192.168.0.178","192.168.0.186","25565","25858","5253058","43158","1460","0","0x0018"
"12702","2026-08-15T10:07:28.260308200-0500","81.007338300","192.168.0.178","192.168.0.186","25565","25858","5254518","43158","1460","0","0x0010"
"12703","2026-08-15T10:07:28.260308200-0500","81.007338300","192.168.0.178","192.168.0.186","25565","25858","5255978","43158","1460","0","0x0010"
"12704","2026-08-15T10:07:28.260308200-0500","81.007338300","192.168.0.178","192.168.0.186","25565","25858","5257438","43158","1460","0","0x0010"
"12705","2026-08-15T10:07:28.260308200-0500","81.007338300","192.168.0.178","192.168.0.186","25565","25858","5258898","43158","1460","0","0x0010"
"12706","2026-08-15T10:07:28.260308200-0500","81.007338300","192.168.0.178","192.168.0.186","25565","25858","5260358","43158","1460","0","0x0010"
"12707","2026-08-15T10:07:28.260308200-0500","81.007338300","192.168.0.178","192.168.0.186","25565","25858","5261818","43158","1460","0","0x0010"
"12708","2026-08-15T10:07:28.260308200-0500","81.007338300","192.168.0.178","192.168.0.186","25565","25858","5263278","43158","1002","0","0x0018"
"12709","2026-08-15T10:07:28.260365200-0500","81.007395300","192.168.0.186","192.168.0.178","25858","25565","43158","5264280","0","0","0x0010"
"12710","2026-08-15T10:07:28.261999800-0500","81.009029900","192.168.0.178","192.168.0.186","25565","25858","5264280","43158","1460","0","0x0010"
"12711","2026-08-15T10:07:28.261999800-0500","81.009029900","192.168.0.178","192.168.0.186","25565","25858","5265740","43158","1460","0","0x0010"
"12712","2026-08-15T10:07:28.261999800-0500","81.009029900","192.168.0.178","192.168.0.186","25565","25858","5267200","43158","1460","0","0x0010"
"12713","2026-08-15T10:07:28.261999800-0500","81.009029900","192.168.0.178","192.168.0.186","25565","25858","5268660","43158","1460","0","0x0010"
"12714","2026-08-15T10:07:28.261999800-0500","81.009029900","192.168.0.178","192.168.0.186","25565","25858","5270120","43158","1460","0","0x0010"
"12715","2026-08-15T10:07:28.261999800-0500","81.009029900","192.168.0.178","192.168.0.186","25565","25858","5271580","43158","1460","0","0x0010"
"12716","2026-08-15T10:07:28.261999800-0500","81.009029900","192.168.0.178","192.168.0.186","25565","25858","5273040","43158","1460","0","0x0010"
"12717","2026-08-15T10:07:28.261999800-0500","81.009029900","192.168.0.178","192.168.0.186","25565","25858","5274500","43158","1460","0","0x0010"
"12718","2026-08-15T10:07:28.261999800-0500","81.009029900","192.168.0.178","192.168.0.186","25565","25858","5275960","43158","1460","0","0x0010"
"12719","2026-08-15T10:07:28.261999800-0500","81.009029900","192.168.0.178","192.168.0.186","25565","25858","5277420","43158","1460","0","0x0010"
"12720","2026-08-15T10:07:28.262043000-0500","81.009073100","192.168.0.186","192.168.0.178","25858","25565","43158","5278880","0","0","0x0010"
"12721","2026-08-15T10:07:28.262097900-0500","81.009128000","192.168.0.178","192.168.0.186","25565","25858","5278880","43158","1460","0","0x0018"
"12722","2026-08-15T10:07:28.262215400-0500","81.009245500","192.168.0.178","192.168.0.186","25565","25858","5280340","43158","1460","0","0x0010"
"12723","2026-08-15T10:07:28.262223300-0500","81.009253400","192.168.0.186","192.168.0.178","25858","25565","43158","5281800","0","0","0x0010"
"12724","2026-08-15T10:07:28.262276000-0500","81.009306100","192.168.0.178","192.168.0.186","25565","25858","5281800","43158","1460","0","0x0010"
"12725","2026-08-15T10:07:28.262534700-0500","81.009564800","192.168.0.178","192.168.0.186","25565","25858","5283260","43158","1460","0","0x0010"
"12726","2026-08-15T10:07:28.262534700-0500","81.009564800","192.168.0.178","192.168.0.186","25565","25858","5284720","43158","1460","0","0x0010"
"12727","2026-08-15T10:07:28.262565800-0500","81.009595900","192.168.0.186","192.168.0.178","25858","25565","43158","5286180","0","0","0x0010"
"12728","2026-08-15T10:07:28.262819100-0500","81.009849200","192.168.0.178","192.168.0.186","25565","25858","5286180","43158","1460","0","0x0010"
"12729","2026-08-15T10:07:28.262819100-0500","81.009849200","192.168.0.178","192.168.0.186","25565","25858","5287640","43158","153","0","0x0018"
"12730","2026-08-15T10:07:28.262851500-0500","81.009881600","192.168.0.186","192.168.0.178","25858","25565","43158","5287793","0","0","0x0010"
"12731","2026-08-15T10:07:28.277665100-0500","81.024695200","192.168.0.186","192.168.0.178","25858","25565","43158","5287793","3","0","0x0018"
"12732","2026-08-15T10:07:28.305806500-0500","81.052836600","192.168.0.178","192.168.0.186","25565","25858","5287793","43161","1460","0","0x0010"
"12733","2026-08-15T10:07:28.305806500-0500","81.052836600","192.168.0.178","192.168.0.186","25565","25858","5289253","43161","1460","0","0x0010"
"12734","2026-08-15T10:07:28.305806500-0500","81.052836600","192.168.0.178","192.168.0.186","25565","25858","5290713","43161","1460","0","0x0010"
"12735","2026-08-15T10:07:28.305858300-0500","81.052888400","192.168.0.186","192.168.0.178","25858","25565","43161","5292173","0","0","0x0010"
"12736","2026-08-15T10:07:28.305887400-0500","81.052917500","192.168.0.178","192.168.0.186","25565","25858","5292173","43161","1460","0","0x0010"
"12737","2026-08-15T10:07:28.305894400-0500","81.052924500","192.168.0.186","192.168.0.178","25858","25565","43161","5293633","0","0","0x0010"
"12738","2026-08-15T10:07:28.306041600-0500","81.053071700","192.168.0.178","192.168.0.186","25565","25858","5293633","43161","1460","0","0x0010"
"12739","2026-08-15T10:07:28.306267500-0500","81.053297600","192.168.0.178","192.168.0.186","25565","25858","5295093","43161","1460","0","0x0010"
"12740","2026-08-15T10:07:28.306267500-0500","81.053297600","192.168.0.178","192.168.0.186","25565","25858","5296553","43161","1460","0","0x0010"
"12741","2026-08-15T10:07:28.306285500-0500","81.053315600","192.168.0.186","192.168.0.178","25858","25565","43161","5298013","0","0","0x0010"
"12742","2026-08-15T10:07:28.306502500-0500","81.053532600","192.168.0.178","192.168.0.186","25565","25858","5298013","43161","1460","0","0x0010"
"12743","2026-08-15T10:07:28.306502500-0500","81.053532600","192.168.0.178","192.168.0.186","25565","25858","5299473","43161","1460","0","0x0010"
"12744","2026-08-15T10:07:28.306519700-0500","81.053549800","192.168.0.186","192.168.0.178","25858","25565","43161","5300933","0","0","0x0010"
"12745","2026-08-15T10:07:28.306727100-0500","81.053757200","192.168.0.178","192.168.0.186","25565","25858","5300933","43161","1460","0","0x0010"
"12746","2026-08-15T10:07:28.306743900-0500","81.053774000","192.168.0.186","192.168.0.178","25858","25565","43161","5302393","0","0","0x0010"
"12747","2026-08-15T10:07:28.306776500-0500","81.053806600","192.168.0.178","192.168.0.186","25565","25858","5302393","43161","1460","0","0x0018"
"12748","2026-08-15T10:07:28.306970500-0500","81.054000600","192.168.0.178","192.168.0.186","25565","25858","5303853","43161","1020","0","0x0018"
"12749","2026-08-15T10:07:28.306989600-0500","81.054019700","192.168.0.186","192.168.0.178","25858","25565","43161","5304873","0","0","0x0010"
"12750","2026-08-15T10:07:28.326130000-0500","81.073160100","192.168.0.186","192.168.0.178","25858","25565","43161","5304873","28","0","0x0018"
"12751","2026-08-15T10:07:28.326762600-0500","81.073792700","192.168.0.186","192.168.0.178","25858","25565","43189","5304873","3","0","0x0018"
"12752","2026-08-15T10:07:28.327448700-0500","81.074478800","192.168.0.178","192.168.0.186","25565","25858","5304873","43192","0","0","0x0010"
"12753","2026-08-15T10:07:28.356452700-0500","81.103482800","192.168.0.178","192.168.0.186","25565","25858","5304873","43192","1460","0","0x0010"
"12754","2026-08-15T10:07:28.356452700-0500","81.103482800","192.168.0.178","192.168.0.186","25565","25858","5306333","43192","1460","0","0x0010"
"12755","2026-08-15T10:07:28.356515800-0500","81.103545900","192.168.0.186","192.168.0.178","25858","25565","43192","5307793","0","0","0x0010"
"12756","2026-08-15T10:07:28.356565600-0500","81.103595700","192.168.0.178","192.168.0.186","25565","25858","5307793","43192","1460","0","0x0010"
"12757","2026-08-15T10:07:28.356805200-0500","81.103835300","192.168.0.178","192.168.0.186","25565","25858","5309253","43192","1460","0","0x0010"
"12758","2026-08-15T10:07:28.356805200-0500","81.103835300","192.168.0.178","192.168.0.186","25565","25858","5310713","43192","1460","0","0x0010"
"12759","2026-08-15T10:07:28.356851800-0500","81.103881900","192.168.0.186","192.168.0.178","25858","25565","43192","5312173","0","0","0x0010"
"12760","2026-08-15T10:07:28.357052400-0500","81.104082500","192.168.0.178","192.168.0.186","25565","25858","5312173","43192","1460","0","0x0010"
"12761","2026-08-15T10:07:28.357052400-0500","81.104082500","192.168.0.178","192.168.0.186","25565","25858","5313633","43192","1460","0","0x0010"
"12762","2026-08-15T10:07:28.357087100-0500","81.104117200","192.168.0.186","192.168.0.178","25858","25565","43192","5315093","0","0","0x0010"
"12763","2026-08-15T10:07:28.357154200-0500","81.104184300","192.168.0.178","192.168.0.186","25565","25858","5315093","43192","1460","0","0x0010"
"12764","2026-08-15T10:07:28.357172000-0500","81.104202100","192.168.0.186","192.168.0.178","25858","25565","43192","5316553","0","0","0x0010"
"12765","2026-08-15T10:07:28.357396400-0500","81.104426500","192.168.0.178","192.168.0.186","25565","25858","5316553","43192","1460","0","0x0010"
"12766","2026-08-15T10:07:28.357396400-0500","81.104426500","192.168.0.178","192.168.0.186","25565","25858","5318013","43192","1460","0","0x0010"
"12767","2026-08-15T10:07:28.357442000-0500","81.104472100","192.168.0.186","192.168.0.178","25858","25565","43192","5319473","0","0","0x0010"
"12768","2026-08-15T10:07:28.357516300-0500","81.104546400","192.168.0.178","192.168.0.186","25565","25858","5319473","43192","1460","0","0x0018"
"12769","2026-08-15T10:07:28.357909600-0500","81.104939700","192.168.0.178","192.168.0.186","25565","25858","5320933","43192","1460","0","0x0010"
"12770","2026-08-15T10:07:28.357909600-0500","81.104939700","192.168.0.178","192.168.0.186","25565","25858","5322393","43192","1460","0","0x0010"
"12771","2026-08-15T10:07:28.357956700-0500","81.104986800","192.168.0.186","192.168.0.178","25858","25565","43192","5323853","0","0","0x0010"
"12772","2026-08-15T10:07:28.358022700-0500","81.105052800","192.168.0.178","192.168.0.186","25565","25858","5323853","43192","1460","0","0x0010"
"12773","2026-08-15T10:07:28.358041400-0500","81.105071500","192.168.0.186","192.168.0.178","25858","25565","43192","5325313","0","0","0x0010"
"12774","2026-08-15T10:07:28.358288500-0500","81.105318600","192.168.0.178","192.168.0.186","25565","25858","5325313","43192","1460","0","0x0010"
"12775","2026-08-15T10:07:28.358288500-0500","81.105318600","192.168.0.178","192.168.0.186","25565","25858","5326773","43192","1460","0","0x0010"
"12776","2026-08-15T10:07:28.358327800-0500","81.105357900","192.168.0.186","192.168.0.178","25858","25565","43192","5328233","0","0","0x0010"
"12777","2026-08-15T10:07:28.358394500-0500","81.105424600","192.168.0.178","192.168.0.186","25565","25858","5328233","43192","1460","0","0x0010"
"12778","2026-08-15T10:07:28.358394500-0500","81.105424600","192.168.0.178","192.168.0.186","25565","25858","5329693","43192","122","0","0x0018"
"12779","2026-08-15T10:07:28.358407300-0500","81.105437400","192.168.0.186","192.168.0.178","25858","25565","43192","5329815","0","0","0x0010"
"12780","2026-08-15T10:07:28.377846100-0500","81.124876200","192.168.0.186","192.168.0.178","25858","25565","43192","5329815","3","0","0x0018"
"12781","2026-08-15T10:07:28.404795700-0500","81.151825800","192.168.0.178","192.168.0.186","25565","25858","5329815","43195","1460","0","0x0010"
"12782","2026-08-15T10:07:28.404795700-0500","81.151825800","192.168.0.178","192.168.0.186","25565","25858","5331275","43195","1460","0","0x0010"
"12783","2026-08-15T10:07:28.404879200-0500","81.151909300","192.168.0.186","192.168.0.178","25858","25565","43195","5332735","0","0","0x0010"
"12784","2026-08-15T10:07:28.404939600-0500","81.151969700","192.168.0.178","192.168.0.186","25565","25858","5332735","43195","1460","0","0x0010"
"12785","2026-08-15T10:07:28.404997200-0500","81.152027300","192.168.0.178","192.168.0.186","25565","25858","5334195","43195","1460","0","0x0010"
"12786","2026-08-15T10:07:28.405005800-0500","81.152035900","192.168.0.186","192.168.0.178","25858","25565","43195","5335655","0","0","0x0010"
"12787","2026-08-15T10:07:28.405223300-0500","81.152253400","192.168.0.178","192.168.0.186","25565","25858","5335655","43195","1460","0","0x0010"
"12788","2026-08-15T10:07:28.405223300-0500","81.152253400","192.168.0.178","192.168.0.186","25565","25858","5337115","43195","1460","0","0x0010"
"12789","2026-08-15T10:07:28.405272500-0500","81.152302600","192.168.0.186","192.168.0.178","25858","25565","43195","5338575","0","0","0x0010"
"12790","2026-08-15T10:07:28.405339200-0500","81.152369300","192.168.0.178","192.168.0.186","25565","25858","5338575","43195","1460","0","0x0010"
"12791","2026-08-15T10:07:28.405602600-0500","81.152632700","192.168.0.178","192.168.0.186","25565","25858","5340035","43195","1460","0","0x0010"
"12792","2026-08-15T10:07:28.405602600-0500","81.152632700","192.168.0.178","192.168.0.186","25565","25858","5341495","43195","1460","0","0x0010"
"12793","2026-08-15T10:07:28.405661700-0500","81.152691800","192.168.0.186","192.168.0.178","25858","25565","43195","5342955","0","0","0x0010"
"12794","2026-08-15T10:07:28.405740600-0500","81.152770700","192.168.0.178","192.168.0.186","25565","25858","5342955","43195","1460","0","0x0010"
"12795","2026-08-15T10:07:28.405756400-0500","81.152786500","192.168.0.186","192.168.0.178","25858","25565","43195","5344415","0","0","0x0010"
"12796","2026-08-15T10:07:28.405984600-0500","81.153014700","192.168.0.178","192.168.0.186","25565","25858","5344415","43195","1460","0","0x0018"
"12797","2026-08-15T10:07:28.405984600-0500","81.153014700","192.168.0.178","192.168.0.186","25565","25858","5345875","43195","1460","0","0x0010"
"12798","2026-08-15T10:07:28.406036400-0500","81.153066500","192.168.0.186","192.168.0.178","25858","25565","43195","5347335","0","0","0x0010"
"12799","2026-08-15T10:07:28.406107800-0500","81.153137900","192.168.0.178","192.168.0.186","25565","25858","5347335","43195","1460","0","0x0010"
"12800","2026-08-15T10:07:28.406354600-0500","81.153384700","192.168.0.178","192.168.0.186","25565","25858","5348795","43195","1460","0","0x0010"
"12801","2026-08-15T10:07:28.406354600-0500","81.153384700","192.168.0.178","192.168.0.186","25565","25858","5350255","43195","1460","0","0x0010"
"12802","2026-08-15T10:07:28.406411900-0500","81.153442000","192.168.0.186","192.168.0.178","25858","25565","43195","5351715","0","0","0x0010"
"12803","2026-08-15T10:07:28.406498700-0500","81.153528800","192.168.0.178","192.168.0.186","25565","25858","5351715","43195","645","0","0x0018"
"12804","2026-08-15T10:07:28.406512500-0500","81.153542600","192.168.0.186","192.168.0.178","25858","25565","43195","5352360","0","0","0x0010"
"12805","2026-08-15T10:07:28.426936600-0500","81.173966700","192.168.0.186","192.168.0.178","25858","25565","43195","5352360","3","0","0x0018"
"12806","2026-08-15T10:07:28.454623700-0500","81.201653800","192.168.0.178","192.168.0.186","25565","25858","5352360","43198","1460","0","0x0010"
"12807","2026-08-15T10:07:28.454623700-0500","81.201653800","192.168.0.178","192.168.0.186","25565","25858","5353820","43198","1460","0","0x0010"
"12808","2026-08-15T10:07:28.454672900-0500","81.201703000","192.168.0.186","192.168.0.178","25858","25565","43198","5355280","0","0","0x0010"
"12809","2026-08-15T10:07:28.454730400-0500","81.201760500","192.168.0.178","192.168.0.186","25565","25858","5355280","43198","1460","0","0x0010"
"12810","2026-08-15T10:07:28.454873400-0500","81.201903500","192.168.0.178","192.168.0.186","25565","25858","5356740","43198","1460","0","0x0010"
"12811","2026-08-15T10:07:28.454900400-0500","81.201930500","192.168.0.186","192.168.0.178","25858","25565","43198","5358200","0","0","0x0010"
"12812","2026-08-15T10:07:28.454961600-0500","81.201991700","192.168.0.178","192.168.0.186","25565","25858","5358200","43198","1460","0","0x0010"
"12813","2026-08-15T10:07:28.455208000-0500","81.202238100","192.168.0.178","192.168.0.186","25565","25858","5359660","43198","1460","0","0x0010"
"12814","2026-08-15T10:07:28.455208000-0500","81.202238100","192.168.0.178","192.168.0.186","25565","25858","5361120","43198","1460","0","0x0010"
"12815","2026-08-15T10:07:28.455230100-0500","81.202260200","192.168.0.186","192.168.0.178","25858","25565","43198","5362580","0","0","0x0010"
"12816","2026-08-15T10:07:28.455448600-0500","81.202478700","192.168.0.178","192.168.0.186","25565","25858","5362580","43198","1460","0","0x0010"
"12817","2026-08-15T10:07:28.455448600-0500","81.202478700","192.168.0.178","192.168.0.186","25565","25858","5364040","43198","1460","0","0x0010"
"12818","2026-08-15T10:07:28.455471000-0500","81.202501100","192.168.0.186","192.168.0.178","25858","25565","43198","5365500","0","0","0x0010"
"12819","2026-08-15T10:07:28.455685300-0500","81.202715400","192.168.0.178","192.168.0.186","25565","25858","5365500","43198","1460","0","0x0010"
"12820","2026-08-15T10:07:28.455710300-0500","81.202740400","192.168.0.186","192.168.0.178","25858","25565","43198","5366960","0","0","0x0010"
"12821","2026-08-15T10:07:28.455756700-0500","81.202786800","192.168.0.178","192.168.0.186","25565","25858","5366960","43198","1460","0","0x0018"
"12822","2026-08-15T10:07:28.455890200-0500","81.202920300","192.168.0.178","192.168.0.186","25565","25858","5368420","43198","1460","0","0x0010"
"12823","2026-08-15T10:07:28.455911100-0500","81.202941200","192.168.0.186","192.168.0.178","25858","25565","43198","5369880","0","0","0x0010"
"12824","2026-08-15T10:07:28.455971200-0500","81.203001300","192.168.0.178","192.168.0.186","25565","25858","5369880","43198","1460","0","0x0010"
"12825","2026-08-15T10:07:28.455992300-0500","81.203022400","192.168.0.178","192.168.0.186","25565","25858","5371340","43198","591","0","0x0018"
"12826","2026-08-15T10:07:28.455999800-0500","81.203029900","192.168.0.186","192.168.0.178","25858","25565","43198","5371931","0","0","0x0010"
"12827","2026-08-15T10:07:28.476742600-0500","81.223772700","192.168.0.186","192.168.0.178","25858","25565","43198","5371931","3","0","0x0018"
"12828","2026-08-15T10:07:28.504615700-0500","81.251645800","192.168.0.178","192.168.0.186","25565","25858","5371931","43201","1460","0","0x0010"
"12829","2026-08-15T10:07:28.504615700-0500","81.251645800","192.168.0.178","192.168.0.186","25565","25858","5373391","43201","1460","0","0x0010"
"12830","2026-08-15T10:07:28.504685100-0500","81.251715200","192.168.0.186","192.168.0.178","25858","25565","43201","5374851","0","0","0x0010"
"12831","2026-08-15T10:07:28.504730300-0500","81.251760400","192.168.0.178","192.168.0.186","25565","25858","5374851","43201","1460","0","0x0010"
"12832","2026-08-15T10:07:28.504939700-0500","81.251969800","192.168.0.178","192.168.0.186","25565","25858","5376311","43201","1460","0","0x0010"
"12833","2026-08-15T10:07:28.504939700-0500","81.251969800","192.168.0.178","192.168.0.186","25565","25858","5377771","43201","1460","0","0x0010"
"12834","2026-08-15T10:07:28.504976100-0500","81.252006200","192.168.0.186","192.168.0.178","25858","25565","43201","5379231","0","0","0x0010"
"12835","2026-08-15T10:07:28.505182400-0500","81.252212500","192.168.0.178","192.168.0.186","25565","25858","5379231","43201","1460","0","0x0010"
"12836","2026-08-15T10:07:28.505182400-0500","81.252212500","192.168.0.178","192.168.0.186","25565","25858","5380691","43201","962","0","0x0018"
"12837","2026-08-15T10:07:28.505220800-0500","81.252250900","192.168.0.186","192.168.0.178","25858","25565","43201","5381653","0","0","0x0010"
"12838","2026-08-15T10:07:28.526948000-0500","81.273978100","192.168.0.186","192.168.0.178","25858","25565","43201","5381653","3","0","0x0018"
"12839","2026-08-15T10:07:28.554110900-0500","81.301141000","192.168.0.178","192.168.0.186","25565","25858","5381653","43204","989","0","0x0018"
"12840","2026-08-15T10:07:28.578251800-0500","81.325281900","192.168.0.186","192.168.0.178","25858","25565","43204","5382642","3","0","0x0018"
"12841","2026-08-15T10:07:28.604391000-0500","81.351421100","192.168.0.178","192.168.0.186","25565","25858","5382642","43207","1460","0","0x0010"
"12842","2026-08-15T10:07:28.604391000-0500","81.351421100","192.168.0.178","192.168.0.186","25565","25858","5384102","43207","1416","0","0x0018"
"12843","2026-08-15T10:07:28.604457600-0500","81.351487700","192.168.0.186","192.168.0.178","25858","25565","43207","5385518","0","0","0x0010"
"12844","2026-08-15T10:07:28.604745800-0500","81.351775900","192.168.0.186","192.168.0.178","25858","25565","43207","5385518","11","0","0x0018"
"12845","2026-08-15T10:07:28.627862500-0500","81.374892600","192.168.0.186","192.168.0.178","25858","25565","43218","5385518","3","0","0x0018"
"12846","2026-08-15T10:07:28.628649200-0500","81.375679300","192.168.0.178","192.168.0.186","25565","25858","5385518","43221","0","0","0x0010"
"12847","2026-08-15T10:07:28.656634000-0500","81.403664100","192.168.0.178","192.168.0.186","25565","25858","5385518","43221","359","0","0x0018"
"12848","2026-08-15T10:07:28.676722500-0500","81.423752600","192.168.0.186","192.168.0.178","25858","25565","43221","5385877","3","0","0x0018"
"12849","2026-08-15T10:07:28.704350300-0500","81.451380400","192.168.0.178","192.168.0.186","25565","25858","5385877","43224","1460","0","0x0010"
"12850","2026-08-15T10:07:28.704350300-0500","81.451380400","192.168.0.178","192.168.0.186","25565","25858","5387337","43224","507","0","0x0018"
"12851","2026-08-15T10:07:28.704395300-0500","81.451425400","192.168.0.186","192.168.0.178","25858","25565","43224","5387844","0","0","0x0010"
"12852","2026-08-15T10:07:28.727763900-0500","81.474794000","192.168.0.186","192.168.0.178","25858","25565","43224","5387844","3","0","0x0018"
"12853","2026-08-15T10:07:28.757793500-0500","81.504823600","192.168.0.178","192.168.0.186","25565","25858","5387844","43227","549","0","0x0018"
"12854","2026-08-15T10:07:28.776928000-0500","81.523958100","192.168.0.186","192.168.0.178","25858","25565","43227","5388393","3","0","0x0018"
"12855","2026-08-15T10:07:28.810311000-0500","81.557341100","192.168.0.178","192.168.0.186","25565","25858","5388393","43230","1460","0","0x0010"
"12856","2026-08-15T10:07:28.810311000-0500","81.557341100","192.168.0.178","192.168.0.186","25565","25858","5389853","43230","1460","0","0x0010"
"12857","2026-08-15T10:07:28.810368700-0500","81.557398800","192.168.0.186","192.168.0.178","25858","25565","43230","5391313","0","0","0x0010"
"12858","2026-08-15T10:07:28.810404400-0500","81.557434500","192.168.0.178","192.168.0.186","25565","25858","5391313","43230","1460","0","0x0010"
"12859","2026-08-15T10:07:28.810617700-0500","81.557647800","192.168.0.178","192.168.0.186","25565","25858","5392773","43230","1460","0","0x0010"
"12860","2026-08-15T10:07:28.810617700-0500","81.557647800","192.168.0.178","192.168.0.186","25565","25858","5394233","43230","1460","0","0x0010"
"12861","2026-08-15T10:07:28.810642500-0500","81.557672600","192.168.0.186","192.168.0.178","25858","25565","43230","5395693","0","0","0x0010"
"12862","2026-08-15T10:07:28.810853500-0500","81.557883600","192.168.0.178","192.168.0.186","25565","25858","5395693","43230","1460","0","0x0010"
"12863","2026-08-15T10:07:28.810853500-0500","81.557883600","192.168.0.178","192.168.0.186","25565","25858","5397153","43230","1460","0","0x0010"
"12864","2026-08-15T10:07:28.810872200-0500","81.557902300","192.168.0.186","192.168.0.178","25858","25565","43230","5398613","0","0","0x0010"
"12865","2026-08-15T10:07:28.811080000-0500","81.558110100","192.168.0.178","192.168.0.186","25565","25858","5398613","43230","1460","0","0x0010"
"12866","2026-08-15T10:07:28.811097900-0500","81.558128000","192.168.0.186","192.168.0.178","25858","25565","43230","5400073","0","0","0x0010"
"12867","2026-08-15T10:07:28.811130500-0500","81.558160600","192.168.0.178","192.168.0.186","25565","25858","5400073","43230","1460","0","0x0010"
"12868","2026-08-15T10:07:28.811274900-0500","81.558305000","192.168.0.178","192.168.0.186","25565","25858","5401533","43230","1460","0","0x0010"
"12869","2026-08-15T10:07:28.811292700-0500","81.558322800","192.168.0.186","192.168.0.178","25858","25565","43230","5402993","0","0","0x0010"
"12870","2026-08-15T10:07:28.811350900-0500","81.558381000","192.168.0.178","192.168.0.186","25565","25858","5402993","43230","1460","0","0x0018"
"12871","2026-08-15T10:07:28.811597700-0500","81.558627800","192.168.0.178","192.168.0.186","25565","25858","5404453","43230","1460","0","0x0010"
"12872","2026-08-15T10:07:28.811597700-0500","81.558627800","192.168.0.178","192.168.0.186","25565","25858","5405913","43230","1460","0","0x0010"
"12873","2026-08-15T10:07:28.811616400-0500","81.558646500","192.168.0.186","192.168.0.178","25858","25565","43230","5407373","0","0","0x0010"
"12874","2026-08-15T10:07:28.811795500-0500","81.558825600","192.168.0.178","192.168.0.186","25565","25858","5407373","43230","1460","0","0x0010"
"12875","2026-08-15T10:07:28.811813400-0500","81.558843500","192.168.0.186","192.168.0.178","25858","25565","43230","5408833","0","0","0x0010"
"12876","2026-08-15T10:07:28.811868900-0500","81.558899000","192.168.0.178","192.168.0.186","25565","25858","5408833","43230","1460","0","0x0010"
"12877","2026-08-15T10:07:28.812008800-0500","81.559038900","192.168.0.178","192.168.0.186","25565","25858","5410293","43230","1460","0","0x0010"
"12878","2026-08-15T10:07:28.812008800-0500","81.559038900","192.168.0.178","192.168.0.186","25565","25858","5411753","43230","271","0","0x0018"
"12879","2026-08-15T10:07:28.812028900-0500","81.559059000","192.168.0.186","192.168.0.178","25858","25565","43230","5412024","0","0","0x0010"
"12880","2026-08-15T10:07:28.826888400-0500","81.573918500","192.168.0.186","192.168.0.178","25858","25565","43230","5412024","3","0","0x0018"
"12881","2026-08-15T10:07:28.859131100-0500","81.606161200","192.168.0.178","192.168.0.186","25565","25858","5412024","43233","1460","0","0x0010"
"12882","2026-08-15T10:07:28.859131100-0500","81.606161200","192.168.0.178","192.168.0.186","25565","25858","5413484","43233","1460","0","0x0010"
"12883","2026-08-15T10:07:28.859199200-0500","81.606229300","192.168.0.186","192.168.0.178","25858","25565","43233","5414944","0","0","0x0010"
"12884","2026-08-15T10:07:28.859230900-0500","81.606261000","192.168.0.178","192.168.0.186","25565","25858","5414944","43233","1460","0","0x0010"
"12885","2026-08-15T10:07:28.859296500-0500","81.606326600","192.168.0.178","192.168.0.186","25565","25858","5416404","43233","1460","0","0x0010"
"12886","2026-08-15T10:07:28.859301700-0500","81.606331800","192.168.0.186","192.168.0.178","25858","25565","43233","5417864","0","0","0x0010"
"12887","2026-08-15T10:07:28.859457100-0500","81.606487200","192.168.0.178","192.168.0.186","25565","25858","5417864","43233","1460","0","0x0010"
"12888","2026-08-15T10:07:28.859678200-0500","81.606708300","192.168.0.178","192.168.0.186","25565","25858","5419324","43233","1460","0","0x0010"
"12889","2026-08-15T10:07:28.859678200-0500","81.606708300","192.168.0.178","192.168.0.186","25565","25858","5420784","43233","1460","0","0x0010"
"12890","2026-08-15T10:07:28.859701900-0500","81.606732000","192.168.0.186","192.168.0.178","25858","25565","43233","5422244","0","0","0x0010"
"12891","2026-08-15T10:07:28.859918800-0500","81.606948900","192.168.0.178","192.168.0.186","25565","25858","5422244","43233","1460","0","0x0010"
"12892","2026-08-15T10:07:28.859918800-0500","81.606948900","192.168.0.178","192.168.0.186","25565","25858","5423704","43233","1460","0","0x0010"
"12893","2026-08-15T10:07:28.859938900-0500","81.606969000","192.168.0.186","192.168.0.178","25858","25565","43233","5425164","0","0","0x0010"
"12894","2026-08-15T10:07:28.860144000-0500","81.607174100","192.168.0.178","192.168.0.186","25565","25858","5425164","43233","1460","0","0x0010"
"12895","2026-08-15T10:07:28.860163000-0500","81.607193100","192.168.0.186","192.168.0.178","25858","25565","43233","5426624","0","0","0x0010"
"12896","2026-08-15T10:07:28.860197700-0500","81.607227800","192.168.0.178","192.168.0.186","25565","25858","5426624","43233","1460","0","0x0018"
"12897","2026-08-15T10:07:28.860409900-0500","81.607440000","192.168.0.178","192.168.0.186","25565","25858","5428084","43233","1460","0","0x0010"
"12898","2026-08-15T10:07:28.860409900-0500","81.607440000","192.168.0.178","192.168.0.186","25565","25858","5429544","43233","1460","0","0x0010"
"12899","2026-08-15T10:07:28.860429100-0500","81.607459200","192.168.0.186","192.168.0.178","25858","25565","43233","5431004","0","0","0x0010"
"12900","2026-08-15T10:07:28.860637100-0500","81.607667200","192.168.0.178","192.168.0.186","25565","25858","5431004","43233","1460","0","0x0010"
"12901","2026-08-15T10:07:28.860655400-0500","81.607685500","192.168.0.186","192.168.0.178","25858","25565","43233","5432464","0","0","0x0010"
"12902","2026-08-15T10:07:28.860690000-0500","81.607720100","192.168.0.178","192.168.0.186","25565","25858","5432464","43233","1460","0","0x0010"
"12903","2026-08-15T10:07:28.860884200-0500","81.607914300","192.168.0.178","192.168.0.186","25565","25858","5433924","43233","959","0","0x0018"
"12904","2026-08-15T10:07:28.860907700-0500","81.607937800","192.168.0.186","192.168.0.178","25858","25565","43233","5434883","0","0","0x0010"
"12905","2026-08-15T10:07:28.876747100-0500","81.623777200","192.168.0.186","192.168.0.178","25858","25565","43233","5434883","3","0","0x0018"
"12906","2026-08-15T10:07:28.912369800-0500","81.659399900","192.168.0.178","192.168.0.186","25565","25858","5434883","43236","1460","0","0x0010"
"12907","2026-08-15T10:07:28.912369800-0500","81.659399900","192.168.0.178","192.168.0.186","25565","25858","5436343","43236","1460","0","0x0010"
"12908","2026-08-15T10:07:28.912418700-0500","81.659448800","192.168.0.186","192.168.0.178","25858","25565","43236","5437803","0","0","0x0010"
"12909","2026-08-15T10:07:28.912481200-0500","81.659511300","192.168.0.178","192.168.0.186","25565","25858","5437803","43236","1460","0","0x0010"
"12910","2026-08-15T10:07:28.912695500-0500","81.659725600","192.168.0.178","192.168.0.186","25565","25858","5439263","43236","1460","0","0x0010"
"12911","2026-08-15T10:07:28.912717800-0500","81.659747900","192.168.0.186","192.168.0.178","25858","25565","43236","5440723","0","0","0x0010"
"12912","2026-08-15T10:07:28.912764000-0500","81.659794100","192.168.0.178","192.168.0.186","25565","25858","5440723","43236","1460","0","0x0010"
"12913","2026-08-15T10:07:28.912927000-0500","81.659957100","192.168.0.178","192.168.0.186","25565","25858","5442183","43236","1460","0","0x0010"
"12914","2026-08-15T10:07:28.912945200-0500","81.659975300","192.168.0.186","192.168.0.178","25858","25565","43236","5443643","0","0","0x0010"
"12915","2026-08-15T10:07:28.912982600-0500","81.660012700","192.168.0.178","192.168.0.186","25565","25858","5443643","43236","1460","0","0x0010"
"12916","2026-08-15T10:07:28.913078000-0500","81.660108100","192.168.0.178","192.168.0.186","25565","25858","5445103","43236","1460","0","0x0010"
"12917","2026-08-15T10:07:28.913084600-0500","81.660114700","192.168.0.186","192.168.0.178","25858","25565","43236","5446563","0","0","0x0010"
"12918","2026-08-15T10:07:28.913234800-0500","81.660264900","192.168.0.178","192.168.0.186","25565","25858","5446563","43236","1460","0","0x0010"
"12919","2026-08-15T10:07:28.913450200-0500","81.660480300","192.168.0.178","192.168.0.186","25565","25858","5448023","43236","1460","0","0x0010"
"12920","2026-08-15T10:07:28.913450200-0500","81.660480300","192.168.0.178","192.168.0.186","25565","25858","5449483","43236","1460","0","0x0018"
"12921","2026-08-15T10:07:28.913472600-0500","81.660502700","192.168.0.186","192.168.0.178","25858","25565","43236","5450943","0","0","0x0010"
"12922","2026-08-15T10:07:28.913700500-0500","81.660730600","192.168.0.178","192.168.0.186","25565","25858","5450943","43236","1460","0","0x0010"
"12923","2026-08-15T10:07:28.913700500-0500","81.660730600","192.168.0.178","192.168.0.186","25565","25858","5452403","43236","1460","0","0x0010"
"12924","2026-08-15T10:07:28.913721400-0500","81.660751500","192.168.0.186","192.168.0.178","25858","25565","43236","5453863","0","0","0x0010"
"12925","2026-08-15T10:07:28.913967000-0500","81.660997100","192.168.0.178","192.168.0.186","25565","25858","5453863","43236","1460","0","0x0010"
"12926","2026-08-15T10:07:28.913967000-0500","81.660997100","192.168.0.178","192.168.0.186","25565","25858","5455323","43236","10","0","0x0018"
"12927","2026-08-15T10:07:28.913988700-0500","81.661018800","192.168.0.186","192.168.0.178","25858","25565","43236","5455333","0","0","0x0010"
"12928","2026-08-15T10:07:28.927454000-0500","81.674484100","192.168.0.186","192.168.0.178","25858","25565","43236","5455333","3","0","0x0018"
"12929","2026-08-15T10:07:28.958862100-0500","81.705892200","192.168.0.178","192.168.0.186","25565","25858","5455333","43239","1460","0","0x0010"
"12930","2026-08-15T10:07:28.958862100-0500","81.705892200","192.168.0.178","192.168.0.186","25565","25858","5456793","43239","1460","0","0x0010"
"12931","2026-08-15T10:07:28.958981200-0500","81.706011300","192.168.0.186","192.168.0.178","25858","25565","43239","5458253","0","0","0x0010"
"12932","2026-08-15T10:07:28.959053600-0500","81.706083700","192.168.0.178","192.168.0.186","25565","25858","5458253","43239","1460","0","0x0010"
"12933","2026-08-15T10:07:28.959053600-0500","81.706083700","192.168.0.178","192.168.0.186","25565","25858","5459713","43239","1460","0","0x0010"
"12934","2026-08-15T10:07:28.959065500-0500","81.706095600","192.168.0.186","192.168.0.178","25858","25565","43239","5461173","0","0","0x0010"
"12935","2026-08-15T10:07:28.959279900-0500","81.706310000","192.168.0.178","192.168.0.186","25565","25858","5461173","43239","1460","0","0x0010"
"12936","2026-08-15T10:07:28.959279900-0500","81.706310000","192.168.0.178","192.168.0.186","25565","25858","5462633","43239","1460","0","0x0010"
"12937","2026-08-15T10:07:28.959301300-0500","81.706331400","192.168.0.186","192.168.0.178","25858","25565","43239","5464093","0","0","0x0010"
"12938","2026-08-15T10:07:28.959526900-0500","81.706557000","192.168.0.178","192.168.0.186","25565","25858","5464093","43239","1460","0","0x0010"
"12939","2026-08-15T10:07:28.959526900-0500","81.706557000","192.168.0.178","192.168.0.186","25565","25858","5465553","43239","1460","0","0x0010"
"12940","2026-08-15T10:07:28.959546400-0500","81.706576500","192.168.0.186","192.168.0.178","25858","25565","43239","5467013","0","0","0x0010"
"12941","2026-08-15T10:07:28.959782500-0500","81.706812600","192.168.0.178","192.168.0.186","25565","25858","5467013","43239","1460","0","0x0010"
"12942","2026-08-15T10:07:28.959782500-0500","81.706812600","192.168.0.178","192.168.0.186","25565","25858","5468473","43239","1460","0","0x0010"
"12943","2026-08-15T10:07:28.959807100-0500","81.706837200","192.168.0.186","192.168.0.178","25858","25565","43239","5469933","0","0","0x0010"
"12944","2026-08-15T10:07:28.960031100-0500","81.707061200","192.168.0.178","192.168.0.186","25565","25858","5469933","43239","1460","0","0x0018"
"12945","2026-08-15T10:07:28.960031100-0500","81.707061200","192.168.0.178","192.168.0.186","25565","25858","5471393","43239","1460","0","0x0010"
"12946","2026-08-15T10:07:28.960049500-0500","81.707079600","192.168.0.186","192.168.0.178","25858","25565","43239","5472853","0","0","0x0010"
"12947","2026-08-15T10:07:28.960271400-0500","81.707301500","192.168.0.178","192.168.0.186","25565","25858","5472853","43239","1460","0","0x0010"
"12948","2026-08-15T10:07:28.960271400-0500","81.707301500","192.168.0.178","192.168.0.186","25565","25858","5474313","43239","1460","0","0x0010"
"12949","2026-08-15T10:07:28.960289700-0500","81.707319800","192.168.0.186","192.168.0.178","25858","25565","43239","5475773","0","0","0x0010"
"12950","2026-08-15T10:07:28.960501500-0500","81.707531600","192.168.0.178","192.168.0.186","25565","25858","5475773","43239","1460","0","0x0010"
"12951","2026-08-15T10:07:28.960568600-0500","81.707598700","192.168.0.178","192.168.0.186","25565","25858","5477233","43239","1460","0","0x0010"
"12952","2026-08-15T10:07:28.960576000-0500","81.707606100","192.168.0.186","192.168.0.178","25858","25565","43239","5478693","0","0","0x0010"
"12953","2026-08-15T10:07:28.960634100-0500","81.707664200","192.168.0.178","192.168.0.186","25565","25858","5478693","43239","1460","0","0x0010"
"12954","2026-08-15T10:07:28.960831100-0500","81.707861200","192.168.0.178","192.168.0.186","25565","25858","5480153","43239","454","0","0x0018"
"12955","2026-08-15T10:07:28.960852400-0500","81.707882500","192.168.0.186","192.168.0.178","25858","25565","43239","5480607","0","0","0x0010"
"12956","2026-08-15T10:07:28.977488100-0500","81.724518200","192.168.0.186","192.168.0.178","25858","25565","43239","5480607","3","0","0x0018"
"12957","2026-08-15T10:07:29.004621800-0500","81.751651900","192.168.0.178","192.168.0.186","25565","25858","5480607","43242","1460","0","0x0010"
"12958","2026-08-15T10:07:29.004621800-0500","81.751651900","192.168.0.178","192.168.0.186","25565","25858","5482067","43242","1460","0","0x0010"
"12959","2026-08-15T10:07:29.004673000-0500","81.751703100","192.168.0.186","192.168.0.178","25858","25565","43242","5483527","0","0","0x0010"
"12960","2026-08-15T10:07:29.004727800-0500","81.751757900","192.168.0.178","192.168.0.186","25565","25858","5483527","43242","1460","0","0x0010"
"12961","2026-08-15T10:07:29.004867100-0500","81.751897200","192.168.0.178","192.168.0.186","25565","25858","5484987","43242","1460","0","0x0010"
"12962","2026-08-15T10:07:29.004887400-0500","81.751917500","192.168.0.186","192.168.0.178","25858","25565","43242","5486447","0","0","0x0010"
"12963","2026-08-15T10:07:29.004950300-0500","81.751980400","192.168.0.178","192.168.0.186","25565","25858","5486447","43242","1460","0","0x0010"
"12964","2026-08-15T10:07:29.005200200-0500","81.752230300","192.168.0.178","192.168.0.186","25565","25858","5487907","43242","1460","0","0x0010"
"12965","2026-08-15T10:07:29.005200200-0500","81.752230300","192.168.0.178","192.168.0.186","25565","25858","5489367","43242","1460","0","0x0010"
"12966","2026-08-15T10:07:29.005221700-0500","81.752251800","192.168.0.186","192.168.0.178","25858","25565","43242","5490827","0","0","0x0010"
"12967","2026-08-15T10:07:29.005438800-0500","81.752468900","192.168.0.178","192.168.0.186","25565","25858","5490827","43242","1460","0","0x0010"
"12968","2026-08-15T10:07:29.005459800-0500","81.752489900","192.168.0.186","192.168.0.178","25858","25565","43242","5492287","0","0","0x0010"
"12969","2026-08-15T10:07:29.005507000-0500","81.752537100","192.168.0.178","192.168.0.186","25565","25858","5492287","43242","1460","0","0x0010"
"12970","2026-08-15T10:07:29.005584600-0500","81.752614700","192.168.0.178","192.168.0.186","25565","25858","5493747","43242","1460","0","0x0010"
"12971","2026-08-15T10:07:29.005590600-0500","81.752620700","192.168.0.186","192.168.0.178","25858","25565","43242","5495207","0","0","0x0010"
"12972","2026-08-15T10:07:29.005797100-0500","81.752827200","192.168.0.178","192.168.0.186","25565","25858","5495207","43242","1460","0","0x0018"
"12973","2026-08-15T10:07:29.005853700-0500","81.752883800","192.168.0.178","192.168.0.186","25565","25858","5496667","43242","1460","0","0x0010"
"12974","2026-08-15T10:07:29.005860500-0500","81.752890600","192.168.0.186","192.168.0.178","25858","25565","43242","5498127","0","0","0x0010"
"12975","2026-08-15T10:07:29.006044800-0500","81.753074900","192.168.0.178","192.168.0.186","25565","25858","5498127","43242","1460","0","0x0010"
"12976","2026-08-15T10:07:29.006122800-0500","81.753152900","192.168.0.178","192.168.0.186","25565","25858","5499587","43242","1460","0","0x0010"
"12977","2026-08-15T10:07:29.006131500-0500","81.753161600","192.168.0.186","192.168.0.178","25858","25565","43242","5501047","0","0","0x0010"
"12978","2026-08-15T10:07:29.006186300-0500","81.753216400","192.168.0.178","192.168.0.186","25565","25858","5501047","43242","1460","0","0x0010"
"12979","2026-08-15T10:07:29.006426400-0500","81.753456500","192.168.0.178","192.168.0.186","25565","25858","5502507","43242","1007","0","0x0018"
"12980","2026-08-15T10:07:29.006450100-0500","81.753480200","192.168.0.186","192.168.0.178","25858","25565","43242","5503514","0","0","0x0010"
"12981","2026-08-15T10:07:29.026360700-0500","81.773390800","192.168.0.186","192.168.0.178","25858","25565","43242","5503514","3","0","0x0018"
"12982","2026-08-15T10:07:29.056461800-0500","81.803491900","192.168.0.178","192.168.0.186","25565","25858","5503514","43245","1460","0","0x0010"
"12983","2026-08-15T10:07:29.056461800-0500","81.803491900","192.168.0.178","192.168.0.186","25565","25858","5504974","43245","1460","0","0x0010"
"12984","2026-08-15T10:07:29.056522100-0500","81.803552200","192.168.0.186","192.168.0.178","25858","25565","43245","5506434","0","0","0x0010"
"12985","2026-08-15T10:07:29.056573100-0500","81.803603200","192.168.0.178","192.168.0.186","25565","25858","5506434","43245","1460","0","0x0010"
"12986","2026-08-15T10:07:29.056623300-0500","81.803653400","192.168.0.178","192.168.0.186","25565","25858","5507894","43245","1460","0","0x0010"
"12987","2026-08-15T10:07:29.056630100-0500","81.803660200","192.168.0.186","192.168.0.178","25858","25565","43245","5509354","0","0","0x0010"
"12988","2026-08-15T10:07:29.056810600-0500","81.803840700","192.168.0.178","192.168.0.186","25565","25858","5509354","43245","1460","0","0x0010"
"12989","2026-08-15T10:07:29.056875900-0500","81.803906000","192.168.0.178","192.168.0.186","25565","25858","5510814","43245","1460","0","0x0010"
"12990","2026-08-15T10:07:29.056885400-0500","81.803915500","192.168.0.186","192.168.0.178","25858","25565","43245","5512274","0","0","0x0010"
"12991","2026-08-15T10:07:29.057069200-0500","81.804099300","192.168.0.178","192.168.0.186","25565","25858","5512274","43245","1460","0","0x0010"
"12992","2026-08-15T10:07:29.057126000-0500","81.804156100","192.168.0.178","192.168.0.186","25565","25858","5513734","43245","1460","0","0x0010"
"12993","2026-08-15T10:07:29.057139700-0500","81.804169800","192.168.0.186","192.168.0.178","25858","25565","43245","5515194","0","0","0x0010"
"12994","2026-08-15T10:07:29.057353300-0500","81.804383400","192.168.0.178","192.168.0.186","25565","25858","5515194","43245","1460","0","0x0010"
"12995","2026-08-15T10:07:29.057353300-0500","81.804383400","192.168.0.178","192.168.0.186","25565","25858","5516654","43245","1460","0","0x0010"
"12996","2026-08-15T10:07:29.057381200-0500","81.804411300","192.168.0.186","192.168.0.178","25858","25565","43245","5518114","0","0","0x0010"
"12997","2026-08-15T10:07:29.057624700-0500","81.804654800","192.168.0.178","192.168.0.186","25565","25858","5518114","43245","1460","0","0x0018"
"12998","2026-08-15T10:07:29.057624700-0500","81.804654800","192.168.0.178","192.168.0.186","25565","25858","5519574","43245","1460","0","0x0010"
"12999","2026-08-15T10:07:29.057649600-0500","81.804679700","192.168.0.186","192.168.0.178","25858","25565","43245","5521034","0","0","0x0010"
"13000","2026-08-15T10:07:29.057716800-0500","81.804746900","192.168.0.178","192.168.0.186","25565","25858","5521034","43245","1460","0","0x0010"
"13001","2026-08-15T10:07:29.057937500-0500","81.804967600","192.168.0.178","192.168.0.186","25565","25858","5522494","43245","1460","0","0x0010"
"13002","2026-08-15T10:07:29.057937500-0500","81.804967600","192.168.0.178","192.168.0.186","25565","25858","5523954","43245","643","0","0x0018"
"13003","2026-08-15T10:07:29.057968400-0500","81.804998500","192.168.0.186","192.168.0.178","25858","25565","43245","5524597","0","0","0x0010"
"13004","2026-08-15T10:07:29.077024800-0500","81.824054900","192.168.0.186","192.168.0.178","25858","25565","43245","5524597","3","0","0x0018"
"13005","2026-08-15T10:07:29.106089700-0500","81.853119800","192.168.0.178","192.168.0.186","25565","25858","5524597","43248","1460","0","0x0010"
"13006","2026-08-15T10:07:29.106089700-0500","81.853119800","192.168.0.178","192.168.0.186","25565","25858","5526057","43248","1460","0","0x0010"
"13007","2026-08-15T10:07:29.106089700-0500","81.853119800","192.168.0.178","192.168.0.186","25565","25858","5527517","43248","1460","0","0x0010"
"13008","2026-08-15T10:07:29.106153500-0500","81.853183600","192.168.0.186","192.168.0.178","25858","25565","43248","5528977","0","0","0x0010"
"13009","2026-08-15T10:07:29.106213800-0500","81.853243900","192.168.0.178","192.168.0.186","25565","25858","5528977","43248","1460","0","0x0010"
"13010","2026-08-15T10:07:29.106226900-0500","81.853257000","192.168.0.186","192.168.0.178","25858","25565","43248","5530437","0","0","0x0010"
"13011","2026-08-15T10:07:29.106434300-0500","81.853464400","192.168.0.178","192.168.0.186","25565","25858","5530437","43248","1460","0","0x0010"
"13012","2026-08-15T10:07:29.106484500-0500","81.853514600","192.168.0.178","192.168.0.186","25565","25858","5531897","43248","1460","0","0x0010"
"13013","2026-08-15T10:07:29.106495200-0500","81.853525300","192.168.0.186","192.168.0.178","25858","25565","43248","5533357","0","0","0x0010"
"13014","2026-08-15T10:07:29.106703300-0500","81.853733400","192.168.0.178","192.168.0.186","25565","25858","5533357","43248","1460","0","0x0010"
"13015","2026-08-15T10:07:29.106703300-0500","81.853733400","192.168.0.178","192.168.0.186","25565","25858","5534817","43248","1460","0","0x0010"
"13016","2026-08-15T10:07:29.106730700-0500","81.853760800","192.168.0.186","192.168.0.178","25858","25565","43248","5536277","0","0","0x0010"
"13017","2026-08-15T10:07:29.106945000-0500","81.853975100","192.168.0.178","192.168.0.186","25565","25858","5536277","43248","1460","0","0x0010"
"13018","2026-08-15T10:07:29.106945000-0500","81.853975100","192.168.0.178","192.168.0.186","25565","25858","5537737","43248","1460","0","0x0010"
"13019","2026-08-15T10:07:29.106970700-0500","81.854000800","192.168.0.186","192.168.0.178","25858","25565","43248","5539197","0","0","0x0010"
"13020","2026-08-15T10:07:29.107191300-0500","81.854221400","192.168.0.178","192.168.0.186","25565","25858","5539197","43248","1460","0","0x0018"
"13021","2026-08-15T10:07:29.107191300-0500","81.854221400","192.168.0.178","192.168.0.186","25565","25858","5540657","43248","1460","0","0x0010"
"13022","2026-08-15T10:07:29.107217300-0500","81.854247400","192.168.0.186","192.168.0.178","25858","25565","43248","5542117","0","0","0x0010"
"13023","2026-08-15T10:07:29.107422300-0500","81.854452400","192.168.0.178","192.168.0.186","25565","25858","5542117","43248","1460","0","0x0010"
"13024","2026-08-15T10:07:29.107422300-0500","81.854452400","192.168.0.178","192.168.0.186","25565","25858","5543577","43248","975","0","0x0018"
"13025","2026-08-15T10:07:29.107453800-0500","81.854483900","192.168.0.186","192.168.0.178","25858","25565","43248","5544552","0","0","0x0010"
"13026","2026-08-15T10:07:29.126528100-0500","81.873558200","192.168.0.186","192.168.0.178","25858","25565","43248","5544552","3","0","0x0018"
"13027","2026-08-15T10:07:29.153404600-0500","81.900434700","192.168.0.178","192.168.0.186","25565","25858","5544552","43251","1460","0","0x0010"
"13028","2026-08-15T10:07:29.153404600-0500","81.900434700","192.168.0.178","192.168.0.186","25565","25858","5546012","43251","1460","0","0x0010"
"13029","2026-08-15T10:07:29.153463100-0500","81.900493200","192.168.0.186","192.168.0.178","25858","25565","43251","5547472","0","0","0x0010"
"13030","2026-08-15T10:07:29.153526700-0500","81.900556800","192.168.0.178","192.168.0.186","25565","25858","5547472","43251","1460","0","0x0010"
"13031","2026-08-15T10:07:29.153645800-0500","81.900675900","192.168.0.178","192.168.0.186","25565","25858","5548932","43251","1460","0","0x0010"
"13032","2026-08-15T10:07:29.153655100-0500","81.900685200","192.168.0.186","192.168.0.178","25858","25565","43251","5550392","0","0","0x0010"
"13033","2026-08-15T10:07:29.153867900-0500","81.900898000","192.168.0.178","192.168.0.186","25565","25858","5550392","43251","1460","0","0x0010"
"13034","2026-08-15T10:07:29.153867900-0500","81.900898000","192.168.0.178","192.168.0.186","25565","25858","5551852","43251","1460","0","0x0010"
"13035","2026-08-15T10:07:29.153897400-0500","81.900927500","192.168.0.186","192.168.0.178","25858","25565","43251","5553312","0","0","0x0010"
"13036","2026-08-15T10:07:29.154112200-0500","81.901142300","192.168.0.178","192.168.0.186","25565","25858","5553312","43251","1460","0","0x0010"
"13037","2026-08-15T10:07:29.154112200-0500","81.901142300","192.168.0.178","192.168.0.186","25565","25858","5554772","43251","1460","0","0x0010"
"13038","2026-08-15T10:07:29.154134100-0500","81.901164200","192.168.0.186","192.168.0.178","25858","25565","43251","5556232","0","0","0x0010"
"13039","2026-08-15T10:07:29.154382500-0500","81.901412600","192.168.0.178","192.168.0.186","25565","25858","5556232","43251","1407","0","0x0018"
"13040","2026-08-15T10:07:29.177959800-0500","81.924989900","192.168.0.186","192.168.0.178","25858","25565","43251","5557639","3","0","0x0018"
"13041","2026-08-15T10:07:29.203243400-0500","81.950273500","192.168.0.178","192.168.0.186","25565","25858","5557639","43254","1460","0","0x0010"
"13042","2026-08-15T10:07:29.203243400-0500","81.950273500","192.168.0.178","192.168.0.186","25565","25858","5559099","43254","177","0","0x0018"
"13043","2026-08-15T10:07:29.203308300-0500","81.950338400","192.168.0.186","192.168.0.178","25858","25565","43254","5559276","0","0","0x0010"
"13044","2026-08-15T10:07:29.228091300-0500","81.975121400","192.168.0.186","192.168.0.178","25858","25565","43254","5559276","3","0","0x0018"
"13045","2026-08-15T10:07:29.253047500-0500","82.000077600","192.168.0.178","192.168.0.186","25565","25858","5559276","43257","371","0","0x0018"
"13046","2026-08-15T10:07:29.278131900-0500","82.025162000","192.168.0.186","192.168.0.178","25858","25565","43257","5559647","3","0","0x0018"
"13047","2026-08-15T10:07:29.304266200-0500","82.051296300","192.168.0.178","192.168.0.186","25565","25858","5559647","43260","876","0","0x0018"
"13048","2026-08-15T10:07:29.327028200-0500","82.074058300","192.168.0.186","192.168.0.178","25858","25565","43260","5560523","28","0","0x0018"
"13049","2026-08-15T10:07:29.327881000-0500","82.074911100","192.168.0.186","192.168.0.178","25858","25565","43288","5560523","3","0","0x0018"
"13050","2026-08-15T10:07:29.328604300-0500","82.075634400","192.168.0.178","192.168.0.186","25565","25858","5560523","43291","0","0","0x0010"
"13051","2026-08-15T10:07:29.354764400-0500","82.101794500","192.168.0.178","192.168.0.186","25565","25858","5560523","43291","1154","0","0x0018"
"13052","2026-08-15T10:07:29.376960300-0500","82.123990400","192.168.0.186","192.168.0.178","25858","25565","43291","5561677","3","0","0x0018"
"13053","2026-08-15T10:07:29.404004700-0500","82.151034800","192.168.0.178","192.168.0.186","25565","25858","5561677","43294","1158","0","0x0018"
"13054","2026-08-15T10:07:29.426634800-0500","82.173664900","192.168.0.186","192.168.0.178","25858","25565","43294","5562835","3","0","0x0018"
"13055","2026-08-15T10:07:29.453138300-0500","82.200168400","192.168.0.178","192.168.0.186","25565","25858","5562835","43297","1460","0","0x0010"
"13056","2026-08-15T10:07:29.453138300-0500","82.200168400","192.168.0.178","192.168.0.186","25565","25858","5564295","43297","500","0","0x0018"
"13057","2026-08-15T10:07:29.453199200-0500","82.200229300","192.168.0.186","192.168.0.178","25858","25565","43297","5564795","0","0","0x0010"
"13058","2026-08-15T10:07:29.478139500-0500","82.225169600","192.168.0.186","192.168.0.178","25858","25565","43297","5564795","3","0","0x0018"
"13059","2026-08-15T10:07:29.509734800-0500","82.256764900","192.168.0.178","192.168.0.186","25565","25858","5564795","43300","204","0","0x0018"
"13060","2026-08-15T10:07:29.528419300-0500","82.275449400","192.168.0.186","192.168.0.178","25858","25565","43300","5564999","3","0","0x0018"
"13061","2026-08-15T10:07:29.552911900-0500","82.299942000","192.168.0.178","192.168.0.186","25565","25858","5564999","43303","736","0","0x0018"
"13062","2026-08-15T10:07:29.577391800-0500","82.324421900","192.168.0.186","192.168.0.178","25858","25565","43303","5565735","3","0","0x0018"
"13063","2026-08-15T10:07:29.602898700-0500","82.349928800","192.168.0.178","192.168.0.186","25565","25858","5565735","43306","1302","0","0x0018"
"13064","2026-08-15T10:07:29.626529800-0500","82.373559900","192.168.0.186","192.168.0.178","25858","25565","43306","5567037","3","0","0x0018"
"13065","2026-08-15T10:07:29.654807100-0500","82.401837200","192.168.0.178","192.168.0.186","25565","25858","5567037","43309","571","0","0x0018"
"13066","2026-08-15T10:07:29.655253000-0500","82.402283100","192.168.0.186","192.168.0.178","25858","25565","43309","5567608","11","0","0x0018"
"13067","2026-08-15T10:07:29.677515700-0500","82.424545800","192.168.0.186","192.168.0.178","25858","25565","43320","5567608","3","0","0x0018"
"13068","2026-08-15T10:07:29.678232800-0500","82.425262900","192.168.0.178","192.168.0.186","25565","25858","5567608","43323","0","0","0x0010"
"13069","2026-08-15T10:07:29.702561900-0500","82.449592000","192.168.0.178","192.168.0.186","25565","25858","5567608","43323","1460","0","0x0010"
"13070","2026-08-15T10:07:29.702561900-0500","82.449592000","192.168.0.178","192.168.0.186","25565","25858","5569068","43323","1460","0","0x0010"
"13071","2026-08-15T10:07:29.702617800-0500","82.449647900","192.168.0.186","192.168.0.178","25858","25565","43323","5570528","0","0","0x0010"
"13072","2026-08-15T10:07:29.702697700-0500","82.449727800","192.168.0.178","192.168.0.186","25565","25858","5570528","43323","510","0","0x0018"
"13073","2026-08-15T10:07:29.728509100-0500","82.475539200","192.168.0.186","192.168.0.178","25858","25565","43323","5571038","3","0","0x0018"
"13074","2026-08-15T10:07:29.753652700-0500","82.500682800","192.168.0.178","192.168.0.186","25565","25858","5571038","43326","1460","0","0x0010"
"13075","2026-08-15T10:07:29.753652700-0500","82.500682800","192.168.0.178","192.168.0.186","25565","25858","5572498","43326","1460","0","0x0010"
"13076","2026-08-15T10:07:29.753730500-0500","82.500760600","192.168.0.186","192.168.0.178","25858","25565","43326","5573958","0","0","0x0010"
"13077","2026-08-15T10:07:29.753825300-0500","82.500855400","192.168.0.178","192.168.0.186","25565","25858","5573958","43326","1460","0","0x0010"
"13078","2026-08-15T10:07:29.753878700-0500","82.500908800","192.168.0.178","192.168.0.186","25565","25858","5575418","43326","1460","0","0x0010"
"13079","2026-08-15T10:07:29.753889500-0500","82.500919600","192.168.0.186","192.168.0.178","25858","25565","43326","5576878","0","0","0x0010"
"13080","2026-08-15T10:07:29.754020900-0500","82.501051000","192.168.0.178","192.168.0.186","25565","25858","5576878","43326","1460","0","0x0010"
"13081","2026-08-15T10:07:29.754110400-0500","82.501140500","192.168.0.178","192.168.0.186","25565","25858","5578338","43326","1460","0","0x0010"
"13082","2026-08-15T10:07:29.754116800-0500","82.501146900","192.168.0.186","192.168.0.178","25858","25565","43326","5579798","0","0","0x0010"
"13083","2026-08-15T10:07:29.754349900-0500","82.501380000","192.168.0.178","192.168.0.186","25565","25858","5579798","43326","1460","0","0x0010"
"13084","2026-08-15T10:07:29.754349900-0500","82.501380000","192.168.0.178","192.168.0.186","25565","25858","5581258","43326","1460","0","0x0010"
"13085","2026-08-15T10:07:29.754393200-0500","82.501423300","192.168.0.186","192.168.0.178","25858","25565","43326","5582718","0","0","0x0010"
"13086","2026-08-15T10:07:29.754509100-0500","82.501539200","192.168.0.178","192.168.0.186","25565","25858","5582718","43326","1460","0","0x0010"
"13087","2026-08-15T10:07:29.754738100-0500","82.501768200","192.168.0.178","192.168.0.186","25565","25858","5584178","43326","1460","0","0x0010"
"13088","2026-08-15T10:07:29.754738100-0500","82.501768200","192.168.0.178","192.168.0.186","25565","25858","5585638","43326","1460","0","0x0018"
"13089","2026-08-15T10:07:29.754776500-0500","82.501806600","192.168.0.186","192.168.0.178","25858","25565","43326","5587098","0","0","0x0010"
"13090","2026-08-15T10:07:29.754841300-0500","82.501871400","192.168.0.178","192.168.0.186","25565","25858","5587098","43326","1460","0","0x0010"
"13091","2026-08-15T10:07:29.754855000-0500","82.501885100","192.168.0.186","192.168.0.178","25858","25565","43326","5588558","0","0","0x0010"
"13092","2026-08-15T10:07:29.755088600-0500","82.502118700","192.168.0.178","192.168.0.186","25565","25858","5588558","43326","1460","0","0x0010"
"13093","2026-08-15T10:07:29.755088600-0500","82.502118700","192.168.0.178","192.168.0.186","25565","25858","5590018","43326","1460","0","0x0010"
"13094","2026-08-15T10:07:29.755129100-0500","82.502159200","192.168.0.186","192.168.0.178","25858","25565","43326","5591478","0","0","0x0010"
"13095","2026-08-15T10:07:29.755191100-0500","82.502221200","192.168.0.178","192.168.0.186","25565","25858","5591478","43326","1320","0","0x0018"
"13096","2026-08-15T10:07:29.776830800-0500","82.523860900","192.168.0.186","192.168.0.178","25858","25565","43326","5592798","3","0","0x0018"
"13097","2026-08-15T10:07:29.804784100-0500","82.551814200","192.168.0.178","192.168.0.186","25565","25858","5592798","43329","1460","0","0x0010"
"13098","2026-08-15T10:07:29.804784100-0500","82.551814200","192.168.0.178","192.168.0.186","25565","25858","5594258","43329","1460","0","0x0010"
"13099","2026-08-15T10:07:29.804841300-0500","82.551871400","192.168.0.186","192.168.0.178","25858","25565","43329","5595718","0","0","0x0010"
"13100","2026-08-15T10:07:29.804886300-0500","82.551916400","192.168.0.178","192.168.0.186","25565","25858","5595718","43329","1460","0","0x0010"
"13101","2026-08-15T10:07:29.805106600-0500","82.552136700","192.168.0.178","192.168.0.186","25565","25858","5597178","43329","1460","0","0x0010"
"13102","2026-08-15T10:07:29.805106600-0500","82.552136700","192.168.0.178","192.168.0.186","25565","25858","5598638","43329","1224","0","0x0018"
"13103","2026-08-15T10:07:29.805141200-0500","82.552171300","192.168.0.186","192.168.0.178","25858","25565","43329","5599862","0","0","0x0010"
"13104","2026-08-15T10:07:29.826739300-0500","82.573769400","192.168.0.186","192.168.0.178","25858","25565","43329","5599862","3","0","0x0018"
"13105","2026-08-15T10:07:29.854007800-0500","82.601037900","192.168.0.178","192.168.0.186","25565","25858","5599862","43332","1460","0","0x0010"
"13106","2026-08-15T10:07:29.854007800-0500","82.601037900","192.168.0.178","192.168.0.186","25565","25858","5601322","43332","963","0","0x0018"
"13107","2026-08-15T10:07:29.854068500-0500","82.601098600","192.168.0.186","192.168.0.178","25858","25565","43332","5602285","0","0","0x0010"
"13108","2026-08-15T10:07:29.878301600-0500","82.625331700","192.168.0.186","192.168.0.178","25858","25565","43332","5602285","3","0","0x0018"
"13109","2026-08-15T10:07:29.903437400-0500","82.650467500","192.168.0.178","192.168.0.186","25565","25858","5602285","43335","683","0","0x0018"
"13110","2026-08-15T10:07:29.927563400-0500","82.674593500","192.168.0.186","192.168.0.178","25858","25565","43335","5602968","3","0","0x0018"
"13111","2026-08-15T10:07:29.954242400-0500","82.701272500","192.168.0.178","192.168.0.186","25565","25858","5602968","43338","1460","0","0x0010"
"13112","2026-08-15T10:07:29.954242400-0500","82.701272500","192.168.0.178","192.168.0.186","25565","25858","5604428","43338","1460","0","0x0010"
"13113","2026-08-15T10:07:29.954309300-0500","82.701339400","192.168.0.186","192.168.0.178","25858","25565","43338","5605888","0","0","0x0010"
"13114","2026-08-15T10:07:29.954355700-0500","82.701385800","192.168.0.178","192.168.0.186","25565","25858","5605888","43338","1460","0","0x0010"
"13115","2026-08-15T10:07:29.954445500-0500","82.701475600","192.168.0.178","192.168.0.186","25565","25858","5607348","43338","660","0","0x0018"
"13116","2026-08-15T10:07:29.954454200-0500","82.701484300","192.168.0.186","192.168.0.178","25858","25565","43338","5608008","0","0","0x0010"
"13117","2026-08-15T10:07:29.977722600-0500","82.724752700","192.168.0.186","192.168.0.178","25858","25565","43338","5608008","3","0","0x0018"
"13118","2026-08-15T10:07:30.005966900-0500","82.752997000","192.168.0.178","192.168.0.186","25565","25858","5608008","43341","352","0","0x0018"
"13119","2026-08-15T10:07:30.028148800-0500","82.775178900","192.168.0.186","192.168.0.178","25858","25565","43341","5608360","3","0","0x0018"
"13120","2026-08-15T10:07:30.053934100-0500","82.800964200","192.168.0.178","192.168.0.186","25565","25858","5608360","43344","1068","0","0x0018"
"13121","2026-08-15T10:07:30.077271800-0500","82.824301900","192.168.0.186","192.168.0.178","25858","25565","43344","5609428","3","0","0x0018"
"13122","2026-08-15T10:07:30.104151400-0500","82.851181500","192.168.0.178","192.168.0.186","25565","25858","5609428","43347","1460","0","0x0010"
"13123","2026-08-15T10:07:30.104151400-0500","82.851181500","192.168.0.178","192.168.0.186","25565","25858","5610888","43347","1460","0","0x0010"
"13124","2026-08-15T10:07:30.104151400-0500","82.851181500","192.168.0.178","192.168.0.186","25565","25858","5612348","43347","169","0","0x0018"
"13125","2026-08-15T10:07:30.104206200-0500","82.851236300","192.168.0.186","192.168.0.178","25858","25565","43347","5612517","0","0","0x0010"
"13126","2026-08-15T10:07:30.127833100-0500","82.874863200","192.168.0.186","192.168.0.178","25858","25565","43347","5612517","3","0","0x0018"
"13127","2026-08-15T10:07:30.154628100-0500","82.901658200","192.168.0.178","192.168.0.186","25565","25858","5612517","43350","1460","0","0x0010"
"13128","2026-08-15T10:07:30.154628100-0500","82.901658200","192.168.0.178","192.168.0.186","25565","25858","5613977","43350","1460","0","0x0010"
"13129","2026-08-15T10:07:30.154695500-0500","82.901725600","192.168.0.186","192.168.0.178","25858","25565","43350","5615437","0","0","0x0010"
"13130","2026-08-15T10:07:30.154738200-0500","82.901768300","192.168.0.178","192.168.0.186","25565","25858","5615437","43350","1460","0","0x0010"
"13131","2026-08-15T10:07:30.154793700-0500","82.901823800","192.168.0.178","192.168.0.186","25565","25858","5616897","43350","1460","0","0x0010"
"13132","2026-08-15T10:07:30.154804400-0500","82.901834500","192.168.0.186","192.168.0.178","25858","25565","43350","5618357","0","0","0x0010"
"13133","2026-08-15T10:07:30.155032200-0500","82.902062300","192.168.0.178","192.168.0.186","25565","25858","5618357","43350","1460","0","0x0010"
"13134","2026-08-15T10:07:30.155104600-0500","82.902134700","192.168.0.178","192.168.0.186","25565","25858","5619817","43350","1460","0","0x0010"
"13135","2026-08-15T10:07:30.155120900-0500","82.902151000","192.168.0.186","192.168.0.178","25858","25565","43350","5621277","0","0","0x0010"
"13136","2026-08-15T10:07:30.155172800-0500","82.902202900","192.168.0.178","192.168.0.186","25565","25858","5621277","43350","1460","0","0x0010"
"13137","2026-08-15T10:07:30.155400700-0500","82.902430800","192.168.0.178","192.168.0.186","25565","25858","5622737","43350","1460","0","0x0010"
"13138","2026-08-15T10:07:30.155454800-0500","82.902484900","192.168.0.186","192.168.0.178","25858","25565","43350","5624197","0","0","0x0010"
"13139","2026-08-15T10:07:30.155507100-0500","82.902537200","192.168.0.178","192.168.0.186","25565","25858","5624197","43350","1460","0","0x0010"
"13140","2026-08-15T10:07:30.155563500-0500","82.902593600","192.168.0.178","192.168.0.186","25565","25858","5625657","43350","1460","0","0x0010"
"13141","2026-08-15T10:07:30.155574800-0500","82.902604900","192.168.0.186","192.168.0.178","25858","25565","43350","5627117","0","0","0x0010"
"13142","2026-08-15T10:07:30.155804100-0500","82.902834200","192.168.0.178","192.168.0.186","25565","25858","5627117","43350","1460","0","0x0018"
"13143","2026-08-15T10:07:30.155804100-0500","82.902834200","192.168.0.178","192.168.0.186","25565","25858","5628577","43350","1460","0","0x0010"
"13144","2026-08-15T10:07:30.155852700-0500","82.902882800","192.168.0.186","192.168.0.178","25858","25565","43350","5630037","0","0","0x0010"
"13145","2026-08-15T10:07:30.155916300-0500","82.902946400","192.168.0.178","192.168.0.186","25565","25858","5630037","43350","1460","0","0x0010"
"13146","2026-08-15T10:07:30.156134800-0500","82.903164900","192.168.0.178","192.168.0.186","25565","25858","5631497","43350","1460","0","0x0010"
"13147","2026-08-15T10:07:30.156134800-0500","82.903164900","192.168.0.178","192.168.0.186","25565","25858","5632957","43350","777","0","0x0018"
"13148","2026-08-15T10:07:30.156178500-0500","82.903208600","192.168.0.186","192.168.0.178","25858","25565","43350","5633734","0","0","0x0010"
"13149","2026-08-15T10:07:30.176302500-0500","82.923332600","192.168.0.186","192.168.0.178","25858","25565","43350","5633734","3","0","0x0018"
"13150","2026-08-15T10:07:30.206296400-0500","82.953326500","192.168.0.178","192.168.0.186","25565","25858","5633734","43353","1460","0","0x0010"
"13151","2026-08-15T10:07:30.206296400-0500","82.953326500","192.168.0.178","192.168.0.186","25565","25858","5635194","43353","1460","0","0x0010"
"13152","2026-08-15T10:07:30.206357000-0500","82.953387100","192.168.0.186","192.168.0.178","25858","25565","43353","5636654","0","0","0x0010"
"13153","2026-08-15T10:07:30.206402100-0500","82.953432200","192.168.0.178","192.168.0.186","25565","25858","5636654","43353","1460","0","0x0010"
"13154","2026-08-15T10:07:30.206628500-0500","82.953658600","192.168.0.178","192.168.0.186","25565","25858","5638114","43353","1460","0","0x0010"
"13155","2026-08-15T10:07:30.206628500-0500","82.953658600","192.168.0.178","192.168.0.186","25565","25858","5639574","43353","1460","0","0x0010"
"13156","2026-08-15T10:07:30.206669000-0500","82.953699100","192.168.0.186","192.168.0.178","25858","25565","43353","5641034","0","0","0x0010"
"13157","2026-08-15T10:07:30.206877500-0500","82.953907600","192.168.0.178","192.168.0.186","25565","25858","5641034","43353","1460","0","0x0010"
"13158","2026-08-15T10:07:30.206877500-0500","82.953907600","192.168.0.178","192.168.0.186","25565","25858","5642494","43353","1460","0","0x0010"
"13159","2026-08-15T10:07:30.206911900-0500","82.953942000","192.168.0.186","192.168.0.178","25858","25565","43353","5643954","0","0","0x0010"
"13160","2026-08-15T10:07:30.207131300-0500","82.954161400","192.168.0.178","192.168.0.186","25565","25858","5643954","43353","1460","0","0x0010"
"13161","2026-08-15T10:07:30.207131300-0500","82.954161400","192.168.0.178","192.168.0.186","25565","25858","5645414","43353","1460","0","0x0010"
"13162","2026-08-15T10:07:30.207165300-0500","82.954195400","192.168.0.186","192.168.0.178","25858","25565","43353","5646874","0","0","0x0010"
"13163","2026-08-15T10:07:30.207371300-0500","82.954401400","192.168.0.178","192.168.0.186","25565","25858","5646874","43353","1460","0","0x0010"
"13164","2026-08-15T10:07:30.207371300-0500","82.954401400","192.168.0.178","192.168.0.186","25565","25858","5648334","43353","1460","0","0x0018"
"13165","2026-08-15T10:07:30.207405300-0500","82.954435400","192.168.0.186","192.168.0.178","25858","25565","43353","5649794","0","0","0x0010"
"13166","2026-08-15T10:07:30.207627500-0500","82.954657600","192.168.0.178","192.168.0.186","25565","25858","5649794","43353","1460","0","0x0010"
"13167","2026-08-15T10:07:30.207627500-0500","82.954657600","192.168.0.178","192.168.0.186","25565","25858","5651254","43353","1460","0","0x0010"
"13168","2026-08-15T10:07:30.207662800-0500","82.954692900","192.168.0.186","192.168.0.178","25858","25565","43353","5652714","0","0","0x0010"
"13169","2026-08-15T10:07:30.207872200-0500","82.954902300","192.168.0.178","192.168.0.186","25565","25858","5652714","43353","1460","0","0x0010"
"13170","2026-08-15T10:07:30.207872200-0500","82.954902300","192.168.0.178","192.168.0.186","25565","25858","5654174","43353","1460","0","0x0010"
"13171","2026-08-15T10:07:30.207907900-0500","82.954938000","192.168.0.186","192.168.0.178","25858","25565","43353","5655634","0","0","0x0010"
"13172","2026-08-15T10:07:30.208028200-0500","82.955058300","192.168.0.178","192.168.0.186","25565","25858","5655634","43353","1460","0","0x0010"
"13173","2026-08-15T10:07:30.208044900-0500","82.955075000","192.168.0.186","192.168.0.178","25858","25565","43353","5657094","0","0","0x0010"
"13174","2026-08-15T10:07:30.208101400-0500","82.955131500","192.168.0.178","192.168.0.186","25565","25858","5657094","43353","1460","0","0x0010"
"13175","2026-08-15T10:07:30.208165800-0500","82.955195900","192.168.0.178","192.168.0.186","25565","25858","5658554","43353","440","0","0x0018"
"13176","2026-08-15T10:07:30.208174800-0500","82.955204900","192.168.0.186","192.168.0.178","25858","25565","43353","5658994","0","0","0x0010"
"13177","2026-08-15T10:07:30.226954100-0500","82.973984200","192.168.0.186","192.168.0.178","25858","25565","43353","5658994","3","0","0x0018"
"13178","2026-08-15T10:07:30.255667300-0500","83.002697400","192.168.0.178","192.168.0.186","25565","25858","5658994","43356","1460","0","0x0010"
"13179","2026-08-15T10:07:30.255667300-0500","83.002697400","192.168.0.178","192.168.0.186","25565","25858","5660454","43356","1460","0","0x0010"
"13180","2026-08-15T10:07:30.255727500-0500","83.002757600","192.168.0.186","192.168.0.178","25858","25565","43356","5661914","0","0","0x0010"
"13181","2026-08-15T10:07:30.255772300-0500","83.002802400","192.168.0.178","192.168.0.186","25565","25858","5661914","43356","1460","0","0x0010"
"13182","2026-08-15T10:07:30.255992300-0500","83.003022400","192.168.0.178","192.168.0.186","25565","25858","5663374","43356","1460","0","0x0010"
"13183","2026-08-15T10:07:30.255992300-0500","83.003022400","192.168.0.178","192.168.0.186","25565","25858","5664834","43356","1460","0","0x0010"
"13184","2026-08-15T10:07:30.256023600-0500","83.003053700","192.168.0.186","192.168.0.178","25858","25565","43356","5666294","0","0","0x0010"
"13185","2026-08-15T10:07:30.256243200-0500","83.003273300","192.168.0.178","192.168.0.186","25565","25858","5666294","43356","1460","0","0x0010"
"13186","2026-08-15T10:07:30.256243200-0500","83.003273300","192.168.0.178","192.168.0.186","25565","25858","5667754","43356","1460","0","0x0010"
"13187","2026-08-15T10:07:30.256275500-0500","83.003305600","192.168.0.186","192.168.0.178","25858","25565","43356","5669214","0","0","0x0010"
"13188","2026-08-15T10:07:30.256494900-0500","83.003525000","192.168.0.178","192.168.0.186","25565","25858","5669214","43356","1460","0","0x0010"
"13189","2026-08-15T10:07:30.256494900-0500","83.003525000","192.168.0.178","192.168.0.186","25565","25858","5670674","43356","1460","0","0x0010"
"13190","2026-08-15T10:07:30.256532200-0500","83.003562300","192.168.0.186","192.168.0.178","25858","25565","43356","5672134","0","0","0x0010"
"13191","2026-08-15T10:07:30.256602100-0500","83.003632200","192.168.0.178","192.168.0.186","25565","25858","5672134","43356","1460","0","0x0010"
"13192","2026-08-15T10:07:30.256609700-0500","83.003639800","192.168.0.186","192.168.0.178","25858","25565","43356","5673594","0","0","0x0010"
"13193","2026-08-15T10:07:30.256856200-0500","83.003886300","192.168.0.178","192.168.0.186","25565","25858","5673594","43356","1460","0","0x0018"
"13194","2026-08-15T10:07:30.256856200-0500","83.003886300","192.168.0.178","192.168.0.186","25565","25858","5675054","43356","1460","0","0x0010"
"13195","2026-08-15T10:07:30.256893300-0500","83.003923400","192.168.0.186","192.168.0.178","25858","25565","43356","5676514","0","0","0x0010"
"13196","2026-08-15T10:07:30.257101400-0500","83.004131500","192.168.0.178","192.168.0.186","25565","25858","5676514","43356","1460","0","0x0010"
"13197","2026-08-15T10:07:30.257101400-0500","83.004131500","192.168.0.178","192.168.0.186","25565","25858","5677974","43356","1460","0","0x0010"
"13198","2026-08-15T10:07:30.257134800-0500","83.004164900","192.168.0.186","192.168.0.178","25858","25565","43356","5679434","0","0","0x0010"
"13199","2026-08-15T10:07:30.257354000-0500","83.004384100","192.168.0.178","192.168.0.186","25565","25858","5679434","43356","1460","0","0x0010"
"13200","2026-08-15T10:07:30.257354000-0500","83.004384100","192.168.0.178","192.168.0.186","25565","25858","5680894","43356","1460","0","0x0010"
"13201","2026-08-15T10:07:30.257386800-0500","83.004416900","192.168.0.186","192.168.0.178","25858","25565","43356","5682354","0","0","0x0010"
"13202","2026-08-15T10:07:30.257507400-0500","83.004537500","192.168.0.178","192.168.0.186","25565","25858","5682354","43356","1460","0","0x0010"
"13203","2026-08-15T10:07:30.257562800-0500","83.004592900","192.168.0.178","192.168.0.186","25565","25858","5683814","43356","919","0","0x0018"
"13204","2026-08-15T10:07:30.257571000-0500","83.004601100","192.168.0.186","192.168.0.178","25858","25565","43356","5684733","0","0","0x0010"
"13205","2026-08-15T10:07:30.276381300-0500","83.023411400","192.168.0.186","192.168.0.178","25858","25565","43356","5684733","3","0","0x0018"
"13206","2026-08-15T10:07:30.304560700-0500","83.051590800","192.168.0.178","192.168.0.186","25565","25858","5684733","43359","1460","0","0x0010"
"13207","2026-08-15T10:07:30.304560700-0500","83.051590800","192.168.0.178","192.168.0.186","25565","25858","5686193","43359","1460","0","0x0010"
"13208","2026-08-15T10:07:30.304622500-0500","83.051652600","192.168.0.186","192.168.0.178","25858","25565","43359","5687653","0","0","0x0010"
"13209","2026-08-15T10:07:30.304669800-0500","83.051699900","192.168.0.178","192.168.0.186","25565","25858","5687653","43359","1460","0","0x0010"
"13210","2026-08-15T10:07:30.304895800-0500","83.051925900","192.168.0.178","192.168.0.186","25565","25858","5689113","43359","1460","0","0x0010"
"13211","2026-08-15T10:07:30.304895800-0500","83.051925900","192.168.0.178","192.168.0.186","25565","25858","5690573","43359","1460","0","0x0010"
"13212","2026-08-15T10:07:30.304942700-0500","83.051972800","192.168.0.186","192.168.0.178","25858","25565","43359","5692033","0","0","0x0010"
"13213","2026-08-15T10:07:30.305053100-0500","83.052083200","192.168.0.178","192.168.0.186","25565","25858","5692033","43359","1460","0","0x0010"
"13214","2026-08-15T10:07:30.305062500-0500","83.052092600","192.168.0.186","192.168.0.178","25858","25565","43359","5693493","0","0","0x0010"
"13215","2026-08-15T10:07:30.305185400-0500","83.052215500","192.168.0.178","192.168.0.186","25565","25858","5693493","43359","1460","0","0x0010"
"13216","2026-08-15T10:07:30.305258200-0500","83.052288300","192.168.0.178","192.168.0.186","25565","25858","5694953","43359","1460","0","0x0010"
"13217","2026-08-15T10:07:30.305269300-0500","83.052299400","192.168.0.186","192.168.0.178","25858","25565","43359","5696413","0","0","0x0010"
"13218","2026-08-15T10:07:30.305521600-0500","83.052551700","192.168.0.178","192.168.0.186","25565","25858","5696413","43359","1460","0","0x0010"
"13219","2026-08-15T10:07:30.305521600-0500","83.052551700","192.168.0.178","192.168.0.186","25565","25858","5697873","43359","1460","0","0x0010"
"13220","2026-08-15T10:07:30.305564400-0500","83.052594500","192.168.0.186","192.168.0.178","25858","25565","43359","5699333","0","0","0x0010"
"13221","2026-08-15T10:07:30.305628500-0500","83.052658600","192.168.0.178","192.168.0.186","25565","25858","5699333","43359","1460","0","0x0018"
"13222","2026-08-15T10:07:30.305917100-0500","83.052947200","192.168.0.178","192.168.0.186","25565","25858","5700793","43359","1460","0","0x0010"
"13223","2026-08-15T10:07:30.305917100-0500","83.052947200","192.168.0.178","192.168.0.186","25565","25858","5702253","43359","220","0","0x0018"
"13224","2026-08-15T10:07:30.305960400-0500","83.052990500","192.168.0.186","192.168.0.178","25858","25565","43359","5702473","0","0","0x0010"
"13225","2026-08-15T10:07:30.326389400-0500","83.073419500","192.168.0.186","192.168.0.178","25858","25565","43359","5702473","28","0","0x0018"
"13226","2026-08-15T10:07:30.327060300-0500","83.074090400","192.168.0.186","192.168.0.178","25858","25565","43387","5702473","3","0","0x0018"
"13227","2026-08-15T10:07:30.327707300-0500","83.074737400","192.168.0.178","192.168.0.186","25565","25858","5702473","43390","0","0","0x0010"
"13228","2026-08-15T10:07:30.354393900-0500","83.101424000","192.168.0.178","192.168.0.186","25565","25858","5702473","43390","1460","0","0x0010"
"13229","2026-08-15T10:07:30.354393900-0500","83.101424000","192.168.0.178","192.168.0.186","25565","25858","5703933","43390","1460","0","0x0010"
"13230","2026-08-15T10:07:30.354434100-0500","83.101464200","192.168.0.186","192.168.0.178","25858","25565","43390","5705393","0","0","0x0010"
"13231","2026-08-15T10:07:30.354641700-0500","83.101671800","192.168.0.178","192.168.0.186","25565","25858","5705393","43390","1460","0","0x0010"
"13232","2026-08-15T10:07:30.354641700-0500","83.101671800","192.168.0.178","192.168.0.186","25565","25858","5706853","43390","1460","0","0x0010"
"13233","2026-08-15T10:07:30.354674200-0500","83.101704300","192.168.0.186","192.168.0.178","25858","25565","43390","5708313","0","0","0x0010"
"13234","2026-08-15T10:07:30.354872000-0500","83.101902100","192.168.0.178","192.168.0.186","25565","25858","5708313","43390","1460","0","0x0010"
"13235","2026-08-15T10:07:30.354948300-0500","83.101978400","192.168.0.178","192.168.0.186","25565","25858","5709773","43390","1460","0","0x0010"
"13236","2026-08-15T10:07:30.354959200-0500","83.101989300","192.168.0.186","192.168.0.178","25858","25565","43390","5711233","0","0","0x0010"
"13237","2026-08-15T10:07:30.355012900-0500","83.102043000","192.168.0.178","192.168.0.186","25565","25858","5711233","43390","1460","0","0x0010"
"13238","2026-08-15T10:07:30.355241800-0500","83.102271900","192.168.0.178","192.168.0.186","25565","25858","5712693","43390","1460","0","0x0010"
"13239","2026-08-15T10:07:30.355268800-0500","83.102298900","192.168.0.186","192.168.0.178","25858","25565","43390","5714153","0","0","0x0010"
"13240","2026-08-15T10:07:30.355325600-0500","83.102355700","192.168.0.178","192.168.0.186","25565","25858","5714153","43390","1460","0","0x0010"
"13241","2026-08-15T10:07:30.355364500-0500","83.102394600","192.168.0.178","192.168.0.186","25565","25858","5715613","43390","1460","0","0x0010"
"13242","2026-08-15T10:07:30.355371600-0500","83.102401700","192.168.0.186","192.168.0.178","25858","25565","43390","5717073","0","0","0x0010"
"13243","2026-08-15T10:07:30.355532200-0500","83.102562300","192.168.0.178","192.168.0.186","25565","25858","5717073","43390","1460","0","0x0018"
"13244","2026-08-15T10:07:30.355619700-0500","83.102649800","192.168.0.178","192.168.0.186","25565","25858","5718533","43390","1460","0","0x0010"
"13245","2026-08-15T10:07:30.355628800-0500","83.102658900","192.168.0.186","192.168.0.178","25858","25565","43390","5719993","0","0","0x0010"
"13246","2026-08-15T10:07:30.355842900-0500","83.102873000","192.168.0.178","192.168.0.186","25565","25858","5719993","43390","1460","0","0x0010"
"13247","2026-08-15T10:07:30.355905100-0500","83.102935200","192.168.0.178","192.168.0.186","25565","25858","5721453","43390","1460","0","0x0010"
"13248","2026-08-15T10:07:30.355916400-0500","83.102946500","192.168.0.186","192.168.0.178","25858","25565","43390","5722913","0","0","0x0010"
"13249","2026-08-15T10:07:30.355982000-0500","83.103012100","192.168.0.178","192.168.0.186","25565","25858","5722913","43390","1460","0","0x0010"
"13250","2026-08-15T10:07:30.356228000-0500","83.103258100","192.168.0.178","192.168.0.186","25565","25858","5724373","43390","1460","0","0x0010"
"13251","2026-08-15T10:07:30.356228000-0500","83.103258100","192.168.0.178","192.168.0.186","25565","25858","5725833","43390","289","0","0x0018"
"13252","2026-08-15T10:07:30.356255900-0500","83.103286000","192.168.0.186","192.168.0.178","25858","25565","43390","5726122","0","0","0x0010"
"13253","2026-08-15T10:07:30.376453700-0500","83.123483800","192.168.0.186","192.168.0.178","25858","25565","43390","5726122","3","0","0x0018"
"13254","2026-08-15T10:07:30.403473800-0500","83.150503900","192.168.0.178","192.168.0.186","25565","25858","5726122","43393","1460","0","0x0010"
"13255","2026-08-15T10:07:30.403473800-0500","83.150503900","192.168.0.178","192.168.0.186","25565","25858","5727582","43393","531","0","0x0018"
"13256","2026-08-15T10:07:30.403521600-0500","83.150551700","192.168.0.186","192.168.0.178","25858","25565","43393","5728113","0","0","0x0010"
"13257","2026-08-15T10:07:30.427698500-0500","83.174728600","192.168.0.186","192.168.0.178","25858","25565","43393","5728113","3","0","0x0018"
"13258","2026-08-15T10:07:30.453220500-0500","83.200250600","192.168.0.178","192.168.0.186","25565","25858","5728113","43396","1460","0","0x0010"
"13259","2026-08-15T10:07:30.453220500-0500","83.200250600","192.168.0.178","192.168.0.186","25565","25858","5729573","43396","557","0","0x0018"
"13260","2026-08-15T10:07:30.453289700-0500","83.200319800","192.168.0.186","192.168.0.178","25858","25565","43396","5730130","0","0","0x0010"
"13261","2026-08-15T10:07:30.478412900-0500","83.225443000","192.168.0.186","192.168.0.178","25858","25565","43396","5730130","3","0","0x0018"
"13262","2026-08-15T10:07:30.507363700-0500","83.254393800","192.168.0.178","192.168.0.186","25565","25858","5730130","43399","1235","0","0x0018"
"13263","2026-08-15T10:07:30.528377700-0500","83.275407800","192.168.0.186","192.168.0.178","25858","25565","43399","5731365","3","0","0x0018"
"13264","2026-08-15T10:07:30.554894100-0500","83.301924200","192.168.0.178","192.168.0.186","25565","25858","5731365","43402","698","0","0x0018"
"13265","2026-08-15T10:07:30.577082600-0500","83.324112700","192.168.0.186","192.168.0.178","25858","25565","43402","5732063","3","0","0x0018"
"13266","2026-08-15T10:07:30.604638100-0500","83.351668200","192.168.0.178","192.168.0.186","25565","25858","5732063","43405","1460","0","0x0010"
"13267","2026-08-15T10:07:30.604734500-0500","83.351764600","192.168.0.178","192.168.0.186","25565","25858","5733523","43405","261","0","0x0018"
"13268","2026-08-15T10:07:30.604746600-0500","83.351776700","192.168.0.186","192.168.0.178","25858","25565","43405","5733784","0","0","0x0010"
"13269","2026-08-15T10:07:30.626563600-0500","83.373593700","192.168.0.186","192.168.0.178","25858","25565","43405","5733784","3","0","0x0018"
"13270","2026-08-15T10:07:30.656618500-0500","83.403648600","192.168.0.178","192.168.0.186","25565","25858","5733784","43408","1460","0","0x0010"
"13271","2026-08-15T10:07:30.656678400-0500","83.403708500","192.168.0.178","192.168.0.186","25565","25858","5735244","43408","1460","0","0x0010"
"13272","2026-08-15T10:07:30.656688600-0500","83.403718700","192.168.0.186","192.168.0.178","25858","25565","43408","5736704","0","0","0x0010"
"13273","2026-08-15T10:07:30.656807100-0500","83.403837200","192.168.0.178","192.168.0.186","25565","25858","5736704","43408","1460","0","0x0010"
"13274","2026-08-15T10:07:30.656883800-0500","83.403913900","192.168.0.178","192.168.0.186","25565","25858","5738164","43408","1460","0","0x0010"
"13275","2026-08-15T10:07:30.656888600-0500","83.403918700","192.168.0.186","192.168.0.178","25858","25565","43408","5739624","0","0","0x0010"
"13276","2026-08-15T10:07:30.657042900-0500","83.404073000","192.168.0.178","192.168.0.186","25565","25858","5739624","43408","1460","0","0x0010"
"13277","2026-08-15T10:07:30.657166000-0500","83.404196100","192.168.0.178","192.168.0.186","25565","25858","5741084","43408","1460","0","0x0010"
"13278","2026-08-15T10:07:30.657170600-0500","83.404200700","192.168.0.186","192.168.0.178","25858","25565","43408","5742544","0","0","0x0010"
"13279","2026-08-15T10:07:30.657254800-0500","83.404284900","192.168.0.178","192.168.0.186","25565","25858","5742544","43408","1460","0","0x0010"
"13280","2026-08-15T10:07:30.657374600-0500","83.404404700","192.168.0.178","192.168.0.186","25565","25858","5744004","43408","1460","0","0x0010"
"13281","2026-08-15T10:07:30.657379300-0500","83.404409400","192.168.0.186","192.168.0.178","25858","25565","43408","5745464","0","0","0x0010"
"13282","2026-08-15T10:07:30.657533500-0500","83.404563600","192.168.0.178","192.168.0.186","25565","25858","5745464","43408","1460","0","0x0010"
"13283","2026-08-15T10:07:30.657661900-0500","83.404692000","192.168.0.178","192.168.0.186","25565","25858","5746924","43408","1460","0","0x0010"
"13284","2026-08-15T10:07:30.657666500-0500","83.404696600","192.168.0.186","192.168.0.178","25858","25565","43408","5748384","0","0","0x0010"
"13285","2026-08-15T10:07:30.657750600-0500","83.404780700","192.168.0.178","192.168.0.186","25565","25858","5748384","43408","1044","0","0x0018"
"13286","2026-08-15T10:07:30.657956500-0500","83.404986600","192.168.0.186","192.168.0.178","25858","25565","43408","5749428","11","0","0x0018"
"13287","2026-08-15T10:07:30.676545000-0500","83.423575100","192.168.0.186","192.168.0.178","25858","25565","43419","5749428","3","0","0x0018"
"13288","2026-08-15T10:07:30.677306300-0500","83.424336400","192.168.0.178","192.168.0.186","25565","25858","5749428","43422","0","0","0x0010"
"13289","2026-08-15T10:07:30.709569900-0500","83.456600000","192.168.0.178","192.168.0.186","25565","25858","5749428","43422","1460","0","0x0010"
"13290","2026-08-15T10:07:30.709569900-0500","83.456600000","192.168.0.178","192.168.0.186","25565","25858","5750888","43422","1460","0","0x0010"
"13291","2026-08-15T10:07:30.709620700-0500","83.456650800","192.168.0.186","192.168.0.178","25858","25565","43422","5752348","0","0","0x0010"
"13292","2026-08-15T10:07:30.709681000-0500","83.456711100","192.168.0.178","192.168.0.186","25565","25858","5752348","43422","1460","0","0x0010"
"13293","2026-08-15T10:07:30.710020600-0500","83.457050700","192.168.0.178","192.168.0.186","25565","25858","5753808","43422","1460","0","0x0010"
"13294","2026-08-15T10:07:30.710020600-0500","83.457050700","192.168.0.178","192.168.0.186","25565","25858","5755268","43422","1460","0","0x0010"
"13295","2026-08-15T10:07:30.710057100-0500","83.457087200","192.168.0.186","192.168.0.178","25858","25565","43422","5756728","0","0","0x0010"
"13296","2026-08-15T10:07:30.710106900-0500","83.457137000","192.168.0.178","192.168.0.186","25565","25858","5756728","43422","1460","0","0x0010"
"13297","2026-08-15T10:07:30.710115400-0500","83.457145500","192.168.0.186","192.168.0.178","25858","25565","43422","5758188","0","0","0x0010"
"13298","2026-08-15T10:07:30.710176200-0500","83.457206300","192.168.0.178","192.168.0.186","25565","25858","5758188","43422","1460","0","0x0010"
"13299","2026-08-15T10:07:30.710431100-0500","83.457461200","192.168.0.178","192.168.0.186","25565","25858","5759648","43422","1460","0","0x0010"
"13300","2026-08-15T10:07:30.710431100-0500","83.457461200","192.168.0.178","192.168.0.186","25565","25858","5761108","43422","1460","0","0x0010"
"13301","2026-08-15T10:07:30.710456900-0500","83.457487000","192.168.0.186","192.168.0.178","25858","25565","43422","5762568","0","0","0x0010"
"13302","2026-08-15T10:07:30.710668000-0500","83.457698100","192.168.0.178","192.168.0.186","25565","25858","5762568","43422","1460","0","0x0010"
"13303","2026-08-15T10:07:30.710668000-0500","83.457698100","192.168.0.178","192.168.0.186","25565","25858","5764028","43422","1460","0","0x0018"
"13304","2026-08-15T10:07:30.710695900-0500","83.457726000","192.168.0.186","192.168.0.178","25858","25565","43422","5765488","0","0","0x0010"
"13305","2026-08-15T10:07:30.710877400-0500","83.457907500","192.168.0.178","192.168.0.186","25565","25858","5765488","43422","1460","0","0x0010"
"13306","2026-08-15T10:07:30.710896400-0500","83.457926500","192.168.0.186","192.168.0.178","25858","25565","43422","5766948","0","0","0x0010"
"13307","2026-08-15T10:07:30.710935400-0500","83.457965500","192.168.0.178","192.168.0.186","25565","25858","5766948","43422","1460","0","0x0010"
"13308","2026-08-15T10:07:30.711156000-0500","83.458186100","192.168.0.178","192.168.0.186","25565","25858","5768408","43422","1460","0","0x0010"
"13309","2026-08-15T10:07:30.711156000-0500","83.458186100","192.168.0.178","192.168.0.186","25565","25858","5769868","43422","1460","0","0x0010"
"13310","2026-08-15T10:07:30.711178200-0500","83.458208300","192.168.0.186","192.168.0.178","25858","25565","43422","5771328","0","0","0x0010"
"13311","2026-08-15T10:07:30.711374000-0500","83.458404100","192.168.0.178","192.168.0.186","25565","25858","5771328","43422","1460","0","0x0010"
"13312","2026-08-15T10:07:30.711394600-0500","83.458424700","192.168.0.186","192.168.0.178","25858","25565","43422","5772788","0","0","0x0010"
"13313","2026-08-15T10:07:30.711432000-0500","83.458462100","192.168.0.178","192.168.0.186","25565","25858","5772788","43422","1460","0","0x0010"
"13314","2026-08-15T10:07:30.711444500-0500","83.458474600","192.168.0.178","192.168.0.186","25565","25858","5774248","43422","545","0","0x0018"
"13315","2026-08-15T10:07:30.711449900-0500","83.458480000","192.168.0.186","192.168.0.178","25858","25565","43422","5774793","0","0","0x0010"
"13316","2026-08-15T10:07:30.727774500-0500","83.474804600","192.168.0.186","192.168.0.178","25858","25565","43422","5774793","3","0","0x0018"
"13317","2026-08-15T10:07:30.760800700-0500","83.507830800","192.168.0.178","192.168.0.186","25565","25858","5774793","43425","1460","0","0x0010"
"13318","2026-08-15T10:07:30.760800700-0500","83.507830800","192.168.0.178","192.168.0.186","25565","25858","5776253","43425","1460","0","0x0010"
"13319","2026-08-15T10:07:30.760867100-0500","83.507897200","192.168.0.186","192.168.0.178","25858","25565","43425","5777713","0","0","0x0010"
"13320","2026-08-15T10:07:30.760916200-0500","83.507946300","192.168.0.178","192.168.0.186","25565","25858","5777713","43425","1460","0","0x0010"
"13321","2026-08-15T10:07:30.761140600-0500","83.508170700","192.168.0.178","192.168.0.186","25565","25858","5779173","43425","1460","0","0x0010"
"13322","2026-08-15T10:07:30.761140600-0500","83.508170700","192.168.0.178","192.168.0.186","25565","25858","5780633","43425","1460","0","0x0010"
"13323","2026-08-15T10:07:30.761182100-0500","83.508212200","192.168.0.186","192.168.0.178","25858","25565","43425","5782093","0","0","0x0010"
"13324","2026-08-15T10:07:30.761384400-0500","83.508414500","192.168.0.178","192.168.0.186","25565","25858","5782093","43425","1460","0","0x0010"
"13325","2026-08-15T10:07:30.761384400-0500","83.508414500","192.168.0.178","192.168.0.186","25565","25858","5783553","43425","1460","0","0x0010"
"13326","2026-08-15T10:07:30.761409700-0500","83.508439800","192.168.0.186","192.168.0.178","25858","25565","43425","5785013","0","0","0x0010"
"13327","2026-08-15T10:07:30.761654700-0500","83.508684800","192.168.0.178","192.168.0.186","25565","25858","5785013","43425","1460","0","0x0010"
"13328","2026-08-15T10:07:30.761654700-0500","83.508684800","192.168.0.178","192.168.0.186","25565","25858","5786473","43425","1460","0","0x0010"
"13329","2026-08-15T10:07:30.761686500-0500","83.508716600","192.168.0.186","192.168.0.178","25858","25565","43425","5787933","0","0","0x0010"
"13330","2026-08-15T10:07:30.761743800-0500","83.508773900","192.168.0.178","192.168.0.186","25565","25858","5787933","43425","1460","0","0x0010"
"13331","2026-08-15T10:07:30.761750700-0500","83.508780800","192.168.0.186","192.168.0.178","25858","25565","43425","5789393","0","0","0x0010"
"13332","2026-08-15T10:07:30.761909600-0500","83.508939700","192.168.0.178","192.168.0.186","25565","25858","5789393","43425","1460","0","0x0018"
"13333","2026-08-15T10:07:30.761993100-0500","83.509023200","192.168.0.178","192.168.0.186","25565","25858","5790853","43425","1460","0","0x0010"
"13334","2026-08-15T10:07:30.762002900-0500","83.509033000","192.168.0.186","192.168.0.178","25858","25565","43425","5792313","0","0","0x0010"
"13335","2026-08-15T10:07:30.762193000-0500","83.509223100","192.168.0.178","192.168.0.186","25565","25858","5792313","43425","1460","0","0x0010"
"13336","2026-08-15T10:07:30.762272800-0500","83.509302900","192.168.0.178","192.168.0.186","25565","25858","5793773","43425","1460","0","0x0010"
"13337","2026-08-15T10:07:30.762280700-0500","83.509310800","192.168.0.186","192.168.0.178","25858","25565","43425","5795233","0","0","0x0010"
"13338","2026-08-15T10:07:30.762494800-0500","83.509524900","192.168.0.178","192.168.0.186","25565","25858","5795233","43425","1460","0","0x0010"
"13339","2026-08-15T10:07:30.762494800-0500","83.509524900","192.168.0.178","192.168.0.186","25565","25858","5796693","43425","1372","0","0x0018"
"13340","2026-08-15T10:07:30.762529900-0500","83.509560000","192.168.0.186","192.168.0.178","25858","25565","43425","5798065","0","0","0x0010"
"13341","2026-08-15T10:07:30.777288200-0500","83.524318300","192.168.0.186","192.168.0.178","25858","25565","43425","5798065","3","0","0x0018"
"13342","2026-08-15T10:07:30.805684600-0500","83.552714700","192.168.0.178","192.168.0.186","25565","25858","5798065","43428","1460","0","0x0010"
"13343","2026-08-15T10:07:30.805684600-0500","83.552714700","192.168.0.178","192.168.0.186","25565","25858","5799525","43428","1460","0","0x0010"
"13344","2026-08-15T10:07:30.805737300-0500","83.552767400","192.168.0.186","192.168.0.178","25858","25565","43428","5800985","0","0","0x0010"
"13345","2026-08-15T10:07:30.805791100-0500","83.552821200","192.168.0.178","192.168.0.186","25565","25858","5800985","43428","1460","0","0x0010"
"13346","2026-08-15T10:07:30.806015900-0500","83.553046000","192.168.0.178","192.168.0.186","25565","25858","5802445","43428","1460","0","0x0010"
"13347","2026-08-15T10:07:30.806015900-0500","83.553046000","192.168.0.178","192.168.0.186","25565","25858","5803905","43428","1460","0","0x0010"
"13348","2026-08-15T10:07:30.806038300-0500","83.553068400","192.168.0.186","192.168.0.178","25858","25565","43428","5805365","0","0","0x0010"
"13349","2026-08-15T10:07:30.806211000-0500","83.553241100","192.168.0.178","192.168.0.186","25565","25858","5805365","43428","1460","0","0x0010"
"13350","2026-08-15T10:07:30.806232600-0500","83.553262700","192.168.0.186","192.168.0.178","25858","25565","43428","5806825","0","0","0x0010"
"13351","2026-08-15T10:07:30.806292800-0500","83.553322900","192.168.0.178","192.168.0.186","25565","25858","5806825","43428","1460","0","0x0010"
"13352","2026-08-15T10:07:30.806508500-0500","83.553538600","192.168.0.178","192.168.0.186","25565","25858","5808285","43428","1460","0","0x0010"
"13353","2026-08-15T10:07:30.806508500-0500","83.553538600","192.168.0.178","192.168.0.186","25565","25858","5809745","43428","1460","0","0x0010"
"13354","2026-08-15T10:07:30.806532000-0500","83.553562100","192.168.0.186","192.168.0.178","25858","25565","43428","5811205","0","0","0x0010"
"13355","2026-08-15T10:07:30.806748900-0500","83.553779000","192.168.0.178","192.168.0.186","25565","25858","5811205","43428","1460","0","0x0010"
"13356","2026-08-15T10:07:30.806748900-0500","83.553779000","192.168.0.178","192.168.0.186","25565","25858","5812665","43428","1460","0","0x0018"
"13357","2026-08-15T10:07:30.806775800-0500","83.553805900","192.168.0.186","192.168.0.178","25858","25565","43428","5814125","0","0","0x0010"
"13358","2026-08-15T10:07:30.806994800-0500","83.554024900","192.168.0.178","192.168.0.186","25565","25858","5814125","43428","1460","0","0x0010"
"13359","2026-08-15T10:07:30.806994800-0500","83.554024900","192.168.0.178","192.168.0.186","25565","25858","5815585","43428","1460","0","0x0010"
"13360","2026-08-15T10:07:30.807017900-0500","83.554048000","192.168.0.186","192.168.0.178","25858","25565","43428","5817045","0","0","0x0010"
"13361","2026-08-15T10:07:30.807210100-0500","83.554240200","192.168.0.178","192.168.0.186","25565","25858","5817045","43428","1460","0","0x0010"
"13362","2026-08-15T10:07:30.807232900-0500","83.554263000","192.168.0.186","192.168.0.178","25858","25565","43428","5818505","0","0","0x0010"
"13363","2026-08-15T10:07:30.807271400-0500","83.554301500","192.168.0.178","192.168.0.186","25565","25858","5818505","43428","1460","0","0x0010"
"13364","2026-08-15T10:07:30.807318300-0500","83.554348400","192.168.0.178","192.168.0.186","25565","25858","5819965","43428","722","0","0x0018"
"13365","2026-08-15T10:07:30.807326700-0500","83.554356800","192.168.0.186","192.168.0.178","25858","25565","43428","5820687","0","0","0x0010"
"13366","2026-08-15T10:07:30.827192500-0500","83.574222600","192.168.0.186","192.168.0.178","25858","25565","43428","5820687","3","0","0x0018"
"13367","2026-08-15T10:07:30.857031500-0500","83.604061600","192.168.0.178","192.168.0.186","25565","25858","5820687","43431","1460","0","0x0010"
"13368","2026-08-15T10:07:30.857031500-0500","83.604061600","192.168.0.178","192.168.0.186","25565","25858","5822147","43431","1460","0","0x0010"
"13369","2026-08-15T10:07:30.857095500-0500","83.604125600","192.168.0.186","192.168.0.178","25858","25565","43431","5823607","0","0","0x0010"
"13370","2026-08-15T10:07:30.857143400-0500","83.604173500","192.168.0.178","192.168.0.186","25565","25858","5823607","43431","1460","0","0x0010"
"13371","2026-08-15T10:07:30.857370300-0500","83.604400400","192.168.0.178","192.168.0.186","25565","25858","5825067","43431","1460","0","0x0010"
"13372","2026-08-15T10:07:30.857370300-0500","83.604400400","192.168.0.178","192.168.0.186","25565","25858","5826527","43431","1460","0","0x0010"
"13373","2026-08-15T10:07:30.857412300-0500","83.604442400","192.168.0.186","192.168.0.178","25858","25565","43431","5827987","0","0","0x0010"
"13374","2026-08-15T10:07:30.857473600-0500","83.604503700","192.168.0.178","192.168.0.186","25565","25858","5827987","43431","1460","0","0x0010"
"13375","2026-08-15T10:07:30.857489200-0500","83.604519300","192.168.0.186","192.168.0.178","25858","25565","43431","5829447","0","0","0x0010"
"13376","2026-08-15T10:07:30.857702800-0500","83.604732900","192.168.0.178","192.168.0.186","25565","25858","5829447","43431","1460","0","0x0010"
"13377","2026-08-15T10:07:30.857766600-0500","83.604796700","192.168.0.178","192.168.0.186","25565","25858","5830907","43431","1460","0","0x0010"
"13378","2026-08-15T10:07:30.857778200-0500","83.604808300","192.168.0.186","192.168.0.178","25858","25565","43431","5832367","0","0","0x0010"
"13379","2026-08-15T10:07:30.857836600-0500","83.604866700","192.168.0.178","192.168.0.186","25565","25858","5832367","43431","1460","0","0x0010"
"13380","2026-08-15T10:07:30.858068700-0500","83.605098800","192.168.0.178","192.168.0.186","25565","25858","5833827","43431","1460","0","0x0010"
"13381","2026-08-15T10:07:30.858112700-0500","83.605142800","192.168.0.186","192.168.0.178","25858","25565","43431","5835287","0","0","0x0010"
"13382","2026-08-15T10:07:30.858143200-0500","83.605173300","192.168.0.178","192.168.0.186","25565","25858","5835287","43431","1423","0","0x0018"
"13383","2026-08-15T10:07:30.876347100-0500","83.623377200","192.168.0.186","192.168.0.178","25858","25565","43431","5836710","3","0","0x0018"
"13384","2026-08-15T10:07:30.906987600-0500","83.654017700","192.168.0.178","192.168.0.186","25565","25858","5836710","43434","1460","0","0x0010"
"13385","2026-08-15T10:07:30.906987600-0500","83.654017700","192.168.0.178","192.168.0.186","25565","25858","5838170","43434","1460","0","0x0010"
"13386","2026-08-15T10:07:30.907054200-0500","83.654084300","192.168.0.186","192.168.0.178","25858","25565","43434","5839630","0","0","0x0010"
"13387","2026-08-15T10:07:30.907103600-0500","83.654133700","192.168.0.178","192.168.0.186","25565","25858","5839630","43434","1460","0","0x0010"
"13388","2026-08-15T10:07:30.907131700-0500","83.654161800","192.168.0.178","192.168.0.186","25565","25858","5841090","43434","759","0","0x0018"
"13389","2026-08-15T10:07:30.907143500-0500","83.654173600","192.168.0.186","192.168.0.178","25858","25565","43434","5841849","0","0","0x0010"
"13390","2026-08-15T10:07:30.926506000-0500","83.673536100","192.168.0.186","192.168.0.178","25858","25565","43434","5841849","3","0","0x0018"
"13391","2026-08-15T10:07:30.954914900-0500","83.701945000","192.168.0.178","192.168.0.186","25565","25858","5841849","43437","1460","0","0x0010"
"13392","2026-08-15T10:07:30.954914900-0500","83.701945000","192.168.0.178","192.168.0.186","25565","25858","5843309","43437","573","0","0x0018"
"13393","2026-08-15T10:07:30.954981700-0500","83.702011800","192.168.0.186","192.168.0.178","25858","25565","43437","5843882","0","0","0x0010"
"13394","2026-08-15T10:07:30.976841000-0500","83.723871100","192.168.0.186","192.168.0.178","25858","25565","43437","5843882","3","0","0x0018"
"13395","2026-08-15T10:07:31.005906100-0500","83.752936200","192.168.0.178","192.168.0.186","25565","25858","5843882","43440","915","0","0x0018"
"13396","2026-08-15T10:07:31.028415100-0500","83.775445200","192.168.0.186","192.168.0.178","25858","25565","43440","5844797","3","0","0x0018"
"13397","2026-08-15T10:07:31.055148700-0500","83.802178800","192.168.0.178","192.168.0.186","25565","25858","5844797","43443","836","0","0x0018"
"13398","2026-08-15T10:07:31.078145400-0500","83.825175500","192.168.0.186","192.168.0.178","25858","25565","43443","5845633","3","0","0x0018"
"13399","2026-08-15T10:07:31.105940900-0500","83.852971000","192.168.0.178","192.168.0.186","25565","25858","5845633","43446","1460","0","0x0010"
"13400","2026-08-15T10:07:31.105940900-0500","83.852971000","192.168.0.178","192.168.0.186","25565","25858","5847093","43446","318","0","0x0018"
"13401","2026-08-15T10:07:31.106029900-0500","83.853060000","192.168.0.186","192.168.0.178","25858","25565","43446","5847411","0","0","0x0010"
"13402","2026-08-15T10:07:31.128704700-0500","83.875734800","192.168.0.186","192.168.0.178","25858","25565","43446","5847411","3","0","0x0018"
"13403","2026-08-15T10:07:31.154997300-0500","83.902027400","192.168.0.178","192.168.0.186","25565","25858","5847411","43449","555","0","0x0018"
"13404","2026-08-15T10:07:31.178271700-0500","83.925301800","192.168.0.186","192.168.0.178","25858","25565","43449","5847966","3","0","0x0018"
"13405","2026-08-15T10:07:31.206024700-0500","83.953054800","192.168.0.178","192.168.0.186","25565","25858","5847966","43452","1460","0","0x0010"
"13406","2026-08-15T10:07:31.206024700-0500","83.953054800","192.168.0.178","192.168.0.186","25565","25858","5849426","43452","242","0","0x0018"
"13407","2026-08-15T10:07:31.206106000-0500","83.953136100","192.168.0.186","192.168.0.178","25858","25565","43452","5849668","0","0","0x0010"
"13408","2026-08-15T10:07:31.227008500-0500","83.974038600","192.168.0.186","192.168.0.178","25858","25565","43452","5849668","3","0","0x0018"
"13409","2026-08-15T10:07:31.255814000-0500","84.002844100","192.168.0.178","192.168.0.186","25565","25858","5849668","43455","1460","0","0x0010"
"13410","2026-08-15T10:07:31.255814000-0500","84.002844100","192.168.0.178","192.168.0.186","25565","25858","5851128","43455","1460","0","0x0010"
"13411","2026-08-15T10:07:31.255892200-0500","84.002922300","192.168.0.186","192.168.0.178","25858","25565","43455","5852588","0","0","0x0010"
"13412","2026-08-15T10:07:31.255937500-0500","84.002967600","192.168.0.178","192.168.0.186","25565","25858","5852588","43455","1460","0","0x0010"
"13413","2026-08-15T10:07:31.255937500-0500","84.002967600","192.168.0.178","192.168.0.186","25565","25858","5854048","43455","227","0","0x0018"
"13414","2026-08-15T10:07:31.255949500-0500","84.002979600","192.168.0.186","192.168.0.178","25858","25565","43455","5854275","0","0","0x0010"
"13415","2026-08-15T10:07:31.277571500-0500","84.024601600","192.168.0.186","192.168.0.178","25858","25565","43455","5854275","3","0","0x0018"
"13416","2026-08-15T10:07:31.305545800-0500","84.052575900","192.168.0.178","192.168.0.186","25565","25858","5854275","43458","945","0","0x0018"
"13417","2026-08-15T10:07:31.326986100-0500","84.074016200","192.168.0.186","192.168.0.178","25858","25565","43458","5855220","28","0","0x0018"
"13418","2026-08-15T10:07:31.327857400-0500","84.074887500","192.168.0.186","192.168.0.178","25858","25565","43486","5855220","3","0","0x0018"
"13419","2026-08-15T10:07:31.328558500-0500","84.075588600","192.168.0.178","192.168.0.186","25565","25858","5855220","43489","0","0","0x0010"
"13420","2026-08-15T10:07:31.355128500-0500","84.102158600","192.168.0.178","192.168.0.186","25565","25858","5855220","43489","1294","0","0x0018"
"13421","2026-08-15T10:07:31.378244500-0500","84.125274600","192.168.0.186","192.168.0.178","25858","25565","43489","5856514","3","0","0x0018"
"13422","2026-08-15T10:07:31.406118000-0500","84.153148100","192.168.0.178","192.168.0.186","25565","25858","5856514","43492","1460","0","0x0010"
"13423","2026-08-15T10:07:31.406118000-0500","84.153148100","192.168.0.178","192.168.0.186","25565","25858","5857974","43492","1460","0","0x0010"
"13424","2026-08-15T10:07:31.406196100-0500","84.153226200","192.168.0.186","192.168.0.178","25858","25565","43492","5859434","0","0","0x0010"
"13425","2026-08-15T10:07:31.406241700-0500","84.153271800","192.168.0.178","192.168.0.186","25565","25858","5859434","43492","1460","0","0x0010"
"13426","2026-08-15T10:07:31.406370200-0500","84.153400300","192.168.0.178","192.168.0.186","25565","25858","5860894","43492","1460","0","0x0010"
"13427","2026-08-15T10:07:31.406383100-0500","84.153413200","192.168.0.186","192.168.0.178","25858","25565","43492","5862354","0","0","0x0010"
"13428","2026-08-15T10:07:31.406460600-0500","84.153490700","192.168.0.178","192.168.0.186","25565","25858","5862354","43492","1460","0","0x0010"
"13429","2026-08-15T10:07:31.406714600-0500","84.153744700","192.168.0.178","192.168.0.186","25565","25858","5863814","43492","1460","0","0x0010"
"13430","2026-08-15T10:07:31.406714600-0500","84.153744700","192.168.0.178","192.168.0.186","25565","25858","5865274","43492","1460","0","0x0010"
"13431","2026-08-15T10:07:31.406760300-0500","84.153790400","192.168.0.186","192.168.0.178","25858","25565","43492","5866734","0","0","0x0010"
"13432","2026-08-15T10:07:31.406823800-0500","84.153853900","192.168.0.178","192.168.0.186","25565","25858","5866734","43492","1460","0","0x0010"
"13433","2026-08-15T10:07:31.406840900-0500","84.153871000","192.168.0.186","192.168.0.178","25858","25565","43492","5868194","0","0","0x0010"
"13434","2026-08-15T10:07:31.407044200-0500","84.154074300","192.168.0.178","192.168.0.186","25565","25858","5868194","43492","1460","0","0x0010"
"13435","2026-08-15T10:07:31.407114300-0500","84.154144400","192.168.0.178","192.168.0.186","25565","25858","5869654","43492","1460","0","0x0010"
"13436","2026-08-15T10:07:31.407128300-0500","84.154158400","192.168.0.186","192.168.0.178","25858","25565","43492","5871114","0","0","0x0010"
"13437","2026-08-15T10:07:31.407193400-0500","84.154223500","192.168.0.178","192.168.0.186","25565","25858","5871114","43492","1460","0","0x0018"
"13438","2026-08-15T10:07:31.407444300-0500","84.154474400","192.168.0.178","192.168.0.186","25565","25858","5872574","43492","1460","0","0x0010"
"13439","2026-08-15T10:07:31.407444300-0500","84.154474400","192.168.0.178","192.168.0.186","25565","25858","5874034","43492","1460","0","0x0010"
"13440","2026-08-15T10:07:31.407493600-0500","84.154523700","192.168.0.186","192.168.0.178","25858","25565","43492","5875494","0","0","0x0010"
"13441","2026-08-15T10:07:31.407596900-0500","84.154627000","192.168.0.178","192.168.0.186","25565","25858","5875494","43492","1460","0","0x0010"
"13442","2026-08-15T10:07:31.407613200-0500","84.154643300","192.168.0.186","192.168.0.178","25858","25565","43492","5876954","0","0","0x0010"
"13443","2026-08-15T10:07:31.407669600-0500","84.154699700","192.168.0.178","192.168.0.186","25565","25858","5876954","43492","1460","0","0x0010"
"13444","2026-08-15T10:07:31.407978300-0500","84.155008400","192.168.0.178","192.168.0.186","25565","25858","5878414","43492","1460","0","0x0010"
"13445","2026-08-15T10:07:31.407978300-0500","84.155008400","192.168.0.178","192.168.0.186","25565","25858","5879874","43492","117","0","0x0018"
"13446","2026-08-15T10:07:31.408026100-0500","84.155056200","192.168.0.186","192.168.0.178","25858","25565","43492","5879991","0","0","0x0010"
"13447","2026-08-15T10:07:31.427019600-0500","84.174049700","192.168.0.186","192.168.0.178","25858","25565","43492","5879991","3","0","0x0018"
"13448","2026-08-15T10:07:31.458959700-0500","84.205989800","192.168.0.178","192.168.0.186","25565","25858","5879991","43495","1460","0","0x0010"
"13449","2026-08-15T10:07:31.458959700-0500","84.205989800","192.168.0.178","192.168.0.186","25565","25858","5881451","43495","1460","0","0x0010"
"13450","2026-08-15T10:07:31.458959700-0500","84.205989800","192.168.0.178","192.168.0.186","25565","25858","5882911","43495","1460","0","0x0010"
"13451","2026-08-15T10:07:31.458959700-0500","84.205989800","192.168.0.178","192.168.0.186","25565","25858","5884371","43495","1460","0","0x0010"
"13452","2026-08-15T10:07:31.459125500-0500","84.206155600","192.168.0.186","192.168.0.178","25858","25565","43495","5885831","0","0","0x0010"
"13453","2026-08-15T10:07:31.459193200-0500","84.206223300","192.168.0.178","192.168.0.186","25565","25858","5885831","43495","1460","0","0x0010"
"13454","2026-08-15T10:07:31.459193200-0500","84.206223300","192.168.0.178","192.168.0.186","25565","25858","5887291","43495","1460","0","0x0010"
"13455","2026-08-15T10:07:31.459206600-0500","84.206236700","192.168.0.186","192.168.0.178","25858","25565","43495","5888751","0","0","0x0010"
"13456","2026-08-15T10:07:31.459418400-0500","84.206448500","192.168.0.178","192.168.0.186","25565","25858","5888751","43495","1460","0","0x0010"
"13457","2026-08-15T10:07:31.459418400-0500","84.206448500","192.168.0.178","192.168.0.186","25565","25858","5890211","43495","1460","0","0x0010"
"13458","2026-08-15T10:07:31.459451300-0500","84.206481400","192.168.0.186","192.168.0.178","25858","25565","43495","5891671","0","0","0x0010"
"13459","2026-08-15T10:07:31.459679600-0500","84.206709700","192.168.0.178","192.168.0.186","25565","25858","5891671","43495","1460","0","0x0010"
"13460","2026-08-15T10:07:31.459679600-0500","84.206709700","192.168.0.178","192.168.0.186","25565","25858","5893131","43495","1460","0","0x0010"
"13461","2026-08-15T10:07:31.459721400-0500","84.206751500","192.168.0.186","192.168.0.178","25858","25565","43495","5894591","0","0","0x0010"
"13462","2026-08-15T10:07:31.459784200-0500","84.206814300","192.168.0.178","192.168.0.186","25565","25858","5894591","43495","1460","0","0x0018"
"13463","2026-08-15T10:07:31.460033100-0500","84.207063200","192.168.0.178","192.168.0.186","25565","25858","5896051","43495","1460","0","0x0010"
"13464","2026-08-15T10:07:31.460033100-0500","84.207063200","192.168.0.178","192.168.0.186","25565","25858","5897511","43495","1460","0","0x0010"
"13465","2026-08-15T10:07:31.460068600-0500","84.207098700","192.168.0.186","192.168.0.178","25858","25565","43495","5898971","0","0","0x0010"
"13466","2026-08-15T10:07:31.460103500-0500","84.207133600","192.168.0.178","192.168.0.186","25565","25858","5898971","43495","443","0","0x0018"
"13467","2026-08-15T10:07:31.460114300-0500","84.207144400","192.168.0.186","192.168.0.178","25858","25565","43495","5899414","0","0","0x0010"
"13468","2026-08-15T10:07:31.478668900-0500","84.225699000","192.168.0.186","192.168.0.178","25858","25565","43495","5899414","3","0","0x0018"
"13469","2026-08-15T10:07:31.508217400-0500","84.255247500","192.168.0.178","192.168.0.186","25565","25858","5899414","43498","1460","0","0x0010"
"13470","2026-08-15T10:07:31.508217400-0500","84.255247500","192.168.0.178","192.168.0.186","25565","25858","5900874","43498","734","0","0x0018"
"13471","2026-08-15T10:07:31.508274000-0500","84.255304100","192.168.0.186","192.168.0.178","25858","25565","43498","5901608","0","0","0x0010"
"13472","2026-08-15T10:07:31.527328200-0500","84.274358300","192.168.0.186","192.168.0.178","25858","25565","43498","5901608","3","0","0x0018"
"13473","2026-08-15T10:07:31.573811900-0500","84.320842000","192.168.0.178","192.168.0.186","25565","25858","5901608","43501","0","0","0x0010"
"13474","2026-08-15T10:07:31.577592300-0500","84.324622400","192.168.0.186","192.168.0.178","25858","25565","43501","5901608","3","0","0x0018"
"13475","2026-08-15T10:07:31.625738200-0500","84.372768300","192.168.0.178","192.168.0.186","25565","25858","5901608","43504","0","0","0x0010"
"13476","2026-08-15T10:07:31.628133300-0500","84.375163400","192.168.0.186","192.168.0.178","25858","25565","43504","5901608","3","0","0x0018"
"13477","2026-08-15T10:07:31.639484600-0500","84.386514700","192.168.0.178","192.168.0.186","25565","25858","5901608","43507","0","0","0x0010"
"13478","2026-08-15T10:07:31.655961500-0500","84.402991600","192.168.0.178","192.168.0.186","25565","25858","5901608","43507","1337","0","0x0018"
"13479","2026-08-15T10:07:31.661752000-0500","84.408782100","192.168.0.178","192.168.0.186","25565","25858","5902945","43507","1460","0","0x0010"
"13480","2026-08-15T10:07:31.661752000-0500","84.408782100","192.168.0.178","192.168.0.186","25565","25858","5904405","43507","1460","0","0x0010"
"13481","2026-08-15T10:07:31.661810700-0500","84.408840800","192.168.0.186","192.168.0.178","25858","25565","43507","5905865","0","0","0x0010"
"13482","2026-08-15T10:07:31.661866900-0500","84.408897000","192.168.0.178","192.168.0.186","25565","25858","5905865","43507","1377","0","0x0018"
"13483","2026-08-15T10:07:31.661883300-0500","84.408913400","192.168.0.186","192.168.0.178","25858","25565","43507","5907242","0","0","0x0010"
"13484","2026-08-15T10:07:31.662738500-0500","84.409768600","192.168.0.186","192.168.0.178","25858","25565","43507","5907242","11","0","0x0018"
"13485","2026-08-15T10:07:31.667608400-0500","84.414638500","192.168.0.178","192.168.0.186","25565","25858","5907242","43518","739","0","0x0018"
"13486","2026-08-15T10:07:31.678525000-0500","84.425555100","192.168.0.186","192.168.0.178","25858","25565","43518","5907981","3","0","0x0018"
"13487","2026-08-15T10:07:31.705373200-0500","84.452403300","192.168.0.178","192.168.0.186","25565","25858","5907981","43521","1460","0","0x0010"
"13488","2026-08-15T10:07:31.705373200-0500","84.452403300","192.168.0.178","192.168.0.186","25565","25858","5909441","43521","810","0","0x0018"
"13489","2026-08-15T10:07:31.705422600-0500","84.452452700","192.168.0.186","192.168.0.178","25858","25565","43521","5910251","0","0","0x0010"
"13490","2026-08-15T10:07:31.727369300-0500","84.474399400","192.168.0.186","192.168.0.178","25858","25565","43521","5910251","3","0","0x0018"
"13491","2026-08-15T10:07:31.755055200-0500","84.502085300","192.168.0.178","192.168.0.186","25565","25858","5910251","43524","1460","0","0x0010"
"13492","2026-08-15T10:07:31.755055200-0500","84.502085300","192.168.0.178","192.168.0.186","25565","25858","5911711","43524","756","0","0x0018"
"13493","2026-08-15T10:07:31.755125600-0500","84.502155700","192.168.0.186","192.168.0.178","25858","25565","43524","5912467","0","0","0x0010"
"13494","2026-08-15T10:07:31.776581300-0500","84.523611400","192.168.0.186","192.168.0.178","25858","25565","43524","5912467","3","0","0x0018"
"13495","2026-08-15T10:07:31.805337300-0500","84.552367400","192.168.0.178","192.168.0.186","25565","25858","5912467","43527","690","0","0x0018"
"13496","2026-08-15T10:07:31.828095000-0500","84.575125100","192.168.0.186","192.168.0.178","25858","25565","43527","5913157","3","0","0x0018"
"13497","2026-08-15T10:07:31.855253100-0500","84.602283200","192.168.0.178","192.168.0.186","25565","25858","5913157","43530","1460","0","0x0010"
"13498","2026-08-15T10:07:31.855253100-0500","84.602283200","192.168.0.178","192.168.0.186","25565","25858","5914617","43530","885","0","0x0018"
"13499","2026-08-15T10:07:31.855344400-0500","84.602374500","192.168.0.186","192.168.0.178","25858","25565","43530","5915502","0","0","0x0010"
"13500","2026-08-15T10:07:31.877480600-0500","84.624510700","192.168.0.186","192.168.0.178","25858","25565","43530","5915502","3","0","0x0018"
"13501","2026-08-15T10:07:31.912748300-0500","84.659778400","192.168.0.178","192.168.0.186","25565","25858","5915502","43533","1180","0","0x0018"
"13502","2026-08-15T10:07:31.927749800-0500","84.674779900","192.168.0.186","192.168.0.178","25858","25565","43533","5916682","3","0","0x0018"
"13503","2026-08-15T10:07:31.955103700-0500","84.702133800","192.168.0.178","192.168.0.186","25565","25858","5916682","43536","1372","0","0x0018"
"13504","2026-08-15T10:07:31.978090500-0500","84.725120600","192.168.0.186","192.168.0.178","25858","25565","43536","5918054","3","0","0x0018"
"13505","2026-08-15T10:07:32.005134400-0500","84.752164500","192.168.0.178","192.168.0.186","25565","25858","5918054","43539","1018","0","0x0018"
"13506","2026-08-15T10:07:32.028353400-0500","84.775383500","192.168.0.186","192.168.0.178","25858","25565","43539","5919072","3","0","0x0018"
"13507","2026-08-15T10:07:32.057673600-0500","84.804703700","192.168.0.178","192.168.0.186","25565","25858","5919072","43542","1460","0","0x0010"
"13508","2026-08-15T10:07:32.057673600-0500","84.804703700","192.168.0.178","192.168.0.186","25565","25858","5920532","43542","169","0","0x0018"
"13509","2026-08-15T10:07:32.057724400-0500","84.804754500","192.168.0.186","192.168.0.178","25858","25565","43542","5920701","0","0","0x0010"
"13510","2026-08-15T10:07:32.076822000-0500","84.823852100","192.168.0.186","192.168.0.178","25858","25565","43542","5920701","3","0","0x0018"
"13511","2026-08-15T10:07:32.108732900-0500","84.855763000","192.168.0.178","192.168.0.186","25565","25858","5920701","43545","932","0","0x0018"
"13512","2026-08-15T10:07:32.127640800-0500","84.874670900","192.168.0.186","192.168.0.178","25858","25565","43545","5921633","3","0","0x0018"
"13513","2026-08-15T10:07:32.155192100-0500","84.902222200","192.168.0.178","192.168.0.186","25565","25858","5921633","43548","1460","0","0x0010"
"13514","2026-08-15T10:07:32.155192100-0500","84.902222200","192.168.0.178","192.168.0.186","25565","25858","5923093","43548","326","0","0x0018"
"13515","2026-08-15T10:07:32.155273400-0500","84.902303500","192.168.0.186","192.168.0.178","25858","25565","43548","5923419","0","0","0x0010"
"13516","2026-08-15T10:07:32.178339100-0500","84.925369200","192.168.0.186","192.168.0.178","25858","25565","43548","5923419","3","0","0x0018"
"13517","2026-08-15T10:07:32.204942100-0500","84.951972200","192.168.0.178","192.168.0.186","25565","25858","5923419","43551","1460","0","0x0010"
"13518","2026-08-15T10:07:32.204942100-0500","84.951972200","192.168.0.178","192.168.0.186","25565","25858","5924879","43551","1460","0","0x0010"
"13519","2026-08-15T10:07:32.205021600-0500","84.952051700","192.168.0.186","192.168.0.178","25858","25565","43551","5926339","0","0","0x0010"
"13520","2026-08-15T10:07:32.205112700-0500","84.952142800","192.168.0.178","192.168.0.186","25565","25858","5926339","43551","635","0","0x0018"
"13521","2026-08-15T10:07:32.228158200-0500","84.975188300","192.168.0.186","192.168.0.178","25858","25565","43551","5926974","3","0","0x0018"
"13522","2026-08-15T10:07:32.257889800-0500","85.004919900","192.168.0.178","192.168.0.186","25565","25858","5926974","43554","700","0","0x0018"
"13523","2026-08-15T10:07:32.278070000-0500","85.025100100","192.168.0.186","192.168.0.178","25858","25565","43554","5927674","3","0","0x0018"
"13524","2026-08-15T10:07:32.305437800-0500","85.052467900","192.168.0.178","192.168.0.186","25565","25858","5927674","43557","1460","0","0x0010"
"13525","2026-08-15T10:07:32.305437800-0500","85.052467900","192.168.0.178","192.168.0.186","25565","25858","5929134","43557","327","0","0x0018"
"13526","2026-08-15T10:07:32.305484000-0500","85.052514100","192.168.0.186","192.168.0.178","25858","25565","43557","5929461","0","0","0x0010"
"13527","2026-08-15T10:07:32.326421300-0500","85.073451400","192.168.0.186","192.168.0.178","25858","25565","43557","5929461","28","0","0x0018"
"13528","2026-08-15T10:07:32.327094000-0500","85.074124100","192.168.0.186","192.168.0.178","25858","25565","43585","5929461","3","0","0x0018"
"13529","2026-08-15T10:07:32.327989300-0500","85.075019400","192.168.0.178","192.168.0.186","25565","25858","5929461","43588","0","0","0x0010"
"13530","2026-08-15T10:07:32.356854100-0500","85.103884200","192.168.0.178","192.168.0.186","25565","25858","5929461","43588","763","0","0x0018"
"13531","2026-08-15T10:07:32.378072300-0500","85.125102400","192.168.0.186","192.168.0.178","25858","25565","43588","5930224","3","0","0x0018"
"13532","2026-08-15T10:07:32.406256700-0500","85.153286800","192.168.0.178","192.168.0.186","25565","25858","5930224","43591","925","0","0x0018"
"13533","2026-08-15T10:07:32.427075600-0500","85.174105700","192.168.0.186","192.168.0.178","25858","25565","43591","5931149","3","0","0x0018"
"13534","2026-08-15T10:07:32.456315700-0500","85.203345800","192.168.0.178","192.168.0.186","25565","25858","5931149","43594","1460","0","0x0010"
"13535","2026-08-15T10:07:32.456315700-0500","85.203345800","192.168.0.178","192.168.0.186","25565","25858","5932609","43594","479","0","0x0018"
"13536","2026-08-15T10:07:32.456386700-0500","85.203416800","192.168.0.186","192.168.0.178","25858","25565","43594","5933088","0","0","0x0010"
"13537","2026-08-15T10:07:32.478240400-0500","85.225270500","192.168.0.186","192.168.0.178","25858","25565","43594","5933088","3","0","0x0018"
"13538","2026-08-15T10:07:32.503622100-0500","85.250652200","192.168.0.178","192.168.0.186","25565","25858","5933088","43597","613","0","0x0018"
"13539","2026-08-15T10:07:32.528318700-0500","85.275348800","192.168.0.186","192.168.0.178","25858","25565","43597","5933701","3","0","0x0018"
"13540","2026-08-15T10:07:32.558083200-0500","85.305113300","192.168.0.178","192.168.0.186","25565","25858","5933701","43600","1460","0","0x0010"
"13541","2026-08-15T10:07:32.558083200-0500","85.305113300","192.168.0.178","192.168.0.186","25565","25858","5935161","43600","115","0","0x0018"
"13542","2026-08-15T10:07:32.558134900-0500","85.305165000","192.168.0.186","192.168.0.178","25858","25565","43600","5935276","0","0","0x0010"
"13543","2026-08-15T10:07:32.577144700-0500","85.324174800","192.168.0.186","192.168.0.178","25858","25565","43600","5935276","3","0","0x0018"
"13544","2026-08-15T10:07:32.607278100-0500","85.354308200","192.168.0.178","192.168.0.186","25565","25858","5935276","43603","1187","0","0x0018"
"13545","2026-08-15T10:07:32.628026600-0500","85.375056700","192.168.0.186","192.168.0.178","25858","25565","43603","5936463","3","0","0x0018"
"13546","2026-08-15T10:07:32.653780400-0500","85.400810500","192.168.0.178","192.168.0.186","25565","25858","5936463","43606","1460","0","0x0010"
"13547","2026-08-15T10:07:32.653780400-0500","85.400810500","192.168.0.178","192.168.0.186","25565","25858","5937923","43606","178","0","0x0018"
"13548","2026-08-15T10:07:32.653845200-0500","85.400875300","192.168.0.186","192.168.0.178","25858","25565","43606","5938101","0","0","0x0010"
"13549","2026-08-15T10:07:32.677958000-0500","85.424988100","192.168.0.186","192.168.0.178","25858","25565","43606","5938101","3","0","0x0018"
"13550","2026-08-15T10:07:32.705053100-0500","85.452083200","192.168.0.178","192.168.0.186","25565","25858","5938101","43609","697","0","0x0018"
"13551","2026-08-15T10:07:32.705395000-0500","85.452425100","192.168.0.186","192.168.0.178","25858","25565","43609","5938798","11","0","0x0018"
"13552","2026-08-15T10:07:32.729160600-0500","85.476190700","192.168.0.186","192.168.0.178","25858","25565","43620","5938798","3","0","0x0018"
"13553","2026-08-15T10:07:32.730010000-0500","85.477040100","192.168.0.178","192.168.0.186","25565","25858","5938798","43623","0","0","0x0010"
"13554","2026-08-15T10:07:32.753376200-0500","85.500406300","192.168.0.178","192.168.0.186","25565","25858","5938798","43623","781","0","0x0018"
"13555","2026-08-15T10:07:32.777942700-0500","85.524972800","192.168.0.186","192.168.0.178","25858","25565","43623","5939579","3","0","0x0018"
"13556","2026-08-15T10:07:32.806624600-0500","85.553654700","192.168.0.178","192.168.0.186","25565","25858","5939579","43626","1313","0","0x0018"
"13557","2026-08-15T10:07:32.826978000-0500","85.574008100","192.168.0.186","192.168.0.178","25858","25565","43626","5940892","3","0","0x0018"
"13558","2026-08-15T10:07:32.854054000-0500","85.601084100","192.168.0.178","192.168.0.186","25565","25858","5940892","43629","1071","0","0x0018"
"13559","2026-08-15T10:07:32.877585600-0500","85.624615700","192.168.0.186","192.168.0.178","25858","25565","43629","5941963","3","0","0x0018"
"13560","2026-08-15T10:07:32.905957900-0500","85.652988000","192.168.0.178","192.168.0.186","25565","25858","5941963","43632","1460","0","0x0010"
"13561","2026-08-15T10:07:32.905957900-0500","85.652988000","192.168.0.178","192.168.0.186","25565","25858","5943423","43632","324","0","0x0018"
"13562","2026-08-15T10:07:32.906026400-0500","85.653056500","192.168.0.186","192.168.0.178","25858","25565","43632","5943747","0","0","0x0010"
"13563","2026-08-15T10:07:32.927688700-0500","85.674718800","192.168.0.186","192.168.0.178","25858","25565","43632","5943747","3","0","0x0018"
"13564","2026-08-15T10:07:32.956540800-0500","85.703570900","192.168.0.178","192.168.0.186","25565","25858","5943747","43635","964","0","0x0018"
"13565","2026-08-15T10:07:32.977361100-0500","85.724391200","192.168.0.186","192.168.0.178","25858","25565","43635","5944711","3","0","0x0018"
"13566","2026-08-15T10:07:33.004599000-0500","85.751629100","192.168.0.178","192.168.0.186","25565","25858","5944711","43638","925","0","0x0018"
"13567","2026-08-15T10:07:33.028326500-0500","85.775356600","192.168.0.186","192.168.0.178","25858","25565","43638","5945636","3","0","0x0018"
"13568","2026-08-15T10:07:33.056627100-0500","85.803657200","192.168.0.178","192.168.0.186","25565","25858","5945636","43641","1460","0","0x0010"
"13569","2026-08-15T10:07:33.056627100-0500","85.803657200","192.168.0.178","192.168.0.186","25565","25858","5947096","43641","1121","0","0x0018"
"13570","2026-08-15T10:07:33.056704900-0500","85.803735000","192.168.0.186","192.168.0.178","25858","25565","43641","5948217","0","0","0x0010"
"13571","2026-08-15T10:07:33.077032100-0500","85.824062200","192.168.0.186","192.168.0.178","25858","25565","43641","5948217","3","0","0x0018"
"13572","2026-08-15T10:07:33.106914100-0500","85.853944200","192.168.0.178","192.168.0.186","25565","25858","5948217","43644","1454","0","0x0018"
"13573","2026-08-15T10:07:33.127767400-0500","85.874797500","192.168.0.186","192.168.0.178","25858","25565","43644","5949671","3","0","0x0018"
"13574","2026-08-15T10:07:33.153595600-0500","85.900625700","192.168.0.178","192.168.0.186","25565","25858","5949671","43647","1290","0","0x0018"
"13575","2026-08-15T10:07:33.178331000-0500","85.925361100","192.168.0.186","192.168.0.178","25858","25565","43647","5950961","3","0","0x0018"
"13576","2026-08-15T10:07:33.206028800-0500","85.953058900","192.168.0.178","192.168.0.186","25565","25858","5950961","43650","1460","0","0x0010"
"13577","2026-08-15T10:07:33.206028800-0500","85.953058900","192.168.0.178","192.168.0.186","25565","25858","5952421","43650","207","0","0x0018"
"13578","2026-08-15T10:07:33.206094600-0500","85.953124700","192.168.0.186","192.168.0.178","25858","25565","43650","5952628","0","0","0x0010"
"13579","2026-08-15T10:07:33.228356400-0500","85.975386500","192.168.0.186","192.168.0.178","25858","25565","43650","5952628","3","0","0x0018"
"13580","2026-08-15T10:07:33.257983300-0500","86.005013400","192.168.0.178","192.168.0.186","25565","25858","5952628","43653","173","0","0x0018"
"13581","2026-08-15T10:07:33.278073700-0500","86.025103800","192.168.0.186","192.168.0.178","25858","25565","43653","5952801","3","0","0x0018"
"13582","2026-08-15T10:07:33.305156700-0500","86.052186800","192.168.0.178","192.168.0.186","25565","25858","5952801","43656","1132","0","0x0018"
"13583","2026-08-15T10:07:33.327180200-0500","86.074210300","192.168.0.186","192.168.0.178","25858","25565","43656","5953933","28","0","0x0018"
"13584","2026-08-15T10:07:33.328040800-0500","86.075070900","192.168.0.186","192.168.0.178","25858","25565","43684","5953933","3","0","0x0018"
"13585","2026-08-15T10:07:33.328660100-0500","86.075690200","192.168.0.178","192.168.0.186","25565","25858","5953933","43687","0","0","0x0010"
"13586","2026-08-15T10:07:33.354773800-0500","86.101803900","192.168.0.178","192.168.0.186","25565","25858","5953933","43687","759","0","0x0018"
"13587","2026-08-15T10:07:33.377263300-0500","86.124293400","192.168.0.186","192.168.0.178","25858","25565","43687","5954692","3","0","0x0018"
"13588","2026-08-15T10:07:33.406672800-0500","86.153702900","192.168.0.178","192.168.0.186","25565","25858","5954692","43690","1052","0","0x0018"
"13589","2026-08-15T10:07:33.428006100-0500","86.175036200","192.168.0.186","192.168.0.178","25858","25565","43690","5955744","3","0","0x0018"
"13590","2026-08-15T10:07:33.452519700-0500","86.199549800","192.168.0.178","192.168.0.186","25565","25858","5955744","43693","145","0","0x0018"
"13591","2026-08-15T10:07:33.478358000-0500","86.225388100","192.168.0.186","192.168.0.178","25858","25565","43693","5955889","3","0","0x0018"
"13592","2026-08-15T10:07:33.502876100-0500","86.249906200","192.168.0.178","192.168.0.186","25565","25858","5955889","43696","339","0","0x0018"
"13593","2026-08-15T10:07:33.528280500-0500","86.275310600","192.168.0.186","192.168.0.178","25858","25565","43696","5956228","3","0","0x0018"
"13594","2026-08-15T10:07:33.554435300-0500","86.301465400","192.168.0.178","192.168.0.186","25565","25858","5956228","43699","1101","0","0x0018"
"13595","2026-08-15T10:07:33.578308000-0500","86.325338100","192.168.0.186","192.168.0.178","25858","25565","43699","5957329","3","0","0x0018"
"13596","2026-08-15T10:07:33.606906700-0500","86.353936800","192.168.0.178","192.168.0.186","25565","25858","5957329","43702","149","0","0x0018"
"13597","2026-08-15T10:07:33.627722700-0500","86.374752800","192.168.0.186","192.168.0.178","25858","25565","43702","5957478","3","0","0x0018"
"13598","2026-08-15T10:07:33.657238300-0500","86.404268400","192.168.0.178","192.168.0.186","25565","25858","5957478","43705","1283","0","0x0018"
"13599","2026-08-15T10:07:33.677585600-0500","86.424615700","192.168.0.186","192.168.0.178","25858","25565","43705","5958761","3","0","0x0018"
"13600","2026-08-15T10:07:33.704667400-0500","86.451697500","192.168.0.178","192.168.0.186","25565","25858","5958761","43708","1460","0","0x0010"
"13601","2026-08-15T10:07:33.704667400-0500","86.451697500","192.168.0.178","192.168.0.186","25565","25858","5960221","43708","1374","0","0x0018"
"13602","2026-08-15T10:07:33.704733600-0500","86.451763700","192.168.0.186","192.168.0.178","25858","25565","43708","5961595","0","0","0x0010"
"13603","2026-08-15T10:07:33.727899900-0500","86.474930000","192.168.0.186","192.168.0.178","25858","25565","43708","5961595","3","0","0x0018"
"13604","2026-08-15T10:07:33.753127900-0500","86.500158000","192.168.0.178","192.168.0.186","25565","25858","5961595","43711","170","0","0x0018"
"13605","2026-08-15T10:07:33.753300900-0500","86.500331000","192.168.0.186","192.168.0.178","25858","25565","43711","5961765","11","0","0x0018"
"13606","2026-08-15T10:07:33.777996900-0500","86.525027000","192.168.0.186","192.168.0.178","25858","25565","43722","5961765","3","0","0x0018"
"13607","2026-08-15T10:07:33.778817400-0500","86.525847500","192.168.0.178","192.168.0.186","25565","25858","5961765","43725","0","0","0x0010"
"13608","2026-08-15T10:07:33.805141200-0500","86.552171300","192.168.0.178","192.168.0.186","25565","25858","5961765","43725","460","0","0x0018"
"13609","2026-08-15T10:07:33.828034500-0500","86.575064600","192.168.0.186","192.168.0.178","25858","25565","43725","5962225","3","0","0x0018"
"13610","2026-08-15T10:07:33.855800400-0500","86.602830500","192.168.0.178","192.168.0.186","25565","25858","5962225","43728","250","0","0x0018"
"13611","2026-08-15T10:07:33.877471800-0500","86.624501900","192.168.0.186","192.168.0.178","25858","25565","43728","5962475","3","0","0x0018"
"13612","2026-08-15T10:07:33.906634800-0500","86.653664900","192.168.0.178","192.168.0.186","25565","25858","5962475","43731","348","0","0x0018"
"13613","2026-08-15T10:07:33.927882200-0500","86.674912300","192.168.0.186","192.168.0.178","25858","25565","43731","5962823","3","0","0x0018"
"13614","2026-08-15T10:07:33.954176200-0500","86.701206300","192.168.0.178","192.168.0.186","25565","25858","5962823","43734","1208","0","0x0018"
"13615","2026-08-15T10:07:33.978136000-0500","86.725166100","192.168.0.186","192.168.0.178","25858","25565","43734","5964031","3","0","0x0018"
"13616","2026-08-15T10:07:34.006957000-0500","86.753987100","192.168.0.178","192.168.0.186","25565","25858","5964031","43737","204","0","0x0018"
"13617","2026-08-15T10:07:34.028334500-0500","86.775364600","192.168.0.186","192.168.0.178","25858","25565","43737","5964235","3","0","0x0018"
"13618","2026-08-15T10:07:34.056970400-0500","86.804000500","192.168.0.178","192.168.0.186","25565","25858","5964235","43740","257","0","0x0018"
"13619","2026-08-15T10:07:34.078277300-0500","86.825307400","192.168.0.186","192.168.0.178","25858","25565","43740","5964492","3","0","0x0018"
"13620","2026-08-15T10:07:34.106270600-0500","86.853300700","192.168.0.178","192.168.0.186","25565","25858","5964492","43743","335","0","0x0018"
"13621","2026-08-15T10:07:34.126938600-0500","86.873968700","192.168.0.186","192.168.0.178","25858","25565","43743","5964827","3","0","0x0018"
"13622","2026-08-15T10:07:34.153189900-0500","86.900220000","192.168.0.178","192.168.0.186","25565","25858","5964827","43746","1330","0","0x0018"
"13623","2026-08-15T10:07:34.178144200-0500","86.925174300","192.168.0.186","192.168.0.178","25858","25565","43746","5966157","3","0","0x0018"
"13624","2026-08-15T10:07:34.206667100-0500","86.953697200","192.168.0.178","192.168.0.186","25565","25858","5966157","43749","93","0","0x0018"
"13625","2026-08-15T10:07:34.228201700-0500","86.975231800","192.168.0.186","192.168.0.178","25858","25565","43749","5966250","3","0","0x0018"
"13626","2026-08-15T10:07:34.256197400-0500","87.003227500","192.168.0.178","192.168.0.186","25565","25858","5966250","43752","401","0","0x0018"
"13627","2026-08-15T10:07:34.278261900-0500","87.025292000","192.168.0.186","192.168.0.178","25858","25565","43752","5966651","3","0","0x0018"
"13628","2026-08-15T10:07:34.302700100-0500","87.049730200","192.168.0.178","192.168.0.186","25565","25858","5966651","43755","258","0","0x0018"
"13629","2026-08-15T10:07:34.327211600-0500","87.074241700","192.168.0.186","192.168.0.178","25858","25565","43755","5966909","28","0","0x0018"
"13630","2026-08-15T10:07:34.328221100-0500","87.075251200","192.168.0.186","192.168.0.178","25858","25565","43783","5966909","3","0","0x0018"
"13631","2026-08-15T10:07:34.328981500-0500","87.076011600","192.168.0.178","192.168.0.186","25565","25858","5966909","43786","0","0","0x0010"
"13632","2026-08-15T10:07:34.355526000-0500","87.102556100","192.168.0.178","192.168.0.186","25565","25858","5966909","43786","263","0","0x0018"
"13633","2026-08-15T10:07:34.376782000-0500","87.123812100","192.168.0.186","192.168.0.178","25858","25565","43786","5967172","3","0","0x0018"
"13634","2026-08-15T10:07:34.402375300-0500","87.149405400","192.168.0.178","192.168.0.186","25565","25858","5967172","43789","1457","0","0x0018"
"13635","2026-08-15T10:07:34.427348600-0500","87.174378700","192.168.0.186","192.168.0.178","25858","25565","43789","5968629","3","0","0x0018"
"13636","2026-08-15T10:07:34.453730700-0500","87.200760800","192.168.0.178","192.168.0.186","25565","25858","5968629","43792","1093","0","0x0018"
"13637","2026-08-15T10:07:34.478146300-0500","87.225176400","192.168.0.186","192.168.0.178","25858","25565","43792","5969722","3","0","0x0018"
"13638","2026-08-15T10:07:34.502774600-0500","87.249804700","192.168.0.178","192.168.0.186","25565","25858","5969722","43795","208","0","0x0018"
"13639","2026-08-15T10:07:34.528331200-0500","87.275361300","192.168.0.186","192.168.0.178","25858","25565","43795","5969930","3","0","0x0018"
"13640","2026-08-15T10:07:34.557191200-0500","87.304221300","192.168.0.178","192.168.0.186","25565","25858","5969930","43798","1460","0","0x0010"
"13641","2026-08-15T10:07:34.557191200-0500","87.304221300","192.168.0.178","192.168.0.186","25565","25858","5971390","43798","839","0","0x0018"
"13642","2026-08-15T10:07:34.557292800-0500","87.304322900","192.168.0.186","192.168.0.178","25858","25565","43798","5972229","0","0","0x0010"
"13643","2026-08-15T10:07:34.577793700-0500","87.324823800","192.168.0.186","192.168.0.178","25858","25565","43798","5972229","3","0","0x0018"
"13644","2026-08-15T10:07:34.603246100-0500","87.350276200","192.168.0.178","192.168.0.186","25565","25858","5972229","43801","222","0","0x0018"
"13645","2026-08-15T10:07:34.628373300-0500","87.375403400","192.168.0.186","192.168.0.178","25858","25565","43801","5972451","3","0","0x0018"
"13646","2026-08-15T10:07:34.654900500-0500","87.401930600","192.168.0.178","192.168.0.186","25565","25858","5972451","43804","995","0","0x0018"
"13647","2026-08-15T10:07:34.677553700-0500","87.424583800","192.168.0.186","192.168.0.178","25858","25565","43804","5973446","3","0","0x0018"
"13648","2026-08-15T10:07:34.705775900-0500","87.452806000","192.168.0.178","192.168.0.186","25565","25858","5973446","43807","1196","0","0x0018"
"13649","2026-08-15T10:07:34.727521800-0500","87.474551900","192.168.0.186","192.168.0.178","25858","25565","43807","5974642","3","0","0x0018"
"13650","2026-08-15T10:07:34.755416700-0500","87.502446800","192.168.0.178","192.168.0.186","25565","25858","5974642","43810","180","0","0x0018"
"13651","2026-08-15T10:07:34.755660100-0500","87.502690200","192.168.0.186","192.168.0.178","25858","25565","43810","5974822","11","0","0x0018"
"13652","2026-08-15T10:07:34.777945800-0500","87.524975900","192.168.0.186","192.168.0.178","25858","25565","43821","5974822","3","0","0x0018"
"13653","2026-08-15T10:07:34.778732500-0500","87.525762600","192.168.0.178","192.168.0.186","25565","25858","5974822","43824","0","0","0x0010"
"13654","2026-08-15T10:07:34.802849200-0500","87.549879300","192.168.0.178","192.168.0.186","25565","25858","5974822","43824","341","0","0x0018"
"13655","2026-08-15T10:07:34.827713300-0500","87.574743400","192.168.0.186","192.168.0.178","25858","25565","43824","5975163","3","0","0x0018"
"13656","2026-08-15T10:07:34.855421600-0500","87.602451700","192.168.0.178","192.168.0.186","25565","25858","5975163","43827","1359","0","0x0018"
"13657","2026-08-15T10:07:34.877722100-0500","87.624752200","192.168.0.186","192.168.0.178","25858","25565","43827","5976522","3","0","0x0018"
"13658","2026-08-15T10:07:34.906763900-0500","87.653794000","192.168.0.178","192.168.0.186","25565","25858","5976522","43830","1460","0","0x0010"
"13659","2026-08-15T10:07:34.906763900-0500","87.653794000","192.168.0.178","192.168.0.186","25565","25858","5977982","43830","171","0","0x0018"
"13660","2026-08-15T10:07:34.906814600-0500","87.653844700","192.168.0.186","192.168.0.178","25858","25565","43830","5978153","0","0","0x0010"
"13661","2026-08-15T10:07:34.927292000-0500","87.674322100","192.168.0.186","192.168.0.178","25858","25565","43830","5978153","3","0","0x0018"
"13662","2026-08-15T10:07:34.956245100-0500","87.703275200","192.168.0.178","192.168.0.186","25565","25858","5978153","43833","201","0","0x0018"
"13663","2026-08-15T10:07:34.977042700-0500","87.724072800","192.168.0.186","192.168.0.178","25858","25565","43833","5978354","3","0","0x0018"
"13664","2026-08-15T10:07:35.002890200-0500","87.749920300","192.168.0.178","192.168.0.186","25565","25858","5978354","43836","436","0","0x0018"
"13665","2026-08-15T10:07:35.026637700-0500","87.773667800","192.168.0.186","192.168.0.178","25858","25565","43836","5978790","3","0","0x0018"
"13666","2026-08-15T10:07:35.056450000-0500","87.803480100","192.168.0.178","192.168.0.186","25565","25858","5978790","43839","220","0","0x0018"
"13667","2026-08-15T10:07:35.078119100-0500","87.825149200","192.168.0.186","192.168.0.178","25858","25565","43839","5979010","3","0","0x0018"
"13668","2026-08-15T10:07:35.105783100-0500","87.852813200","192.168.0.178","192.168.0.186","25565","25858","5979010","43842","234","0","0x0018"
"13669","2026-08-15T10:07:35.128503300-0500","87.875533400","192.168.0.186","192.168.0.178","25858","25565","43842","5979244","3","0","0x0018"
"13670","2026-08-15T10:07:35.153399500-0500","87.900429600","192.168.0.178","192.168.0.186","25565","25858","5979244","43845","1460","0","0x0010"
"13671","2026-08-15T10:07:35.153399500-0500","87.900429600","192.168.0.178","192.168.0.186","25565","25858","5980704","43845","88","0","0x0018"
"13672","2026-08-15T10:07:35.153451800-0500","87.900481900","192.168.0.186","192.168.0.178","25858","25565","43845","5980792","0","0","0x0010"
"13673","2026-08-15T10:07:35.177138700-0500","87.924168800","192.168.0.186","192.168.0.178","25858","25565","43845","5980792","3","0","0x0018"
"13674","2026-08-15T10:07:35.205279800-0500","87.952309900","192.168.0.178","192.168.0.186","25565","25858","5980792","43848","1460","0","0x0010"
"13675","2026-08-15T10:07:35.205279800-0500","87.952309900","192.168.0.178","192.168.0.186","25565","25858","5982252","43848","1460","0","0x0010"
"13676","2026-08-15T10:07:35.205279800-0500","87.952309900","192.168.0.178","192.168.0.186","25565","25858","5983712","43848","152","0","0x0018"
"13677","2026-08-15T10:07:35.205343300-0500","87.952373400","192.168.0.186","192.168.0.178","25858","25565","43848","5983864","0","0","0x0010"
"13678","2026-08-15T10:07:35.227536600-0500","87.974566700","192.168.0.186","192.168.0.178","25858","25565","43848","5983864","3","0","0x0018"
"13679","2026-08-15T10:07:35.253421500-0500","88.000451600","192.168.0.178","192.168.0.186","25565","25858","5983864","43851","116","0","0x0018"
"13680","2026-08-15T10:07:35.278791400-0500","88.025821500","192.168.0.186","192.168.0.178","25858","25565","43851","5983980","3","0","0x0018"
"13681","2026-08-15T10:07:35.305863700-0500","88.052893800","192.168.0.178","192.168.0.186","25565","25858","5983980","43854","551","0","0x0018"
"13682","2026-08-15T10:07:35.326793600-0500","88.073823700","192.168.0.186","192.168.0.178","25858","25565","43854","5984531","28","0","0x0018"
"13683","2026-08-15T10:07:35.327495900-0500","88.074526000","192.168.0.186","192.168.0.178","25858","25565","43882","5984531","3","0","0x0018"
"13684","2026-08-15T10:07:35.328459100-0500","88.075489200","192.168.0.178","192.168.0.186","25565","25858","5984531","43885","0","0","0x0010"
"13685","2026-08-15T10:07:35.356006200-0500","88.103036300","192.168.0.178","192.168.0.186","25565","25858","5984531","43885","191","0","0x0018"
"13686","2026-08-15T10:07:35.378211200-0500","88.125241300","192.168.0.186","192.168.0.178","25858","25565","43885","5984722","3","0","0x0018"
"13687","2026-08-15T10:07:35.405697200-0500","88.152727300","192.168.0.178","192.168.0.186","25565","25858","5984722","43888","365","0","0x0018"
"13688","2026-08-15T10:07:35.427012800-0500","88.174042900","192.168.0.186","192.168.0.178","25858","25565","43888","5985087","3","0","0x0018"
"13689","2026-08-15T10:07:35.455304200-0500","88.202334300","192.168.0.178","192.168.0.186","25565","25858","5985087","43891","1304","0","0x0018"
"13690","2026-08-15T10:07:35.477684500-0500","88.224714600","192.168.0.186","192.168.0.178","25858","25565","43891","5986391","3","0","0x0018"
"13691","2026-08-15T10:07:35.503354300-0500","88.250384400","192.168.0.178","192.168.0.186","25565","25858","5986391","43894","171","0","0x0018"
"13692","2026-08-15T10:07:35.528681000-0500","88.275711100","192.168.0.186","192.168.0.178","25858","25565","43894","5986562","3","0","0x0018"
"13693","2026-08-15T10:07:35.555945200-0500","88.302975300","192.168.0.178","192.168.0.186","25565","25858","5986562","43897","263","0","0x0018"
"13694","2026-08-15T10:07:35.578112200-0500","88.325142300","192.168.0.186","192.168.0.178","25858","25565","43897","5986825","3","0","0x0018"
"13695","2026-08-15T10:07:35.604367600-0500","88.351397700","192.168.0.178","192.168.0.186","25565","25858","5986825","43900","444","0","0x0018"
"13696","2026-08-15T10:07:35.628288700-0500","88.375318800","192.168.0.186","192.168.0.178","25858","25565","43900","5987269","3","0","0x0018"
"13697","2026-08-15T10:07:35.655761900-0500","88.402792000","192.168.0.178","192.168.0.186","25565","25858","5987269","43903","1013","0","0x0018"
"13698","2026-08-15T10:07:35.677017200-0500","88.424047300","192.168.0.186","192.168.0.178","25858","25565","43903","5988282","3","0","0x0018"
"13699","2026-08-15T10:07:35.705561100-0500","88.452591200","192.168.0.178","192.168.0.186","25565","25858","5988282","43906","191","0","0x0018"
"13700","2026-08-15T10:07:35.728046800-0500","88.475076900","192.168.0.186","192.168.0.178","25858","25565","43906","5988473","3","0","0x0018"
"13701","2026-08-15T10:07:35.753016300-0500","88.500046400","192.168.0.178","192.168.0.186","25565","25858","5988473","43909","374","0","0x0018"
"13702","2026-08-15T10:07:35.777679000-0500","88.524709100","192.168.0.186","192.168.0.178","25858","25565","43909","5988847","3","0","0x0018"
"13703","2026-08-15T10:07:35.805606100-0500","88.552636200","192.168.0.178","192.168.0.186","25565","25858","5988847","43912","150","0","0x0018"
"13704","2026-08-15T10:07:35.805857300-0500","88.552887400","192.168.0.186","192.168.0.178","25858","25565","43912","5988997","11","0","0x0018"
"13705","2026-08-15T10:07:35.828209000-0500","88.575239100","192.168.0.186","192.168.0.178","25858","25565","43923","5988997","3","0","0x0018"
"13706","2026-08-15T10:07:35.829075300-0500","88.576105400","192.168.0.178","192.168.0.186","25565","25858","5988997","43926","0","0","0x0010"
"13707","2026-08-15T10:07:35.852090000-0500","88.599120100","192.168.0.178","192.168.0.186","25565","25858","5988997","43926","233","0","0x0018"
"13708","2026-08-15T10:07:35.877879100-0500","88.624909200","192.168.0.186","192.168.0.178","25858","25565","43926","5989230","3","0","0x0018"
"13709","2026-08-15T10:07:35.902241300-0500","88.649271400","192.168.0.178","192.168.0.186","25565","25858","5989230","43929","1460","0","0x0010"
"13710","2026-08-15T10:07:35.902241300-0500","88.649271400","192.168.0.178","192.168.0.186","25565","25858","5990690","43929","206","0","0x0018"
"13711","2026-08-15T10:07:35.902309700-0500","88.649339800","192.168.0.186","192.168.0.178","25858","25565","43929","5990896","0","0","0x0010"
"13712","2026-08-15T10:07:35.927013400-0500","88.674043500","192.168.0.186","192.168.0.178","25858","25565","43929","5990896","3","0","0x0018"
"13713","2026-08-15T10:07:35.952912700-0500","88.699942800","192.168.0.178","192.168.0.186","25565","25858","5990896","43932","960","0","0x0018"
"13714","2026-08-15T10:07:35.977877600-0500","88.724907700","192.168.0.186","192.168.0.178","25858","25565","43932","5991856","3","0","0x0018"
"13715","2026-08-15T10:07:36.002364600-0500","88.749394700","192.168.0.178","192.168.0.186","25565","25858","5991856","43935","292","0","0x0018"
"13716","2026-08-15T10:07:36.028132300-0500","88.775162400","192.168.0.186","192.168.0.178","25858","25565","43935","5992148","3","0","0x0018"
"13717","2026-08-15T10:07:36.055898300-0500","88.802928400","192.168.0.178","192.168.0.186","25565","25858","5992148","43938","1460","0","0x0010"
"13718","2026-08-15T10:07:36.055898300-0500","88.802928400","192.168.0.178","192.168.0.186","25565","25858","5993608","43938","1005","0","0x0018"
"13719","2026-08-15T10:07:36.055982800-0500","88.803012900","192.168.0.186","192.168.0.178","25858","25565","43938","5994613","0","0","0x0010"
"13720","2026-08-15T10:07:36.078114200-0500","88.825144300","192.168.0.186","192.168.0.178","25858","25565","43938","5994613","3","0","0x0018"
"13721","2026-08-15T10:07:36.105966000-0500","88.852996100","192.168.0.178","192.168.0.186","25565","25858","5994613","43941","207","0","0x0018"
"13722","2026-08-15T10:07:36.128297400-0500","88.875327500","192.168.0.186","192.168.0.178","25858","25565","43941","5994820","3","0","0x0018"
"13723","2026-08-15T10:07:36.154761100-0500","88.901791200","192.168.0.178","192.168.0.186","25565","25858","5994820","43944","1460","0","0x0010"
"13724","2026-08-15T10:07:36.154761100-0500","88.901791200","192.168.0.178","192.168.0.186","25565","25858","5996280","43944","83","0","0x0018"
"13725","2026-08-15T10:07:36.154841600-0500","88.901871700","192.168.0.186","192.168.0.178","25858","25565","43944","5996363","0","0","0x0010"
"13726","2026-08-15T10:07:36.176930500-0500","88.923960600","192.168.0.186","192.168.0.178","25858","25565","43944","5996363","3","0","0x0018"
"13727","2026-08-15T10:07:36.203237500-0500","88.950267600","192.168.0.178","192.168.0.186","25565","25858","5996363","43947","1164","0","0x0018"
"13728","2026-08-15T10:07:36.228203900-0500","88.975234000","192.168.0.186","192.168.0.178","25858","25565","43947","5997527","3","0","0x0018"
"13729","2026-08-15T10:07:36.258077000-0500","89.005107100","192.168.0.178","192.168.0.186","25565","25858","5997527","43950","120","0","0x0018"
"13730","2026-08-15T10:07:36.278119000-0500","89.025149100","192.168.0.186","192.168.0.178","25858","25565","43950","5997647","3","0","0x0018"
"13731","2026-08-15T10:07:36.304578700-0500","89.051608800","192.168.0.178","192.168.0.186","25565","25858","5997647","43953","211","0","0x0018"
"13732","2026-08-15T10:07:36.327244300-0500","89.074274400","192.168.0.186","192.168.0.178","25858","25565","43953","5997858","28","0","0x0018"
"13733","2026-08-15T10:07:36.328108200-0500","89.075138300","192.168.0.186","192.168.0.178","25858","25565","43981","5997858","3","0","0x0018"
"13734","2026-08-15T10:07:36.329892800-0500","89.076922900","192.168.0.178","192.168.0.186","25565","25858","5997858","43984","0","0","0x0010"
"13735","2026-08-15T10:07:36.356387200-0500","89.103417300","192.168.0.178","192.168.0.186","25565","25858","5997858","43984","1460","0","0x0010"
"13736","2026-08-15T10:07:36.356387200-0500","89.103417300","192.168.0.178","192.168.0.186","25565","25858","5999318","43984","175","0","0x0018"
"13737","2026-08-15T10:07:36.356451500-0500","89.103481600","192.168.0.186","192.168.0.178","25858","25565","43984","5999493","0","0","0x0010"
"13738","2026-08-15T10:07:36.377895300-0500","89.124925400","192.168.0.186","192.168.0.178","25858","25565","43984","5999493","3","0","0x0018"
"13739","2026-08-15T10:07:36.404038300-0500","89.151068400","192.168.0.178","192.168.0.186","25565","25858","5999493","43987","1460","0","0x0010"
"13740","2026-08-15T10:07:36.404038300-0500","89.151068400","192.168.0.178","192.168.0.186","25565","25858","6000953","43987","70","0","0x0018"
"13741","2026-08-15T10:07:36.404114900-0500","89.151145000","192.168.0.186","192.168.0.178","25858","25565","43987","6001023","0","0","0x0010"
"13742","2026-08-15T10:07:36.426632400-0500","89.173662500","192.168.0.186","192.168.0.178","25858","25565","43987","6001023","3","0","0x0018"
"13743","2026-08-15T10:07:36.455727100-0500","89.202757200","192.168.0.178","192.168.0.186","25565","25858","6001023","43990","299","0","0x0018"
"13744","2026-08-15T10:07:36.477369900-0500","89.224400000","192.168.0.186","192.168.0.178","25858","25565","43990","6001322","3","0","0x0018"
"13745","2026-08-15T10:07:36.505902800-0500","89.252932900","192.168.0.178","192.168.0.186","25565","25858","6001322","43993","257","0","0x0018"
"13746","2026-08-15T10:07:36.527997800-0500","89.275027900","192.168.0.186","192.168.0.178","25858","25565","43993","6001579","3","0","0x0018"
"13747","2026-08-15T10:07:36.556114000-0500","89.303144100","192.168.0.178","192.168.0.186","25565","25858","6001579","43996","134","0","0x0018"
"13748","2026-08-15T10:07:36.578107600-0500","89.325137700","192.168.0.186","192.168.0.178","25858","25565","43996","6001713","3","0","0x0018"
"13749","2026-08-15T10:07:36.604590900-0500","89.351621000","192.168.0.178","192.168.0.186","25565","25858","6001713","43999","117","0","0x0018"
"13750","2026-08-15T10:07:36.627362700-0500","89.374392800","192.168.0.186","192.168.0.178","25858","25565","43999","6001830","3","0","0x0018"
"13751","2026-08-15T10:07:36.653265100-0500","89.400295200","192.168.0.178","192.168.0.186","25565","25858","6001830","44002","1460","0","0x0010"
"13752","2026-08-15T10:07:36.653265100-0500","89.400295200","192.168.0.178","192.168.0.186","25565","25858","6003290","44002","6","0","0x0018"
"13753","2026-08-15T10:07:36.653343700-0500","89.400373800","192.168.0.186","192.168.0.178","25858","25565","44002","6003296","0","0","0x0010"
"13754","2026-08-15T10:07:36.677791000-0500","89.424821100","192.168.0.186","192.168.0.178","25858","25565","44002","6003296","3","0","0x0018"
"13755","2026-08-15T10:07:36.705606900-0500","89.452637000","192.168.0.178","192.168.0.186","25565","25858","6003296","44005","1460","0","0x0010"
"13756","2026-08-15T10:07:36.705606900-0500","89.452637000","192.168.0.178","192.168.0.186","25565","25858","6004756","44005","1460","0","0x0010"
"13757","2026-08-15T10:07:36.705606900-0500","89.452637000","192.168.0.178","192.168.0.186","25565","25858","6006216","44005","319","0","0x0018"
"13758","2026-08-15T10:07:36.705657800-0500","89.452687900","192.168.0.186","192.168.0.178","25858","25565","44005","6006535","0","0","0x0010"
"13759","2026-08-15T10:07:36.727168300-0500","89.474198400","192.168.0.186","192.168.0.178","25858","25565","44005","6006535","3","0","0x0018"
"13760","2026-08-15T10:07:36.756142000-0500","89.503172100","192.168.0.178","192.168.0.186","25565","25858","6006535","44008","371","0","0x0018"
"13761","2026-08-15T10:07:36.777990000-0500","89.525020100","192.168.0.186","192.168.0.178","25858","25565","44008","6006906","3","0","0x0018"
"13762","2026-08-15T10:07:36.802797800-0500","89.549827900","192.168.0.178","192.168.0.186","25565","25858","6006906","44011","275","0","0x0018"
"13763","2026-08-15T10:07:36.828406500-0500","89.575436600","192.168.0.186","192.168.0.178","25858","25565","44011","6007181","3","0","0x0018"
"13764","2026-08-15T10:07:36.856090800-0500","89.603120900","192.168.0.178","192.168.0.186","25565","25858","6007181","44014","261","0","0x0018"
"13765","2026-08-15T10:07:36.856349700-0500","89.603379800","192.168.0.186","192.168.0.178","25858","25565","44014","6007442","11","0","0x0018"
"13766","2026-08-15T10:07:36.878003200-0500","89.625033300","192.168.0.186","192.168.0.178","25858","25565","44025","6007442","3","0","0x0018"
"13767","2026-08-15T10:07:36.879130900-0500","89.626161000","192.168.0.178","192.168.0.186","25565","25858","6007442","44028","0","0","0x0010"
"13768","2026-08-15T10:07:36.902769300-0500","89.649799400","192.168.0.178","192.168.0.186","25565","25858","6007442","44028","434","0","0x0018"
"13769","2026-08-15T10:07:36.927439600-0500","89.674469700","192.168.0.186","192.168.0.178","25858","25565","44028","6007876","3","0","0x0018"
"13770","2026-08-15T10:07:36.952014800-0500","89.699044900","192.168.0.178","192.168.0.186","25565","25858","6007876","44031","810","0","0x0018"
"13771","2026-08-15T10:07:36.977376700-0500","89.724406800","192.168.0.186","192.168.0.178","25858","25565","44031","6008686","3","0","0x0018"
"13772","2026-08-15T10:07:37.006224600-0500","89.753254700","192.168.0.178","192.168.0.186","25565","25858","6008686","44034","158","0","0x0018"
"13773","2026-08-15T10:07:37.028417000-0500","89.775447100","192.168.0.186","192.168.0.178","25858","25565","44034","6008844","3","0","0x0018"
"13774","2026-08-15T10:07:37.052684000-0500","89.799714100","192.168.0.178","192.168.0.186","25565","25858","6008844","44037","96","0","0x0018"
"13775","2026-08-15T10:07:37.078202700-0500","89.825232800","192.168.0.186","192.168.0.178","25858","25565","44037","6008940","3","0","0x0018"
"13776","2026-08-15T10:07:37.105423700-0500","89.852453800","192.168.0.178","192.168.0.186","25565","25858","6008940","44040","334","0","0x0018"
"13777","2026-08-15T10:07:37.128548000-0500","89.875578100","192.168.0.186","192.168.0.178","25858","25565","44040","6009274","3","0","0x0018"
"13778","2026-08-15T10:07:37.153932600-0500","89.900962700","192.168.0.178","192.168.0.186","25565","25858","6009274","44043","405","0","0x0018"
"13779","2026-08-15T10:07:37.177674300-0500","89.924704400","192.168.0.186","192.168.0.178","25858","25565","44043","6009679","3","0","0x0018"
"13780","2026-08-15T10:07:37.204406100-0500","89.951436200","192.168.0.178","192.168.0.186","25565","25858","6009679","44046","190","0","0x0018"
"13781","2026-08-15T10:07:37.227634100-0500","89.974664200","192.168.0.186","192.168.0.178","25858","25565","44046","6009869","3","0","0x0018"
"13782","2026-08-15T10:07:37.256891400-0500","90.003921500","192.168.0.178","192.168.0.186","25565","25858","6009869","44049","239","0","0x0018"
"13783","2026-08-15T10:07:37.278134000-0500","90.025164100","192.168.0.186","192.168.0.178","25858","25565","44049","6010108","3","0","0x0018"
"13784","2026-08-15T10:07:37.304082800-0500","90.051112900","192.168.0.178","192.168.0.186","25565","25858","6010108","44052","158","0","0x0018"
"13785","2026-08-15T10:07:37.327226400-0500","90.074256500","192.168.0.186","192.168.0.178","25858","25565","44052","6010266","28","0","0x0018"
"13786","2026-08-15T10:07:37.328074000-0500","90.075104100","192.168.0.186","192.168.0.178","25858","25565","44080","6010266","3","0","0x0018"
"13787","2026-08-15T10:07:37.328866500-0500","90.075896600","192.168.0.178","192.168.0.186","25565","25858","6010266","44083","0","0","0x0010"
"13788","2026-08-15T10:07:37.354565400-0500","90.101595500","192.168.0.178","192.168.0.186","25565","25858","6010266","44083","162","0","0x0018"
"13789","2026-08-15T10:07:37.378121800-0500","90.125151900","192.168.0.186","192.168.0.178","25858","25565","44083","6010428","3","0","0x0018"
"13790","2026-08-15T10:07:37.405208800-0500","90.152238900","192.168.0.178","192.168.0.186","25565","25858","6010428","44086","592","0","0x0018"
"13791","2026-08-15T10:07:37.427932800-0500","90.174962900","192.168.0.186","192.168.0.178","25858","25565","44086","6011020","3","0","0x0018"
"13792","2026-08-15T10:07:37.455749100-0500","90.202779200","192.168.0.178","192.168.0.186","25565","25858","6011020","44089","922","0","0x0018"
"13793","2026-08-15T10:07:37.476852200-0500","90.223882300","192.168.0.186","192.168.0.178","25858","25565","44089","6011942","3","0","0x0018"
"13794","2026-08-15T10:07:37.502070900-0500","90.249101000","192.168.0.178","192.168.0.186","25565","25858","6011942","44092","173","0","0x0018"
"13795","2026-08-15T10:07:37.528678000-0500","90.275708100","192.168.0.186","192.168.0.178","25858","25565","44092","6012115","3","0","0x0018"
"13796","2026-08-15T10:07:37.555049100-0500","90.302079200","192.168.0.178","192.168.0.186","25565","25858","6012115","44095","1460","0","0x0010"
"13797","2026-08-15T10:07:37.555049100-0500","90.302079200","192.168.0.178","192.168.0.186","25565","25858","6013575","44095","287","0","0x0018"
"13798","2026-08-15T10:07:37.555116900-0500","90.302147000","192.168.0.186","192.168.0.178","25858","25565","44095","6013862","0","0","0x0010"
"13799","2026-08-15T10:07:37.578083200-0500","90.325113300","192.168.0.186","192.168.0.178","25858","25565","44095","6013862","3","0","0x0018"
"13800","2026-08-15T10:07:37.605375500-0500","90.352405600","192.168.0.178","192.168.0.186","25565","25858","6013862","44098","231","0","0x0018"
"13801","2026-08-15T10:07:37.626980400-0500","90.374010500","192.168.0.186","192.168.0.178","25858","25565","44098","6014093","3","0","0x0018"
"13802","2026-08-15T10:07:37.656133300-0500","90.403163400","192.168.0.178","192.168.0.186","25565","25858","6014093","44101","406","0","0x0018"
"13803","2026-08-15T10:07:37.678197600-0500","90.425227700","192.168.0.186","192.168.0.178","25858","25565","44101","6014499","3","0","0x0018"
"13804","2026-08-15T10:07:37.701763900-0500","90.448794000","192.168.0.178","192.168.0.186","25565","25858","6014499","44104","1190","0","0x0018"
"13805","2026-08-15T10:07:37.726930500-0500","90.473960600","192.168.0.186","192.168.0.178","25858","25565","44104","6015689","3","0","0x0018"
"13806","2026-08-15T10:07:37.753530100-0500","90.500560200","192.168.0.178","192.168.0.186","25565","25858","6015689","44107","98","0","0x0018"
"13807","2026-08-15T10:07:37.777221500-0500","90.524251600","192.168.0.186","192.168.0.178","25858","25565","44107","6015787","3","0","0x0018"
"13808","2026-08-15T10:07:37.804569700-0500","90.551599800","192.168.0.178","192.168.0.186","25565","25858","6015787","44110","157","0","0x0018"
"13809","2026-08-15T10:07:37.828118600-0500","90.575148700","192.168.0.186","192.168.0.178","25858","25565","44110","6015944","3","0","0x0018"
"13810","2026-08-15T10:07:37.851842000-0500","90.598872100","192.168.0.178","192.168.0.186","25565","25858","6015944","44113","690","0","0x0018"
"13811","2026-08-15T10:07:37.878198300-0500","90.625228400","192.168.0.186","192.168.0.178","25858","25565","44113","6016634","3","0","0x0018"
"13812","2026-08-15T10:07:37.903495400-0500","90.650525500","192.168.0.178","192.168.0.186","25565","25858","6016634","44116","428","0","0x0018"
"13813","2026-08-15T10:07:37.903854600-0500","90.650884700","192.168.0.186","192.168.0.178","25858","25565","44116","6017062","11","0","0x0018"
"13814","2026-08-15T10:07:37.928257200-0500","90.675287300","192.168.0.186","192.168.0.178","25858","25565","44127","6017062","3","0","0x0018"
"13815","2026-08-15T10:07:37.929021600-0500","90.676051700","192.168.0.178","192.168.0.186","25565","25858","6017062","44130","0","0","0x0010"
"13816","2026-08-15T10:07:37.954532900-0500","90.701563000","192.168.0.178","192.168.0.186","25565","25858","6017062","44130","331","0","0x0018"
"13817","2026-08-15T10:07:37.978166400-0500","90.725196500","192.168.0.186","192.168.0.178","25858","25565","44130","6017393","3","0","0x0018"
"13818","2026-08-15T10:07:38.002183600-0500","90.749213700","192.168.0.178","192.168.0.186","25565","25858","6017393","44133","261","0","0x0018"
"13819","2026-08-15T10:07:38.028773700-0500","90.775803800","192.168.0.186","192.168.0.178","25858","25565","44133","6017654","3","0","0x0018"
"13820","2026-08-15T10:07:38.052927000-0500","90.799957100","192.168.0.178","192.168.0.186","25565","25858","6017654","44136","118","0","0x0018"
"13821","2026-08-15T10:07:38.077828300-0500","90.824858400","192.168.0.186","192.168.0.178","25858","25565","44136","6017772","3","0","0x0018"
"13822","2026-08-15T10:07:38.105464600-0500","90.852494700","192.168.0.178","192.168.0.186","25565","25858","6017772","44139","205","0","0x0018"
"13823","2026-08-15T10:07:38.128445000-0500","90.875475100","192.168.0.186","192.168.0.178","25858","25565","44139","6017977","3","0","0x0018"
"13824","2026-08-15T10:07:38.152280700-0500","90.899310800","192.168.0.178","192.168.0.186","25565","25858","6017977","44142","491","0","0x0018"
"13825","2026-08-15T10:07:38.178289800-0500","90.925319900","192.168.0.186","192.168.0.178","25858","25565","44142","6018468","3","0","0x0018"
"13826","2026-08-15T10:07:38.204755700-0500","90.951785800","192.168.0.178","192.168.0.186","25565","25858","6018468","44145","1460","0","0x0010"
"13827","2026-08-15T10:07:38.204755700-0500","90.951785800","192.168.0.178","192.168.0.186","25565","25858","6019928","44145","991","0","0x0018"
"13828","2026-08-15T10:07:38.204852100-0500","90.951882200","192.168.0.186","192.168.0.178","25858","25565","44145","6020919","0","0","0x0010"
"13829","2026-08-15T10:07:38.227978800-0500","90.975008900","192.168.0.186","192.168.0.178","25858","25565","44145","6020919","3","0","0x0018"
"13830","2026-08-15T10:07:38.255681300-0500","91.002711400","192.168.0.178","192.168.0.186","25565","25858","6020919","44148","781","0","0x0018"
"13831","2026-08-15T10:07:38.277742800-0500","91.024772900","192.168.0.186","192.168.0.178","25858","25565","44148","6021700","3","0","0x0018"
"13832","2026-08-15T10:07:38.302629900-0500","91.049660000","192.168.0.178","192.168.0.186","25565","25858","6021700","44151","265","0","0x0018"
"13833","2026-08-15T10:07:38.326511700-0500","91.073541800","192.168.0.186","192.168.0.178","25858","25565","44151","6021965","28","0","0x0018"
"13834","2026-08-15T10:07:38.327063400-0500","91.074093500","192.168.0.186","192.168.0.178","25858","25565","44179","6021965","3","0","0x0018"
"13835","2026-08-15T10:07:38.327942500-0500","91.074972600","192.168.0.178","192.168.0.186","25565","25858","6021965","44182","0","0","0x0010"
"13836","2026-08-15T10:07:38.355000800-0500","91.102030900","192.168.0.178","192.168.0.186","25565","25858","6021965","44182","175","0","0x0018"
"13837","2026-08-15T10:07:38.377008600-0500","91.124038700","192.168.0.186","192.168.0.178","25858","25565","44182","6022140","3","0","0x0018"
"13838","2026-08-15T10:07:38.403420200-0500","91.150450300","192.168.0.178","192.168.0.186","25565","25858","6022140","44185","234","0","0x0018"
"13839","2026-08-15T10:07:38.428290000-0500","91.175320100","192.168.0.186","192.168.0.178","25858","25565","44185","6022374","3","0","0x0018"
"13840","2026-08-15T10:07:38.455587800-0500","91.202617900","192.168.0.178","192.168.0.186","25565","25858","6022374","44188","690","0","0x0018"
"13841","2026-08-15T10:07:38.477773400-0500","91.224803500","192.168.0.186","192.168.0.178","25858","25565","44188","6023064","3","0","0x0018"
"13842","2026-08-15T10:07:38.505260800-0500","91.252290900","192.168.0.178","192.168.0.186","25565","25858","6023064","44191","100","0","0x0018"
"13843","2026-08-15T10:07:38.526924000-0500","91.273954100","192.168.0.186","192.168.0.178","25858","25565","44191","6023164","3","0","0x0018"
"13844","2026-08-15T10:07:38.552248100-0500","91.299278200","192.168.0.178","192.168.0.186","25565","25858","6023164","44194","107","0","0x0018"
"13845","2026-08-15T10:07:38.577982600-0500","91.325012700","192.168.0.186","192.168.0.178","25858","25565","44194","6023271","3","0","0x0018"
"13846","2026-08-15T10:07:38.605783300-0500","91.352813400","192.168.0.178","192.168.0.186","25565","25858","6023271","44197","358","0","0x0018"
"13847","2026-08-15T10:07:38.628173200-0500","91.375203300","192.168.0.186","192.168.0.178","25858","25565","44197","6023629","3","0","0x0018"
"13848","2026-08-15T10:07:38.655765100-0500","91.402795200","192.168.0.178","192.168.0.186","25565","25858","6023629","44200","255","0","0x0018"
"13849","2026-08-15T10:07:38.678214400-0500","91.425244500","192.168.0.186","192.168.0.178","25858","25565","44200","6023884","3","0","0x0018"
"13850","2026-08-15T10:07:38.705089800-0500","91.452119900","192.168.0.178","192.168.0.186","25565","25858","6023884","44203","213","0","0x0018"
"13851","2026-08-15T10:07:38.728052300-0500","91.475082400","192.168.0.186","192.168.0.178","25858","25565","44203","6024097","3","0","0x0018"
"13852","2026-08-15T10:07:38.755903700-0500","91.502933800","192.168.0.178","192.168.0.186","25565","25858","6024097","44206","301","0","0x0018"
"13853","2026-08-15T10:07:38.776830400-0500","91.523860500","192.168.0.186","192.168.0.178","25858","25565","44206","6024398","3","0","0x0018"
"13854","2026-08-15T10:07:38.801294300-0500","91.548324400","192.168.0.178","192.168.0.186","25565","25858","6024398","44209","252","0","0x0018"
"13855","2026-08-15T10:07:38.827575200-0500","91.574605300","192.168.0.186","192.168.0.178","25858","25565","44209","6024650","3","0","0x0018"
"13856","2026-08-15T10:07:38.854782200-0500","91.601812300","192.168.0.178","192.168.0.186","25565","25858","6024650","44212","207","0","0x0018"
"13857","2026-08-15T10:07:38.878253400-0500","91.625283500","192.168.0.186","192.168.0.178","25858","25565","44212","6024857","3","0","0x0018"
"13858","2026-08-15T10:07:38.905303700-0500","91.652333800","192.168.0.178","192.168.0.186","25565","25858","6024857","44215","308","0","0x0018"
"13859","2026-08-15T10:07:38.905549700-0500","91.652579800","192.168.0.186","192.168.0.178","25858","25565","44215","6025165","11","0","0x0018"
"13860","2026-08-15T10:07:38.927905000-0500","91.674935100","192.168.0.186","192.168.0.178","25858","25565","44226","6025165","3","0","0x0018"
"13861","2026-08-15T10:07:38.929162000-0500","91.676192100","192.168.0.178","192.168.0.186","25565","25858","6025165","44229","0","0","0x0010"
"13862","2026-08-15T10:07:38.954732600-0500","91.701762700","192.168.0.178","192.168.0.186","25565","25858","6025165","44229","983","0","0x0018"
"13863","2026-08-15T10:07:38.978134800-0500","91.725164900","192.168.0.186","192.168.0.178","25858","25565","44229","6026148","3","0","0x0018"
"13864","2026-08-15T10:07:39.005012900-0500","91.752043000","192.168.0.178","192.168.0.186","25565","25858","6026148","44232","132","0","0x0018"
"13865","2026-08-15T10:07:39.027017000-0500","91.774047100","192.168.0.186","192.168.0.178","25858","25565","44232","6026280","3","0","0x0018"
"13866","2026-08-15T10:07:39.052081200-0500","91.799111300","192.168.0.178","192.168.0.186","25565","25858","6026280","44235","390","0","0x0018"
"13867","2026-08-15T10:07:39.077520800-0500","91.824550900","192.168.0.186","192.168.0.178","25858","25565","44235","6026670","3","0","0x0018"
"13868","2026-08-15T10:07:39.101726900-0500","91.848757000","192.168.0.178","192.168.0.186","25565","25858","6026670","44238","1460","0","0x0010"
"13869","2026-08-15T10:07:39.101726900-0500","91.848757000","192.168.0.178","192.168.0.186","25565","25858","6028130","44238","114","0","0x0018"
"13870","2026-08-15T10:07:39.101796500-0500","91.848826600","192.168.0.186","192.168.0.178","25858","25565","44238","6028244","0","0","0x0010"
"13871","2026-08-15T10:07:39.127428400-0500","91.874458500","192.168.0.186","192.168.0.178","25858","25565","44238","6028244","3","0","0x0018"
"13872","2026-08-15T10:07:39.153679600-0500","91.900709700","192.168.0.178","192.168.0.186","25565","25858","6028244","44241","150","0","0x0018"
"13873","2026-08-15T10:07:39.178311300-0500","91.925341400","192.168.0.186","192.168.0.178","25858","25565","44241","6028394","3","0","0x0018"
"13874","2026-08-15T10:07:39.206228800-0500","91.953258900","192.168.0.178","192.168.0.186","25565","25858","6028394","44244","1154","0","0x0018"
"13875","2026-08-15T10:07:39.227918900-0500","91.974949000","192.168.0.186","192.168.0.178","25858","25565","44244","6029548","3","0","0x0018"
"13876","2026-08-15T10:07:39.256919300-0500","92.003949400","192.168.0.178","192.168.0.186","25565","25858","6029548","44247","233","0","0x0018"
"13877","2026-08-15T10:07:39.277764500-0500","92.024794600","192.168.0.186","192.168.0.178","25858","25565","44247","6029781","3","0","0x0018"
"13878","2026-08-15T10:07:39.302300900-0500","92.049331000","192.168.0.178","192.168.0.186","25565","25858","6029781","44250","70","0","0x0018"
"13879","2026-08-15T10:07:39.326848400-0500","92.073878500","192.168.0.186","192.168.0.178","25858","25565","44250","6029851","28","0","0x0018"
"13880","2026-08-15T10:07:39.327592600-0500","92.074622700","192.168.0.186","192.168.0.178","25858","25565","44278","6029851","3","0","0x0018"
"13881","2026-08-15T10:07:39.328829300-0500","92.075859400","192.168.0.178","192.168.0.186","25565","25858","6029851","44281","0","0","0x0010"
"13882","2026-08-15T10:07:39.355882300-0500","92.102912400","192.168.0.178","192.168.0.186","25565","25858","6029851","44281","689","0","0x0018"
"13883","2026-08-15T10:07:39.377814500-0500","92.124844600","192.168.0.186","192.168.0.178","25858","25565","44281","6030540","3","0","0x0018"
"13884","2026-08-15T10:07:39.404283200-0500","92.151313300","192.168.0.178","192.168.0.186","25565","25858","6030540","44284","195","0","0x0018"
"13885","2026-08-15T10:07:39.427626400-0500","92.174656500","192.168.0.186","192.168.0.178","25858","25565","44284","6030735","3","0","0x0018"
"13886","2026-08-15T10:07:39.455591800-0500","92.202621900","192.168.0.178","192.168.0.186","25565","25858","6030735","44287","280","0","0x0018"
"13887","2026-08-15T10:07:39.477780000-0500","92.224810100","192.168.0.186","192.168.0.178","25858","25565","44287","6031015","3","0","0x0018"
"13888","2026-08-15T10:07:39.507165900-0500","92.254196000","192.168.0.178","192.168.0.186","25565","25858","6031015","44290","257","0","0x0018"
"13889","2026-08-15T10:07:39.527621400-0500","92.274651500","192.168.0.186","192.168.0.178","25858","25565","44290","6031272","3","0","0x0018"
"13890","2026-08-15T10:07:39.551904800-0500","92.298934900","192.168.0.178","192.168.0.186","25565","25858","6031272","44293","230","0","0x0018"
