frame.number,frame.time,frame.time_relative,ip.src,ip.dst,tcp.srcport,tcp.dstport,tcp.seq,tcp.ack,tcp.len,tcp.stream,tcp.flags
1,2026-08-15T10:13:24.866959000-0500,0.000000000,192.168.0.148,192.168.0.178,53414,25565,0,0,0,0,0x0002
2,2026-08-15T10:13:24.867973000-0500,0.001014000,192.168.0.178,192.168.0.148,25565,53414,0,1,0,0,0x0012
3,2026-08-15T10:13:24.868088000-0500,0.001129000,192.168.0.148,192.168.0.178,53414,25565,1,1,0,0,0x0010
4,2026-08-15T10:13:24.870269000-0500,0.003310000,192.168.0.148,192.168.0.178,53414,25565,1,1,21,0,0x0018
5,2026-08-15T10:13:24.870562000-0500,0.003603000,192.168.0.148,192.168.0.178,53414,25565,22,1,23,0,0x0018
6,2026-08-15T10:13:24.871064000-0500,0.004105000,192.168.0.178,192.168.0.148,25565,53414,1,22,0,0,0x0010
7,2026-08-15T10:13:24.871064000-0500,0.004105000,192.168.0.178,192.168.0.148,25565,53414,1,45,0,0,0x0010
8,2026-08-15T10:13:24.940873000-0500,0.073914000,192.168.0.178,192.168.0.148,25565,53414,1,45,4,0,0x0018
9,2026-08-15T10:13:24.943284000-0500,0.076325000,192.168.0.178,192.168.0.148,25565,53414,5,45,25,0,0x0018
10,2026-08-15T10:13:24.943317000-0500,0.076358000,192.168.0.148,192.168.0.178,53414,25565,45,30,0,0,0x0010
11,2026-08-15T10:13:24.943741000-0500,0.076782000,192.168.0.148,192.168.0.178,53414,25565,45,30,3,0,0x0018
12,2026-08-15T10:13:24.943810000-0500,0.076851000,192.168.0.148,192.168.0.178,53414,25565,48,30,27,0,0x0018
13,2026-08-15T10:13:24.943845000-0500,0.076886000,192.168.0.148,192.168.0.178,53414,25565,75,30,17,0,0x0018
14,2026-08-15T10:13:24.944353000-0500,0.077394000,192.168.0.178,192.168.0.148,25565,53414,30,48,0,0,0x0010
15,2026-08-15T10:13:24.944353000-0500,0.077394000,192.168.0.178,192.168.0.148,25565,53414,30,75,0,0,0x0010
16,2026-08-15T10:13:24.944353000-0500,0.077394000,192.168.0.178,192.168.0.148,25565,53414,30,92,0,0,0x0010
17,2026-08-15T10:13:24.965208000-0500,0.098249000,192.168.0.178,192.168.0.148,25565,53414,30,92,25,0,0x0018
18,2026-08-15T10:13:24.965345000-0500,0.098386000,192.168.0.178,192.168.0.148,25565,53414,55,92,22,0,0x0018
19,2026-08-15T10:13:24.965369000-0500,0.098410000,192.168.0.148,192.168.0.178,53414,25565,92,77,0,0,0x0010
20,2026-08-15T10:13:24.966576000-0500,0.099617000,192.168.0.178,192.168.0.148,25565,53414,77,92,26,0,0x0018
21,2026-08-15T10:13:24.968954000-0500,0.101995000,192.168.0.148,192.168.0.178,53414,25565,92,103,26,0,0x0018
22,2026-08-15T10:13:24.973368000-0500,0.106409000,192.168.0.178,192.168.0.148,25565,53414,103,118,509,0,0x0018
23,2026-08-15T10:13:24.974135000-0500,0.107176000,192.168.0.178,192.168.0.148,25565,53414,612,118,166,0,0x0018
24,2026-08-15T10:13:24.974171000-0500,0.107212000,192.168.0.148,192.168.0.178,53414,25565,118,778,0,0,0x0010
25,2026-08-15T10:13:24.974487000-0500,0.107528000,192.168.0.178,192.168.0.148,25565,53414,778,118,141,0,0x0018
26,2026-08-15T10:13:24.974834000-0500,0.107875000,192.168.0.178,192.168.0.148,25565,53414,919,118,230,0,0x0018
27,2026-08-15T10:13:24.974872000-0500,0.107913000,192.168.0.148,192.168.0.178,53414,25565,118,1149,0,0,0x0010
28,2026-08-15T10:13:24.974928000-0500,0.107969000,192.168.0.178,192.168.0.148,25565,53414,1149,118,187,0,0x0018
29,2026-08-15T10:13:24.975265000-0500,0.108306000,192.168.0.178,192.168.0.148,25565,53414,1336,118,152,0,0x0018
30,2026-08-15T10:13:24.975265000-0500,0.108306000,192.168.0.178,192.168.0.148,25565,53414,1488,118,79,0,0x0018
31,2026-08-15T10:13:24.975299000-0500,0.108340000,192.168.0.148,192.168.0.178,53414,25565,118,1567,0,0,0x0010
32,2026-08-15T10:13:24.975573000-0500,0.108614000,192.168.0.178,192.168.0.148,25565,53414,1567,118,80,0,0x0018
33,2026-08-15T10:13:24.975609000-0500,0.108650000,192.168.0.148,192.168.0.178,53414,25565,118,1647,0,0,0x0010
34,2026-08-15T10:13:24.975891000-0500,0.108932000,192.168.0.178,192.168.0.148,25565,53414,1647,118,236,0,0x0018
35,2026-08-15T10:13:24.976011000-0500,0.109052000,192.168.0.178,192.168.0.148,25565,53414,1883,118,79,0,0x0018
36,2026-08-15T10:13:24.976027000-0500,0.109068000,192.168.0.148,192.168.0.178,53414,25565,118,1962,0,0,0x0010
37,2026-08-15T10:13:24.976071000-0500,0.109112000,192.168.0.178,192.168.0.148,25565,53414,1962,118,83,0,0x0018
38,2026-08-15T10:13:24.976961000-0500,0.110002000,192.168.0.178,192.168.0.148,25565,53414,2045,118,349,0,0x0018
39,2026-08-15T10:13:24.976961000-0500,0.110002000,192.168.0.178,192.168.0.148,25565,53414,2394,118,118,0,0x0018
40,2026-08-15T10:13:24.976998000-0500,0.110039000,192.168.0.148,192.168.0.178,53414,25565,118,2512,0,0,0x0010
41,2026-08-15T10:13:24.977850000-0500,0.110891000,192.168.0.178,192.168.0.148,25565,53414,2512,118,415,0,0x0018
42,2026-08-15T10:13:24.977878000-0500,0.110919000,192.168.0.148,192.168.0.178,53414,25565,118,2927,0,0,0x0010
43,2026-08-15T10:13:24.978349000-0500,0.111390000,192.168.0.178,192.168.0.148,25565,53414,2927,118,329,0,0x0018
44,2026-08-15T10:13:24.978779000-0500,0.111820000,192.168.0.178,192.168.0.148,25565,53414,3256,118,380,0,0x0018
45,2026-08-15T10:13:24.978793000-0500,0.111834000,192.168.0.148,192.168.0.178,53414,25565,118,3636,0,0,0x0010
46,2026-08-15T10:13:24.979086000-0500,0.112127000,192.168.0.178,192.168.0.148,25565,53414,3636,118,176,0,0x0018
47,2026-08-15T10:13:24.979283000-0500,0.112324000,192.168.0.178,192.168.0.148,25565,53414,3812,118,240,0,0x0018
48,2026-08-15T10:13:24.979293000-0500,0.112334000,192.168.0.148,192.168.0.178,53414,25565,118,4052,0,0,0x0010
49,2026-08-15T10:13:24.979341000-0500,0.112382000,192.168.0.178,192.168.0.148,25565,53414,4052,118,50,0,0x0018
50,2026-08-15T10:13:24.979403000-0500,0.112444000,192.168.0.178,192.168.0.148,25565,53414,4102,118,51,0,0x0018
51,2026-08-15T10:13:24.979414000-0500,0.112455000,192.168.0.148,192.168.0.178,53414,25565,118,4153,0,0,0x0010
52,2026-08-15T10:13:24.979567000-0500,0.112608000,192.168.0.178,192.168.0.148,25565,53414,4153,118,96,0,0x0018
53,2026-08-15T10:13:24.986988000-0500,0.120029000,192.168.0.178,192.168.0.148,25565,53414,4249,118,1460,0,0x0010
54,2026-08-15T10:13:24.987000000-0500,0.120041000,192.168.0.148,192.168.0.178,53414,25565,118,5709,0,0,0x0010
55,2026-08-15T10:13:24.987059000-0500,0.120100000,192.168.0.178,192.168.0.148,25565,53414,5709,118,1460,0,0x0010
56,2026-08-15T10:13:24.987290000-0500,0.120331000,192.168.0.178,192.168.0.148,25565,53414,7169,118,1460,0,0x0010
57,2026-08-15T10:13:24.987290000-0500,0.120331000,192.168.0.178,192.168.0.148,25565,53414,8629,118,1460,0,0x0010
58,2026-08-15T10:13:24.987335000-0500,0.120376000,192.168.0.148,192.168.0.178,53414,25565,118,10089,0,0,0x0010
59,2026-08-15T10:13:24.987403000-0500,0.120444000,192.168.0.178,192.168.0.148,25565,53414,10089,118,1460,0,0x0018
60,2026-08-15T10:13:24.987413000-0500,0.120454000,192.168.0.148,192.168.0.178,53414,25565,118,11549,0,0,0x0010
61,2026-08-15T10:13:24.987548000-0500,0.120589000,192.168.0.178,192.168.0.148,25565,53414,11549,118,1460,0,0x0010
62,2026-08-15T10:13:24.987684000-0500,0.120725000,192.168.0.178,192.168.0.148,25565,53414,13009,118,1460,0,0x0010
63,2026-08-15T10:13:24.987691000-0500,0.120732000,192.168.0.148,192.168.0.178,53414,25565,118,14469,0,0,0x0010
64,2026-08-15T10:13:24.987740000-0500,0.120781000,192.168.0.178,192.168.0.148,25565,53414,14469,118,998,0,0x0018
65,2026-08-15T10:13:24.987740000-0500,0.120781000,192.168.0.178,192.168.0.148,25565,53414,15467,118,3,0,0x0018
66,2026-08-15T10:13:24.987749000-0500,0.120790000,192.168.0.148,192.168.0.178,53414,25565,118,15470,0,0,0x0010
67,2026-08-15T10:13:25.014962000-0500,0.148003000,192.168.0.148,192.168.0.178,53414,25565,118,15470,3,0,0x0018
68,2026-08-15T10:13:25.057561000-0500,0.190602000,192.168.0.178,192.168.0.148,25565,53414,15470,121,0,0,0x0010
69,2026-08-15T10:13:25.120409000-0500,0.253450000,192.168.0.178,192.168.0.148,25565,53414,15470,121,140,0,0x0018
70,2026-08-15T10:13:25.120409000-0500,0.253450000,192.168.0.178,192.168.0.148,25565,53414,15610,121,5,0,0x0018
71,2026-08-15T10:13:25.120485000-0500,0.253526000,192.168.0.148,192.168.0.178,53414,25565,121,15615,0,0,0x0010
72,2026-08-15T10:13:25.120541000-0500,0.253582000,192.168.0.178,192.168.0.148,25565,53414,15615,121,12,0,0x0018
73,2026-08-15T10:13:25.120597000-0500,0.253638000,192.168.0.178,192.168.0.148,25565,53414,15627,121,4,0,0x0018
74,2026-08-15T10:13:25.120605000-0500,0.253646000,192.168.0.148,192.168.0.178,53414,25565,121,15631,0,0,0x0010
75,2026-08-15T10:13:25.127316000-0500,0.260357000,192.168.0.178,192.168.0.148,25565,53414,15631,121,1406,0,0x0018
76,2026-08-15T10:13:25.127316000-0500,0.260357000,192.168.0.178,192.168.0.148,25565,53414,17037,121,8,0,0x0018
77,2026-08-15T10:13:25.127316000-0500,0.260357000,192.168.0.178,192.168.0.148,25565,53414,17045,121,11,0,0x0018
78,2026-08-15T10:13:25.127387000-0500,0.260428000,192.168.0.148,192.168.0.178,53414,25565,121,17056,0,0,0x0010
79,2026-08-15T10:13:25.128226000-0500,0.261267000,192.168.0.178,192.168.0.148,25565,53414,17056,121,309,0,0x0018
80,2026-08-15T10:13:25.128226000-0500,0.261267000,192.168.0.178,192.168.0.148,25565,53414,17365,121,64,0,0x0018
81,2026-08-15T10:13:25.128284000-0500,0.261325000,192.168.0.148,192.168.0.178,53414,25565,121,17429,0,0,0x0010
82,2026-08-15T10:13:25.128783000-0500,0.261824000,192.168.0.178,192.168.0.148,25565,53414,17429,121,44,0,0x0018
83,2026-08-15T10:13:25.128830000-0500,0.261871000,192.168.0.148,192.168.0.178,53414,25565,121,17473,0,0,0x0010
84,2026-08-15T10:13:25.149127000-0500,0.282168000,192.168.0.178,192.168.0.148,25565,53414,17473,121,215,0,0x0018
85,2026-08-15T10:13:25.150132000-0500,0.283173000,192.168.0.178,192.168.0.148,25565,53414,17688,121,34,0,0x0018
86,2026-08-15T10:13:25.150132000-0500,0.283173000,192.168.0.178,192.168.0.148,25565,53414,17722,121,4,0,0x0018
87,2026-08-15T10:13:25.150187000-0500,0.283228000,192.168.0.148,192.168.0.178,53414,25565,121,17726,0,0,0x0010
88,2026-08-15T10:13:25.150242000-0500,0.283283000,192.168.0.178,192.168.0.148,25565,53414,17726,121,4,0,0x0018
89,2026-08-15T10:13:25.150254000-0500,0.283295000,192.168.0.148,192.168.0.178,53414,25565,121,17730,0,0,0x0010
90,2026-08-15T10:13:25.150297000-0500,0.283338000,192.168.0.178,192.168.0.148,25565,53414,17730,121,13,0,0x0018
91,2026-08-15T10:13:25.157254000-0500,0.290295000,192.168.0.148,192.168.0.178,53414,25565,121,17743,4,0,0x0018
92,2026-08-15T10:13:25.157288000-0500,0.290329000,192.168.0.148,192.168.0.178,53414,25565,125,17743,36,0,0x0018
93,2026-08-15T10:13:25.157921000-0500,0.290962000,192.168.0.178,192.168.0.148,25565,53414,17743,125,0,0,0x0010
94,2026-08-15T10:13:25.157921000-0500,0.290962000,192.168.0.178,192.168.0.148,25565,53414,17743,161,0,0,0x0010
95,2026-08-15T10:13:25.158184000-0500,0.291225000,192.168.0.148,192.168.0.178,53414,25565,161,17743,5,0,0x0018
96,2026-08-15T10:13:25.158857000-0500,0.291898000,192.168.0.178,192.168.0.148,25565,53414,17743,166,0,0,0x0010
97,2026-08-15T10:13:25.159586000-0500,0.292627000,192.168.0.148,192.168.0.178,53414,25565,166,17743,3,0,0x0018
98,2026-08-15T10:13:25.160222000-0500,0.293263000,192.168.0.178,192.168.0.148,25565,53414,17743,169,0,0,0x0010
99,2026-08-15T10:13:25.166658000-0500,0.299699000,192.168.0.178,192.168.0.148,25565,53414,17743,169,42,0,0x0018
100,2026-08-15T10:13:25.166658000-0500,0.299699000,192.168.0.178,192.168.0.148,25565,53414,17785,169,20,0,0x0018
101,2026-08-15T10:13:25.166691000-0500,0.299732000,192.168.0.148,192.168.0.178,53414,25565,169,17805,0,0,0x0010
102,2026-08-15T10:13:25.166742000-0500,0.299783000,192.168.0.178,192.168.0.148,25565,53414,17805,169,15,0,0x0018
103,2026-08-15T10:13:25.166892000-0500,0.299933000,192.168.0.178,192.168.0.148,25565,53414,17820,169,8,0,0x0018
104,2026-08-15T10:13:25.166892000-0500,0.299933000,192.168.0.178,192.168.0.148,25565,53414,17828,169,8,0,0x0018
105,2026-08-15T10:13:25.166911000-0500,0.299952000,192.168.0.148,192.168.0.178,53414,25565,169,17836,0,0,0x0010
106,2026-08-15T10:13:25.166947000-0500,0.299988000,192.168.0.178,192.168.0.148,25565,53414,17836,169,8,0,0x0018
107,2026-08-15T10:13:25.166947000-0500,0.299988000,192.168.0.178,192.168.0.148,25565,53414,17844,169,8,0,0x0018
108,2026-08-15T10:13:25.166954000-0500,0.299995000,192.168.0.148,192.168.0.178,53414,25565,169,17852,0,0,0x0010
109,2026-08-15T10:13:25.167177000-0500,0.300218000,192.168.0.178,192.168.0.148,25565,53414,17852,169,4,0,0x0018
110,2026-08-15T10:13:25.167195000-0500,0.300236000,192.168.0.148,192.168.0.178,53414,25565,169,17856,0,0,0x0010
111,2026-08-15T10:13:25.177435000-0500,0.310476000,192.168.0.178,192.168.0.148,25565,53414,17856,169,206,0,0x0018
112,2026-08-15T10:13:25.177919000-0500,0.310960000,192.168.0.178,192.168.0.148,25565,53414,18062,169,12,0,0x0018
113,2026-08-15T10:13:25.177941000-0500,0.310982000,192.168.0.148,192.168.0.178,53414,25565,169,18074,0,0,0x0010
114,2026-08-15T10:13:25.192451000-0500,0.325492000,192.168.0.148,192.168.0.178,53414,25565,169,18074,3,0,0x0018
115,2026-08-15T10:13:25.197478000-0500,0.330519000,192.168.0.178,192.168.0.148,25565,53414,18074,172,730,0,0x0018
116,2026-08-15T10:13:25.199732000-0500,0.332773000,192.168.0.178,192.168.0.148,25565,53414,18804,172,334,0,0x0018
117,2026-08-15T10:13:25.199752000-0500,0.332793000,192.168.0.148,192.168.0.178,53414,25565,172,19138,0,0,0x0010
118,2026-08-15T10:13:25.244043000-0500,0.377084000,192.168.0.148,192.168.0.178,53414,25565,172,19138,3,0,0x0018
119,2026-08-15T10:13:25.278319000-0500,0.411360000,192.168.0.148,192.168.0.178,53414,25565,175,19138,3,0,0x0018
120,2026-08-15T10:13:25.279018000-0500,0.412059000,192.168.0.178,192.168.0.148,25565,53414,19138,178,0,0,0x0010
121,2026-08-15T10:13:25.327742000-0500,0.460783000,192.168.0.178,192.168.0.148,25565,53414,19138,178,20,0,0x0018
122,2026-08-15T10:13:25.344046000-0500,0.477087000,192.168.0.148,192.168.0.178,53414,25565,178,19158,3,0,0x0018
123,2026-08-15T10:13:25.378922000-0500,0.511963000,192.168.0.148,192.168.0.178,53414,25565,181,19158,3,0,0x0018
124,2026-08-15T10:13:25.379760000-0500,0.512801000,192.168.0.178,192.168.0.148,25565,53414,19158,181,1460,0,0x0010
125,2026-08-15T10:13:25.379760000-0500,0.512801000,192.168.0.178,192.168.0.148,25565,53414,20618,181,1460,0,0x0010
126,2026-08-15T10:13:25.379814000-0500,0.512855000,192.168.0.148,192.168.0.178,53414,25565,184,22078,0,0,0x0010
127,2026-08-15T10:13:25.379855000-0500,0.512896000,192.168.0.178,192.168.0.148,25565,53414,22078,181,772,0,0x0018
128,2026-08-15T10:13:25.421005000-0500,0.554046000,192.168.0.148,192.168.0.178,53414,25565,184,22850,0,0,0x0010
129,2026-08-15T10:13:25.421605000-0500,0.554646000,192.168.0.178,192.168.0.148,25565,53414,22850,184,0,0,0x0010
130,2026-08-15T10:13:25.443828000-0500,0.576869000,192.168.0.148,192.168.0.178,53414,25565,184,22850,3,0,0x0018
131,2026-08-15T10:13:25.444663000-0500,0.577704000,192.168.0.178,192.168.0.148,25565,53414,22850,187,0,0,0x0010
132,2026-08-15T10:13:25.476738000-0500,0.609779000,192.168.0.178,192.168.0.148,25565,53414,22850,187,1460,0,0x0010
133,2026-08-15T10:13:25.476738000-0500,0.609779000,192.168.0.178,192.168.0.148,25565,53414,24310,187,1460,0,0x0010
134,2026-08-15T10:13:25.476825000-0500,0.609866000,192.168.0.148,192.168.0.178,53414,25565,187,25770,0,0,0x0010
135,2026-08-15T10:13:25.476918000-0500,0.609959000,192.168.0.178,192.168.0.148,25565,53414,25770,187,1460,0,0x0010
136,2026-08-15T10:13:25.476991000-0500,0.610032000,192.168.0.178,192.168.0.148,25565,53414,27230,187,1460,0,0x0010
137,2026-08-15T10:13:25.477003000-0500,0.610044000,192.168.0.148,192.168.0.178,53414,25565,187,28690,0,0,0x0010
138,2026-08-15T10:13:25.477058000-0500,0.610099000,192.168.0.178,192.168.0.148,25565,53414,28690,187,1460,0,0x0010
139,2026-08-15T10:13:25.477341000-0500,0.610382000,192.168.0.178,192.168.0.148,25565,53414,30150,187,1093,0,0x0018
140,2026-08-15T10:13:25.477398000-0500,0.610439000,192.168.0.148,192.168.0.178,53414,25565,187,31243,0,0,0x0010
141,2026-08-15T10:13:25.494525000-0500,0.627566000,192.168.0.148,192.168.0.178,53414,25565,187,31243,3,0,0x0018
142,2026-08-15T10:13:25.526207000-0500,0.659248000,192.168.0.178,192.168.0.148,25565,53414,31243,190,1460,0,0x0010
143,2026-08-15T10:13:25.526207000-0500,0.659248000,192.168.0.178,192.168.0.148,25565,53414,32703,190,1460,0,0x0010
144,2026-08-15T10:13:25.526258000-0500,0.659299000,192.168.0.148,192.168.0.178,53414,25565,190,34163,0,0,0x0010
145,2026-08-15T10:13:25.526306000-0500,0.659347000,192.168.0.178,192.168.0.148,25565,53414,34163,190,1460,0,0x0010
146,2026-08-15T10:13:25.526531000-0500,0.659572000,192.168.0.178,192.168.0.148,25565,53414,35623,190,1460,0,0x0010
147,2026-08-15T10:13:25.526531000-0500,0.659572000,192.168.0.178,192.168.0.148,25565,53414,37083,190,1460,0,0x0010
148,2026-08-15T10:13:25.526552000-0500,0.659593000,192.168.0.148,192.168.0.178,53414,25565,190,38543,0,0,0x0010
149,2026-08-15T10:13:25.526613000-0500,0.659654000,192.168.0.178,192.168.0.148,25565,53414,38543,190,994,0,0x0018
150,2026-08-15T10:13:25.526621000-0500,0.659662000,192.168.0.148,192.168.0.178,53414,25565,190,39537,0,0,0x0010
151,2026-08-15T10:13:25.543040000-0500,0.676081000,192.168.0.148,192.168.0.178,53414,25565,190,39537,3,0,0x0018
152,2026-08-15T10:13:25.586182000-0500,0.719223000,192.168.0.178,192.168.0.148,25565,53414,39537,193,0,0,0x0010
153,2026-08-15T10:13:25.594546000-0500,0.727587000,192.168.0.148,192.168.0.178,53414,25565,193,39537,3,0,0x0018
154,2026-08-15T10:13:25.595348000-0500,0.728389000,192.168.0.178,192.168.0.148,25565,53414,39537,196,0,0,0x0010
155,2026-08-15T10:13:25.644058000-0500,0.777099000,192.168.0.148,192.168.0.178,53414,25565,196,39537,3,0,0x0018
156,2026-08-15T10:13:25.644986000-0500,0.778027000,192.168.0.178,192.168.0.148,25565,53414,39537,199,0,0,0x0010
157,2026-08-15T10:13:25.681827000-0500,0.814868000,192.168.0.178,192.168.0.148,25565,53414,39537,199,1460,0,0x0010
158,2026-08-15T10:13:25.681827000-0500,0.814868000,192.168.0.178,192.168.0.148,25565,53414,40997,199,1460,0,0x0010
159,2026-08-15T10:13:25.681908000-0500,0.814949000,192.168.0.148,192.168.0.178,53414,25565,199,42457,0,0,0x0010
160,2026-08-15T10:13:25.681995000-0500,0.815036000,192.168.0.178,192.168.0.148,25565,53414,42457,199,1460,0,0x0010
161,2026-08-15T10:13:25.682048000-0500,0.815089000,192.168.0.178,192.168.0.148,25565,53414,43917,199,1460,0,0x0010
162,2026-08-15T10:13:25.682064000-0500,0.815105000,192.168.0.148,192.168.0.178,53414,25565,199,45377,0,0,0x0010
163,2026-08-15T10:13:25.682307000-0500,0.815348000,192.168.0.178,192.168.0.148,25565,53414,45377,199,1460,0,0x0010
164,2026-08-15T10:13:25.682307000-0500,0.815348000,192.168.0.178,192.168.0.148,25565,53414,46837,199,1460,0,0x0010
165,2026-08-15T10:13:25.682368000-0500,0.815409000,192.168.0.148,192.168.0.178,53414,25565,199,48297,0,0,0x0010
166,2026-08-15T10:13:25.682421000-0500,0.815462000,192.168.0.178,192.168.0.148,25565,53414,48297,199,1460,0,0x0010
167,2026-08-15T10:13:25.682670000-0500,0.815711000,192.168.0.178,192.168.0.148,25565,53414,49757,199,1460,0,0x0018
168,2026-08-15T10:13:25.682670000-0500,0.815711000,192.168.0.178,192.168.0.148,25565,53414,51217,199,1460,0,0x0010
169,2026-08-15T10:13:25.682729000-0500,0.815770000,192.168.0.148,192.168.0.178,53414,25565,199,52677,0,0,0x0010
170,2026-08-15T10:13:25.682792000-0500,0.815833000,192.168.0.178,192.168.0.148,25565,53414,52677,199,1460,0,0x0010
171,2026-08-15T10:13:25.682806000-0500,0.815847000,192.168.0.148,192.168.0.178,53414,25565,199,54137,0,0,0x0010
172,2026-08-15T10:13:25.683027000-0500,0.816068000,192.168.0.178,192.168.0.148,25565,53414,54137,199,1460,0,0x0010
173,2026-08-15T10:13:25.683027000-0500,0.816068000,192.168.0.178,192.168.0.148,25565,53414,55597,199,179,0,0x0018
174,2026-08-15T10:13:25.683080000-0500,0.816121000,192.168.0.148,192.168.0.178,53414,25565,199,55776,0,0,0x0010
175,2026-08-15T10:13:25.692882000-0500,0.825923000,192.168.0.148,192.168.0.178,53414,25565,199,55776,3,0,0x0018
176,2026-08-15T10:13:25.722217000-0500,0.855258000,192.168.0.178,192.168.0.148,25565,53414,55776,202,216,0,0x0018
177,2026-08-15T10:13:25.722217000-0500,0.855258000,192.168.0.178,192.168.0.148,25565,53414,55992,202,34,0,0x0018
178,2026-08-15T10:13:25.722276000-0500,0.855317000,192.168.0.148,192.168.0.178,53414,25565,202,56026,0,0,0x0010
179,2026-08-15T10:13:25.741676000-0500,0.874717000,192.168.0.148,192.168.0.178,53414,25565,202,56026,3,0,0x0018
180,2026-08-15T10:13:25.743231000-0500,0.876272000,192.168.0.148,192.168.0.178,53414,25565,205,56026,36,0,0x0018
181,2026-08-15T10:13:25.743734000-0500,0.876775000,192.168.0.148,192.168.0.178,53414,25565,241,56026,3,0,0x0018
182,2026-08-15T10:13:25.744926000-0500,0.877967000,192.168.0.178,192.168.0.148,25565,53414,56026,244,0,0,0x0010
183,2026-08-15T10:13:25.745704000-0500,0.878745000,192.168.0.178,192.168.0.148,25565,53414,56026,244,1460,0,0x0010
184,2026-08-15T10:13:25.745704000-0500,0.878745000,192.168.0.178,192.168.0.148,25565,53414,57486,244,1460,0,0x0010
185,2026-08-15T10:13:25.745730000-0500,0.878771000,192.168.0.148,192.168.0.178,53414,25565,244,58946,0,0,0x0010
186,2026-08-15T10:13:25.745940000-0500,0.878981000,192.168.0.178,192.168.0.148,25565,53414,58946,244,1460,0,0x0010
187,2026-08-15T10:13:25.746008000-0500,0.879049000,192.168.0.178,192.168.0.148,25565,53414,60406,244,1460,0,0x0010
188,2026-08-15T10:13:25.746014000-0500,0.879055000,192.168.0.148,192.168.0.178,53414,25565,244,61866,0,0,0x0010
189,2026-08-15T10:13:25.746195000-0500,0.879236000,192.168.0.178,192.168.0.148,25565,53414,61866,244,1460,0,0x0010
190,2026-08-15T10:13:25.746195000-0500,0.879236000,192.168.0.178,192.168.0.148,25565,53414,63326,244,1460,0,0x0010
191,2026-08-15T10:13:25.746217000-0500,0.879258000,192.168.0.148,192.168.0.178,53414,25565,244,64786,0,0,0x0010
192,2026-08-15T10:13:25.746423000-0500,0.879464000,192.168.0.178,192.168.0.148,25565,53414,64786,244,1460,0,0x0010
193,2026-08-15T10:13:25.746494000-0500,0.879535000,192.168.0.178,192.168.0.148,25565,53414,66246,244,1460,0,0x0018
194,2026-08-15T10:13:25.746502000-0500,0.879543000,192.168.0.148,192.168.0.178,53414,25565,244,67706,0,0,0x0010
195,2026-08-15T10:13:25.746557000-0500,0.879598000,192.168.0.178,192.168.0.148,25565,53414,67706,244,1460,0,0x0010
196,2026-08-15T10:13:25.746812000-0500,0.879853000,192.168.0.178,192.168.0.148,25565,53414,69166,244,1460,0,0x0010
197,2026-08-15T10:13:25.746812000-0500,0.879853000,192.168.0.178,192.168.0.148,25565,53414,70626,244,1460,0,0x0010
198,2026-08-15T10:13:25.746834000-0500,0.879875000,192.168.0.148,192.168.0.178,53414,25565,244,72086,0,0,0x0010
199,2026-08-15T10:13:25.747070000-0500,0.880111000,192.168.0.178,192.168.0.148,25565,53414,72086,244,1372,0,0x0018
200,2026-08-15T10:13:25.747090000-0500,0.880131000,192.168.0.148,192.168.0.178,53414,25565,244,73458,0,0,0x0010
201,2026-08-15T10:13:25.794143000-0500,0.927184000,192.168.0.148,192.168.0.178,53414,25565,244,73458,3,0,0x0018
202,2026-08-15T10:13:25.835379000-0500,0.968420000,192.168.0.178,192.168.0.148,25565,53414,73458,247,1460,0,0x0010
203,2026-08-15T10:13:25.835379000-0500,0.968420000,192.168.0.178,192.168.0.148,25565,53414,74918,247,1460,0,0x0010
204,2026-08-15T10:13:25.835492000-0500,0.968533000,192.168.0.148,192.168.0.178,53414,25565,247,76378,0,0,0x0010
205,2026-08-15T10:13:25.835555000-0500,0.968596000,192.168.0.178,192.168.0.148,25565,53414,76378,247,1460,0,0x0010
206,2026-08-15T10:13:25.835630000-0500,0.968671000,192.168.0.178,192.168.0.148,25565,53414,77838,247,1460,0,0x0010
207,2026-08-15T10:13:25.835643000-0500,0.968684000,192.168.0.148,192.168.0.178,53414,25565,247,79298,0,0,0x0010
208,2026-08-15T10:13:25.835703000-0500,0.968744000,192.168.0.178,192.168.0.148,25565,53414,79298,247,1460,0,0x0010
209,2026-08-15T10:13:25.835969000-0500,0.969010000,192.168.0.178,192.168.0.148,25565,53414,80758,247,1460,0,0x0010
210,2026-08-15T10:13:25.835969000-0500,0.969010000,192.168.0.178,192.168.0.148,25565,53414,82218,247,1460,0,0x0010
211,2026-08-15T10:13:25.836012000-0500,0.969053000,192.168.0.148,192.168.0.178,53414,25565,247,83678,0,0,0x0010
212,2026-08-15T10:13:25.836084000-0500,0.969125000,192.168.0.178,192.168.0.148,25565,53414,83678,247,1460,0,0x0018
213,2026-08-15T10:13:25.836095000-0500,0.969136000,192.168.0.148,192.168.0.178,53414,25565,247,85138,0,0,0x0010
214,2026-08-15T10:13:25.838432000-0500,0.971473000,192.168.0.178,192.168.0.148,25565,53414,85138,247,1460,0,0x0010
215,2026-08-15T10:13:25.838432000-0500,0.971473000,192.168.0.178,192.168.0.148,25565,53414,86598,247,612,0,0x0018
216,2026-08-15T10:13:25.838478000-0500,0.971519000,192.168.0.148,192.168.0.178,53414,25565,247,87210,0,0,0x0010
217,2026-08-15T10:13:25.843478000-0500,0.976519000,192.168.0.148,192.168.0.178,53414,25565,247,87210,3,0,0x0018
218,2026-08-15T10:13:25.877015000-0500,1.010056000,192.168.0.178,192.168.0.148,25565,53414,87210,250,1460,0,0x0010
219,2026-08-15T10:13:25.877015000-0500,1.010056000,192.168.0.178,192.168.0.148,25565,53414,88670,250,1460,0,0x0010
220,2026-08-15T10:13:25.877136000-0500,1.010177000,192.168.0.148,192.168.0.178,53414,25565,250,90130,0,0,0x0010
221,2026-08-15T10:13:25.877194000-0500,1.010235000,192.168.0.178,192.168.0.148,25565,53414,90130,250,1460,0,0x0010
222,2026-08-15T10:13:25.877194000-0500,1.010235000,192.168.0.178,192.168.0.148,25565,53414,91590,250,1460,0,0x0010
223,2026-08-15T10:13:25.877209000-0500,1.010250000,192.168.0.148,192.168.0.178,53414,25565,250,93050,0,0,0x0010
224,2026-08-15T10:13:25.877384000-0500,1.010425000,192.168.0.178,192.168.0.148,25565,53414,93050,250,1460,0,0x0010
225,2026-08-15T10:13:25.877487000-0500,1.010528000,192.168.0.178,192.168.0.148,25565,53414,94510,250,1460,0,0x0010
226,2026-08-15T10:13:25.877494000-0500,1.010535000,192.168.0.148,192.168.0.178,53414,25565,250,95970,0,0,0x0010
227,2026-08-15T10:13:25.877692000-0500,1.010733000,192.168.0.178,192.168.0.148,25565,53414,95970,250,1460,0,0x0010
228,2026-08-15T10:13:25.877692000-0500,1.010733000,192.168.0.178,192.168.0.148,25565,53414,97430,250,1460,0,0x0018
229,2026-08-15T10:13:25.877720000-0500,1.010761000,192.168.0.148,192.168.0.178,53414,25565,250,98890,0,0,0x0010
230,2026-08-15T10:13:25.877964000-0500,1.011005000,192.168.0.178,192.168.0.148,25565,53414,98890,250,1460,0,0x0010
231,2026-08-15T10:13:25.877964000-0500,1.011005000,192.168.0.178,192.168.0.148,25565,53414,100350,250,1460,0,0x0010
232,2026-08-15T10:13:25.877992000-0500,1.011033000,192.168.0.148,192.168.0.178,53414,25565,250,101810,0,0,0x0010
233,2026-08-15T10:13:25.878033000-0500,1.011074000,192.168.0.178,192.168.0.148,25565,53414,101810,250,732,0,0x0018
234,2026-08-15T10:13:25.893321000-0500,1.026362000,192.168.0.148,192.168.0.178,53414,25565,250,102542,3,0,0x0018
235,2026-08-15T10:13:25.931814000-0500,1.064855000,192.168.0.178,192.168.0.148,25565,53414,102542,253,1460,0,0x0010
236,2026-08-15T10:13:25.931814000-0500,1.064855000,192.168.0.178,192.168.0.148,25565,53414,104002,253,1460,0,0x0010
237,2026-08-15T10:13:25.931867000-0500,1.064908000,192.168.0.148,192.168.0.178,53414,25565,253,105462,0,0,0x0010
238,2026-08-15T10:13:25.931922000-0500,1.064963000,192.168.0.178,192.168.0.148,25565,53414,105462,253,1460,0,0x0010
239,2026-08-15T10:13:25.932153000-0500,1.065194000,192.168.0.178,192.168.0.148,25565,53414,106922,253,1460,0,0x0010
240,2026-08-15T10:13:25.932153000-0500,1.065194000,192.168.0.178,192.168.0.148,25565,53414,108382,253,1460,0,0x0010
241,2026-08-15T10:13:25.932176000-0500,1.065217000,192.168.0.148,192.168.0.178,53414,25565,253,109842,0,0,0x0010
242,2026-08-15T10:13:25.932467000-0500,1.065508000,192.168.0.178,192.168.0.148,25565,53414,109842,253,1460,0,0x0010
243,2026-08-15T10:13:25.932467000-0500,1.065508000,192.168.0.178,192.168.0.148,25565,53414,111302,253,1460,0,0x0010
244,2026-08-15T10:13:25.932485000-0500,1.065526000,192.168.0.148,192.168.0.178,53414,25565,253,112762,0,0,0x0010
245,2026-08-15T10:13:25.932663000-0500,1.065704000,192.168.0.178,192.168.0.148,25565,53414,112762,253,1460,0,0x0018
246,2026-08-15T10:13:25.932663000-0500,1.065704000,192.168.0.178,192.168.0.148,25565,53414,114222,253,1460,0,0x0010
247,2026-08-15T10:13:25.932683000-0500,1.065724000,192.168.0.148,192.168.0.178,53414,25565,253,115682,0,0,0x0010
248,2026-08-15T10:13:25.932888000-0500,1.065929000,192.168.0.178,192.168.0.148,25565,53414,115682,253,1460,0,0x0010
249,2026-08-15T10:13:25.932888000-0500,1.065929000,192.168.0.178,192.168.0.148,25565,53414,117142,253,1460,0,0x0010
250,2026-08-15T10:13:25.932909000-0500,1.065950000,192.168.0.148,192.168.0.178,53414,25565,253,118602,0,0,0x0010
251,2026-08-15T10:13:25.933101000-0500,1.066142000,192.168.0.178,192.168.0.148,25565,53414,118602,253,1460,0,0x0010
252,2026-08-15T10:13:25.933119000-0500,1.066160000,192.168.0.148,192.168.0.178,53414,25565,253,120062,0,0,0x0010
253,2026-08-15T10:13:25.933153000-0500,1.066194000,192.168.0.178,192.168.0.148,25565,53414,120062,253,1372,0,0x0018
254,2026-08-15T10:13:25.942873000-0500,1.075914000,192.168.0.148,192.168.0.178,53414,25565,253,121434,3,0,0x0018
255,2026-08-15T10:13:25.985553000-0500,1.118594000,192.168.0.178,192.168.0.148,25565,53414,121434,256,0,0,0x0010
256,2026-08-15T10:13:25.985950000-0500,1.118991000,192.168.0.178,192.168.0.148,25565,53414,121434,256,1460,0,0x0010
257,2026-08-15T10:13:25.985950000-0500,1.118991000,192.168.0.178,192.168.0.148,25565,53414,122894,256,1460,0,0x0010
258,2026-08-15T10:13:25.985986000-0500,1.119027000,192.168.0.148,192.168.0.178,53414,25565,256,124354,0,0,0x0010
259,2026-08-15T10:13:25.986226000-0500,1.119267000,192.168.0.178,192.168.0.148,25565,53414,124354,256,1460,0,0x0010
260,2026-08-15T10:13:25.986226000-0500,1.119267000,192.168.0.178,192.168.0.148,25565,53414,125814,256,144,0,0x0018
261,2026-08-15T10:13:25.986249000-0500,1.119290000,192.168.0.148,192.168.0.178,53414,25565,256,125958,0,0,0x0010
262,2026-08-15T10:13:25.986453000-0500,1.119494000,192.168.0.148,192.168.0.178,53414,25565,256,125958,11,0,0x0018
263,2026-08-15T10:13:25.987008000-0500,1.120049000,192.168.0.178,192.168.0.148,25565,53414,125958,267,0,0,0x0010
264,2026-08-15T10:13:25.992271000-0500,1.125312000,192.168.0.148,192.168.0.178,53414,25565,267,125958,12,0,0x0018
265,2026-08-15T10:13:25.992735000-0500,1.125776000,192.168.0.148,192.168.0.178,53414,25565,279,125958,3,0,0x0018
266,2026-08-15T10:13:25.993348000-0500,1.126389000,192.168.0.178,192.168.0.148,25565,53414,125958,282,0,0,0x0010
267,2026-08-15T10:13:26.043613000-0500,1.176654000,192.168.0.148,192.168.0.178,53414,25565,282,125958,12,0,0x0018
268,2026-08-15T10:13:26.044530000-0500,1.177571000,192.168.0.148,192.168.0.178,53414,25565,294,125958,3,0,0x0018
269,2026-08-15T10:13:26.044592000-0500,1.177633000,192.168.0.178,192.168.0.148,25565,53414,125958,294,0,0,0x0010
270,2026-08-15T10:13:26.045299000-0500,1.178340000,192.168.0.178,192.168.0.148,25565,53414,125958,297,0,0,0x0010
271,2026-08-15T10:13:26.083649000-0500,1.216690000,192.168.0.178,192.168.0.148,25565,53414,125958,297,1460,0,0x0010
272,2026-08-15T10:13:26.083649000-0500,1.216690000,192.168.0.178,192.168.0.148,25565,53414,127418,297,1460,0,0x0010
273,2026-08-15T10:13:26.083725000-0500,1.216766000,192.168.0.148,192.168.0.178,53414,25565,297,128878,0,0,0x0010
274,2026-08-15T10:13:26.083776000-0500,1.216817000,192.168.0.178,192.168.0.148,25565,53414,128878,297,1460,0,0x0010
275,2026-08-15T10:13:26.084012000-0500,1.217053000,192.168.0.178,192.168.0.148,25565,53414,130338,297,1460,0,0x0010
276,2026-08-15T10:13:26.084012000-0500,1.217053000,192.168.0.178,192.168.0.148,25565,53414,131798,297,1460,0,0x0010
277,2026-08-15T10:13:26.084070000-0500,1.217111000,192.168.0.148,192.168.0.178,53414,25565,297,133258,0,0,0x0010
278,2026-08-15T10:13:26.084137000-0500,1.217178000,192.168.0.178,192.168.0.148,25565,53414,133258,297,1460,0,0x0010
279,2026-08-15T10:13:26.084154000-0500,1.217195000,192.168.0.148,192.168.0.178,53414,25565,297,134718,0,0,0x0010
280,2026-08-15T10:13:26.084240000-0500,1.217281000,192.168.0.178,192.168.0.148,25565,53414,134718,297,1460,0,0x0010
281,2026-08-15T10:13:26.084508000-0500,1.217549000,192.168.0.178,192.168.0.148,25565,53414,136178,297,1460,0,0x0018
282,2026-08-15T10:13:26.084508000-0500,1.217549000,192.168.0.178,192.168.0.148,25565,53414,137638,297,1460,0,0x0010
283,2026-08-15T10:13:26.084568000-0500,1.217609000,192.168.0.148,192.168.0.178,53414,25565,297,139098,0,0,0x0010
284,2026-08-15T10:13:26.084628000-0500,1.217669000,192.168.0.178,192.168.0.148,25565,53414,139098,297,1460,0,0x0010
285,2026-08-15T10:13:26.084646000-0500,1.217687000,192.168.0.148,192.168.0.178,53414,25565,297,140558,0,0,0x0010
286,2026-08-15T10:13:26.084814000-0500,1.217855000,192.168.0.178,192.168.0.148,25565,53414,140558,297,1460,0,0x0010
287,2026-08-15T10:13:26.084875000-0500,1.217916000,192.168.0.178,192.168.0.148,25565,53414,142018,297,1460,0,0x0010
288,2026-08-15T10:13:26.084875000-0500,1.217916000,192.168.0.178,192.168.0.148,25565,53414,143478,297,235,0,0x0018
289,2026-08-15T10:13:26.084889000-0500,1.217930000,192.168.0.148,192.168.0.178,53414,25565,297,143713,0,0,0x0010
290,2026-08-15T10:13:26.092799000-0500,1.225840000,192.168.0.148,192.168.0.178,53414,25565,297,143713,12,0,0x0018
291,2026-08-15T10:13:26.093417000-0500,1.226458000,192.168.0.148,192.168.0.178,53414,25565,309,143713,3,0,0x0018
292,2026-08-15T10:13:26.093621000-0500,1.226662000,192.168.0.178,192.168.0.148,25565,53414,143713,309,0,0,0x0010
293,2026-08-15T10:13:26.093947000-0500,1.226988000,192.168.0.178,192.168.0.148,25565,53414,143713,312,0,0,0x0010
294,2026-08-15T10:13:26.129932000-0500,1.262973000,192.168.0.178,192.168.0.148,25565,53414,143713,312,1460,0,0x0010
295,2026-08-15T10:13:26.129932000-0500,1.262973000,192.168.0.178,192.168.0.148,25565,53414,145173,312,1460,0,0x0010
296,2026-08-15T10:13:26.129983000-0500,1.263024000,192.168.0.148,192.168.0.178,53414,25565,312,146633,0,0,0x0010
297,2026-08-15T10:13:26.130017000-0500,1.263058000,192.168.0.178,192.168.0.148,25565,53414,146633,312,1460,0,0x0010
298,2026-08-15T10:13:26.130271000-0500,1.263312000,192.168.0.178,192.168.0.148,25565,53414,148093,312,1460,0,0x0010
299,2026-08-15T10:13:26.130271000-0500,1.263312000,192.168.0.178,192.168.0.148,25565,53414,149553,312,1460,0,0x0010
300,2026-08-15T10:13:26.130299000-0500,1.263340000,192.168.0.148,192.168.0.178,53414,25565,312,151013,0,0,0x0010
301,2026-08-15T10:13:26.130494000-0500,1.263535000,192.168.0.178,192.168.0.148,25565,53414,151013,312,1460,0,0x0010
302,2026-08-15T10:13:26.130521000-0500,1.263562000,192.168.0.148,192.168.0.178,53414,25565,312,152473,0,0,0x0010
303,2026-08-15T10:13:26.130563000-0500,1.263604000,192.168.0.178,192.168.0.148,25565,53414,152473,312,1460,0,0x0010
304,2026-08-15T10:13:26.130761000-0500,1.263802000,192.168.0.178,192.168.0.148,25565,53414,153933,312,1460,0,0x0018
305,2026-08-15T10:13:26.130761000-0500,1.263802000,192.168.0.178,192.168.0.148,25565,53414,155393,312,1460,0,0x0010
306,2026-08-15T10:13:26.130797000-0500,1.263838000,192.168.0.148,192.168.0.178,53414,25565,312,156853,0,0,0x0010
307,2026-08-15T10:13:26.130990000-0500,1.264031000,192.168.0.178,192.168.0.148,25565,53414,156853,312,1460,0,0x0010
308,2026-08-15T10:13:26.131017000-0500,1.264058000,192.168.0.148,192.168.0.178,53414,25565,312,158313,0,0,0x0010
309,2026-08-15T10:13:26.131044000-0500,1.264085000,192.168.0.178,192.168.0.148,25565,53414,158313,312,1460,0,0x0010
310,2026-08-15T10:13:26.131249000-0500,1.264290000,192.168.0.178,192.168.0.148,25565,53414,159773,312,1460,0,0x0010
311,2026-08-15T10:13:26.131249000-0500,1.264290000,192.168.0.178,192.168.0.148,25565,53414,161233,312,1460,0,0x0010
312,2026-08-15T10:13:26.131277000-0500,1.264318000,192.168.0.148,192.168.0.178,53414,25565,312,162693,0,0,0x0010
313,2026-08-15T10:13:26.131515000-0500,1.264556000,192.168.0.178,192.168.0.148,25565,53414,162693,312,1460,0,0x0010
314,2026-08-15T10:13:26.131515000-0500,1.264556000,192.168.0.178,192.168.0.148,25565,53414,164153,312,358,0,0x0018
315,2026-08-15T10:13:26.131543000-0500,1.264584000,192.168.0.148,192.168.0.178,53414,25565,312,164511,0,0,0x0010
316,2026-08-15T10:13:26.143379000-0500,1.276420000,192.168.0.148,192.168.0.178,53414,25565,312,164511,12,0,0x0018
317,2026-08-15T10:13:26.144109000-0500,1.277150000,192.168.0.148,192.168.0.178,53414,25565,324,164511,3,0,0x0018
318,2026-08-15T10:13:26.144821000-0500,1.277862000,192.168.0.178,192.168.0.148,25565,53414,164511,327,0,0,0x0010
319,2026-08-15T10:13:26.180243000-0500,1.313284000,192.168.0.178,192.168.0.148,25565,53414,164511,327,1460,0,0x0010
320,2026-08-15T10:13:26.180243000-0500,1.313284000,192.168.0.178,192.168.0.148,25565,53414,165971,327,1460,0,0x0010
321,2026-08-15T10:13:26.180281000-0500,1.313322000,192.168.0.148,192.168.0.178,53414,25565,327,167431,0,0,0x0010
322,2026-08-15T10:13:26.180333000-0500,1.313374000,192.168.0.178,192.168.0.148,25565,53414,167431,327,1460,0,0x0010
323,2026-08-15T10:13:26.180576000-0500,1.313617000,192.168.0.178,192.168.0.148,25565,53414,168891,327,1460,0,0x0010
324,2026-08-15T10:13:26.180576000-0500,1.313617000,192.168.0.178,192.168.0.148,25565,53414,170351,327,1460,0,0x0010
325,2026-08-15T10:13:26.180599000-0500,1.313640000,192.168.0.148,192.168.0.178,53414,25565,327,171811,0,0,0x0010
326,2026-08-15T10:13:26.180814000-0500,1.313855000,192.168.0.178,192.168.0.148,25565,53414,171811,327,1460,0,0x0010
327,2026-08-15T10:13:26.180832000-0500,1.313873000,192.168.0.148,192.168.0.178,53414,25565,327,173271,0,0,0x0010
328,2026-08-15T10:13:26.180880000-0500,1.313921000,192.168.0.178,192.168.0.148,25565,53414,173271,327,1460,0,0x0010
329,2026-08-15T10:13:26.181045000-0500,1.314086000,192.168.0.178,192.168.0.148,25565,53414,174731,327,1460,0,0x0018
330,2026-08-15T10:13:26.181063000-0500,1.314104000,192.168.0.148,192.168.0.178,53414,25565,327,176191,0,0,0x0010
331,2026-08-15T10:13:26.181095000-0500,1.314136000,192.168.0.178,192.168.0.148,25565,53414,176191,327,1460,0,0x0010
332,2026-08-15T10:13:26.181262000-0500,1.314303000,192.168.0.178,192.168.0.148,25565,53414,177651,327,1460,0,0x0010
333,2026-08-15T10:13:26.181280000-0500,1.314321000,192.168.0.148,192.168.0.178,53414,25565,327,179111,0,0,0x0010
334,2026-08-15T10:13:26.181340000-0500,1.314381000,192.168.0.178,192.168.0.148,25565,53414,179111,327,1460,0,0x0010
335,2026-08-15T10:13:26.181513000-0500,1.314554000,192.168.0.178,192.168.0.148,25565,53414,180571,327,721,0,0x0018
336,2026-08-15T10:13:26.181532000-0500,1.314573000,192.168.0.148,192.168.0.178,53414,25565,327,181292,0,0,0x0010
337,2026-08-15T10:13:26.192797000-0500,1.325838000,192.168.0.148,192.168.0.178,53414,25565,327,181292,12,0,0x0018
338,2026-08-15T10:13:26.193473000-0500,1.326514000,192.168.0.148,192.168.0.178,53414,25565,339,181292,3,0,0x0018
339,2026-08-15T10:13:26.194280000-0500,1.327321000,192.168.0.178,192.168.0.148,25565,53414,181292,342,0,0,0x0010
340,2026-08-15T10:13:26.229541000-0500,1.362582000,192.168.0.178,192.168.0.148,25565,53414,181292,342,1460,0,0x0010
341,2026-08-15T10:13:26.229614000-0500,1.362655000,192.168.0.178,192.168.0.148,25565,53414,182752,342,1460,0,0x0010
342,2026-08-15T10:13:26.229629000-0500,1.362670000,192.168.0.148,192.168.0.178,53414,25565,342,184212,0,0,0x0010
343,2026-08-15T10:13:26.229684000-0500,1.362725000,192.168.0.178,192.168.0.148,25565,53414,184212,342,1460,0,0x0010
344,2026-08-15T10:13:26.229935000-0500,1.362976000,192.168.0.178,192.168.0.148,25565,53414,185672,342,1460,0,0x0010
345,2026-08-15T10:13:26.229935000-0500,1.362976000,192.168.0.178,192.168.0.148,25565,53414,187132,342,1460,0,0x0010
346,2026-08-15T10:13:26.229974000-0500,1.363015000,192.168.0.148,192.168.0.178,53414,25565,342,188592,0,0,0x0010
347,2026-08-15T10:13:26.230177000-0500,1.363218000,192.168.0.178,192.168.0.148,25565,53414,188592,342,1460,0,0x0010
348,2026-08-15T10:13:26.230177000-0500,1.363218000,192.168.0.178,192.168.0.148,25565,53414,190052,342,1460,0,0x0010
349,2026-08-15T10:13:26.230213000-0500,1.363254000,192.168.0.148,192.168.0.178,53414,25565,342,191512,0,0,0x0010
350,2026-08-15T10:13:26.230468000-0500,1.363509000,192.168.0.178,192.168.0.148,25565,53414,191512,342,1460,0,0x0018
351,2026-08-15T10:13:26.230468000-0500,1.363509000,192.168.0.178,192.168.0.148,25565,53414,192972,342,235,0,0x0018
352,2026-08-15T10:13:26.230503000-0500,1.363544000,192.168.0.148,192.168.0.178,53414,25565,342,193207,0,0,0x0010
353,2026-08-15T10:13:26.243722000-0500,1.376763000,192.168.0.148,192.168.0.178,53414,25565,342,193207,12,0,0x0018
354,2026-08-15T10:13:26.244583000-0500,1.377624000,192.168.0.148,192.168.0.178,53414,25565,354,193207,3,0,0x0018
355,2026-08-15T10:13:26.245282000-0500,1.378323000,192.168.0.178,192.168.0.148,25565,53414,193207,357,0,0,0x0010
356,2026-08-15T10:13:26.281844000-0500,1.414885000,192.168.0.178,192.168.0.148,25565,53414,193207,357,1460,0,0x0010
357,2026-08-15T10:13:26.281844000-0500,1.414885000,192.168.0.178,192.168.0.148,25565,53414,194667,357,1460,0,0x0010
358,2026-08-15T10:13:26.281888000-0500,1.414929000,192.168.0.148,192.168.0.178,53414,25565,357,196127,0,0,0x0010
359,2026-08-15T10:13:26.281927000-0500,1.414968000,192.168.0.178,192.168.0.148,25565,53414,196127,357,889,0,0x0018
360,2026-08-15T10:13:26.292885000-0500,1.425926000,192.168.0.148,192.168.0.178,53414,25565,357,197016,12,0,0x0018
361,2026-08-15T10:13:26.293451000-0500,1.426492000,192.168.0.148,192.168.0.178,53414,25565,369,197016,3,0,0x0018
362,2026-08-15T10:13:26.294176000-0500,1.427217000,192.168.0.178,192.168.0.148,25565,53414,197016,372,0,0,0x0010
363,2026-08-15T10:13:26.328614000-0500,1.461655000,192.168.0.178,192.168.0.148,25565,53414,197016,372,148,0,0x0018
364,2026-08-15T10:13:26.343243000-0500,1.476284000,192.168.0.148,192.168.0.178,53414,25565,372,197164,12,0,0x0018
365,2026-08-15T10:13:26.344278000-0500,1.477319000,192.168.0.148,192.168.0.178,53414,25565,384,197164,3,0,0x0018
366,2026-08-15T10:13:26.345022000-0500,1.478063000,192.168.0.178,192.168.0.148,25565,53414,197164,387,0,0,0x0010
367,2026-08-15T10:13:26.380277000-0500,1.513318000,192.168.0.178,192.168.0.148,25565,53414,197164,387,1460,0,0x0010
368,2026-08-15T10:13:26.380277000-0500,1.513318000,192.168.0.178,192.168.0.148,25565,53414,198624,387,1460,0,0x0010
369,2026-08-15T10:13:26.380353000-0500,1.513394000,192.168.0.148,192.168.0.178,53414,25565,387,200084,0,0,0x0010
370,2026-08-15T10:13:26.380402000-0500,1.513443000,192.168.0.178,192.168.0.148,25565,53414,200084,387,1460,0,0x0010
371,2026-08-15T10:13:26.380480000-0500,1.513521000,192.168.0.178,192.168.0.148,25565,53414,201544,387,1460,0,0x0010
372,2026-08-15T10:13:26.380495000-0500,1.513536000,192.168.0.148,192.168.0.178,53414,25565,387,203004,0,0,0x0010
373,2026-08-15T10:13:26.380744000-0500,1.513785000,192.168.0.178,192.168.0.148,25565,53414,203004,387,1460,0,0x0010
374,2026-08-15T10:13:26.380744000-0500,1.513785000,192.168.0.178,192.168.0.148,25565,53414,204464,387,1460,0,0x0010
375,2026-08-15T10:13:26.380808000-0500,1.513849000,192.168.0.148,192.168.0.178,53414,25565,387,205924,0,0,0x0010
376,2026-08-15T10:13:26.380874000-0500,1.513915000,192.168.0.178,192.168.0.148,25565,53414,205924,387,1460,0,0x0010
377,2026-08-15T10:13:26.381123000-0500,1.514164000,192.168.0.178,192.168.0.148,25565,53414,207384,387,1460,0,0x0018
378,2026-08-15T10:13:26.381123000-0500,1.514164000,192.168.0.178,192.168.0.148,25565,53414,208844,387,1460,0,0x0010
379,2026-08-15T10:13:26.381179000-0500,1.514220000,192.168.0.148,192.168.0.178,53414,25565,387,210304,0,0,0x0010
380,2026-08-15T10:13:26.381254000-0500,1.514295000,192.168.0.178,192.168.0.148,25565,53414,210304,387,1460,0,0x0010
381,2026-08-15T10:13:26.381272000-0500,1.514313000,192.168.0.148,192.168.0.178,53414,25565,387,211764,0,0,0x0010
382,2026-08-15T10:13:26.381321000-0500,1.514362000,192.168.0.178,192.168.0.148,25565,53414,211764,387,920,0,0x0018
383,2026-08-15T10:13:26.392507000-0500,1.525548000,192.168.0.148,192.168.0.178,53414,25565,387,212684,12,0,0x0018
384,2026-08-15T10:13:26.393033000-0500,1.526074000,192.168.0.148,192.168.0.178,53414,25565,399,212684,3,0,0x0018
385,2026-08-15T10:13:26.393698000-0500,1.526739000,192.168.0.178,192.168.0.148,25565,53414,212684,402,0,0,0x0010
386,2026-08-15T10:13:26.435983000-0500,1.569024000,192.168.0.178,192.168.0.148,25565,53414,212684,402,1460,0,0x0010
387,2026-08-15T10:13:26.435983000-0500,1.569024000,192.168.0.178,192.168.0.148,25565,53414,214144,402,1460,0,0x0010
388,2026-08-15T10:13:26.436054000-0500,1.569095000,192.168.0.148,192.168.0.178,53414,25565,402,215604,0,0,0x0010
389,2026-08-15T10:13:26.436096000-0500,1.569137000,192.168.0.178,192.168.0.148,25565,53414,215604,402,1460,0,0x0010
390,2026-08-15T10:13:26.436332000-0500,1.569373000,192.168.0.178,192.168.0.148,25565,53414,217064,402,1460,0,0x0010
391,2026-08-15T10:13:26.436332000-0500,1.569373000,192.168.0.178,192.168.0.148,25565,53414,218524,402,1460,0,0x0010
392,2026-08-15T10:13:26.436391000-0500,1.569432000,192.168.0.148,192.168.0.178,53414,25565,402,219984,0,0,0x0010
393,2026-08-15T10:13:26.436459000-0500,1.569500000,192.168.0.178,192.168.0.148,25565,53414,219984,402,1460,0,0x0010
394,2026-08-15T10:13:26.436471000-0500,1.569512000,192.168.0.148,192.168.0.178,53414,25565,402,221444,0,0,0x0010
395,2026-08-15T10:13:26.436548000-0500,1.569589000,192.168.0.178,192.168.0.148,25565,53414,221444,402,1460,0,0x0010
396,2026-08-15T10:13:26.436782000-0500,1.569823000,192.168.0.178,192.168.0.148,25565,53414,222904,402,1460,0,0x0018
397,2026-08-15T10:13:26.436782000-0500,1.569823000,192.168.0.178,192.168.0.148,25565,53414,224364,402,892,0,0x0018
398,2026-08-15T10:13:26.436821000-0500,1.569862000,192.168.0.148,192.168.0.178,53414,25565,402,225256,0,0,0x0010
399,2026-08-15T10:13:26.443530000-0500,1.576571000,192.168.0.148,192.168.0.178,53414,25565,402,225256,12,0,0x0018
400,2026-08-15T10:13:26.444459000-0500,1.577500000,192.168.0.148,192.168.0.178,53414,25565,414,225256,3,0,0x0018
401,2026-08-15T10:13:26.445124000-0500,1.578165000,192.168.0.178,192.168.0.148,25565,53414,225256,417,0,0,0x0010
402,2026-08-15T10:13:26.486201000-0500,1.619242000,192.168.0.178,192.168.0.148,25565,53414,225256,417,1460,0,0x0010
403,2026-08-15T10:13:26.486201000-0500,1.619242000,192.168.0.178,192.168.0.148,25565,53414,226716,417,1460,0,0x0010
404,2026-08-15T10:13:26.486255000-0500,1.619296000,192.168.0.148,192.168.0.178,53414,25565,417,228176,0,0,0x0010
405,2026-08-15T10:13:26.486310000-0500,1.619351000,192.168.0.178,192.168.0.148,25565,53414,228176,417,1460,0,0x0010
406,2026-08-15T10:13:26.486539000-0500,1.619580000,192.168.0.178,192.168.0.148,25565,53414,229636,417,1460,0,0x0010
407,2026-08-15T10:13:26.486539000-0500,1.619580000,192.168.0.178,192.168.0.148,25565,53414,231096,417,1460,0,0x0010
408,2026-08-15T10:13:26.486571000-0500,1.619612000,192.168.0.148,192.168.0.178,53414,25565,417,232556,0,0,0x0010
409,2026-08-15T10:13:26.486792000-0500,1.619833000,192.168.0.178,192.168.0.148,25565,53414,232556,417,1460,0,0x0010
410,2026-08-15T10:13:26.486792000-0500,1.619833000,192.168.0.178,192.168.0.148,25565,53414,234016,417,1460,0,0x0010
411,2026-08-15T10:13:26.486829000-0500,1.619870000,192.168.0.148,192.168.0.178,53414,25565,417,235476,0,0,0x0010
412,2026-08-15T10:13:26.486898000-0500,1.619939000,192.168.0.178,192.168.0.148,25565,53414,235476,417,1460,0,0x0018
413,2026-08-15T10:13:26.486905000-0500,1.619946000,192.168.0.148,192.168.0.178,53414,25565,417,236936,0,0,0x0010
414,2026-08-15T10:13:26.487129000-0500,1.620170000,192.168.0.178,192.168.0.148,25565,53414,236936,417,1460,0,0x0010
415,2026-08-15T10:13:26.487197000-0500,1.620238000,192.168.0.178,192.168.0.148,25565,53414,238396,417,1460,0,0x0010
416,2026-08-15T10:13:26.487211000-0500,1.620252000,192.168.0.148,192.168.0.178,53414,25565,417,239856,0,0,0x0010
417,2026-08-15T10:13:26.487291000-0500,1.620332000,192.168.0.178,192.168.0.148,25565,53414,239856,417,1460,0,0x0010
418,2026-08-15T10:13:26.487517000-0500,1.620558000,192.168.0.178,192.168.0.148,25565,53414,241316,417,1460,0,0x0010
419,2026-08-15T10:13:26.487517000-0500,1.620558000,192.168.0.178,192.168.0.148,25565,53414,242776,417,1330,0,0x0018
420,2026-08-15T10:13:26.487552000-0500,1.620593000,192.168.0.148,192.168.0.178,53414,25565,417,244106,0,0,0x0010
421,2026-08-15T10:13:26.493180000-0500,1.626221000,192.168.0.148,192.168.0.178,53414,25565,417,244106,12,0,0x0018
422,2026-08-15T10:13:26.493658000-0500,1.626699000,192.168.0.148,192.168.0.178,53414,25565,429,244106,3,0,0x0018
423,2026-08-15T10:13:26.494247000-0500,1.627288000,192.168.0.178,192.168.0.148,25565,53414,244106,432,0,0,0x0010
424,2026-08-15T10:13:26.533166000-0500,1.666207000,192.168.0.178,192.168.0.148,25565,53414,244106,432,1460,0,0x0010
425,2026-08-15T10:13:26.533166000-0500,1.666207000,192.168.0.178,192.168.0.148,25565,53414,245566,432,1460,0,0x0010
426,2026-08-15T10:13:26.533205000-0500,1.666246000,192.168.0.148,192.168.0.178,53414,25565,432,247026,0,0,0x0010
427,2026-08-15T10:13:26.533267000-0500,1.666308000,192.168.0.178,192.168.0.148,25565,53414,247026,432,1460,0,0x0010
428,2026-08-15T10:13:26.533511000-0500,1.666552000,192.168.0.178,192.168.0.148,25565,53414,248486,432,1460,0,0x0010
429,2026-08-15T10:13:26.533511000-0500,1.666552000,192.168.0.178,192.168.0.148,25565,53414,249946,432,1460,0,0x0010
430,2026-08-15T10:13:26.533533000-0500,1.666574000,192.168.0.148,192.168.0.178,53414,25565,432,251406,0,0,0x0010
431,2026-08-15T10:13:26.533750000-0500,1.666791000,192.168.0.178,192.168.0.148,25565,53414,251406,432,1460,0,0x0010
432,2026-08-15T10:13:26.533750000-0500,1.666791000,192.168.0.178,192.168.0.148,25565,53414,252866,432,1460,0,0x0010
433,2026-08-15T10:13:26.533775000-0500,1.666816000,192.168.0.148,192.168.0.178,53414,25565,432,254326,0,0,0x0010
434,2026-08-15T10:13:26.533996000-0500,1.667037000,192.168.0.178,192.168.0.148,25565,53414,254326,432,1460,0,0x0018
435,2026-08-15T10:13:26.533996000-0500,1.667037000,192.168.0.178,192.168.0.148,25565,53414,255786,432,1460,0,0x0010
436,2026-08-15T10:13:26.534017000-0500,1.667058000,192.168.0.148,192.168.0.178,53414,25565,432,257246,0,0,0x0010
437,2026-08-15T10:13:26.534229000-0500,1.667270000,192.168.0.178,192.168.0.148,25565,53414,257246,432,1460,0,0x0010
438,2026-08-15T10:13:26.534248000-0500,1.667289000,192.168.0.148,192.168.0.178,53414,25565,432,258706,0,0,0x0010
439,2026-08-15T10:13:26.534282000-0500,1.667323000,192.168.0.178,192.168.0.148,25565,53414,258706,432,1460,0,0x0010
440,2026-08-15T10:13:26.534311000-0500,1.667352000,192.168.0.178,192.168.0.148,25565,53414,260166,432,777,0,0x0018
441,2026-08-15T10:13:26.534318000-0500,1.667359000,192.168.0.148,192.168.0.178,53414,25565,432,260943,0,0,0x0010
442,2026-08-15T10:13:26.542521000-0500,1.675562000,192.168.0.148,192.168.0.178,53414,25565,432,260943,12,0,0x0018
443,2026-08-15T10:13:26.543160000-0500,1.676201000,192.168.0.148,192.168.0.178,53414,25565,444,260943,3,0,0x0018
444,2026-08-15T10:13:26.543788000-0500,1.676829000,192.168.0.178,192.168.0.148,25565,53414,260943,447,0,0,0x0010
445,2026-08-15T10:13:26.588487000-0500,1.721528000,192.168.0.178,192.168.0.148,25565,53414,260943,447,1460,0,0x0010
446,2026-08-15T10:13:26.588487000-0500,1.721528000,192.168.0.178,192.168.0.148,25565,53414,262403,447,1460,0,0x0010
447,2026-08-15T10:13:26.588563000-0500,1.721604000,192.168.0.148,192.168.0.178,53414,25565,447,263863,0,0,0x0010
448,2026-08-15T10:13:26.588607000-0500,1.721648000,192.168.0.178,192.168.0.148,25565,53414,263863,447,1460,0,0x0010
449,2026-08-15T10:13:26.588727000-0500,1.721768000,192.168.0.178,192.168.0.148,25565,53414,265323,447,1460,0,0x0010
450,2026-08-15T10:13:26.588737000-0500,1.721778000,192.168.0.148,192.168.0.178,53414,25565,447,266783,0,0,0x0010
451,2026-08-15T10:13:26.588800000-0500,1.721841000,192.168.0.178,192.168.0.148,25565,53414,266783,447,1460,0,0x0010
452,2026-08-15T10:13:26.589061000-0500,1.722102000,192.168.0.178,192.168.0.148,25565,53414,268243,447,1460,0,0x0010
453,2026-08-15T10:13:26.589061000-0500,1.722102000,192.168.0.178,192.168.0.148,25565,53414,269703,447,1460,0,0x0010
454,2026-08-15T10:13:26.589130000-0500,1.722171000,192.168.0.148,192.168.0.178,53414,25565,447,271163,0,0,0x0010
455,2026-08-15T10:13:26.589171000-0500,1.722212000,192.168.0.178,192.168.0.148,25565,53414,271163,447,1460,0,0x0018
456,2026-08-15T10:13:26.589185000-0500,1.722226000,192.168.0.148,192.168.0.178,53414,25565,447,272623,0,0,0x0010
457,2026-08-15T10:13:26.589435000-0500,1.722476000,192.168.0.178,192.168.0.148,25565,53414,272623,447,1460,0,0x0010
458,2026-08-15T10:13:26.589435000-0500,1.722476000,192.168.0.178,192.168.0.148,25565,53414,274083,447,1460,0,0x0010
459,2026-08-15T10:13:26.589482000-0500,1.722523000,192.168.0.148,192.168.0.178,53414,25565,447,275543,0,0,0x0010
460,2026-08-15T10:13:26.589555000-0500,1.722596000,192.168.0.178,192.168.0.148,25565,53414,275543,447,1460,0,0x0010
461,2026-08-15T10:13:26.589555000-0500,1.722596000,192.168.0.178,192.168.0.148,25565,53414,277003,447,168,0,0x0018
462,2026-08-15T10:13:26.589571000-0500,1.722612000,192.168.0.148,192.168.0.178,53414,25565,447,277171,0,0,0x0010
463,2026-08-15T10:13:26.594114000-0500,1.727155000,192.168.0.148,192.168.0.178,53414,25565,447,277171,12,0,0x0018
464,2026-08-15T10:13:26.594967000-0500,1.728008000,192.168.0.148,192.168.0.178,53414,25565,459,277171,3,0,0x0018
465,2026-08-15T10:13:26.597510000-0500,1.730551000,192.168.0.178,192.168.0.148,25565,53414,277171,462,0,0,0x0010
466,2026-08-15T10:13:26.642932000-0500,1.775973000,192.168.0.148,192.168.0.178,53414,25565,462,277171,3,0,0x0018
467,2026-08-15T10:13:26.666269000-0500,1.799310000,192.168.0.178,192.168.0.148,25565,53414,277171,465,1460,0,0x0010
468,2026-08-15T10:13:26.666269000-0500,1.799310000,192.168.0.178,192.168.0.148,25565,53414,278631,465,1460,0,0x0010
469,2026-08-15T10:13:26.666337000-0500,1.799378000,192.168.0.148,192.168.0.178,53414,25565,465,280091,0,0,0x0010
470,2026-08-15T10:13:26.666382000-0500,1.799423000,192.168.0.178,192.168.0.148,25565,53414,280091,465,1460,0,0x0010
471,2026-08-15T10:13:26.666606000-0500,1.799647000,192.168.0.178,192.168.0.148,25565,53414,281551,465,1460,0,0x0010
472,2026-08-15T10:13:26.666606000-0500,1.799647000,192.168.0.178,192.168.0.148,25565,53414,283011,465,1460,0,0x0010
473,2026-08-15T10:13:26.666606000-0500,1.799647000,192.168.0.178,192.168.0.148,25565,53414,284471,465,64,0,0x0018
474,2026-08-15T10:13:26.666647000-0500,1.799688000,192.168.0.148,192.168.0.178,53414,25565,465,284535,0,0,0x0010
475,2026-08-15T10:13:26.688336000-0500,1.821377000,192.168.0.178,192.168.0.148,25565,53414,284535,465,1460,0,0x0010
476,2026-08-15T10:13:26.688336000-0500,1.821377000,192.168.0.178,192.168.0.148,25565,53414,285995,465,1460,0,0x0010
477,2026-08-15T10:13:26.688392000-0500,1.821433000,192.168.0.148,192.168.0.178,53414,25565,465,287455,0,0,0x0010
478,2026-08-15T10:13:26.688448000-0500,1.821489000,192.168.0.178,192.168.0.148,25565,53414,287455,465,1460,0,0x0010
479,2026-08-15T10:13:26.688448000-0500,1.821489000,192.168.0.178,192.168.0.148,25565,53414,288915,465,153,0,0x0018
480,2026-08-15T10:13:26.688458000-0500,1.821499000,192.168.0.148,192.168.0.178,53414,25565,465,289068,0,0,0x0010
481,2026-08-15T10:13:26.692657000-0500,1.825698000,192.168.0.148,192.168.0.178,53414,25565,465,289068,12,0,0x0018
482,2026-08-15T10:13:26.693296000-0500,1.826337000,192.168.0.148,192.168.0.178,53414,25565,477,289068,3,0,0x0018
483,2026-08-15T10:13:26.693902000-0500,1.826943000,192.168.0.178,192.168.0.148,25565,53414,289068,480,0,0,0x0010
484,2026-08-15T10:13:26.743313000-0500,1.876354000,192.168.0.148,192.168.0.178,53414,25565,480,289068,36,0,0x0018
485,2026-08-15T10:13:26.744404000-0500,1.877445000,192.168.0.148,192.168.0.178,53414,25565,516,289068,3,0,0x0018
486,2026-08-15T10:13:26.745273000-0500,1.878314000,192.168.0.178,192.168.0.148,25565,53414,289068,519,0,0,0x0010
487,2026-08-15T10:13:26.761108000-0500,1.894149000,192.168.0.178,192.168.0.148,25565,53414,289068,519,216,0,0x0018
488,2026-08-15T10:13:26.761108000-0500,1.894149000,192.168.0.178,192.168.0.148,25565,53414,289284,519,35,0,0x0018
489,2026-08-15T10:13:26.761147000-0500,1.894188000,192.168.0.148,192.168.0.178,53414,25565,519,289319,0,0,0x0010
490,2026-08-15T10:13:26.787668000-0500,1.920709000,192.168.0.178,192.168.0.148,25565,53414,289319,519,1460,0,0x0010
491,2026-08-15T10:13:26.787668000-0500,1.920709000,192.168.0.178,192.168.0.148,25565,53414,290779,519,1460,0,0x0010
492,2026-08-15T10:13:26.787713000-0500,1.920754000,192.168.0.148,192.168.0.178,53414,25565,519,292239,0,0,0x0010
493,2026-08-15T10:13:26.787767000-0500,1.920808000,192.168.0.178,192.168.0.148,25565,53414,292239,519,1460,0,0x0010
494,2026-08-15T10:13:26.788012000-0500,1.921053000,192.168.0.178,192.168.0.148,25565,53414,293699,519,1460,0,0x0010
495,2026-08-15T10:13:26.788012000-0500,1.921053000,192.168.0.178,192.168.0.148,25565,53414,295159,519,1460,0,0x0010
496,2026-08-15T10:13:26.788044000-0500,1.921085000,192.168.0.148,192.168.0.178,53414,25565,519,296619,0,0,0x0010
497,2026-08-15T10:13:26.788256000-0500,1.921297000,192.168.0.178,192.168.0.148,25565,53414,296619,519,1460,0,0x0010
498,2026-08-15T10:13:26.788256000-0500,1.921297000,192.168.0.178,192.168.0.148,25565,53414,298079,519,1460,0,0x0010
499,2026-08-15T10:13:26.788288000-0500,1.921329000,192.168.0.148,192.168.0.178,53414,25565,519,299539,0,0,0x0010
500,2026-08-15T10:13:26.788501000-0500,1.921542000,192.168.0.178,192.168.0.148,25565,53414,299539,519,1460,0,0x0018
501,2026-08-15T10:13:26.788501000-0500,1.921542000,192.168.0.178,192.168.0.148,25565,53414,300999,519,1460,0,0x0010
502,2026-08-15T10:13:26.788539000-0500,1.921580000,192.168.0.148,192.168.0.178,53414,25565,519,302459,0,0,0x0010
503,2026-08-15T10:13:26.788760000-0500,1.921801000,192.168.0.178,192.168.0.148,25565,53414,302459,519,1460,0,0x0010
504,2026-08-15T10:13:26.788760000-0500,1.921801000,192.168.0.178,192.168.0.148,25565,53414,303919,519,1460,0,0x0010
505,2026-08-15T10:13:26.788794000-0500,1.921835000,192.168.0.148,192.168.0.178,53414,25565,519,305379,0,0,0x0010
506,2026-08-15T10:13:26.788999000-0500,1.922040000,192.168.0.178,192.168.0.148,25565,53414,305379,519,1460,0,0x0010
507,2026-08-15T10:13:26.788999000-0500,1.922040000,192.168.0.178,192.168.0.148,25565,53414,306839,519,1460,0,0x0010
508,2026-08-15T10:13:26.789032000-0500,1.922073000,192.168.0.148,192.168.0.178,53414,25565,519,308299,0,0,0x0010
509,2026-08-15T10:13:26.789222000-0500,1.922263000,192.168.0.178,192.168.0.148,25565,53414,308299,519,1460,0,0x0010
510,2026-08-15T10:13:26.789246000-0500,1.922287000,192.168.0.148,192.168.0.178,53414,25565,519,309759,0,0,0x0010
511,2026-08-15T10:13:26.789273000-0500,1.922314000,192.168.0.178,192.168.0.148,25565,53414,309759,519,1460,0,0x0010
512,2026-08-15T10:13:26.789528000-0500,1.922569000,192.168.0.178,192.168.0.148,25565,53414,311219,519,1460,0,0x0018
513,2026-08-15T10:13:26.789558000-0500,1.922599000,192.168.0.148,192.168.0.178,53414,25565,519,312679,0,0,0x0010
514,2026-08-15T10:13:26.791053000-0500,1.924094000,192.168.0.178,192.168.0.148,25565,53414,312679,519,1460,0,0x0010
515,2026-08-15T10:13:26.791053000-0500,1.924094000,192.168.0.178,192.168.0.148,25565,53414,314139,519,1460,0,0x0018
516,2026-08-15T10:13:26.791217000-0500,1.924258000,192.168.0.148,192.168.0.178,53414,25565,519,315599,0,0,0x0010
517,2026-08-15T10:13:26.791292000-0500,1.924333000,192.168.0.178,192.168.0.148,25565,53414,315599,519,1460,0,0x0010
518,2026-08-15T10:13:26.791292000-0500,1.924333000,192.168.0.178,192.168.0.148,25565,53414,317059,519,1460,0,0x0010
519,2026-08-15T10:13:26.791327000-0500,1.924368000,192.168.0.148,192.168.0.178,53414,25565,519,318519,0,0,0x0010
520,2026-08-15T10:13:26.791369000-0500,1.924410000,192.168.0.178,192.168.0.148,25565,53414,318519,519,1460,0,0x0010
521,2026-08-15T10:13:26.791595000-0500,1.924636000,192.168.0.178,192.168.0.148,25565,53414,319979,519,884,0,0x0018
522,2026-08-15T10:13:26.791620000-0500,1.924661000,192.168.0.148,192.168.0.178,53414,25565,519,320863,0,0,0x0010
523,2026-08-15T10:13:26.792808000-0500,1.925849000,192.168.0.148,192.168.0.178,53414,25565,519,320863,12,0,0x0018
524,2026-08-15T10:13:26.793344000-0500,1.926385000,192.168.0.148,192.168.0.178,53414,25565,531,320863,3,0,0x0018
525,2026-08-15T10:13:26.795021000-0500,1.928062000,192.168.0.178,192.168.0.148,25565,53414,320863,534,0,0,0x0010
526,2026-08-15T10:13:26.813815000-0500,1.946856000,192.168.0.178,192.168.0.148,25565,53414,320863,534,1460,0,0x0010
527,2026-08-15T10:13:26.813815000-0500,1.946856000,192.168.0.178,192.168.0.148,25565,53414,322323,534,1460,0,0x0010
528,2026-08-15T10:13:26.813871000-0500,1.946912000,192.168.0.148,192.168.0.178,53414,25565,534,323783,0,0,0x0010
529,2026-08-15T10:13:26.813899000-0500,1.946940000,192.168.0.178,192.168.0.148,25565,53414,323783,534,1460,0,0x0010
530,2026-08-15T10:13:26.814102000-0500,1.947143000,192.168.0.178,192.168.0.148,25565,53414,325243,534,1460,0,0x0010
531,2026-08-15T10:13:26.814102000-0500,1.947143000,192.168.0.178,192.168.0.148,25565,53414,326703,534,1460,0,0x0010
532,2026-08-15T10:13:26.814125000-0500,1.947166000,192.168.0.148,192.168.0.178,53414,25565,534,328163,0,0,0x0010
533,2026-08-15T10:13:26.814312000-0500,1.947353000,192.168.0.178,192.168.0.148,25565,53414,328163,534,1460,0,0x0010
534,2026-08-15T10:13:26.814333000-0500,1.947374000,192.168.0.148,192.168.0.178,53414,25565,534,329623,0,0,0x0010
535,2026-08-15T10:13:26.814369000-0500,1.947410000,192.168.0.178,192.168.0.148,25565,53414,329623,534,1460,0,0x0010
536,2026-08-15T10:13:26.814396000-0500,1.947437000,192.168.0.178,192.168.0.148,25565,53414,331083,534,683,0,0x0018
537,2026-08-15T10:13:26.814402000-0500,1.947443000,192.168.0.148,192.168.0.178,53414,25565,534,331766,0,0,0x0010
538,2026-08-15T10:13:26.839876000-0500,1.972917000,192.168.0.178,192.168.0.148,25565,53414,331766,534,1460,0,0x0010
539,2026-08-15T10:13:26.839876000-0500,1.972917000,192.168.0.178,192.168.0.148,25565,53414,333226,534,1460,0,0x0010
540,2026-08-15T10:13:26.839916000-0500,1.972957000,192.168.0.148,192.168.0.178,53414,25565,534,334686,0,0,0x0010
541,2026-08-15T10:13:26.839970000-0500,1.973011000,192.168.0.178,192.168.0.148,25565,53414,334686,534,1460,0,0x0010
542,2026-08-15T10:13:26.840112000-0500,1.973153000,192.168.0.178,192.168.0.148,25565,53414,336146,534,1460,0,0x0010
543,2026-08-15T10:13:26.840131000-0500,1.973172000,192.168.0.148,192.168.0.178,53414,25565,534,337606,0,0,0x0010
544,2026-08-15T10:13:26.840323000-0500,1.973364000,192.168.0.178,192.168.0.148,25565,53414,337606,534,1460,0,0x0010
545,2026-08-15T10:13:26.840323000-0500,1.973364000,192.168.0.178,192.168.0.148,25565,53414,339066,534,1460,0,0x0010
546,2026-08-15T10:13:26.840345000-0500,1.973386000,192.168.0.148,192.168.0.178,53414,25565,534,340526,0,0,0x0010
547,2026-08-15T10:13:26.840556000-0500,1.973597000,192.168.0.178,192.168.0.148,25565,53414,340526,534,1460,0,0x0010
548,2026-08-15T10:13:26.840626000-0500,1.973667000,192.168.0.178,192.168.0.148,25565,53414,341986,534,1460,0,0x0018
549,2026-08-15T10:13:26.840633000-0500,1.973674000,192.168.0.148,192.168.0.178,53414,25565,534,343446,0,0,0x0010
550,2026-08-15T10:13:26.840680000-0500,1.973721000,192.168.0.178,192.168.0.148,25565,53414,343446,534,889,0,0x0018
551,2026-08-15T10:13:26.842249000-0500,1.975290000,192.168.0.148,192.168.0.178,53414,25565,534,344335,12,0,0x0018
552,2026-08-15T10:13:26.842766000-0500,1.975807000,192.168.0.148,192.168.0.178,53414,25565,546,344335,3,0,0x0018
553,2026-08-15T10:13:26.843751000-0500,1.976792000,192.168.0.178,192.168.0.148,25565,53414,344335,549,0,0,0x0010
554,2026-08-15T10:13:26.885846000-0500,2.018887000,192.168.0.178,192.168.0.148,25565,53414,344335,549,1460,0,0x0010
555,2026-08-15T10:13:26.885846000-0500,2.018887000,192.168.0.178,192.168.0.148,25565,53414,345795,549,1460,0,0x0010
556,2026-08-15T10:13:26.885894000-0500,2.018935000,192.168.0.148,192.168.0.178,53414,25565,549,347255,0,0,0x0010
557,2026-08-15T10:13:26.885963000-0500,2.019004000,192.168.0.178,192.168.0.148,25565,53414,347255,549,1460,0,0x0010
558,2026-08-15T10:13:26.886167000-0500,2.019208000,192.168.0.178,192.168.0.148,25565,53414,348715,549,1460,0,0x0010
559,2026-08-15T10:13:26.886191000-0500,2.019232000,192.168.0.148,192.168.0.178,53414,25565,549,350175,0,0,0x0010
560,2026-08-15T10:13:26.886239000-0500,2.019280000,192.168.0.178,192.168.0.148,25565,53414,350175,549,1460,0,0x0010
561,2026-08-15T10:13:26.886413000-0500,2.019454000,192.168.0.178,192.168.0.148,25565,53414,351635,549,1460,0,0x0010
562,2026-08-15T10:13:26.886432000-0500,2.019473000,192.168.0.148,192.168.0.178,53414,25565,549,353095,0,0,0x0010
563,2026-08-15T10:13:26.886482000-0500,2.019523000,192.168.0.178,192.168.0.148,25565,53414,353095,549,1460,0,0x0010
564,2026-08-15T10:13:26.886482000-0500,2.019523000,192.168.0.178,192.168.0.148,25565,53414,354555,549,423,0,0x0018
565,2026-08-15T10:13:26.886493000-0500,2.019534000,192.168.0.148,192.168.0.178,53414,25565,549,354978,0,0,0x0010
566,2026-08-15T10:13:26.892643000-0500,2.025684000,192.168.0.148,192.168.0.178,53414,25565,549,354978,12,0,0x0018
567,2026-08-15T10:13:26.893192000-0500,2.026233000,192.168.0.148,192.168.0.178,53414,25565,561,354978,3,0,0x0018
568,2026-08-15T10:13:26.893834000-0500,2.026875000,192.168.0.178,192.168.0.148,25565,53414,354978,564,0,0,0x0010
569,2026-08-15T10:13:26.937834000-0500,2.070875000,192.168.0.178,192.168.0.148,25565,53414,354978,564,1460,0,0x0010
570,2026-08-15T10:13:26.937834000-0500,2.070875000,192.168.0.178,192.168.0.148,25565,53414,356438,564,1460,0,0x0010
571,2026-08-15T10:13:26.937891000-0500,2.070932000,192.168.0.148,192.168.0.178,53414,25565,564,357898,0,0,0x0010
572,2026-08-15T10:13:26.937935000-0500,2.070976000,192.168.0.178,192.168.0.148,25565,53414,357898,564,1460,0,0x0010
573,2026-08-15T10:13:26.938141000-0500,2.071182000,192.168.0.178,192.168.0.148,25565,53414,359358,564,1460,0,0x0010
574,2026-08-15T10:13:26.938141000-0500,2.071182000,192.168.0.178,192.168.0.148,25565,53414,360818,564,1460,0,0x0010
575,2026-08-15T10:13:26.938169000-0500,2.071210000,192.168.0.148,192.168.0.178,53414,25565,564,362278,0,0,0x0010
576,2026-08-15T10:13:26.938388000-0500,2.071429000,192.168.0.178,192.168.0.148,25565,53414,362278,564,1460,0,0x0010
577,2026-08-15T10:13:26.938388000-0500,2.071429000,192.168.0.178,192.168.0.148,25565,53414,363738,564,1460,0,0x0010
578,2026-08-15T10:13:26.938418000-0500,2.071459000,192.168.0.148,192.168.0.178,53414,25565,564,365198,0,0,0x0010
579,2026-08-15T10:13:26.938634000-0500,2.071675000,192.168.0.178,192.168.0.148,25565,53414,365198,564,1460,0,0x0018
580,2026-08-15T10:13:26.938634000-0500,2.071675000,192.168.0.178,192.168.0.148,25565,53414,366658,564,1460,0,0x0010
581,2026-08-15T10:13:26.938669000-0500,2.071710000,192.168.0.148,192.168.0.178,53414,25565,564,368118,0,0,0x0010
582,2026-08-15T10:13:26.938878000-0500,2.071919000,192.168.0.178,192.168.0.148,25565,53414,368118,564,1460,0,0x0010
583,2026-08-15T10:13:26.938878000-0500,2.071919000,192.168.0.178,192.168.0.148,25565,53414,369578,564,1460,0,0x0010
584,2026-08-15T10:13:26.938908000-0500,2.071949000,192.168.0.148,192.168.0.178,53414,25565,564,371038,0,0,0x0010
585,2026-08-15T10:13:26.939135000-0500,2.072176000,192.168.0.178,192.168.0.148,25565,53414,371038,564,1460,0,0x0010
586,2026-08-15T10:13:26.939135000-0500,2.072176000,192.168.0.178,192.168.0.148,25565,53414,372498,564,1460,0,0x0010
587,2026-08-15T10:13:26.939163000-0500,2.072204000,192.168.0.148,192.168.0.178,53414,25565,564,373958,0,0,0x0010
588,2026-08-15T10:13:26.939186000-0500,2.072227000,192.168.0.178,192.168.0.148,25565,53414,373958,564,805,0,0x0018
589,2026-08-15T10:13:26.939194000-0500,2.072235000,192.168.0.148,192.168.0.178,53414,25565,564,374763,0,0,0x0010
590,2026-08-15T10:13:26.942837000-0500,2.075878000,192.168.0.148,192.168.0.178,53414,25565,564,374763,12,0,0x0018
591,2026-08-15T10:13:26.943492000-0500,2.076533000,192.168.0.148,192.168.0.178,53414,25565,576,374763,3,0,0x0018
592,2026-08-15T10:13:26.944077000-0500,2.077118000,192.168.0.178,192.168.0.148,25565,53414,374763,579,0,0,0x0010
593,2026-08-15T10:13:26.982700000-0500,2.115741000,192.168.0.178,192.168.0.148,25565,53414,374763,579,1460,0,0x0010
594,2026-08-15T10:13:26.982700000-0500,2.115741000,192.168.0.178,192.168.0.148,25565,53414,376223,579,1460,0,0x0010
595,2026-08-15T10:13:26.982741000-0500,2.115782000,192.168.0.148,192.168.0.178,53414,25565,579,377683,0,0,0x0010
596,2026-08-15T10:13:26.982794000-0500,2.115835000,192.168.0.178,192.168.0.148,25565,53414,377683,579,1460,0,0x0010
597,2026-08-15T10:13:26.983033000-0500,2.116074000,192.168.0.178,192.168.0.148,25565,53414,379143,579,1460,0,0x0010
598,2026-08-15T10:13:26.983033000-0500,2.116074000,192.168.0.178,192.168.0.148,25565,53414,380603,579,1460,0,0x0010
599,2026-08-15T10:13:26.983055000-0500,2.116096000,192.168.0.148,192.168.0.178,53414,25565,579,382063,0,0,0x0010
600,2026-08-15T10:13:26.983280000-0500,2.116321000,192.168.0.178,192.168.0.148,25565,53414,382063,579,1460,0,0x0010
601,2026-08-15T10:13:26.983280000-0500,2.116321000,192.168.0.178,192.168.0.148,25565,53414,383523,579,1460,0,0x0010
602,2026-08-15T10:13:26.983303000-0500,2.116344000,192.168.0.148,192.168.0.178,53414,25565,579,384983,0,0,0x0010
603,2026-08-15T10:13:26.983520000-0500,2.116561000,192.168.0.178,192.168.0.148,25565,53414,384983,579,1460,0,0x0018
604,2026-08-15T10:13:26.983520000-0500,2.116561000,192.168.0.178,192.168.0.148,25565,53414,386443,579,1460,0,0x0010
605,2026-08-15T10:13:26.983542000-0500,2.116583000,192.168.0.148,192.168.0.178,53414,25565,579,387903,0,0,0x0010
606,2026-08-15T10:13:26.983763000-0500,2.116804000,192.168.0.178,192.168.0.148,25565,53414,387903,579,1460,0,0x0010
607,2026-08-15T10:13:26.983781000-0500,2.116822000,192.168.0.148,192.168.0.178,53414,25565,579,389363,0,0,0x0010
608,2026-08-15T10:13:26.983829000-0500,2.116870000,192.168.0.178,192.168.0.148,25565,53414,389363,579,1460,0,0x0010
609,2026-08-15T10:13:26.983966000-0500,2.117007000,192.168.0.178,192.168.0.148,25565,53414,390823,579,1460,0,0x0010
610,2026-08-15T10:13:26.983966000-0500,2.117007000,192.168.0.178,192.168.0.148,25565,53414,392283,579,339,0,0x0018
611,2026-08-15T10:13:26.983986000-0500,2.117027000,192.168.0.148,192.168.0.178,53414,25565,579,392622,0,0,0x0010
612,2026-08-15T10:13:26.993605000-0500,2.126646000,192.168.0.148,192.168.0.178,53414,25565,579,392622,3,0,0x0018
613,2026-08-15T10:13:27.031191000-0500,2.164232000,192.168.0.178,192.168.0.148,25565,53414,392622,582,103,0,0x0018
614,2026-08-15T10:13:27.031310000-0500,2.164351000,192.168.0.148,192.168.0.178,53414,25565,582,392725,11,0,0x0018
615,2026-08-15T10:13:27.043706000-0500,2.176747000,192.168.0.148,192.168.0.178,53414,25565,593,392725,3,0,0x0018
616,2026-08-15T10:13:27.044574000-0500,2.177615000,192.168.0.178,192.168.0.148,25565,53414,392725,596,0,0,0x0010
617,2026-08-15T10:13:27.083448000-0500,2.216489000,192.168.0.178,192.168.0.148,25565,53414,392725,596,1460,0,0x0010
618,2026-08-15T10:13:27.083448000-0500,2.216489000,192.168.0.178,192.168.0.148,25565,53414,394185,596,1460,0,0x0010
619,2026-08-15T10:13:27.083525000-0500,2.216566000,192.168.0.148,192.168.0.178,53414,25565,596,395645,0,0,0x0010
620,2026-08-15T10:13:27.083570000-0500,2.216611000,192.168.0.178,192.168.0.148,25565,53414,395645,596,1460,0,0x0010
621,2026-08-15T10:13:27.083696000-0500,2.216737000,192.168.0.178,192.168.0.148,25565,53414,397105,596,1460,0,0x0010
622,2026-08-15T10:13:27.083705000-0500,2.216746000,192.168.0.148,192.168.0.178,53414,25565,596,398565,0,0,0x0010
623,2026-08-15T10:13:27.083771000-0500,2.216812000,192.168.0.178,192.168.0.148,25565,53414,398565,596,1460,0,0x0010
624,2026-08-15T10:13:27.084049000-0500,2.217090000,192.168.0.178,192.168.0.148,25565,53414,400025,596,1460,0,0x0010
625,2026-08-15T10:13:27.084049000-0500,2.217090000,192.168.0.178,192.168.0.148,25565,53414,401485,596,1460,0,0x0010
626,2026-08-15T10:13:27.084110000-0500,2.217151000,192.168.0.148,192.168.0.178,53414,25565,596,402945,0,0,0x0010
627,2026-08-15T10:13:27.084176000-0500,2.217217000,192.168.0.178,192.168.0.148,25565,53414,402945,596,1460,0,0x0018
628,2026-08-15T10:13:27.084188000-0500,2.217229000,192.168.0.148,192.168.0.178,53414,25565,596,404405,0,0,0x0010
629,2026-08-15T10:13:27.084421000-0500,2.217462000,192.168.0.178,192.168.0.148,25565,53414,404405,596,1460,0,0x0010
630,2026-08-15T10:13:27.084421000-0500,2.217462000,192.168.0.178,192.168.0.148,25565,53414,405865,596,1460,0,0x0010
631,2026-08-15T10:13:27.084481000-0500,2.217522000,192.168.0.148,192.168.0.178,53414,25565,596,407325,0,0,0x0010
632,2026-08-15T10:13:27.084537000-0500,2.217578000,192.168.0.178,192.168.0.148,25565,53414,407325,596,1460,0,0x0010
633,2026-08-15T10:13:27.084828000-0500,2.217869000,192.168.0.178,192.168.0.148,25565,53414,408785,596,1460,0,0x0010
634,2026-08-15T10:13:27.084828000-0500,2.217869000,192.168.0.178,192.168.0.148,25565,53414,410245,596,594,0,0x0018
635,2026-08-15T10:13:27.084888000-0500,2.217929000,192.168.0.148,192.168.0.178,53414,25565,596,410839,0,0,0x0010
636,2026-08-15T10:13:27.093080000-0500,2.226121000,192.168.0.148,192.168.0.178,53414,25565,596,410839,3,0,0x0018
637,2026-08-15T10:13:27.139734000-0500,2.272775000,192.168.0.178,192.168.0.148,25565,53414,410839,599,1460,0,0x0010
638,2026-08-15T10:13:27.139734000-0500,2.272775000,192.168.0.178,192.168.0.148,25565,53414,412299,599,1460,0,0x0010
639,2026-08-15T10:13:27.139797000-0500,2.272838000,192.168.0.148,192.168.0.178,53414,25565,599,413759,0,0,0x0010
640,2026-08-15T10:13:27.139840000-0500,2.272881000,192.168.0.178,192.168.0.148,25565,53414,413759,599,1460,0,0x0010
641,2026-08-15T10:13:27.140095000-0500,2.273136000,192.168.0.178,192.168.0.148,25565,53414,415219,599,1460,0,0x0010
642,2026-08-15T10:13:27.140095000-0500,2.273136000,192.168.0.178,192.168.0.148,25565,53414,416679,599,1460,0,0x0010
643,2026-08-15T10:13:27.140128000-0500,2.273169000,192.168.0.148,192.168.0.178,53414,25565,599,418139,0,0,0x0010
644,2026-08-15T10:13:27.140332000-0500,2.273373000,192.168.0.178,192.168.0.148,25565,53414,418139,599,1460,0,0x0010
645,2026-08-15T10:13:27.140332000-0500,2.273373000,192.168.0.178,192.168.0.148,25565,53414,419599,599,1460,0,0x0010
646,2026-08-15T10:13:27.140365000-0500,2.273406000,192.168.0.148,192.168.0.178,53414,25565,599,421059,0,0,0x0010
647,2026-08-15T10:13:27.140605000-0500,2.273646000,192.168.0.178,192.168.0.148,25565,53414,421059,599,1460,0,0x0018
648,2026-08-15T10:13:27.140605000-0500,2.273646000,192.168.0.178,192.168.0.148,25565,53414,422519,599,1460,0,0x0010
649,2026-08-15T10:13:27.140641000-0500,2.273682000,192.168.0.148,192.168.0.178,53414,25565,599,423979,0,0,0x0010
650,2026-08-15T10:13:27.140699000-0500,2.273740000,192.168.0.178,192.168.0.148,25565,53414,423979,599,1460,0,0x0010
651,2026-08-15T10:13:27.140707000-0500,2.273748000,192.168.0.148,192.168.0.178,53414,25565,599,425439,0,0,0x0010
652,2026-08-15T10:13:27.140874000-0500,2.273915000,192.168.0.178,192.168.0.148,25565,53414,425439,599,1460,0,0x0010
653,2026-08-15T10:13:27.140960000-0500,2.274001000,192.168.0.178,192.168.0.148,25565,53414,426899,599,1376,0,0x0018
654,2026-08-15T10:13:27.140975000-0500,2.274016000,192.168.0.148,192.168.0.178,53414,25565,599,428275,0,0,0x0010
655,2026-08-15T10:13:27.143516000-0500,2.276557000,192.168.0.148,192.168.0.178,53414,25565,599,428275,3,0,0x0018
656,2026-08-15T10:13:27.180738000-0500,2.313779000,192.168.0.178,192.168.0.148,25565,53414,428275,602,1460,0,0x0010
657,2026-08-15T10:13:27.180738000-0500,2.313779000,192.168.0.178,192.168.0.148,25565,53414,429735,602,1460,0,0x0010
658,2026-08-15T10:13:27.180786000-0500,2.313827000,192.168.0.148,192.168.0.178,53414,25565,602,431195,0,0,0x0010
659,2026-08-15T10:13:27.180839000-0500,2.313880000,192.168.0.178,192.168.0.148,25565,53414,431195,602,1460,0,0x0010
660,2026-08-15T10:13:27.180986000-0500,2.314027000,192.168.0.178,192.168.0.148,25565,53414,432655,602,1460,0,0x0010
661,2026-08-15T10:13:27.181006000-0500,2.314047000,192.168.0.148,192.168.0.178,53414,25565,602,434115,0,0,0x0010
662,2026-08-15T10:13:27.181201000-0500,2.314242000,192.168.0.178,192.168.0.148,25565,53414,434115,602,1460,0,0x0010
663,2026-08-15T10:13:27.181201000-0500,2.314242000,192.168.0.178,192.168.0.148,25565,53414,435575,602,1460,0,0x0010
664,2026-08-15T10:13:27.181224000-0500,2.314265000,192.168.0.148,192.168.0.178,53414,25565,602,437035,0,0,0x0010
665,2026-08-15T10:13:27.181444000-0500,2.314485000,192.168.0.178,192.168.0.148,25565,53414,437035,602,1460,0,0x0010
666,2026-08-15T10:13:27.181444000-0500,2.314485000,192.168.0.178,192.168.0.148,25565,53414,438495,602,1460,0,0x0018
667,2026-08-15T10:13:27.181465000-0500,2.314506000,192.168.0.148,192.168.0.178,53414,25565,602,439955,0,0,0x0010
668,2026-08-15T10:13:27.181691000-0500,2.314732000,192.168.0.178,192.168.0.148,25565,53414,439955,602,1460,0,0x0010
669,2026-08-15T10:13:27.181691000-0500,2.314732000,192.168.0.178,192.168.0.148,25565,53414,441415,602,1460,0,0x0010
670,2026-08-15T10:13:27.181691000-0500,2.314732000,192.168.0.178,192.168.0.148,25565,53414,442875,602,17,0,0x0018
671,2026-08-15T10:13:27.181717000-0500,2.314758000,192.168.0.148,192.168.0.178,53414,25565,602,442892,0,0,0x0010
672,2026-08-15T10:13:27.193720000-0500,2.326761000,192.168.0.148,192.168.0.178,53414,25565,602,442892,3,0,0x0018
673,2026-08-15T10:13:27.229930000-0500,2.362971000,192.168.0.178,192.168.0.148,25565,53414,442892,605,1460,0,0x0010
674,2026-08-15T10:13:27.229930000-0500,2.362971000,192.168.0.178,192.168.0.148,25565,53414,444352,605,1460,0,0x0010
675,2026-08-15T10:13:27.229980000-0500,2.363021000,192.168.0.148,192.168.0.178,53414,25565,605,445812,0,0,0x0010
676,2026-08-15T10:13:27.230036000-0500,2.363077000,192.168.0.178,192.168.0.148,25565,53414,445812,605,1460,0,0x0010
677,2026-08-15T10:13:27.230262000-0500,2.363303000,192.168.0.178,192.168.0.148,25565,53414,447272,605,1460,0,0x0010
678,2026-08-15T10:13:27.230262000-0500,2.363303000,192.168.0.178,192.168.0.148,25565,53414,448732,605,1460,0,0x0010
679,2026-08-15T10:13:27.230286000-0500,2.363327000,192.168.0.148,192.168.0.178,53414,25565,605,450192,0,0,0x0010
680,2026-08-15T10:13:27.230477000-0500,2.363518000,192.168.0.178,192.168.0.148,25565,53414,450192,605,1460,0,0x0010
681,2026-08-15T10:13:27.230497000-0500,2.363538000,192.168.0.148,192.168.0.178,53414,25565,605,451652,0,0,0x0010
682,2026-08-15T10:13:27.230531000-0500,2.363572000,192.168.0.178,192.168.0.148,25565,53414,451652,605,1460,0,0x0010
683,2026-08-15T10:13:27.230670000-0500,2.363711000,192.168.0.178,192.168.0.148,25565,53414,453112,605,1460,0,0x0018
684,2026-08-15T10:13:27.230689000-0500,2.363730000,192.168.0.148,192.168.0.178,53414,25565,605,454572,0,0,0x0010
685,2026-08-15T10:13:27.230751000-0500,2.363792000,192.168.0.178,192.168.0.148,25565,53414,454572,605,1460,0,0x0010
686,2026-08-15T10:13:27.230806000-0500,2.363847000,192.168.0.178,192.168.0.148,25565,53414,456032,605,360,0,0x0018
687,2026-08-15T10:13:27.230810000-0500,2.363851000,192.168.0.148,192.168.0.178,53414,25565,605,456392,0,0,0x0010
688,2026-08-15T10:13:27.242403000-0500,2.375444000,192.168.0.148,192.168.0.178,53414,25565,605,456392,12,0,0x0018
689,2026-08-15T10:13:27.243121000-0500,2.376162000,192.168.0.148,192.168.0.178,53414,25565,617,456392,3,0,0x0018
690,2026-08-15T10:13:27.245545000-0500,2.378586000,192.168.0.178,192.168.0.148,25565,53414,456392,620,0,0,0x0010
691,2026-08-15T10:13:27.293673000-0500,2.426714000,192.168.0.148,192.168.0.178,53414,25565,620,456392,12,0,0x0018
692,2026-08-15T10:13:27.294685000-0500,2.427726000,192.168.0.148,192.168.0.178,53414,25565,632,456392,3,0,0x0018
693,2026-08-15T10:13:27.299679000-0500,2.432720000,192.168.0.178,192.168.0.148,25565,53414,456392,635,0,0,0x0010
694,2026-08-15T10:13:27.299930000-0500,2.432971000,192.168.0.178,192.168.0.148,25565,53414,456392,635,1460,0,0x0010
695,2026-08-15T10:13:27.299930000-0500,2.432971000,192.168.0.178,192.168.0.148,25565,53414,457852,635,1460,0,0x0010
696,2026-08-15T10:13:27.299975000-0500,2.433016000,192.168.0.148,192.168.0.178,53414,25565,635,459312,0,0,0x0010
697,2026-08-15T10:13:27.300097000-0500,2.433138000,192.168.0.178,192.168.0.148,25565,53414,459312,635,1460,0,0x0010
698,2026-08-15T10:13:27.300162000-0500,2.433203000,192.168.0.178,192.168.0.148,25565,53414,460772,635,1460,0,0x0010
699,2026-08-15T10:13:27.300168000-0500,2.433209000,192.168.0.148,192.168.0.178,53414,25565,635,462232,0,0,0x0010
700,2026-08-15T10:13:27.300388000-0500,2.433429000,192.168.0.178,192.168.0.148,25565,53414,462232,635,1460,0,0x0010
701,2026-08-15T10:13:27.300457000-0500,2.433498000,192.168.0.178,192.168.0.148,25565,53414,463692,635,1460,0,0x0010
702,2026-08-15T10:13:27.300478000-0500,2.433519000,192.168.0.148,192.168.0.178,53414,25565,635,465152,0,0,0x0010
703,2026-08-15T10:13:27.300557000-0500,2.433598000,192.168.0.178,192.168.0.148,25565,53414,465152,635,1460,0,0x0010
704,2026-08-15T10:13:27.300794000-0500,2.433835000,192.168.0.178,192.168.0.148,25565,53414,466612,635,1460,0,0x0018
705,2026-08-15T10:13:27.300794000-0500,2.433835000,192.168.0.178,192.168.0.148,25565,53414,468072,635,1460,0,0x0010
706,2026-08-15T10:13:27.300834000-0500,2.433875000,192.168.0.148,192.168.0.178,53414,25565,635,469532,0,0,0x0010
707,2026-08-15T10:13:27.300945000-0500,2.433986000,192.168.0.178,192.168.0.148,25565,53414,469532,635,1460,0,0x0010
708,2026-08-15T10:13:27.300955000-0500,2.433996000,192.168.0.148,192.168.0.178,53414,25565,635,470992,0,0,0x0010
709,2026-08-15T10:13:27.301021000-0500,2.434062000,192.168.0.178,192.168.0.148,25565,53414,470992,635,1389,0,0x0018
710,2026-08-15T10:13:27.340932000-0500,2.473973000,192.168.0.178,192.168.0.148,25565,53414,472381,635,1460,0,0x0010
711,2026-08-15T10:13:27.340932000-0500,2.473973000,192.168.0.178,192.168.0.148,25565,53414,473841,635,1460,0,0x0010
712,2026-08-15T10:13:27.340991000-0500,2.474032000,192.168.0.148,192.168.0.178,53414,25565,635,475301,0,0,0x0010
713,2026-08-15T10:13:27.341038000-0500,2.474079000,192.168.0.178,192.168.0.148,25565,53414,475301,635,1460,0,0x0010
714,2026-08-15T10:13:27.341046000-0500,2.474087000,192.168.0.148,192.168.0.178,53414,25565,635,476761,0,0,0x0010
715,2026-08-15T10:13:27.341257000-0500,2.474298000,192.168.0.178,192.168.0.148,25565,53414,476761,635,1460,0,0x0010
716,2026-08-15T10:13:27.341257000-0500,2.474298000,192.168.0.178,192.168.0.148,25565,53414,478221,635,1460,0,0x0010
717,2026-08-15T10:13:27.341295000-0500,2.474336000,192.168.0.148,192.168.0.178,53414,25565,635,479681,0,0,0x0010
718,2026-08-15T10:13:27.341503000-0500,2.474544000,192.168.0.178,192.168.0.148,25565,53414,479681,635,1460,0,0x0010
719,2026-08-15T10:13:27.341503000-0500,2.474544000,192.168.0.178,192.168.0.148,25565,53414,481141,635,1460,0,0x0010
720,2026-08-15T10:13:27.341542000-0500,2.474583000,192.168.0.148,192.168.0.178,53414,25565,635,482601,0,0,0x0010
721,2026-08-15T10:13:27.341931000-0500,2.474972000,192.168.0.178,192.168.0.148,25565,53414,482601,635,1460,0,0x0018
722,2026-08-15T10:13:27.342959000-0500,2.476000000,192.168.0.148,192.168.0.178,53414,25565,635,484061,12,0,0x0018
723,2026-08-15T10:13:27.343126000-0500,2.476167000,192.168.0.178,192.168.0.148,25565,53414,484061,635,1460,0,0x0010
724,2026-08-15T10:13:27.343126000-0500,2.476167000,192.168.0.178,192.168.0.148,25565,53414,485521,635,1460,0,0x0010
725,2026-08-15T10:13:27.343158000-0500,2.476199000,192.168.0.148,192.168.0.178,53414,25565,647,486981,0,0,0x0010
726,2026-08-15T10:13:27.343214000-0500,2.476255000,192.168.0.178,192.168.0.148,25565,53414,486981,635,1460,0,0x0010
727,2026-08-15T10:13:27.343220000-0500,2.476261000,192.168.0.148,192.168.0.178,53414,25565,647,488441,0,0,0x0010
728,2026-08-15T10:13:27.343388000-0500,2.476429000,192.168.0.178,192.168.0.148,25565,53414,488441,635,1460,0,0x0010
729,2026-08-15T10:13:27.343410000-0500,2.476451000,192.168.0.148,192.168.0.178,53414,25565,647,489901,0,0,0x0010
730,2026-08-15T10:13:27.343449000-0500,2.476490000,192.168.0.178,192.168.0.148,25565,53414,489901,635,946,0,0x0018
731,2026-08-15T10:13:27.343657000-0500,2.476698000,192.168.0.148,192.168.0.178,53414,25565,647,490847,3,0,0x0018
732,2026-08-15T10:13:27.344184000-0500,2.477225000,192.168.0.178,192.168.0.148,25565,53414,490847,650,0,0,0x0010
733,2026-08-15T10:13:27.386320000-0500,2.519361000,192.168.0.178,192.168.0.148,25565,53414,490847,650,1460,0,0x0010
734,2026-08-15T10:13:27.386320000-0500,2.519361000,192.168.0.178,192.168.0.148,25565,53414,492307,650,1460,0,0x0010
735,2026-08-15T10:13:27.386367000-0500,2.519408000,192.168.0.148,192.168.0.178,53414,25565,650,493767,0,0,0x0010
736,2026-08-15T10:13:27.386425000-0500,2.519466000,192.168.0.178,192.168.0.148,25565,53414,493767,650,1460,0,0x0010
737,2026-08-15T10:13:27.386662000-0500,2.519703000,192.168.0.178,192.168.0.148,25565,53414,495227,650,1460,0,0x0010
738,2026-08-15T10:13:27.386662000-0500,2.519703000,192.168.0.178,192.168.0.148,25565,53414,496687,650,1460,0,0x0010
739,2026-08-15T10:13:27.386689000-0500,2.519730000,192.168.0.148,192.168.0.178,53414,25565,650,498147,0,0,0x0010
740,2026-08-15T10:13:27.386908000-0500,2.519949000,192.168.0.178,192.168.0.148,25565,53414,498147,650,1460,0,0x0010
741,2026-08-15T10:13:27.386908000-0500,2.519949000,192.168.0.178,192.168.0.148,25565,53414,499607,650,1460,0,0x0010
742,2026-08-15T10:13:27.386934000-0500,2.519975000,192.168.0.148,192.168.0.178,53414,25565,650,501067,0,0,0x0010
743,2026-08-15T10:13:27.387154000-0500,2.520195000,192.168.0.178,192.168.0.148,25565,53414,501067,650,1460,0,0x0018
744,2026-08-15T10:13:27.387154000-0500,2.520195000,192.168.0.178,192.168.0.148,25565,53414,502527,650,1460,0,0x0010
745,2026-08-15T10:13:27.387179000-0500,2.520220000,192.168.0.148,192.168.0.178,53414,25565,650,503987,0,0,0x0010
746,2026-08-15T10:13:27.387400000-0500,2.520441000,192.168.0.178,192.168.0.148,25565,53414,503987,650,1460,0,0x0010
747,2026-08-15T10:13:27.387400000-0500,2.520441000,192.168.0.178,192.168.0.148,25565,53414,505447,650,1460,0,0x0010
748,2026-08-15T10:13:27.387427000-0500,2.520468000,192.168.0.148,192.168.0.178,53414,25565,650,506907,0,0,0x0010
749,2026-08-15T10:13:27.387672000-0500,2.520713000,192.168.0.178,192.168.0.148,25565,53414,506907,650,1460,0,0x0010
750,2026-08-15T10:13:27.387672000-0500,2.520713000,192.168.0.178,192.168.0.148,25565,53414,508367,650,295,0,0x0018
751,2026-08-15T10:13:27.387698000-0500,2.520739000,192.168.0.148,192.168.0.178,53414,25565,650,508662,0,0,0x0010
752,2026-08-15T10:13:27.392533000-0500,2.525574000,192.168.0.148,192.168.0.178,53414,25565,650,508662,12,0,0x0018
753,2026-08-15T10:13:27.393218000-0500,2.526259000,192.168.0.148,192.168.0.178,53414,25565,662,508662,3,0,0x0018
754,2026-08-15T10:13:27.393956000-0500,2.526997000,192.168.0.178,192.168.0.148,25565,53414,508662,665,0,0,0x0010
755,2026-08-15T10:13:27.434671000-0500,2.567712000,192.168.0.178,192.168.0.148,25565,53414,508662,665,1460,0,0x0010
756,2026-08-15T10:13:27.434671000-0500,2.567712000,192.168.0.178,192.168.0.148,25565,53414,510122,665,1460,0,0x0010
757,2026-08-15T10:13:27.434723000-0500,2.567764000,192.168.0.148,192.168.0.178,53414,25565,665,511582,0,0,0x0010
758,2026-08-15T10:13:27.434786000-0500,2.567827000,192.168.0.178,192.168.0.148,25565,53414,511582,665,1460,0,0x0010
759,2026-08-15T10:13:27.434990000-0500,2.568031000,192.168.0.178,192.168.0.148,25565,53414,513042,665,1460,0,0x0010
760,2026-08-15T10:13:27.435020000-0500,2.568061000,192.168.0.148,192.168.0.178,53414,25565,665,514502,0,0,0x0010
761,2026-08-15T10:13:27.435058000-0500,2.568099000,192.168.0.178,192.168.0.148,25565,53414,514502,665,1460,0,0x0010
762,2026-08-15T10:13:27.435123000-0500,2.568164000,192.168.0.178,192.168.0.148,25565,53414,515962,665,1460,0,0x0010
763,2026-08-15T10:13:27.435132000-0500,2.568173000,192.168.0.148,192.168.0.178,53414,25565,665,517422,0,0,0x0010
764,2026-08-15T10:13:27.435355000-0500,2.568396000,192.168.0.178,192.168.0.148,25565,53414,517422,665,1460,0,0x0010
765,2026-08-15T10:13:27.435424000-0500,2.568465000,192.168.0.178,192.168.0.148,25565,53414,518882,665,1460,0,0x0018
766,2026-08-15T10:13:27.435436000-0500,2.568477000,192.168.0.148,192.168.0.178,53414,25565,665,520342,0,0,0x0010
767,2026-08-15T10:13:27.435476000-0500,2.568517000,192.168.0.178,192.168.0.148,25565,53414,520342,665,1008,0,0x0018
768,2026-08-15T10:13:27.442435000-0500,2.575476000,192.168.0.148,192.168.0.178,53414,25565,665,521350,12,0,0x0018
769,2026-08-15T10:13:27.443115000-0500,2.576156000,192.168.0.148,192.168.0.178,53414,25565,677,521350,3,0,0x0018
770,2026-08-15T10:13:27.443829000-0500,2.576870000,192.168.0.178,192.168.0.148,25565,53414,521350,680,0,0,0x0010
771,2026-08-15T10:13:27.485579000-0500,2.618620000,192.168.0.178,192.168.0.148,25565,53414,521350,680,1460,0,0x0010
772,2026-08-15T10:13:27.485579000-0500,2.618620000,192.168.0.178,192.168.0.148,25565,53414,522810,680,1460,0,0x0010
773,2026-08-15T10:13:27.485631000-0500,2.618672000,192.168.0.148,192.168.0.178,53414,25565,680,524270,0,0,0x0010
774,2026-08-15T10:13:27.485673000-0500,2.618714000,192.168.0.178,192.168.0.148,25565,53414,524270,680,1460,0,0x0010
775,2026-08-15T10:13:27.485900000-0500,2.618941000,192.168.0.178,192.168.0.148,25565,53414,525730,680,1460,0,0x0010
776,2026-08-15T10:13:27.485900000-0500,2.618941000,192.168.0.178,192.168.0.148,25565,53414,527190,680,1460,0,0x0010
777,2026-08-15T10:13:27.485925000-0500,2.618966000,192.168.0.148,192.168.0.178,53414,25565,680,528650,0,0,0x0010
778,2026-08-15T10:13:27.486146000-0500,2.619187000,192.168.0.178,192.168.0.148,25565,53414,528650,680,1460,0,0x0010
779,2026-08-15T10:13:27.486146000-0500,2.619187000,192.168.0.178,192.168.0.148,25565,53414,530110,680,1460,0,0x0010
780,2026-08-15T10:13:27.486169000-0500,2.619210000,192.168.0.148,192.168.0.178,53414,25565,680,531570,0,0,0x0010
781,2026-08-15T10:13:27.486389000-0500,2.619430000,192.168.0.178,192.168.0.148,25565,53414,531570,680,1460,0,0x0018
782,2026-08-15T10:13:27.486389000-0500,2.619430000,192.168.0.178,192.168.0.148,25565,53414,533030,680,1460,0,0x0010
783,2026-08-15T10:13:27.486413000-0500,2.619454000,192.168.0.148,192.168.0.178,53414,25565,680,534490,0,0,0x0010
784,2026-08-15T10:13:27.486635000-0500,2.619676000,192.168.0.178,192.168.0.148,25565,53414,534490,680,1460,0,0x0010
785,2026-08-15T10:13:27.486635000-0500,2.619676000,192.168.0.178,192.168.0.148,25565,53414,535950,680,282,0,0x0018
786,2026-08-15T10:13:27.486656000-0500,2.619697000,192.168.0.148,192.168.0.178,53414,25565,680,536232,0,0,0x0010
787,2026-08-15T10:13:27.492309000-0500,2.625350000,192.168.0.148,192.168.0.178,53414,25565,680,536232,12,0,0x0018
788,2026-08-15T10:13:27.492928000-0500,2.625969000,192.168.0.148,192.168.0.178,53414,25565,692,536232,3,0,0x0018
789,2026-08-15T10:13:27.493560000-0500,2.626601000,192.168.0.178,192.168.0.148,25565,53414,536232,695,0,0,0x0010
790,2026-08-15T10:13:27.537171000-0500,2.670212000,192.168.0.178,192.168.0.148,25565,53414,536232,695,1460,0,0x0010
791,2026-08-15T10:13:27.537235000-0500,2.670276000,192.168.0.178,192.168.0.148,25565,53414,537692,695,1460,0,0x0010
792,2026-08-15T10:13:27.537248000-0500,2.670289000,192.168.0.148,192.168.0.178,53414,25565,695,539152,0,0,0x0010
793,2026-08-15T10:13:27.537333000-0500,2.670374000,192.168.0.178,192.168.0.148,25565,53414,539152,695,1460,0,0x0010
794,2026-08-15T10:13:27.537572000-0500,2.670613000,192.168.0.178,192.168.0.148,25565,53414,540612,695,1460,0,0x0010
795,2026-08-15T10:13:27.537572000-0500,2.670613000,192.168.0.178,192.168.0.148,25565,53414,542072,695,1460,0,0x0010
796,2026-08-15T10:13:27.537613000-0500,2.670654000,192.168.0.148,192.168.0.178,53414,25565,695,543532,0,0,0x0010
797,2026-08-15T10:13:27.537818000-0500,2.670859000,192.168.0.178,192.168.0.148,25565,53414,543532,695,1460,0,0x0010
798,2026-08-15T10:13:27.537818000-0500,2.670859000,192.168.0.178,192.168.0.148,25565,53414,544992,695,1460,0,0x0010
799,2026-08-15T10:13:27.537855000-0500,2.670896000,192.168.0.148,192.168.0.178,53414,25565,695,546452,0,0,0x0010
800,2026-08-15T10:13:27.538076000-0500,2.671117000,192.168.0.178,192.168.0.148,25565,53414,546452,695,1460,0,0x0018
801,2026-08-15T10:13:27.538076000-0500,2.671117000,192.168.0.178,192.168.0.148,25565,53414,547912,695,1460,0,0x0010
802,2026-08-15T10:13:27.538116000-0500,2.671157000,192.168.0.148,192.168.0.178,53414,25565,695,549372,0,0,0x0010
803,2026-08-15T10:13:27.538351000-0500,2.671392000,192.168.0.178,192.168.0.148,25565,53414,549372,695,1460,0,0x0010
804,2026-08-15T10:13:27.538351000-0500,2.671392000,192.168.0.178,192.168.0.148,25565,53414,550832,695,127,0,0x0018
805,2026-08-15T10:13:27.538386000-0500,2.671427000,192.168.0.148,192.168.0.178,53414,25565,695,550959,0,0,0x0010
806,2026-08-15T10:13:27.543124000-0500,2.676165000,192.168.0.148,192.168.0.178,53414,25565,695,550959,4,0,0x0018
807,2026-08-15T10:13:27.543146000-0500,2.676187000,192.168.0.148,192.168.0.178,53414,25565,699,550959,28,0,0x0018
808,2026-08-15T10:13:27.543769000-0500,2.676810000,192.168.0.178,192.168.0.148,25565,53414,550959,727,0,0,0x0010
809,2026-08-15T10:13:27.543875000-0500,2.676916000,192.168.0.148,192.168.0.178,53414,25565,727,550959,3,0,0x0018
810,2026-08-15T10:13:27.583250000-0500,2.716291000,192.168.0.178,192.168.0.148,25565,53414,550959,730,1460,0,0x0010
811,2026-08-15T10:13:27.583250000-0500,2.716291000,192.168.0.178,192.168.0.148,25565,53414,552419,730,1460,0,0x0010
812,2026-08-15T10:13:27.583327000-0500,2.716368000,192.168.0.148,192.168.0.178,53414,25565,730,553879,0,0,0x0010
813,2026-08-15T10:13:27.583376000-0500,2.716417000,192.168.0.178,192.168.0.148,25565,53414,553879,730,1460,0,0x0010
814,2026-08-15T10:13:27.583491000-0500,2.716532000,192.168.0.178,192.168.0.148,25565,53414,555339,730,1460,0,0x0010
815,2026-08-15T10:13:27.583500000-0500,2.716541000,192.168.0.148,192.168.0.178,53414,25565,730,556799,0,0,0x0010
816,2026-08-15T10:13:27.583631000-0500,2.716672000,192.168.0.178,192.168.0.148,25565,53414,556799,730,1460,0,0x0010
817,2026-08-15T10:13:27.583719000-0500,2.716760000,192.168.0.178,192.168.0.148,25565,53414,558259,730,1460,0,0x0010
818,2026-08-15T10:13:27.583729000-0500,2.716770000,192.168.0.148,192.168.0.178,53414,25565,730,559719,0,0,0x0010
819,2026-08-15T10:13:27.583957000-0500,2.716998000,192.168.0.178,192.168.0.148,25565,53414,559719,730,1460,0,0x0010
820,2026-08-15T10:13:27.583957000-0500,2.716998000,192.168.0.178,192.168.0.148,25565,53414,561179,730,1460,0,0x0018
821,2026-08-15T10:13:27.584012000-0500,2.717053000,192.168.0.148,192.168.0.178,53414,25565,730,562639,0,0,0x0010
822,2026-08-15T10:13:27.584078000-0500,2.717119000,192.168.0.178,192.168.0.148,25565,53414,562639,730,1460,0,0x0010
823,2026-08-15T10:13:27.584366000-0500,2.717407000,192.168.0.178,192.168.0.148,25565,53414,564099,730,1460,0,0x0010
824,2026-08-15T10:13:27.584366000-0500,2.717407000,192.168.0.178,192.168.0.148,25565,53414,565559,730,343,0,0x0018
825,2026-08-15T10:13:27.584419000-0500,2.717460000,192.168.0.148,192.168.0.178,53414,25565,730,565902,0,0,0x0010
826,2026-08-15T10:13:27.592135000-0500,2.725176000,192.168.0.148,192.168.0.178,53414,25565,730,565902,28,0,0x0018
827,2026-08-15T10:13:27.592729000-0500,2.725770000,192.168.0.148,192.168.0.178,53414,25565,758,565902,3,0,0x0018
828,2026-08-15T10:13:27.593494000-0500,2.726535000,192.168.0.178,192.168.0.148,25565,53414,565902,761,0,0,0x0010
829,2026-08-15T10:13:27.641596000-0500,2.774637000,192.168.0.178,192.168.0.148,25565,53414,565902,761,1460,0,0x0010
830,2026-08-15T10:13:27.641596000-0500,2.774637000,192.168.0.178,192.168.0.148,25565,53414,567362,761,1460,0,0x0010
831,2026-08-15T10:13:27.641746000-0500,2.774787000,192.168.0.148,192.168.0.178,53414,25565,761,568822,0,0,0x0010
832,2026-08-15T10:13:27.641821000-0500,2.774862000,192.168.0.178,192.168.0.148,25565,53414,568822,761,1460,0,0x0010
833,2026-08-15T10:13:27.641821000-0500,2.774862000,192.168.0.178,192.168.0.148,25565,53414,570282,761,1460,0,0x0010
834,2026-08-15T10:13:27.641839000-0500,2.774880000,192.168.0.148,192.168.0.178,53414,25565,761,571742,0,0,0x0010
835,2026-08-15T10:13:27.642005000-0500,2.775046000,192.168.0.178,192.168.0.148,25565,53414,571742,761,1460,0,0x0010
836,2026-08-15T10:13:27.642070000-0500,2.775111000,192.168.0.178,192.168.0.148,25565,53414,573202,761,1460,0,0x0010
837,2026-08-15T10:13:27.642080000-0500,2.775121000,192.168.0.148,192.168.0.178,53414,25565,761,574662,0,0,0x0010
838,2026-08-15T10:13:27.642149000-0500,2.775190000,192.168.0.178,192.168.0.148,25565,53414,574662,761,1460,0,0x0010
839,2026-08-15T10:13:27.642409000-0500,2.775450000,192.168.0.178,192.168.0.148,25565,53414,576122,761,1173,0,0x0018
840,2026-08-15T10:13:27.642437000-0500,2.775478000,192.168.0.148,192.168.0.178,53414,25565,761,577295,0,0,0x0010
841,2026-08-15T10:13:27.642654000-0500,2.775695000,192.168.0.148,192.168.0.178,53414,25565,761,577295,4,0,0x0018
842,2026-08-15T10:13:27.642670000-0500,2.775711000,192.168.0.148,192.168.0.178,53414,25565,765,577295,28,0,0x0018
843,2026-08-15T10:13:27.643476000-0500,2.776517000,192.168.0.148,192.168.0.178,53414,25565,793,577295,3,0,0x0018
844,2026-08-15T10:13:27.645439000-0500,2.778480000,192.168.0.178,192.168.0.148,25565,53414,577295,796,0,0,0x0010
845,2026-08-15T10:13:27.692868000-0500,2.825909000,192.168.0.178,192.168.0.148,25565,53414,577295,796,1460,0,0x0010
846,2026-08-15T10:13:27.692868000-0500,2.825909000,192.168.0.178,192.168.0.148,25565,53414,578755,796,1460,0,0x0010
847,2026-08-15T10:13:27.692937000-0500,2.825978000,192.168.0.148,192.168.0.178,53414,25565,796,580215,0,0,0x0010
848,2026-08-15T10:13:27.692990000-0500,2.826031000,192.168.0.178,192.168.0.148,25565,53414,580215,796,1460,0,0x0010
849,2026-08-15T10:13:27.693118000-0500,2.826159000,192.168.0.178,192.168.0.148,25565,53414,581675,796,1460,0,0x0010
850,2026-08-15T10:13:27.693127000-0500,2.826168000,192.168.0.148,192.168.0.178,53414,25565,796,583135,0,0,0x0010
851,2026-08-15T10:13:27.693190000-0500,2.826231000,192.168.0.178,192.168.0.148,25565,53414,583135,796,1460,0,0x0010
852,2026-08-15T10:13:27.693292000-0500,2.826333000,192.168.0.148,192.168.0.178,53414,25565,796,584595,36,0,0x0018
853,2026-08-15T10:13:27.693448000-0500,2.826489000,192.168.0.178,192.168.0.148,25565,53414,584595,796,1460,0,0x0010
854,2026-08-15T10:13:27.693448000-0500,2.826489000,192.168.0.178,192.168.0.148,25565,53414,586055,796,1460,0,0x0010
855,2026-08-15T10:13:27.693499000-0500,2.826540000,192.168.0.148,192.168.0.178,53414,25565,832,587515,0,0,0x0010
856,2026-08-15T10:13:27.693568000-0500,2.826609000,192.168.0.178,192.168.0.148,25565,53414,587515,796,1460,0,0x0018
857,2026-08-15T10:13:27.693584000-0500,2.826625000,192.168.0.148,192.168.0.178,53414,25565,832,588975,0,0,0x0010
858,2026-08-15T10:13:27.693817000-0500,2.826858000,192.168.0.178,192.168.0.148,25565,53414,588975,796,1460,0,0x0010
859,2026-08-15T10:13:27.693817000-0500,2.826858000,192.168.0.178,192.168.0.148,25565,53414,590435,796,1460,0,0x0010
860,2026-08-15T10:13:27.693868000-0500,2.826909000,192.168.0.148,192.168.0.178,53414,25565,832,591895,0,0,0x0010
861,2026-08-15T10:13:27.693936000-0500,2.826977000,192.168.0.178,192.168.0.148,25565,53414,591895,796,1460,0,0x0010
862,2026-08-15T10:13:27.693946000-0500,2.826987000,192.168.0.148,192.168.0.178,53414,25565,832,593355,0,0,0x0010
863,2026-08-15T10:13:27.694211000-0500,2.827252000,192.168.0.178,192.168.0.148,25565,53414,593355,796,1443,0,0x0018
864,2026-08-15T10:13:27.694649000-0500,2.827690000,192.168.0.148,192.168.0.178,53414,25565,832,594798,3,0,0x0018
865,2026-08-15T10:13:27.695299000-0500,2.828340000,192.168.0.178,192.168.0.148,25565,53414,594798,835,0,0,0x0010
866,2026-08-15T10:13:27.733501000-0500,2.866542000,192.168.0.178,192.168.0.148,25565,53414,594798,835,1460,0,0x0010
867,2026-08-15T10:13:27.733501000-0500,2.866542000,192.168.0.178,192.168.0.148,25565,53414,596258,835,1460,0,0x0010
868,2026-08-15T10:13:27.733552000-0500,2.866593000,192.168.0.148,192.168.0.178,53414,25565,835,597718,0,0,0x0010
869,2026-08-15T10:13:27.733608000-0500,2.866649000,192.168.0.178,192.168.0.148,25565,53414,597718,835,1460,0,0x0010
870,2026-08-15T10:13:27.733828000-0500,2.866869000,192.168.0.178,192.168.0.148,25565,53414,599178,835,1460,0,0x0010
871,2026-08-15T10:13:27.733828000-0500,2.866869000,192.168.0.178,192.168.0.148,25565,53414,600638,835,1460,0,0x0010
872,2026-08-15T10:13:27.733860000-0500,2.866901000,192.168.0.148,192.168.0.178,53414,25565,835,602098,0,0,0x0010
873,2026-08-15T10:13:27.734087000-0500,2.867128000,192.168.0.178,192.168.0.148,25565,53414,602098,835,1460,0,0x0010
874,2026-08-15T10:13:27.734087000-0500,2.867128000,192.168.0.178,192.168.0.148,25565,53414,603558,835,1460,0,0x0010
875,2026-08-15T10:13:27.734117000-0500,2.867158000,192.168.0.148,192.168.0.178,53414,25565,835,605018,0,0,0x0010
876,2026-08-15T10:13:27.734325000-0500,2.867366000,192.168.0.178,192.168.0.148,25565,53414,605018,835,1460,0,0x0018
877,2026-08-15T10:13:27.734325000-0500,2.867366000,192.168.0.178,192.168.0.148,25565,53414,606478,835,1460,0,0x0010
878,2026-08-15T10:13:27.734359000-0500,2.867400000,192.168.0.148,192.168.0.178,53414,25565,835,607938,0,0,0x0010
879,2026-08-15T10:13:27.734578000-0500,2.867619000,192.168.0.178,192.168.0.148,25565,53414,607938,835,1460,0,0x0010
880,2026-08-15T10:13:27.734578000-0500,2.867619000,192.168.0.178,192.168.0.148,25565,53414,609398,835,1460,0,0x0010
881,2026-08-15T10:13:27.734609000-0500,2.867650000,192.168.0.148,192.168.0.178,53414,25565,835,610858,0,0,0x0010
882,2026-08-15T10:13:27.734670000-0500,2.867711000,192.168.0.178,192.168.0.148,25565,53414,610858,835,1216,0,0x0018
883,2026-08-15T10:13:27.734684000-0500,2.867725000,192.168.0.148,192.168.0.178,53414,25565,835,612074,0,0,0x0010
884,2026-08-15T10:13:27.743301000-0500,2.876342000,192.168.0.148,192.168.0.178,53414,25565,835,612074,4,0,0x0018
885,2026-08-15T10:13:27.743325000-0500,2.876366000,192.168.0.148,192.168.0.178,53414,25565,839,612074,6,0,0x0018
886,2026-08-15T10:13:27.743337000-0500,2.876378000,192.168.0.148,192.168.0.178,53414,25565,845,612074,36,0,0x0018
887,2026-08-15T10:13:27.744037000-0500,2.877078000,192.168.0.178,192.168.0.148,25565,53414,612074,881,0,0,0x0010
888,2026-08-15T10:13:27.744229000-0500,2.877270000,192.168.0.148,192.168.0.178,53414,25565,881,612074,3,0,0x0018
889,2026-08-15T10:13:27.782347000-0500,2.915388000,192.168.0.178,192.168.0.148,25565,53414,612074,884,1460,0,0x0010
890,2026-08-15T10:13:27.782347000-0500,2.915388000,192.168.0.178,192.168.0.148,25565,53414,613534,884,1460,0,0x0010
891,2026-08-15T10:13:27.782391000-0500,2.915432000,192.168.0.148,192.168.0.178,53414,25565,884,614994,0,0,0x0010
892,2026-08-15T10:13:27.782448000-0500,2.915489000,192.168.0.178,192.168.0.148,25565,53414,614994,884,1460,0,0x0010
893,2026-08-15T10:13:27.782677000-0500,2.915718000,192.168.0.178,192.168.0.148,25565,53414,616454,884,1460,0,0x0010
894,2026-08-15T10:13:27.782677000-0500,2.915718000,192.168.0.178,192.168.0.148,25565,53414,617914,884,1460,0,0x0010
895,2026-08-15T10:13:27.782695000-0500,2.915736000,192.168.0.148,192.168.0.178,53414,25565,884,619374,0,0,0x0010
896,2026-08-15T10:13:27.782909000-0500,2.915950000,192.168.0.178,192.168.0.148,25565,53414,619374,884,1460,0,0x0010
897,2026-08-15T10:13:27.782930000-0500,2.915971000,192.168.0.148,192.168.0.178,53414,25565,884,620834,0,0,0x0010
898,2026-08-15T10:13:27.782975000-0500,2.916016000,192.168.0.178,192.168.0.148,25565,53414,620834,884,1460,0,0x0010
899,2026-08-15T10:13:27.783144000-0500,2.916185000,192.168.0.178,192.168.0.148,25565,53414,622294,884,1460,0,0x0018
900,2026-08-15T10:13:27.783165000-0500,2.916206000,192.168.0.148,192.168.0.178,53414,25565,884,623754,0,0,0x0010
901,2026-08-15T10:13:27.783197000-0500,2.916238000,192.168.0.178,192.168.0.148,25565,53414,623754,884,1460,0,0x0010
902,2026-08-15T10:13:27.783327000-0500,2.916368000,192.168.0.178,192.168.0.148,25565,53414,625214,884,1460,0,0x0010
903,2026-08-15T10:13:27.783344000-0500,2.916385000,192.168.0.148,192.168.0.178,53414,25565,884,626674,0,0,0x0010
904,2026-08-15T10:13:27.783517000-0500,2.916558000,192.168.0.178,192.168.0.148,25565,53414,626674,884,1460,0,0x0010
905,2026-08-15T10:13:27.783517000-0500,2.916558000,192.168.0.178,192.168.0.148,25565,53414,628134,884,1134,0,0x0018
906,2026-08-15T10:13:27.783539000-0500,2.916580000,192.168.0.148,192.168.0.178,53414,25565,884,629268,0,0,0x0010
907,2026-08-15T10:13:27.792432000-0500,2.925473000,192.168.0.148,192.168.0.178,53414,25565,884,629268,28,0,0x0018
908,2026-08-15T10:13:27.793042000-0500,2.926083000,192.168.0.148,192.168.0.178,53414,25565,912,629268,3,0,0x0018
909,2026-08-15T10:13:27.793632000-0500,2.926673000,192.168.0.178,192.168.0.148,25565,53414,629268,915,0,0,0x0010
910,2026-08-15T10:13:27.834594000-0500,2.967635000,192.168.0.178,192.168.0.148,25565,53414,629268,915,1460,0,0x0010
911,2026-08-15T10:13:27.834594000-0500,2.967635000,192.168.0.178,192.168.0.148,25565,53414,630728,915,1460,0,0x0010
912,2026-08-15T10:13:27.834636000-0500,2.967677000,192.168.0.148,192.168.0.178,53414,25565,915,632188,0,0,0x0010
913,2026-08-15T10:13:27.834689000-0500,2.967730000,192.168.0.178,192.168.0.148,25565,53414,632188,915,1460,0,0x0010
914,2026-08-15T10:13:27.834834000-0500,2.967875000,192.168.0.178,192.168.0.148,25565,53414,633648,915,1460,0,0x0010
915,2026-08-15T10:13:27.834851000-0500,2.967892000,192.168.0.148,192.168.0.178,53414,25565,915,635108,0,0,0x0010
916,2026-08-15T10:13:27.835079000-0500,2.968120000,192.168.0.178,192.168.0.148,25565,53414,635108,915,1460,0,0x0010
917,2026-08-15T10:13:27.835079000-0500,2.968120000,192.168.0.178,192.168.0.148,25565,53414,636568,915,1460,0,0x0010
918,2026-08-15T10:13:27.835119000-0500,2.968160000,192.168.0.148,192.168.0.178,53414,25565,915,638028,0,0,0x0010
919,2026-08-15T10:13:27.835186000-0500,2.968227000,192.168.0.178,192.168.0.148,25565,53414,638028,915,1460,0,0x0010
920,2026-08-15T10:13:27.835455000-0500,2.968496000,192.168.0.178,192.168.0.148,25565,53414,639488,915,1402,0,0x0018
921,2026-08-15T10:13:27.835488000-0500,2.968529000,192.168.0.148,192.168.0.178,53414,25565,915,640890,0,0,0x0010
922,2026-08-15T10:13:27.842463000-0500,2.975504000,192.168.0.148,192.168.0.178,53414,25565,915,640890,4,0,0x0018
923,2026-08-15T10:13:27.842481000-0500,2.975522000,192.168.0.148,192.168.0.178,53414,25565,919,640890,28,0,0x0018
924,2026-08-15T10:13:27.843077000-0500,2.976118000,192.168.0.148,192.168.0.178,53414,25565,947,640890,3,0,0x0018
925,2026-08-15T10:13:27.843214000-0500,2.976255000,192.168.0.178,192.168.0.148,25565,53414,640890,947,0,0,0x0010
926,2026-08-15T10:13:27.885498000-0500,3.018539000,192.168.0.178,192.168.0.148,25565,53414,640890,950,0,0,0x0010
927,2026-08-15T10:13:27.891763000-0500,3.024804000,192.168.0.178,192.168.0.148,25565,53414,640890,950,1460,0,0x0010
928,2026-08-15T10:13:27.891763000-0500,3.024804000,192.168.0.178,192.168.0.148,25565,53414,642350,950,1460,0,0x0010
929,2026-08-15T10:13:27.891850000-0500,3.024891000,192.168.0.148,192.168.0.178,53414,25565,950,643810,0,0,0x0010
930,2026-08-15T10:13:27.891923000-0500,3.024964000,192.168.0.178,192.168.0.148,25565,53414,643810,950,1460,0,0x0010
931,2026-08-15T10:13:27.891923000-0500,3.024964000,192.168.0.178,192.168.0.148,25565,53414,645270,950,1460,0,0x0010
932,2026-08-15T10:13:27.891935000-0500,3.024976000,192.168.0.148,192.168.0.178,53414,25565,950,646730,0,0,0x0010
933,2026-08-15T10:13:27.892182000-0500,3.025223000,192.168.0.178,192.168.0.148,25565,53414,646730,950,1460,0,0x0010
934,2026-08-15T10:13:27.892182000-0500,3.025223000,192.168.0.178,192.168.0.148,25565,53414,648190,950,1460,0,0x0010
935,2026-08-15T10:13:27.892228000-0500,3.025269000,192.168.0.148,192.168.0.178,53414,25565,950,649650,0,0,0x0010
936,2026-08-15T10:13:27.892295000-0500,3.025336000,192.168.0.178,192.168.0.148,25565,53414,649650,950,1460,0,0x0010
937,2026-08-15T10:13:27.892572000-0500,3.025613000,192.168.0.178,192.168.0.148,25565,53414,651110,950,1460,0,0x0018
938,2026-08-15T10:13:27.892572000-0500,3.025613000,192.168.0.178,192.168.0.148,25565,53414,652570,950,1460,0,0x0010
939,2026-08-15T10:13:27.892619000-0500,3.025660000,192.168.0.148,192.168.0.178,53414,25565,950,654030,0,0,0x0010
940,2026-08-15T10:13:27.892694000-0500,3.025735000,192.168.0.178,192.168.0.148,25565,53414,654030,950,1460,0,0x0010
941,2026-08-15T10:13:27.892705000-0500,3.025746000,192.168.0.148,192.168.0.178,53414,25565,950,655490,0,0,0x0010
942,2026-08-15T10:13:27.892751000-0500,3.025792000,192.168.0.178,192.168.0.148,25565,53414,655490,950,1079,0,0x0018
943,2026-08-15T10:13:27.893265000-0500,3.026306000,192.168.0.148,192.168.0.178,53414,25565,950,656569,28,0,0x0018
944,2026-08-15T10:13:27.893895000-0500,3.026936000,192.168.0.178,192.168.0.148,25565,53414,656569,978,0,0,0x0010
945,2026-08-15T10:13:27.894256000-0500,3.027297000,192.168.0.148,192.168.0.178,53414,25565,978,656569,3,0,0x0018
946,2026-08-15T10:13:27.894876000-0500,3.027917000,192.168.0.178,192.168.0.148,25565,53414,656569,981,0,0,0x0010
947,2026-08-15T10:13:27.930049000-0500,3.063090000,192.168.0.178,192.168.0.148,25565,53414,656569,981,1460,0,0x0010
948,2026-08-15T10:13:27.930049000-0500,3.063090000,192.168.0.178,192.168.0.148,25565,53414,658029,981,1460,0,0x0010
949,2026-08-15T10:13:27.930127000-0500,3.063168000,192.168.0.148,192.168.0.178,53414,25565,981,659489,0,0,0x0010
950,2026-08-15T10:13:27.930179000-0500,3.063220000,192.168.0.178,192.168.0.148,25565,53414,659489,981,1460,0,0x0010
951,2026-08-15T10:13:27.930248000-0500,3.063289000,192.168.0.178,192.168.0.148,25565,53414,660949,981,1460,0,0x0010
952,2026-08-15T10:13:27.930256000-0500,3.063297000,192.168.0.148,192.168.0.178,53414,25565,981,662409,0,0,0x0010
953,2026-08-15T10:13:27.930429000-0500,3.063470000,192.168.0.178,192.168.0.148,25565,53414,662409,981,1460,0,0x0010
954,2026-08-15T10:13:27.930529000-0500,3.063570000,192.168.0.178,192.168.0.148,25565,53414,663869,981,1460,0,0x0010
955,2026-08-15T10:13:27.930550000-0500,3.063591000,192.168.0.148,192.168.0.178,53414,25565,981,665329,0,0,0x0010
956,2026-08-15T10:13:27.930669000-0500,3.063710000,192.168.0.178,192.168.0.148,25565,53414,665329,981,1460,0,0x0010
957,2026-08-15T10:13:27.930760000-0500,3.063801000,192.168.0.178,192.168.0.148,25565,53414,666789,981,1460,0,0x0018
958,2026-08-15T10:13:27.930774000-0500,3.063815000,192.168.0.148,192.168.0.178,53414,25565,981,668249,0,0,0x0010
959,2026-08-15T10:13:27.931010000-0500,3.064051000,192.168.0.178,192.168.0.148,25565,53414,668249,981,1460,0,0x0010
960,2026-08-15T10:13:27.931010000-0500,3.064051000,192.168.0.178,192.168.0.148,25565,53414,669709,981,1460,0,0x0010
961,2026-08-15T10:13:27.931010000-0500,3.064051000,192.168.0.178,192.168.0.148,25565,53414,671169,981,20,0,0x0018
962,2026-08-15T10:13:27.931072000-0500,3.064113000,192.168.0.148,192.168.0.178,53414,25565,981,671189,0,0,0x0010
963,2026-08-15T10:13:27.942598000-0500,3.075639000,192.168.0.148,192.168.0.178,53414,25565,981,671189,28,0,0x0018
964,2026-08-15T10:13:27.943219000-0500,3.076260000,192.168.0.148,192.168.0.178,53414,25565,1009,671189,3,0,0x0018
965,2026-08-15T10:13:27.944263000-0500,3.077304000,192.168.0.178,192.168.0.148,25565,53414,671189,1012,0,0,0x0010
966,2026-08-15T10:13:27.987112000-0500,3.120153000,192.168.0.178,192.168.0.148,25565,53414,671189,1012,1460,0,0x0010
967,2026-08-15T10:13:27.987112000-0500,3.120153000,192.168.0.178,192.168.0.148,25565,53414,672649,1012,1460,0,0x0010
968,2026-08-15T10:13:27.987158000-0500,3.120199000,192.168.0.148,192.168.0.178,53414,25565,1012,674109,0,0,0x0010
969,2026-08-15T10:13:27.987211000-0500,3.120252000,192.168.0.178,192.168.0.148,25565,53414,674109,1012,1460,0,0x0010
970,2026-08-15T10:13:27.987437000-0500,3.120478000,192.168.0.178,192.168.0.148,25565,53414,675569,1012,1460,0,0x0010
971,2026-08-15T10:13:27.987437000-0500,3.120478000,192.168.0.178,192.168.0.148,25565,53414,677029,1012,1460,0,0x0010
972,2026-08-15T10:13:27.987460000-0500,3.120501000,192.168.0.148,192.168.0.178,53414,25565,1012,678489,0,0,0x0010
973,2026-08-15T10:13:27.987656000-0500,3.120697000,192.168.0.178,192.168.0.148,25565,53414,678489,1012,1460,0,0x0010
974,2026-08-15T10:13:27.987680000-0500,3.120721000,192.168.0.148,192.168.0.178,53414,25565,1012,679949,0,0,0x0010
975,2026-08-15T10:13:27.987713000-0500,3.120754000,192.168.0.178,192.168.0.148,25565,53414,679949,1012,1460,0,0x0010
976,2026-08-15T10:13:27.987947000-0500,3.120988000,192.168.0.178,192.168.0.148,25565,53414,681409,1012,1460,0,0x0018
977,2026-08-15T10:13:27.987947000-0500,3.120988000,192.168.0.178,192.168.0.148,25565,53414,682869,1012,1460,0,0x0010
978,2026-08-15T10:13:27.987968000-0500,3.121009000,192.168.0.148,192.168.0.178,53414,25565,1012,684329,0,0,0x0010
979,2026-08-15T10:13:27.988171000-0500,3.121212000,192.168.0.178,192.168.0.148,25565,53414,684329,1012,1460,0,0x0010
980,2026-08-15T10:13:27.988171000-0500,3.121212000,192.168.0.178,192.168.0.148,25565,53414,685789,1012,1046,0,0x0018
981,2026-08-15T10:13:27.988198000-0500,3.121239000,192.168.0.148,192.168.0.178,53414,25565,1012,686835,0,0,0x0010
982,2026-08-15T10:13:27.992562000-0500,3.125603000,192.168.0.148,192.168.0.178,53414,25565,1012,686835,28,0,0x0018
983,2026-08-15T10:13:27.993200000-0500,3.126241000,192.168.0.148,192.168.0.178,53414,25565,1040,686835,3,0,0x0018
984,2026-08-15T10:13:27.994227000-0500,3.127268000,192.168.0.178,192.168.0.148,25565,53414,686835,1043,0,0,0x0010
985,2026-08-15T10:13:28.040014000-0500,3.173055000,192.168.0.178,192.168.0.148,25565,53414,686835,1043,1460,0,0x0010
986,2026-08-15T10:13:28.040014000-0500,3.173055000,192.168.0.178,192.168.0.148,25565,53414,688295,1043,1460,0,0x0010
987,2026-08-15T10:13:28.040055000-0500,3.173096000,192.168.0.148,192.168.0.178,53414,25565,1043,689755,0,0,0x0010
988,2026-08-15T10:13:28.040111000-0500,3.173152000,192.168.0.178,192.168.0.148,25565,53414,689755,1043,1460,0,0x0010
989,2026-08-15T10:13:28.040345000-0500,3.173386000,192.168.0.178,192.168.0.148,25565,53414,691215,1043,1460,0,0x0010
990,2026-08-15T10:13:28.040345000-0500,3.173386000,192.168.0.178,192.168.0.148,25565,53414,692675,1043,1460,0,0x0010
991,2026-08-15T10:13:28.040363000-0500,3.173404000,192.168.0.148,192.168.0.178,53414,25565,1043,694135,0,0,0x0010
992,2026-08-15T10:13:28.040576000-0500,3.173617000,192.168.0.178,192.168.0.148,25565,53414,694135,1043,1460,0,0x0010
993,2026-08-15T10:13:28.040598000-0500,3.173639000,192.168.0.148,192.168.0.178,53414,25565,1043,695595,0,0,0x0010
994,2026-08-15T10:13:28.040646000-0500,3.173687000,192.168.0.178,192.168.0.148,25565,53414,695595,1043,1460,0,0x0010
995,2026-08-15T10:13:28.040712000-0500,3.173753000,192.168.0.178,192.168.0.148,25565,53414,697055,1043,1460,0,0x0018
996,2026-08-15T10:13:28.040716000-0500,3.173757000,192.168.0.148,192.168.0.178,53414,25565,1043,698515,0,0,0x0010
997,2026-08-15T10:13:28.042109000-0500,3.175150000,192.168.0.148,192.168.0.178,53414,25565,1043,698515,28,0,0x0018
998,2026-08-15T10:13:28.042679000-0500,3.175720000,192.168.0.178,192.168.0.148,25565,53414,698515,1043,1296,0,0x0018
999,2026-08-15T10:13:28.042822000-0500,3.175863000,192.168.0.148,192.168.0.178,53414,25565,1071,699811,11,0,0x0018
1000,2026-08-15T10:13:28.042832000-0500,3.175873000,192.168.0.148,192.168.0.178,53414,25565,1082,699811,3,0,0x0018
1001,2026-08-15T10:13:28.045079000-0500,3.178120000,192.168.0.178,192.168.0.148,25565,53414,699811,1085,0,0,0x0010
1002,2026-08-15T10:13:28.092149000-0500,3.225190000,192.168.0.178,192.168.0.148,25565,53414,699811,1085,1460,0,0x0010
1003,2026-08-15T10:13:28.092149000-0500,3.225190000,192.168.0.178,192.168.0.148,25565,53414,701271,1085,1460,0,0x0010
1004,2026-08-15T10:13:28.092202000-0500,3.225243000,192.168.0.148,192.168.0.178,53414,25565,1085,702731,0,0,0x0010
1005,2026-08-15T10:13:28.092255000-0500,3.225296000,192.168.0.178,192.168.0.148,25565,53414,702731,1085,1460,0,0x0010
1006,2026-08-15T10:13:28.092501000-0500,3.225542000,192.168.0.148,192.168.0.178,53414,25565,1085,704191,28,0,0x0018
1007,2026-08-15T10:13:28.092502000-0500,3.225543000,192.168.0.178,192.168.0.148,25565,53414,704191,1085,1460,0,0x0010
1008,2026-08-15T10:13:28.092502000-0500,3.225543000,192.168.0.178,192.168.0.148,25565,53414,705651,1085,1460,0,0x0010
1009,2026-08-15T10:13:28.092530000-0500,3.225571000,192.168.0.148,192.168.0.178,53414,25565,1113,707111,0,0,0x0010
1010,2026-08-15T10:13:28.092729000-0500,3.225770000,192.168.0.178,192.168.0.148,25565,53414,707111,1085,1460,0,0x0010
1011,2026-08-15T10:13:28.092729000-0500,3.225770000,192.168.0.178,192.168.0.148,25565,53414,708571,1085,1460,0,0x0010
1012,2026-08-15T10:13:28.092757000-0500,3.225798000,192.168.0.148,192.168.0.178,53414,25565,1113,710031,0,0,0x0010
1013,2026-08-15T10:13:28.092975000-0500,3.226016000,192.168.0.178,192.168.0.148,25565,53414,710031,1085,1460,0,0x0018
1014,2026-08-15T10:13:28.092975000-0500,3.226016000,192.168.0.178,192.168.0.148,25565,53414,711491,1085,1460,0,0x0010
1015,2026-08-15T10:13:28.093003000-0500,3.226044000,192.168.0.148,192.168.0.178,53414,25565,1113,712951,0,0,0x0010
1016,2026-08-15T10:13:28.093221000-0500,3.226262000,192.168.0.178,192.168.0.148,25565,53414,712951,1085,1460,0,0x0010
1017,2026-08-15T10:13:28.093221000-0500,3.226262000,192.168.0.178,192.168.0.148,25565,53414,714411,1085,1460,0,0x0010
1018,2026-08-15T10:13:28.093250000-0500,3.226291000,192.168.0.148,192.168.0.178,53414,25565,1113,715871,0,0,0x0010
1019,2026-08-15T10:13:28.093389000-0500,3.226430000,192.168.0.148,192.168.0.178,53414,25565,1113,715871,3,0,0x0018
1020,2026-08-15T10:13:28.093451000-0500,3.226492000,192.168.0.178,192.168.0.148,25565,53414,715871,1085,1460,0,0x0010
1021,2026-08-15T10:13:28.093451000-0500,3.226492000,192.168.0.178,192.168.0.148,25565,53414,717331,1085,1293,0,0x0018
1022,2026-08-15T10:13:28.093487000-0500,3.226528000,192.168.0.148,192.168.0.178,53414,25565,1116,718624,0,0,0x0010
1023,2026-08-15T10:13:28.093771000-0500,3.226812000,192.168.0.178,192.168.0.148,25565,53414,718624,1116,0,0,0x0010
1024,2026-08-15T10:13:28.135235000-0500,3.268276000,192.168.0.178,192.168.0.148,25565,53414,718624,1116,1460,0,0x0010
1025,2026-08-15T10:13:28.135235000-0500,3.268276000,192.168.0.178,192.168.0.148,25565,53414,720084,1116,1460,0,0x0010
1026,2026-08-15T10:13:28.135284000-0500,3.268325000,192.168.0.148,192.168.0.178,53414,25565,1116,721544,0,0,0x0010
1027,2026-08-15T10:13:28.135328000-0500,3.268369000,192.168.0.178,192.168.0.148,25565,53414,721544,1116,1460,0,0x0010
1028,2026-08-15T10:13:28.135556000-0500,3.268597000,192.168.0.178,192.168.0.148,25565,53414,723004,1116,1460,0,0x0010
1029,2026-08-15T10:13:28.135556000-0500,3.268597000,192.168.0.178,192.168.0.148,25565,53414,724464,1116,1460,0,0x0010
1030,2026-08-15T10:13:28.135575000-0500,3.268616000,192.168.0.148,192.168.0.178,53414,25565,1116,725924,0,0,0x0010
1031,2026-08-15T10:13:28.135792000-0500,3.268833000,192.168.0.178,192.168.0.148,25565,53414,725924,1116,1460,0,0x0010
1032,2026-08-15T10:13:28.135792000-0500,3.268833000,192.168.0.178,192.168.0.148,25565,53414,727384,1116,1460,0,0x0010
1033,2026-08-15T10:13:28.135812000-0500,3.268853000,192.168.0.148,192.168.0.178,53414,25565,1116,728844,0,0,0x0010
1034,2026-08-15T10:13:28.136025000-0500,3.269066000,192.168.0.178,192.168.0.148,25565,53414,728844,1116,1460,0,0x0018
1035,2026-08-15T10:13:28.136044000-0500,3.269085000,192.168.0.148,192.168.0.178,53414,25565,1116,730304,0,0,0x0010
1036,2026-08-15T10:13:28.136075000-0500,3.269116000,192.168.0.178,192.168.0.148,25565,53414,730304,1116,1460,0,0x0010
1037,2026-08-15T10:13:28.136296000-0500,3.269337000,192.168.0.178,192.168.0.148,25565,53414,731764,1116,1460,0,0x0010
1038,2026-08-15T10:13:28.136296000-0500,3.269337000,192.168.0.178,192.168.0.148,25565,53414,733224,1116,1436,0,0x0018
1039,2026-08-15T10:13:28.136321000-0500,3.269362000,192.168.0.148,192.168.0.178,53414,25565,1116,734660,0,0,0x0010
1040,2026-08-15T10:13:28.142590000-0500,3.275631000,192.168.0.148,192.168.0.178,53414,25565,1116,734660,4,0,0x0018
1041,2026-08-15T10:13:28.142609000-0500,3.275650000,192.168.0.148,192.168.0.178,53414,25565,1120,734660,6,0,0x0018
1042,2026-08-15T10:13:28.142616000-0500,3.275657000,192.168.0.148,192.168.0.178,53414,25565,1126,734660,28,0,0x0018
1043,2026-08-15T10:13:28.143293000-0500,3.276334000,192.168.0.148,192.168.0.178,53414,25565,1154,734660,3,0,0x0018
1044,2026-08-15T10:13:28.144528000-0500,3.277569000,192.168.0.178,192.168.0.148,25565,53414,734660,1157,0,0,0x0010
1045,2026-08-15T10:13:28.147178000-0500,3.280219000,192.168.0.178,192.168.0.148,25565,53414,734660,1157,11,0,0x0018
1046,2026-08-15T10:13:28.148533000-0500,3.281574000,192.168.0.178,192.168.0.148,25565,53414,734671,1157,13,0,0x0018
1047,2026-08-15T10:13:28.148553000-0500,3.281594000,192.168.0.148,192.168.0.178,53414,25565,1157,734684,0,0,0x0010
1048,2026-08-15T10:13:28.181467000-0500,3.314508000,192.168.0.178,192.168.0.148,25565,53414,734684,1157,1460,0,0x0010
1049,2026-08-15T10:13:28.181467000-0500,3.314508000,192.168.0.178,192.168.0.148,25565,53414,736144,1157,1460,0,0x0010
1050,2026-08-15T10:13:28.181508000-0500,3.314549000,192.168.0.148,192.168.0.178,53414,25565,1157,737604,0,0,0x0010
1051,2026-08-15T10:13:28.181579000-0500,3.314620000,192.168.0.178,192.168.0.148,25565,53414,737604,1157,1460,0,0x0010
1052,2026-08-15T10:13:28.181798000-0500,3.314839000,192.168.0.178,192.168.0.148,25565,53414,739064,1157,1460,0,0x0010
1053,2026-08-15T10:13:28.181798000-0500,3.314839000,192.168.0.178,192.168.0.148,25565,53414,740524,1157,1460,0,0x0010
1054,2026-08-15T10:13:28.181817000-0500,3.314858000,192.168.0.148,192.168.0.178,53414,25565,1157,741984,0,0,0x0010
1055,2026-08-15T10:13:28.182036000-0500,3.315077000,192.168.0.178,192.168.0.148,25565,53414,741984,1157,1460,0,0x0010
1056,2026-08-15T10:13:28.182036000-0500,3.315077000,192.168.0.178,192.168.0.148,25565,53414,743444,1157,1460,0,0x0010
1057,2026-08-15T10:13:28.182056000-0500,3.315097000,192.168.0.148,192.168.0.178,53414,25565,1157,744904,0,0,0x0010
1058,2026-08-15T10:13:28.182264000-0500,3.315305000,192.168.0.178,192.168.0.148,25565,53414,744904,1157,1460,0,0x0018
1059,2026-08-15T10:13:28.182282000-0500,3.315323000,192.168.0.148,192.168.0.178,53414,25565,1157,746364,0,0,0x0010
1060,2026-08-15T10:13:28.182319000-0500,3.315360000,192.168.0.178,192.168.0.148,25565,53414,746364,1157,1460,0,0x0010
1061,2026-08-15T10:13:28.182448000-0500,3.315489000,192.168.0.178,192.168.0.148,25565,53414,747824,1157,1460,0,0x0010
1062,2026-08-15T10:13:28.182448000-0500,3.315489000,192.168.0.178,192.168.0.148,25565,53414,749284,1157,353,0,0x0018
1063,2026-08-15T10:13:28.182471000-0500,3.315512000,192.168.0.148,192.168.0.178,53414,25565,1157,749637,0,0,0x0010
1064,2026-08-15T10:13:28.192236000-0500,3.325277000,192.168.0.148,192.168.0.178,53414,25565,1157,749637,28,0,0x0018
1065,2026-08-15T10:13:28.192888000-0500,3.325929000,192.168.0.148,192.168.0.178,53414,25565,1185,749637,3,0,0x0018
1066,2026-08-15T10:13:28.193807000-0500,3.326848000,192.168.0.178,192.168.0.148,25565,53414,749637,1188,0,0,0x0010
1067,2026-08-15T10:13:28.235073000-0500,3.368114000,192.168.0.178,192.168.0.148,25565,53414,749637,1188,1460,0,0x0010
1068,2026-08-15T10:13:28.235073000-0500,3.368114000,192.168.0.178,192.168.0.148,25565,53414,751097,1188,1460,0,0x0010
1069,2026-08-15T10:13:28.235138000-0500,3.368179000,192.168.0.148,192.168.0.178,53414,25565,1188,752557,0,0,0x0010
1070,2026-08-15T10:13:28.235177000-0500,3.368218000,192.168.0.178,192.168.0.148,25565,53414,752557,1188,1460,0,0x0010
1071,2026-08-15T10:13:28.235404000-0500,3.368445000,192.168.0.178,192.168.0.148,25565,53414,754017,1188,1460,0,0x0010
1072,2026-08-15T10:13:28.235404000-0500,3.368445000,192.168.0.178,192.168.0.148,25565,53414,755477,1188,1460,0,0x0010
1073,2026-08-15T10:13:28.235437000-0500,3.368478000,192.168.0.148,192.168.0.178,53414,25565,1188,756937,0,0,0x0010
1074,2026-08-15T10:13:28.235503000-0500,3.368544000,192.168.0.178,192.168.0.148,25565,53414,756937,1188,1460,0,0x0010
1075,2026-08-15T10:13:28.235515000-0500,3.368556000,192.168.0.148,192.168.0.178,53414,25565,1188,758397,0,0,0x0010
1076,2026-08-15T10:13:28.235712000-0500,3.368753000,192.168.0.178,192.168.0.148,25565,53414,758397,1188,1460,0,0x0010
1077,2026-08-15T10:13:28.235712000-0500,3.368753000,192.168.0.178,192.168.0.148,25565,53414,759857,1188,385,0,0x0018
1078,2026-08-15T10:13:28.235745000-0500,3.368786000,192.168.0.148,192.168.0.178,53414,25565,1188,760242,0,0,0x0010
1079,2026-08-15T10:13:28.242974000-0500,3.376015000,192.168.0.148,192.168.0.178,53414,25565,1188,760242,28,0,0x0018
1080,2026-08-15T10:13:28.244134000-0500,3.377175000,192.168.0.148,192.168.0.178,53414,25565,1216,760242,3,0,0x0018
1081,2026-08-15T10:13:28.244723000-0500,3.377764000,192.168.0.178,192.168.0.148,25565,53414,760242,1219,0,0,0x0010
1082,2026-08-15T10:13:28.287916000-0500,3.420957000,192.168.0.178,192.168.0.148,25565,53414,760242,1219,1460,0,0x0010
1083,2026-08-15T10:13:28.287916000-0500,3.420957000,192.168.0.178,192.168.0.148,25565,53414,761702,1219,1460,0,0x0010
1084,2026-08-15T10:13:28.287960000-0500,3.421001000,192.168.0.148,192.168.0.178,53414,25565,1219,763162,0,0,0x0010
1085,2026-08-15T10:13:28.288017000-0500,3.421058000,192.168.0.178,192.168.0.148,25565,53414,763162,1219,1460,0,0x0010
1086,2026-08-15T10:13:28.288244000-0500,3.421285000,192.168.0.178,192.168.0.148,25565,53414,764622,1219,1460,0,0x0010
1087,2026-08-15T10:13:28.288244000-0500,3.421285000,192.168.0.178,192.168.0.148,25565,53414,766082,1219,1460,0,0x0010
1088,2026-08-15T10:13:28.288267000-0500,3.421308000,192.168.0.148,192.168.0.178,53414,25565,1219,767542,0,0,0x0010
1089,2026-08-15T10:13:28.288488000-0500,3.421529000,192.168.0.178,192.168.0.148,25565,53414,767542,1219,1460,0,0x0010
1090,2026-08-15T10:13:28.288488000-0500,3.421529000,192.168.0.178,192.168.0.148,25565,53414,769002,1219,1460,0,0x0010
1091,2026-08-15T10:13:28.288513000-0500,3.421554000,192.168.0.148,192.168.0.178,53414,25565,1219,770462,0,0,0x0010
1092,2026-08-15T10:13:28.288734000-0500,3.421775000,192.168.0.178,192.168.0.148,25565,53414,770462,1219,1460,0,0x0018
1093,2026-08-15T10:13:28.288759000-0500,3.421800000,192.168.0.148,192.168.0.178,53414,25565,1219,771922,0,0,0x0010
1094,2026-08-15T10:13:28.288808000-0500,3.421849000,192.168.0.178,192.168.0.148,25565,53414,771922,1219,1460,0,0x0010
1095,2026-08-15T10:13:28.288958000-0500,3.421999000,192.168.0.178,192.168.0.148,25565,53414,773382,1219,1460,0,0x0010
1096,2026-08-15T10:13:28.288958000-0500,3.421999000,192.168.0.178,192.168.0.148,25565,53414,774842,1219,721,0,0x0018
1097,2026-08-15T10:13:28.288984000-0500,3.422025000,192.168.0.148,192.168.0.178,53414,25565,1219,775563,0,0,0x0010
1098,2026-08-15T10:13:28.292426000-0500,3.425467000,192.168.0.148,192.168.0.178,53414,25565,1219,775563,28,0,0x0018
1099,2026-08-15T10:13:28.293019000-0500,3.426060000,192.168.0.148,192.168.0.178,53414,25565,1247,775563,3,0,0x0018
1100,2026-08-15T10:13:28.293519000-0500,3.426560000,192.168.0.178,192.168.0.148,25565,53414,775563,1250,0,0,0x0010
1101,2026-08-15T10:13:28.338795000-0500,3.471836000,192.168.0.178,192.168.0.148,25565,53414,775563,1250,1460,0,0x0010
1102,2026-08-15T10:13:28.338795000-0500,3.471836000,192.168.0.178,192.168.0.148,25565,53414,777023,1250,1460,0,0x0010
1103,2026-08-15T10:13:28.338852000-0500,3.471893000,192.168.0.148,192.168.0.178,53414,25565,1250,778483,0,0,0x0010
1104,2026-08-15T10:13:28.338900000-0500,3.471941000,192.168.0.178,192.168.0.148,25565,53414,778483,1250,1460,0,0x0010
1105,2026-08-15T10:13:28.339129000-0500,3.472170000,192.168.0.178,192.168.0.148,25565,53414,779943,1250,1460,0,0x0010
1106,2026-08-15T10:13:28.339129000-0500,3.472170000,192.168.0.178,192.168.0.148,25565,53414,781403,1250,1460,0,0x0010
1107,2026-08-15T10:13:28.339161000-0500,3.472202000,192.168.0.148,192.168.0.178,53414,25565,1250,782863,0,0,0x0010
1108,2026-08-15T10:13:28.339378000-0500,3.472419000,192.168.0.178,192.168.0.148,25565,53414,782863,1250,1460,0,0x0010
1109,2026-08-15T10:13:28.339378000-0500,3.472419000,192.168.0.178,192.168.0.148,25565,53414,784323,1250,1460,0,0x0010
1110,2026-08-15T10:13:28.339411000-0500,3.472452000,192.168.0.148,192.168.0.178,53414,25565,1250,785783,0,0,0x0010
1111,2026-08-15T10:13:28.339668000-0500,3.472709000,192.168.0.178,192.168.0.148,25565,53414,785783,1250,1460,0,0x0018
1112,2026-08-15T10:13:28.339701000-0500,3.472742000,192.168.0.148,192.168.0.178,53414,25565,1250,787243,0,0,0x0010
1113,2026-08-15T10:13:28.340998000-0500,3.474039000,192.168.0.178,192.168.0.148,25565,53414,787243,1250,1460,0,0x0010
1114,2026-08-15T10:13:28.340998000-0500,3.474039000,192.168.0.178,192.168.0.148,25565,53414,788703,1250,1460,0,0x0010
1115,2026-08-15T10:13:28.341030000-0500,3.474071000,192.168.0.148,192.168.0.178,53414,25565,1250,790163,0,0,0x0010
1116,2026-08-15T10:13:28.341087000-0500,3.474128000,192.168.0.178,192.168.0.148,25565,53414,790163,1250,1267,0,0x0018
1117,2026-08-15T10:13:28.342690000-0500,3.475731000,192.168.0.148,192.168.0.178,53414,25565,1250,791430,28,0,0x0018
1118,2026-08-15T10:13:28.343503000-0500,3.476544000,192.168.0.148,192.168.0.178,53414,25565,1278,791430,3,0,0x0018
1119,2026-08-15T10:13:28.344302000-0500,3.477343000,192.168.0.178,192.168.0.148,25565,53414,791430,1281,0,0,0x0010
1120,2026-08-15T10:13:28.388516000-0500,3.521557000,192.168.0.178,192.168.0.148,25565,53414,791430,1281,1460,0,0x0010
1121,2026-08-15T10:13:28.388516000-0500,3.521557000,192.168.0.178,192.168.0.148,25565,53414,792890,1281,1460,0,0x0010
1122,2026-08-15T10:13:28.388579000-0500,3.521620000,192.168.0.148,192.168.0.178,53414,25565,1281,794350,0,0,0x0010
1123,2026-08-15T10:13:28.388627000-0500,3.521668000,192.168.0.178,192.168.0.148,25565,53414,794350,1281,1460,0,0x0010
1124,2026-08-15T10:13:28.388724000-0500,3.521765000,192.168.0.178,192.168.0.148,25565,53414,795810,1281,1460,0,0x0010
1125,2026-08-15T10:13:28.388731000-0500,3.521772000,192.168.0.148,192.168.0.178,53414,25565,1281,797270,0,0,0x0010
1126,2026-08-15T10:13:28.388965000-0500,3.522006000,192.168.0.178,192.168.0.148,25565,53414,797270,1281,1460,0,0x0010
1127,2026-08-15T10:13:28.388965000-0500,3.522006000,192.168.0.178,192.168.0.148,25565,53414,798730,1281,1460,0,0x0010
1128,2026-08-15T10:13:28.389007000-0500,3.522048000,192.168.0.148,192.168.0.178,53414,25565,1281,800190,0,0,0x0010
1129,2026-08-15T10:13:28.389074000-0500,3.522115000,192.168.0.178,192.168.0.148,25565,53414,800190,1281,1460,0,0x0010
1130,2026-08-15T10:13:28.389350000-0500,3.522391000,192.168.0.178,192.168.0.148,25565,53414,801650,1281,1460,0,0x0018
1131,2026-08-15T10:13:28.389350000-0500,3.522391000,192.168.0.178,192.168.0.148,25565,53414,803110,1281,1460,0,0x0010
1132,2026-08-15T10:13:28.389394000-0500,3.522435000,192.168.0.148,192.168.0.178,53414,25565,1281,804570,0,0,0x0010
1133,2026-08-15T10:13:28.389457000-0500,3.522498000,192.168.0.178,192.168.0.148,25565,53414,804570,1281,1460,0,0x0010
1134,2026-08-15T10:13:28.389470000-0500,3.522511000,192.168.0.148,192.168.0.178,53414,25565,1281,806030,0,0,0x0010
1135,2026-08-15T10:13:28.389675000-0500,3.522716000,192.168.0.178,192.168.0.148,25565,53414,806030,1281,1460,0,0x0010
1136,2026-08-15T10:13:28.389675000-0500,3.522716000,192.168.0.178,192.168.0.148,25565,53414,807490,1281,902,0,0x0018
1137,2026-08-15T10:13:28.389720000-0500,3.522761000,192.168.0.148,192.168.0.178,53414,25565,1281,808392,0,0,0x0010
1138,2026-08-15T10:13:28.392971000-0500,3.526012000,192.168.0.148,192.168.0.178,53414,25565,1281,808392,28,0,0x0018
1139,2026-08-15T10:13:28.393857000-0500,3.526898000,192.168.0.148,192.168.0.178,53414,25565,1309,808392,3,0,0x0018
1140,2026-08-15T10:13:28.395580000-0500,3.528621000,192.168.0.178,192.168.0.148,25565,53414,808392,1312,0,0,0x0010
1141,2026-08-15T10:13:28.434881000-0500,3.567922000,192.168.0.178,192.168.0.148,25565,53414,808392,1312,1460,0,0x0010
1142,2026-08-15T10:13:28.434881000-0500,3.567922000,192.168.0.178,192.168.0.148,25565,53414,809852,1312,1460,0,0x0010
1143,2026-08-15T10:13:28.434930000-0500,3.567971000,192.168.0.148,192.168.0.178,53414,25565,1312,811312,0,0,0x0010
1144,2026-08-15T10:13:28.435000000-0500,3.568041000,192.168.0.178,192.168.0.148,25565,53414,811312,1312,1460,0,0x0010
1145,2026-08-15T10:13:28.435217000-0500,3.568258000,192.168.0.178,192.168.0.148,25565,53414,812772,1312,1460,0,0x0010
1146,2026-08-15T10:13:28.435217000-0500,3.568258000,192.168.0.178,192.168.0.148,25565,53414,814232,1312,1460,0,0x0010
1147,2026-08-15T10:13:28.435236000-0500,3.568277000,192.168.0.148,192.168.0.178,53414,25565,1312,815692,0,0,0x0010
1148,2026-08-15T10:13:28.435458000-0500,3.568499000,192.168.0.178,192.168.0.148,25565,53414,815692,1312,1460,0,0x0010
1149,2026-08-15T10:13:28.435458000-0500,3.568499000,192.168.0.178,192.168.0.148,25565,53414,817152,1312,1460,0,0x0010
1150,2026-08-15T10:13:28.435477000-0500,3.568518000,192.168.0.148,192.168.0.178,53414,25565,1312,818612,0,0,0x0010
1151,2026-08-15T10:13:28.435550000-0500,3.568591000,192.168.0.178,192.168.0.148,25565,53414,818612,1312,1027,0,0x0018
1152,2026-08-15T10:13:28.435561000-0500,3.568602000,192.168.0.148,192.168.0.178,53414,25565,1312,819639,0,0,0x0010
1153,2026-08-15T10:13:28.442602000-0500,3.575643000,192.168.0.148,192.168.0.178,53414,25565,1312,819639,28,0,0x0018
1154,2026-08-15T10:13:28.443391000-0500,3.576432000,192.168.0.148,192.168.0.178,53414,25565,1340,819639,3,0,0x0018
1155,2026-08-15T10:13:28.444141000-0500,3.577182000,192.168.0.178,192.168.0.148,25565,53414,819639,1343,0,0,0x0010
1156,2026-08-15T10:13:28.489850000-0500,3.622891000,192.168.0.178,192.168.0.148,25565,53414,819639,1343,1460,0,0x0010
1157,2026-08-15T10:13:28.489850000-0500,3.622891000,192.168.0.178,192.168.0.148,25565,53414,821099,1343,1460,0,0x0010
1158,2026-08-15T10:13:28.489901000-0500,3.622942000,192.168.0.148,192.168.0.178,53414,25565,1343,822559,0,0,0x0010
1159,2026-08-15T10:13:28.489974000-0500,3.623015000,192.168.0.178,192.168.0.148,25565,53414,822559,1343,1460,0,0x0010
1160,2026-08-15T10:13:28.490169000-0500,3.623210000,192.168.0.178,192.168.0.148,25565,53414,824019,1343,1460,0,0x0010
1161,2026-08-15T10:13:28.490193000-0500,3.623234000,192.168.0.148,192.168.0.178,53414,25565,1343,825479,0,0,0x0010
1162,2026-08-15T10:13:28.490236000-0500,3.623277000,192.168.0.178,192.168.0.148,25565,53414,825479,1343,1460,0,0x0010
1163,2026-08-15T10:13:28.490311000-0500,3.623352000,192.168.0.178,192.168.0.148,25565,53414,826939,1343,1460,0,0x0010
1164,2026-08-15T10:13:28.490321000-0500,3.623362000,192.168.0.148,192.168.0.178,53414,25565,1343,828399,0,0,0x0010
1165,2026-08-15T10:13:28.490530000-0500,3.623571000,192.168.0.178,192.168.0.148,25565,53414,828399,1343,1460,0,0x0010
1166,2026-08-15T10:13:28.490587000-0500,3.623628000,192.168.0.178,192.168.0.148,25565,53414,829859,1343,1460,0,0x0018
1167,2026-08-15T10:13:28.490602000-0500,3.623643000,192.168.0.148,192.168.0.178,53414,25565,1343,831319,0,0,0x0010
1168,2026-08-15T10:13:28.490808000-0500,3.623849000,192.168.0.178,192.168.0.148,25565,53414,831319,1343,1460,0,0x0010
1169,2026-08-15T10:13:28.490808000-0500,3.623849000,192.168.0.178,192.168.0.148,25565,53414,832779,1343,1460,0,0x0010
1170,2026-08-15T10:13:28.490832000-0500,3.623873000,192.168.0.148,192.168.0.178,53414,25565,1343,834239,0,0,0x0010
1171,2026-08-15T10:13:28.491019000-0500,3.624060000,192.168.0.178,192.168.0.148,25565,53414,834239,1343,1460,0,0x0010
1172,2026-08-15T10:13:28.491019000-0500,3.624060000,192.168.0.178,192.168.0.148,25565,53414,835699,1343,575,0,0x0018
1173,2026-08-15T10:13:28.491048000-0500,3.624089000,192.168.0.148,192.168.0.178,53414,25565,1343,836274,0,0,0x0010
1174,2026-08-15T10:13:28.492523000-0500,3.625564000,192.168.0.148,192.168.0.178,53414,25565,1343,836274,28,0,0x0018
1175,2026-08-15T10:13:28.493156000-0500,3.626197000,192.168.0.148,192.168.0.178,53414,25565,1371,836274,3,0,0x0018
1176,2026-08-15T10:13:28.495010000-0500,3.628051000,192.168.0.178,192.168.0.148,25565,53414,836274,1374,0,0,0x0010
1177,2026-08-15T10:13:28.538401000-0500,3.671442000,192.168.0.178,192.168.0.148,25565,53414,836274,1374,1460,0,0x0010
1178,2026-08-15T10:13:28.538401000-0500,3.671442000,192.168.0.178,192.168.0.148,25565,53414,837734,1374,1460,0,0x0010
1179,2026-08-15T10:13:28.538456000-0500,3.671497000,192.168.0.148,192.168.0.178,53414,25565,1374,839194,0,0,0x0010
1180,2026-08-15T10:13:28.538503000-0500,3.671544000,192.168.0.178,192.168.0.148,25565,53414,839194,1374,1460,0,0x0010
1181,2026-08-15T10:13:28.538730000-0500,3.671771000,192.168.0.178,192.168.0.148,25565,53414,840654,1374,1460,0,0x0010
1182,2026-08-15T10:13:28.538730000-0500,3.671771000,192.168.0.178,192.168.0.148,25565,53414,842114,1374,1460,0,0x0010
1183,2026-08-15T10:13:28.538771000-0500,3.671812000,192.168.0.148,192.168.0.178,53414,25565,1374,843574,0,0,0x0010
1184,2026-08-15T10:13:28.538987000-0500,3.672028000,192.168.0.178,192.168.0.148,25565,53414,843574,1374,1460,0,0x0010
1185,2026-08-15T10:13:28.538987000-0500,3.672028000,192.168.0.178,192.168.0.148,25565,53414,845034,1374,1460,0,0x0010
1186,2026-08-15T10:13:28.539026000-0500,3.672067000,192.168.0.148,192.168.0.178,53414,25565,1374,846494,0,0,0x0010
1187,2026-08-15T10:13:28.539224000-0500,3.672265000,192.168.0.178,192.168.0.148,25565,53414,846494,1374,1460,0,0x0018
1188,2026-08-15T10:13:28.539224000-0500,3.672265000,192.168.0.178,192.168.0.148,25565,53414,847954,1374,1460,0,0x0010
1189,2026-08-15T10:13:28.539262000-0500,3.672303000,192.168.0.148,192.168.0.178,53414,25565,1374,849414,0,0,0x0010
1190,2026-08-15T10:13:28.539519000-0500,3.672560000,192.168.0.178,192.168.0.148,25565,53414,849414,1374,1460,0,0x0010
1191,2026-08-15T10:13:28.539519000-0500,3.672560000,192.168.0.178,192.168.0.148,25565,53414,850874,1374,373,0,0x0018
1192,2026-08-15T10:13:28.539558000-0500,3.672599000,192.168.0.148,192.168.0.178,53414,25565,1374,851247,0,0,0x0010
1193,2026-08-15T10:13:28.542969000-0500,3.676010000,192.168.0.148,192.168.0.178,53414,25565,1374,851247,36,0,0x0018
1194,2026-08-15T10:13:28.543793000-0500,3.676834000,192.168.0.148,192.168.0.178,53414,25565,1410,851247,3,0,0x0018
1195,2026-08-15T10:13:28.546081000-0500,3.679122000,192.168.0.178,192.168.0.148,25565,53414,851247,1413,0,0,0x0010
1196,2026-08-15T10:13:28.584669000-0500,3.717710000,192.168.0.178,192.168.0.148,25565,53414,851247,1413,1460,0,0x0010
1197,2026-08-15T10:13:28.584669000-0500,3.717710000,192.168.0.178,192.168.0.148,25565,53414,852707,1413,1460,0,0x0010
1198,2026-08-15T10:13:28.584710000-0500,3.717751000,192.168.0.148,192.168.0.178,53414,25565,1413,854167,0,0,0x0010
1199,2026-08-15T10:13:28.584767000-0500,3.717808000,192.168.0.178,192.168.0.148,25565,53414,854167,1413,1460,0,0x0010
1200,2026-08-15T10:13:28.584918000-0500,3.717959000,192.168.0.178,192.168.0.148,25565,53414,855627,1413,1460,0,0x0010
1201,2026-08-15T10:13:28.584936000-0500,3.717977000,192.168.0.148,192.168.0.178,53414,25565,1413,857087,0,0,0x0010
1202,2026-08-15T10:13:28.585133000-0500,3.718174000,192.168.0.178,192.168.0.148,25565,53414,857087,1413,1460,0,0x0010
1203,2026-08-15T10:13:28.585133000-0500,3.718174000,192.168.0.178,192.168.0.148,25565,53414,858547,1413,1460,0,0x0010
1204,2026-08-15T10:13:28.585155000-0500,3.718196000,192.168.0.148,192.168.0.178,53414,25565,1413,860007,0,0,0x0010
1205,2026-08-15T10:13:28.585365000-0500,3.718406000,192.168.0.178,192.168.0.148,25565,53414,860007,1413,1460,0,0x0010
1206,2026-08-15T10:13:28.585436000-0500,3.718477000,192.168.0.178,192.168.0.148,25565,53414,861467,1413,1460,0,0x0018
1207,2026-08-15T10:13:28.585443000-0500,3.718484000,192.168.0.148,192.168.0.178,53414,25565,1413,862927,0,0,0x0010
1208,2026-08-15T10:13:28.585520000-0500,3.718561000,192.168.0.178,192.168.0.148,25565,53414,862927,1413,1460,0,0x0010
1209,2026-08-15T10:13:28.585586000-0500,3.718627000,192.168.0.178,192.168.0.148,25565,53414,864387,1413,698,0,0x0018
1210,2026-08-15T10:13:28.585593000-0500,3.718634000,192.168.0.148,192.168.0.178,53414,25565,1413,865085,0,0,0x0010
1211,2026-08-15T10:13:28.592435000-0500,3.725476000,192.168.0.148,192.168.0.178,53414,25565,1413,865085,28,0,0x0018
1212,2026-08-15T10:13:28.593083000-0500,3.726124000,192.168.0.148,192.168.0.178,53414,25565,1441,865085,3,0,0x0018
1213,2026-08-15T10:13:28.595329000-0500,3.728370000,192.168.0.178,192.168.0.148,25565,53414,865085,1444,0,0,0x0010
1214,2026-08-15T10:13:28.632068000-0500,3.765109000,192.168.0.178,192.168.0.148,25565,53414,865085,1444,1460,0,0x0010
1215,2026-08-15T10:13:28.632068000-0500,3.765109000,192.168.0.178,192.168.0.148,25565,53414,866545,1444,1460,0,0x0010
1216,2026-08-15T10:13:28.632114000-0500,3.765155000,192.168.0.148,192.168.0.178,53414,25565,1444,868005,0,0,0x0010
1217,2026-08-15T10:13:28.632170000-0500,3.765211000,192.168.0.178,192.168.0.148,25565,53414,868005,1444,1460,0,0x0010
1218,2026-08-15T10:13:28.632406000-0500,3.765447000,192.168.0.178,192.168.0.148,25565,53414,869465,1444,1460,0,0x0010
1219,2026-08-15T10:13:28.632406000-0500,3.765447000,192.168.0.178,192.168.0.148,25565,53414,870925,1444,1460,0,0x0010
1220,2026-08-15T10:13:28.632428000-0500,3.765469000,192.168.0.148,192.168.0.178,53414,25565,1444,872385,0,0,0x0010
1221,2026-08-15T10:13:28.632659000-0500,3.765700000,192.168.0.178,192.168.0.148,25565,53414,872385,1444,1460,0,0x0010
1222,2026-08-15T10:13:28.632659000-0500,3.765700000,192.168.0.178,192.168.0.148,25565,53414,873845,1444,1460,0,0x0010
1223,2026-08-15T10:13:28.632684000-0500,3.765725000,192.168.0.148,192.168.0.178,53414,25565,1444,875305,0,0,0x0010
1224,2026-08-15T10:13:28.632901000-0500,3.765942000,192.168.0.178,192.168.0.148,25565,53414,875305,1444,1460,0,0x0018
1225,2026-08-15T10:13:28.632901000-0500,3.765942000,192.168.0.178,192.168.0.148,25565,53414,876765,1444,1460,0,0x0010
1226,2026-08-15T10:13:28.632923000-0500,3.765964000,192.168.0.148,192.168.0.178,53414,25565,1444,878225,0,0,0x0010
1227,2026-08-15T10:13:28.632972000-0500,3.766013000,192.168.0.178,192.168.0.148,25565,53414,878225,1444,901,0,0x0018
1228,2026-08-15T10:13:28.632981000-0500,3.766022000,192.168.0.148,192.168.0.178,53414,25565,1444,879126,0,0,0x0010
1229,2026-08-15T10:13:28.642873000-0500,3.775914000,192.168.0.148,192.168.0.178,53414,25565,1444,879126,28,0,0x0018
1230,2026-08-15T10:13:28.643585000-0500,3.776626000,192.168.0.148,192.168.0.178,53414,25565,1472,879126,3,0,0x0018
1231,2026-08-15T10:13:28.644183000-0500,3.777224000,192.168.0.178,192.168.0.148,25565,53414,879126,1475,0,0,0x0010
1232,2026-08-15T10:13:28.683721000-0500,3.816762000,192.168.0.178,192.168.0.148,25565,53414,879126,1475,1460,0,0x0010
1233,2026-08-15T10:13:28.683721000-0500,3.816762000,192.168.0.178,192.168.0.148,25565,53414,880586,1475,1460,0,0x0010
1234,2026-08-15T10:13:28.683776000-0500,3.816817000,192.168.0.148,192.168.0.178,53414,25565,1475,882046,0,0,0x0010
1235,2026-08-15T10:13:28.683819000-0500,3.816860000,192.168.0.178,192.168.0.148,25565,53414,882046,1475,1460,0,0x0010
1236,2026-08-15T10:13:28.684045000-0500,3.817086000,192.168.0.178,192.168.0.148,25565,53414,883506,1475,1460,0,0x0010
1237,2026-08-15T10:13:28.684045000-0500,3.817086000,192.168.0.178,192.168.0.148,25565,53414,884966,1475,1460,0,0x0010
1238,2026-08-15T10:13:28.684066000-0500,3.817107000,192.168.0.148,192.168.0.178,53414,25565,1475,886426,0,0,0x0010
1239,2026-08-15T10:13:28.684287000-0500,3.817328000,192.168.0.178,192.168.0.148,25565,53414,886426,1475,1460,0,0x0010
1240,2026-08-15T10:13:28.684287000-0500,3.817328000,192.168.0.178,192.168.0.148,25565,53414,887886,1475,1460,0,0x0010
1241,2026-08-15T10:13:28.684311000-0500,3.817352000,192.168.0.148,192.168.0.178,53414,25565,1475,889346,0,0,0x0010
1242,2026-08-15T10:13:28.684498000-0500,3.817539000,192.168.0.178,192.168.0.148,25565,53414,889346,1475,1460,0,0x0018
1243,2026-08-15T10:13:28.684520000-0500,3.817561000,192.168.0.148,192.168.0.178,53414,25565,1475,890806,0,0,0x0010
1244,2026-08-15T10:13:28.684562000-0500,3.817603000,192.168.0.178,192.168.0.148,25565,53414,890806,1475,1460,0,0x0010
1245,2026-08-15T10:13:28.684693000-0500,3.817734000,192.168.0.178,192.168.0.148,25565,53414,892266,1475,1460,0,0x0010
1246,2026-08-15T10:13:28.684711000-0500,3.817752000,192.168.0.148,192.168.0.178,53414,25565,1475,893726,0,0,0x0010
1247,2026-08-15T10:13:28.684759000-0500,3.817800000,192.168.0.178,192.168.0.148,25565,53414,893726,1475,1145,0,0x0018
1248,2026-08-15T10:13:28.692371000-0500,3.825412000,192.168.0.148,192.168.0.178,53414,25565,1475,894871,36,0,0x0018
1249,2026-08-15T10:13:28.693102000-0500,3.826143000,192.168.0.148,192.168.0.178,53414,25565,1511,894871,3,0,0x0018
1250,2026-08-15T10:13:28.693799000-0500,3.826840000,192.168.0.178,192.168.0.148,25565,53414,894871,1514,0,0,0x0010
1251,2026-08-15T10:13:28.736122000-0500,3.869163000,192.168.0.178,192.168.0.148,25565,53414,894871,1514,1460,0,0x0010
1252,2026-08-15T10:13:28.736122000-0500,3.869163000,192.168.0.178,192.168.0.148,25565,53414,896331,1514,1460,0,0x0010
1253,2026-08-15T10:13:28.736181000-0500,3.869222000,192.168.0.148,192.168.0.178,53414,25565,1514,897791,0,0,0x0010
1254,2026-08-15T10:13:28.736235000-0500,3.869276000,192.168.0.178,192.168.0.148,25565,53414,897791,1514,1460,0,0x0010
1255,2026-08-15T10:13:28.736493000-0500,3.869534000,192.168.0.178,192.168.0.148,25565,53414,899251,1514,1460,0,0x0010
1256,2026-08-15T10:13:28.736493000-0500,3.869534000,192.168.0.178,192.168.0.148,25565,53414,900711,1514,1460,0,0x0010
1257,2026-08-15T10:13:28.736532000-0500,3.869573000,192.168.0.148,192.168.0.178,53414,25565,1514,902171,0,0,0x0010
1258,2026-08-15T10:13:28.736587000-0500,3.869628000,192.168.0.178,192.168.0.148,25565,53414,902171,1514,1460,0,0x0010
1259,2026-08-15T10:13:28.736598000-0500,3.869639000,192.168.0.148,192.168.0.178,53414,25565,1514,903631,0,0,0x0010
1260,2026-08-15T10:13:28.736829000-0500,3.869870000,192.168.0.178,192.168.0.148,25565,53414,903631,1514,1460,0,0x0010
1261,2026-08-15T10:13:28.736829000-0500,3.869870000,192.168.0.178,192.168.0.148,25565,53414,905091,1514,1460,0,0x0018
1262,2026-08-15T10:13:28.736862000-0500,3.869903000,192.168.0.148,192.168.0.178,53414,25565,1514,906551,0,0,0x0010
1263,2026-08-15T10:13:28.737080000-0500,3.870121000,192.168.0.178,192.168.0.148,25565,53414,906551,1514,1460,0,0x0010
1264,2026-08-15T10:13:28.737080000-0500,3.870121000,192.168.0.178,192.168.0.148,25565,53414,908011,1514,1460,0,0x0010
1265,2026-08-15T10:13:28.737117000-0500,3.870158000,192.168.0.148,192.168.0.178,53414,25565,1514,909471,0,0,0x0010
1266,2026-08-15T10:13:28.737309000-0500,3.870350000,192.168.0.178,192.168.0.148,25565,53414,909471,1514,1460,0,0x0010
1267,2026-08-15T10:13:28.737309000-0500,3.870350000,192.168.0.178,192.168.0.148,25565,53414,910931,1514,805,0,0x0018
1268,2026-08-15T10:13:28.737345000-0500,3.870386000,192.168.0.148,192.168.0.178,53414,25565,1514,911736,0,0,0x0010
1269,2026-08-15T10:13:28.743271000-0500,3.876312000,192.168.0.148,192.168.0.178,53414,25565,1514,911736,28,0,0x0018
1270,2026-08-15T10:13:28.744272000-0500,3.877313000,192.168.0.148,192.168.0.178,53414,25565,1542,911736,3,0,0x0018
1271,2026-08-15T10:13:28.744843000-0500,3.877884000,192.168.0.178,192.168.0.148,25565,53414,911736,1545,0,0,0x0010
1272,2026-08-15T10:13:28.788075000-0500,3.921116000,192.168.0.178,192.168.0.148,25565,53414,911736,1545,1460,0,0x0010
1273,2026-08-15T10:13:28.788075000-0500,3.921116000,192.168.0.178,192.168.0.148,25565,53414,913196,1545,1460,0,0x0010
1274,2026-08-15T10:13:28.788146000-0500,3.921187000,192.168.0.148,192.168.0.178,53414,25565,1545,914656,0,0,0x0010
1275,2026-08-15T10:13:28.788201000-0500,3.921242000,192.168.0.178,192.168.0.148,25565,53414,914656,1545,1460,0,0x0010
1276,2026-08-15T10:13:28.788435000-0500,3.921476000,192.168.0.178,192.168.0.148,25565,53414,916116,1545,1460,0,0x0010
1277,2026-08-15T10:13:28.788435000-0500,3.921476000,192.168.0.178,192.168.0.148,25565,53414,917576,1545,1460,0,0x0010
1278,2026-08-15T10:13:28.788483000-0500,3.921524000,192.168.0.148,192.168.0.178,53414,25565,1545,919036,0,0,0x0010
1279,2026-08-15T10:13:28.788579000-0500,3.921620000,192.168.0.178,192.168.0.148,25565,53414,919036,1545,1460,0,0x0010
1280,2026-08-15T10:13:28.788590000-0500,3.921631000,192.168.0.148,192.168.0.178,53414,25565,1545,920496,0,0,0x0010
1281,2026-08-15T10:13:28.788672000-0500,3.921713000,192.168.0.178,192.168.0.148,25565,53414,920496,1545,1460,0,0x0010
1282,2026-08-15T10:13:28.788919000-0500,3.921960000,192.168.0.178,192.168.0.148,25565,53414,921956,1545,1460,0,0x0018
1283,2026-08-15T10:13:28.788919000-0500,3.921960000,192.168.0.178,192.168.0.148,25565,53414,923416,1545,1460,0,0x0010
1284,2026-08-15T10:13:28.788976000-0500,3.922017000,192.168.0.148,192.168.0.178,53414,25565,1545,924876,0,0,0x0010
1285,2026-08-15T10:13:28.789036000-0500,3.922077000,192.168.0.178,192.168.0.148,25565,53414,924876,1545,1460,0,0x0010
1286,2026-08-15T10:13:28.789048000-0500,3.922089000,192.168.0.148,192.168.0.178,53414,25565,1545,926336,0,0,0x0010
1287,2026-08-15T10:13:28.789286000-0500,3.922327000,192.168.0.178,192.168.0.148,25565,53414,926336,1545,1460,0,0x0010
1288,2026-08-15T10:13:28.789286000-0500,3.922327000,192.168.0.178,192.168.0.148,25565,53414,927796,1545,1460,0,0x0010
1289,2026-08-15T10:13:28.789333000-0500,3.922374000,192.168.0.148,192.168.0.178,53414,25565,1545,929256,0,0,0x0010
1290,2026-08-15T10:13:28.789400000-0500,3.922441000,192.168.0.178,192.168.0.148,25565,53414,929256,1545,1460,0,0x0010
1291,2026-08-15T10:13:28.789679000-0500,3.922720000,192.168.0.178,192.168.0.148,25565,53414,930716,1545,1173,0,0x0018
1292,2026-08-15T10:13:28.789732000-0500,3.922773000,192.168.0.148,192.168.0.178,53414,25565,1545,931889,0,0,0x0010
1293,2026-08-15T10:13:28.793273000-0500,3.926314000,192.168.0.148,192.168.0.178,53414,25565,1545,931889,28,0,0x0018
1294,2026-08-15T10:13:28.794073000-0500,3.927114000,192.168.0.148,192.168.0.178,53414,25565,1573,931889,3,0,0x0018
1295,2026-08-15T10:13:28.794621000-0500,3.927662000,192.168.0.178,192.168.0.148,25565,53414,931889,1576,0,0,0x0010
1296,2026-08-15T10:13:28.840292000-0500,3.973333000,192.168.0.178,192.168.0.148,25565,53414,931889,1576,1460,0,0x0010
1297,2026-08-15T10:13:28.840292000-0500,3.973333000,192.168.0.178,192.168.0.148,25565,53414,933349,1576,1460,0,0x0010
1298,2026-08-15T10:13:28.840344000-0500,3.973385000,192.168.0.148,192.168.0.178,53414,25565,1576,934809,0,0,0x0010
1299,2026-08-15T10:13:28.840399000-0500,3.973440000,192.168.0.178,192.168.0.148,25565,53414,934809,1576,1460,0,0x0010
1300,2026-08-15T10:13:28.840631000-0500,3.973672000,192.168.0.178,192.168.0.148,25565,53414,936269,1576,1460,0,0x0010
1301,2026-08-15T10:13:28.840631000-0500,3.973672000,192.168.0.178,192.168.0.148,25565,53414,937729,1576,1460,0,0x0010
1302,2026-08-15T10:13:28.840660000-0500,3.973701000,192.168.0.148,192.168.0.178,53414,25565,1576,939189,0,0,0x0010
1303,2026-08-15T10:13:28.840878000-0500,3.973919000,192.168.0.178,192.168.0.148,25565,53414,939189,1576,1460,0,0x0010
1304,2026-08-15T10:13:28.840878000-0500,3.973919000,192.168.0.178,192.168.0.148,25565,53414,940649,1576,1460,0,0x0010
1305,2026-08-15T10:13:28.840910000-0500,3.973951000,192.168.0.148,192.168.0.178,53414,25565,1576,942109,0,0,0x0010
1306,2026-08-15T10:13:28.841135000-0500,3.974176000,192.168.0.178,192.168.0.148,25565,53414,942109,1576,1460,0,0x0018
1307,2026-08-15T10:13:28.841135000-0500,3.974176000,192.168.0.178,192.168.0.148,25565,53414,943569,1576,1459,0,0x0018
1308,2026-08-15T10:13:28.841164000-0500,3.974205000,192.168.0.148,192.168.0.178,53414,25565,1576,945028,0,0,0x0010
1309,2026-08-15T10:13:28.842557000-0500,3.975598000,192.168.0.148,192.168.0.178,53414,25565,1576,945028,28,0,0x0018
1310,2026-08-15T10:13:28.843422000-0500,3.976463000,192.168.0.148,192.168.0.178,53414,25565,1604,945028,3,0,0x0018
1311,2026-08-15T10:13:28.844017000-0500,3.977058000,192.168.0.178,192.168.0.148,25565,53414,945028,1607,0,0,0x0010
1312,2026-08-15T10:13:28.888536000-0500,4.021577000,192.168.0.178,192.168.0.148,25565,53414,945028,1607,1460,0,0x0010
1313,2026-08-15T10:13:28.888536000-0500,4.021577000,192.168.0.178,192.168.0.148,25565,53414,946488,1607,1460,0,0x0010
1314,2026-08-15T10:13:28.888615000-0500,4.021656000,192.168.0.148,192.168.0.178,53414,25565,1607,947948,0,0,0x0010
1315,2026-08-15T10:13:28.888711000-0500,4.021752000,192.168.0.178,192.168.0.148,25565,53414,947948,1607,1460,0,0x0010
1316,2026-08-15T10:13:28.888776000-0500,4.021817000,192.168.0.178,192.168.0.148,25565,53414,949408,1607,1460,0,0x0010
1317,2026-08-15T10:13:28.888785000-0500,4.021826000,192.168.0.148,192.168.0.178,53414,25565,1607,950868,0,0,0x0010
1318,2026-08-15T10:13:28.888902000-0500,4.021943000,192.168.0.178,192.168.0.148,25565,53414,950868,1607,1460,0,0x0010
1319,2026-08-15T10:13:28.888974000-0500,4.022015000,192.168.0.178,192.168.0.148,25565,53414,952328,1607,1460,0,0x0010
1320,2026-08-15T10:13:28.888982000-0500,4.022023000,192.168.0.148,192.168.0.178,53414,25565,1607,953788,0,0,0x0010
1321,2026-08-15T10:13:28.889191000-0500,4.022232000,192.168.0.178,192.168.0.148,25565,53414,953788,1607,1460,0,0x0010
1322,2026-08-15T10:13:28.889270000-0500,4.022311000,192.168.0.178,192.168.0.148,25565,53414,955248,1607,1460,0,0x0018
1323,2026-08-15T10:13:28.889291000-0500,4.022332000,192.168.0.148,192.168.0.178,53414,25565,1607,956708,0,0,0x0010
1324,2026-08-15T10:13:28.890734000-0500,4.023775000,192.168.0.178,192.168.0.148,25565,53414,956708,1607,1460,0,0x0010
1325,2026-08-15T10:13:28.890734000-0500,4.023775000,192.168.0.178,192.168.0.148,25565,53414,958168,1607,1460,0,0x0010
1326,2026-08-15T10:13:28.890788000-0500,4.023829000,192.168.0.148,192.168.0.178,53414,25565,1607,959628,0,0,0x0010
1327,2026-08-15T10:13:28.890858000-0500,4.023899000,192.168.0.178,192.168.0.148,25565,53414,959628,1607,1460,0,0x0010
1328,2026-08-15T10:13:28.891102000-0500,4.024143000,192.168.0.178,192.168.0.148,25565,53414,961088,1607,1460,0,0x0010
1329,2026-08-15T10:13:28.891102000-0500,4.024143000,192.168.0.178,192.168.0.148,25565,53414,962548,1607,1460,0,0x0010
1330,2026-08-15T10:13:28.891154000-0500,4.024195000,192.168.0.148,192.168.0.178,53414,25565,1607,964008,0,0,0x0010
1331,2026-08-15T10:13:28.891234000-0500,4.024275000,192.168.0.178,192.168.0.148,25565,53414,964008,1607,1460,0,0x0010
1332,2026-08-15T10:13:28.891234000-0500,4.024275000,192.168.0.178,192.168.0.148,25565,53414,965468,1607,90,0,0x0018
1333,2026-08-15T10:13:28.891250000-0500,4.024291000,192.168.0.148,192.168.0.178,53414,25565,1607,965558,0,0,0x0010
1334,2026-08-15T10:13:28.893717000-0500,4.026758000,192.168.0.148,192.168.0.178,53414,25565,1607,965558,28,0,0x0018
1335,2026-08-15T10:13:28.894836000-0500,4.027877000,192.168.0.148,192.168.0.178,53414,25565,1635,965558,3,0,0x0018
1336,2026-08-15T10:13:28.897898000-0500,4.030939000,192.168.0.178,192.168.0.148,25565,53414,965558,1638,0,0,0x0010
1337,2026-08-15T10:13:28.933876000-0500,4.066917000,192.168.0.178,192.168.0.148,25565,53414,965558,1638,1460,0,0x0010
1338,2026-08-15T10:13:28.933876000-0500,4.066917000,192.168.0.178,192.168.0.148,25565,53414,967018,1638,1460,0,0x0010
1339,2026-08-15T10:13:28.933945000-0500,4.066986000,192.168.0.148,192.168.0.178,53414,25565,1638,968478,0,0,0x0010
1340,2026-08-15T10:13:28.933996000-0500,4.067037000,192.168.0.178,192.168.0.148,25565,53414,968478,1638,1460,0,0x0010
1341,2026-08-15T10:13:28.934154000-0500,4.067195000,192.168.0.178,192.168.0.148,25565,53414,969938,1638,1460,0,0x0010
1342,2026-08-15T10:13:28.934154000-0500,4.067195000,192.168.0.178,192.168.0.148,25565,53414,971398,1638,1460,0,0x0010
1343,2026-08-15T10:13:28.934173000-0500,4.067214000,192.168.0.148,192.168.0.178,53414,25565,1638,972858,0,0,0x0010
1344,2026-08-15T10:13:28.934385000-0500,4.067426000,192.168.0.178,192.168.0.148,25565,53414,972858,1638,1460,0,0x0010
1345,2026-08-15T10:13:28.934409000-0500,4.067450000,192.168.0.148,192.168.0.178,53414,25565,1638,974318,0,0,0x0010
1346,2026-08-15T10:13:28.934463000-0500,4.067504000,192.168.0.178,192.168.0.148,25565,53414,974318,1638,1460,0,0x0010
1347,2026-08-15T10:13:28.934631000-0500,4.067672000,192.168.0.178,192.168.0.148,25565,53414,975778,1638,1460,0,0x0018
1348,2026-08-15T10:13:28.934631000-0500,4.067672000,192.168.0.178,192.168.0.148,25565,53414,977238,1638,930,0,0x0018
1349,2026-08-15T10:13:28.934651000-0500,4.067692000,192.168.0.148,192.168.0.178,53414,25565,1638,978168,0,0,0x0010
1350,2026-08-15T10:13:28.942403000-0500,4.075444000,192.168.0.148,192.168.0.178,53414,25565,1638,978168,28,0,0x0018
1351,2026-08-15T10:13:28.943099000-0500,4.076140000,192.168.0.148,192.168.0.178,53414,25565,1666,978168,3,0,0x0018
1352,2026-08-15T10:13:28.944095000-0500,4.077136000,192.168.0.178,192.168.0.148,25565,53414,978168,1669,0,0,0x0010
1353,2026-08-15T10:13:28.984198000-0500,4.117239000,192.168.0.178,192.168.0.148,25565,53414,978168,1669,1460,0,0x0010
1354,2026-08-15T10:13:28.984198000-0500,4.117239000,192.168.0.178,192.168.0.148,25565,53414,979628,1669,1460,0,0x0010
1355,2026-08-15T10:13:28.984243000-0500,4.117284000,192.168.0.148,192.168.0.178,53414,25565,1669,981088,0,0,0x0010
1356,2026-08-15T10:13:28.984297000-0500,4.117338000,192.168.0.178,192.168.0.148,25565,53414,981088,1669,1460,0,0x0010
1357,2026-08-15T10:13:28.984527000-0500,4.117568000,192.168.0.178,192.168.0.148,25565,53414,982548,1669,1460,0,0x0010
1358,2026-08-15T10:13:28.984527000-0500,4.117568000,192.168.0.178,192.168.0.148,25565,53414,984008,1669,1460,0,0x0010
1359,2026-08-15T10:13:28.984547000-0500,4.117588000,192.168.0.148,192.168.0.178,53414,25565,1669,985468,0,0,0x0010
1360,2026-08-15T10:13:28.984766000-0500,4.117807000,192.168.0.178,192.168.0.148,25565,53414,985468,1669,1460,0,0x0010
1361,2026-08-15T10:13:28.984766000-0500,4.117807000,192.168.0.178,192.168.0.148,25565,53414,986928,1669,1460,0,0x0010
1362,2026-08-15T10:13:28.984787000-0500,4.117828000,192.168.0.148,192.168.0.178,53414,25565,1669,988388,0,0,0x0010
1363,2026-08-15T10:13:28.985016000-0500,4.118057000,192.168.0.178,192.168.0.148,25565,53414,988388,1669,1460,0,0x0018
1364,2026-08-15T10:13:28.985016000-0500,4.118057000,192.168.0.178,192.168.0.148,25565,53414,989848,1669,1460,0,0x0010
1365,2026-08-15T10:13:28.985041000-0500,4.118082000,192.168.0.148,192.168.0.178,53414,25565,1669,991308,0,0,0x0010
1366,2026-08-15T10:13:28.985079000-0500,4.118120000,192.168.0.178,192.168.0.148,25565,53414,991308,1669,236,0,0x0018
1367,2026-08-15T10:13:28.985087000-0500,4.118128000,192.168.0.148,192.168.0.178,53414,25565,1669,991544,0,0,0x0010
1368,2026-08-15T10:13:28.992490000-0500,4.125531000,192.168.0.148,192.168.0.178,53414,25565,1669,991544,36,0,0x0018
1369,2026-08-15T10:13:28.993281000-0500,4.126322000,192.168.0.148,192.168.0.178,53414,25565,1705,991544,3,0,0x0018
1370,2026-08-15T10:13:28.993890000-0500,4.126931000,192.168.0.178,192.168.0.148,25565,53414,991544,1708,0,0,0x0010
1371,2026-08-15T10:13:29.034084000-0500,4.167125000,192.168.0.178,192.168.0.148,25565,53414,991544,1708,1460,0,0x0010
1372,2026-08-15T10:13:29.034084000-0500,4.167125000,192.168.0.178,192.168.0.148,25565,53414,993004,1708,1460,0,0x0010
1373,2026-08-15T10:13:29.034136000-0500,4.167177000,192.168.0.148,192.168.0.178,53414,25565,1708,994464,0,0,0x0010
1374,2026-08-15T10:13:29.034189000-0500,4.167230000,192.168.0.178,192.168.0.148,25565,53414,994464,1708,1460,0,0x0010
1375,2026-08-15T10:13:29.034426000-0500,4.167467000,192.168.0.178,192.168.0.148,25565,53414,995924,1708,1460,0,0x0010
1376,2026-08-15T10:13:29.034426000-0500,4.167467000,192.168.0.178,192.168.0.148,25565,53414,997384,1708,1460,0,0x0010
1377,2026-08-15T10:13:29.034455000-0500,4.167496000,192.168.0.148,192.168.0.178,53414,25565,1708,998844,0,0,0x0010
1378,2026-08-15T10:13:29.034662000-0500,4.167703000,192.168.0.178,192.168.0.148,25565,53414,998844,1708,1460,0,0x0010
1379,2026-08-15T10:13:29.034662000-0500,4.167703000,192.168.0.178,192.168.0.148,25565,53414,1000304,1708,1460,0,0x0010
1380,2026-08-15T10:13:29.034692000-0500,4.167733000,192.168.0.148,192.168.0.178,53414,25565,1708,1001764,0,0,0x0010
1381,2026-08-15T10:13:29.034896000-0500,4.167937000,192.168.0.178,192.168.0.148,25565,53414,1001764,1708,1460,0,0x0018
1382,2026-08-15T10:13:29.034896000-0500,4.167937000,192.168.0.178,192.168.0.148,25565,53414,1003224,1708,1273,0,0x0018
1383,2026-08-15T10:13:29.034933000-0500,4.167974000,192.168.0.148,192.168.0.178,53414,25565,1708,1004497,0,0,0x0010
1384,2026-08-15T10:13:29.043251000-0500,4.176292000,192.168.0.148,192.168.0.178,53414,25565,1708,1004497,36,0,0x0018
1385,2026-08-15T10:13:29.044369000-0500,4.177410000,192.168.0.148,192.168.0.178,53414,25565,1744,1004497,3,0,0x0018
1386,2026-08-15T10:13:29.044784000-0500,4.177825000,192.168.0.178,192.168.0.148,25565,53414,1004497,1747,0,0,0x0010
1387,2026-08-15T10:13:29.092295000-0500,4.225336000,192.168.0.178,192.168.0.148,25565,53414,1004497,1747,1460,0,0x0010
1388,2026-08-15T10:13:29.092295000-0500,4.225336000,192.168.0.178,192.168.0.148,25565,53414,1005957,1747,1460,0,0x0010
1389,2026-08-15T10:13:29.092339000-0500,4.225380000,192.168.0.148,192.168.0.178,53414,25565,1747,1007417,0,0,0x0010
1390,2026-08-15T10:13:29.092395000-0500,4.225436000,192.168.0.178,192.168.0.148,25565,53414,1007417,1747,1460,0,0x0010
1391,2026-08-15T10:13:29.092617000-0500,4.225658000,192.168.0.148,192.168.0.178,53414,25565,1747,1008877,36,0,0x0018
1392,2026-08-15T10:13:29.092634000-0500,4.225675000,192.168.0.178,192.168.0.148,25565,53414,1008877,1747,1460,0,0x0010
1393,2026-08-15T10:13:29.092649000-0500,4.225690000,192.168.0.148,192.168.0.178,53414,25565,1783,1010337,0,0,0x0010
1394,2026-08-15T10:13:29.092659000-0500,4.225700000,192.168.0.178,192.168.0.148,25565,53414,1010337,1747,1460,0,0x0010
1395,2026-08-15T10:13:29.092664000-0500,4.225705000,192.168.0.148,192.168.0.178,53414,25565,1783,1011797,0,0,0x0010
1396,2026-08-15T10:13:29.092883000-0500,4.225924000,192.168.0.178,192.168.0.148,25565,53414,1011797,1747,1460,0,0x0010
1397,2026-08-15T10:13:29.092883000-0500,4.225924000,192.168.0.178,192.168.0.148,25565,53414,1013257,1747,1460,0,0x0010
1398,2026-08-15T10:13:29.092907000-0500,4.225948000,192.168.0.148,192.168.0.178,53414,25565,1783,1014717,0,0,0x0010
1399,2026-08-15T10:13:29.093093000-0500,4.226134000,192.168.0.178,192.168.0.148,25565,53414,1014717,1747,1460,0,0x0018
1400,2026-08-15T10:13:29.093104000-0500,4.226145000,192.168.0.148,192.168.0.178,53414,25565,1783,1016177,0,0,0x0010
1401,2026-08-15T10:13:29.093151000-0500,4.226192000,192.168.0.178,192.168.0.148,25565,53414,1016177,1747,1460,0,0x0010
1402,2026-08-15T10:13:29.093155000-0500,4.226196000,192.168.0.148,192.168.0.178,53414,25565,1783,1017637,0,0,0x0010
1403,2026-08-15T10:13:29.093323000-0500,4.226364000,192.168.0.178,192.168.0.148,25565,53414,1017637,1747,1460,0,0x0010
1404,2026-08-15T10:13:29.093344000-0500,4.226385000,192.168.0.148,192.168.0.178,53414,25565,1783,1019097,0,0,0x0010
1405,2026-08-15T10:13:29.093397000-0500,4.226438000,192.168.0.178,192.168.0.148,25565,53414,1019097,1747,1460,0,0x0010
1406,2026-08-15T10:13:29.093402000-0500,4.226443000,192.168.0.148,192.168.0.178,53414,25565,1783,1020557,0,0,0x0010
1407,2026-08-15T10:13:29.093421000-0500,4.226462000,192.168.0.148,192.168.0.178,53414,25565,1783,1020557,3,0,0x0018
1408,2026-08-15T10:13:29.093693000-0500,4.226734000,192.168.0.178,192.168.0.148,25565,53414,1020557,1747,1150,0,0x0018
1409,2026-08-15T10:13:29.093693000-0500,4.226734000,192.168.0.178,192.168.0.148,25565,53414,1021707,1786,0,0,0x0010
1410,2026-08-15T10:13:29.093929000-0500,4.226970000,192.168.0.148,192.168.0.178,53414,25565,1786,1021707,11,0,0x0018
1411,2026-08-15T10:13:29.140485000-0500,4.273526000,192.168.0.178,192.168.0.148,25565,53414,1021707,1797,1460,0,0x0010
1412,2026-08-15T10:13:29.140485000-0500,4.273526000,192.168.0.178,192.168.0.148,25565,53414,1023167,1797,1460,0,0x0010
1413,2026-08-15T10:13:29.140485000-0500,4.273526000,192.168.0.178,192.168.0.148,25565,53414,1024627,1797,1460,0,0x0010
1414,2026-08-15T10:13:29.140485000-0500,4.273526000,192.168.0.178,192.168.0.148,25565,53414,1026087,1797,1460,0,0x0010
1415,2026-08-15T10:13:29.140485000-0500,4.273526000,192.168.0.178,192.168.0.148,25565,53414,1027547,1797,1460,0,0x0010
1416,2026-08-15T10:13:29.140485000-0500,4.273526000,192.168.0.178,192.168.0.148,25565,53414,1029007,1797,1460,0,0x0010
1417,2026-08-15T10:13:29.140485000-0500,4.273526000,192.168.0.178,192.168.0.148,25565,53414,1030467,1797,1460,0,0x0010
1418,2026-08-15T10:13:29.140485000-0500,4.273526000,192.168.0.178,192.168.0.148,25565,53414,1031927,1797,1460,0,0x0018
1419,2026-08-15T10:13:29.140485000-0500,4.273526000,192.168.0.178,192.168.0.148,25565,53414,1033387,1797,1460,0,0x0010
1420,2026-08-15T10:13:29.140485000-0500,4.273526000,192.168.0.178,192.168.0.148,25565,53414,1034847,1797,1460,0,0x0010
1421,2026-08-15T10:13:29.140592000-0500,4.273633000,192.168.0.148,192.168.0.178,53414,25565,1797,1036307,0,0,0x0010
1422,2026-08-15T10:13:29.140695000-0500,4.273736000,192.168.0.178,192.168.0.148,25565,53414,1036307,1797,1460,0,0x0010
1423,2026-08-15T10:13:29.140695000-0500,4.273736000,192.168.0.178,192.168.0.148,25565,53414,1037767,1797,1460,0,0x0010
1424,2026-08-15T10:13:29.140695000-0500,4.273736000,192.168.0.178,192.168.0.148,25565,53414,1039227,1797,1460,0,0x0010
1425,2026-08-15T10:13:29.140715000-0500,4.273756000,192.168.0.148,192.168.0.178,53414,25565,1797,1040687,0,0,0x0010
1426,2026-08-15T10:13:29.140793000-0500,4.273834000,192.168.0.178,192.168.0.148,25565,53414,1040687,1797,131,0,0x0018
1427,2026-08-15T10:13:29.140797000-0500,4.273838000,192.168.0.148,192.168.0.178,53414,25565,1797,1040818,0,0,0x0010
1428,2026-08-15T10:13:29.143014000-0500,4.276055000,192.168.0.148,192.168.0.178,53414,25565,1797,1040818,36,0,0x0018
1429,2026-08-15T10:13:29.144037000-0500,4.277078000,192.168.0.148,192.168.0.178,53414,25565,1833,1040818,3,0,0x0018
1430,2026-08-15T10:13:29.145940000-0500,4.278981000,192.168.0.178,192.168.0.148,25565,53414,1040818,1836,0,0,0x0010
1431,2026-08-15T10:13:29.184514000-0500,4.317555000,192.168.0.178,192.168.0.148,25565,53414,1040818,1836,1460,0,0x0010
1432,2026-08-15T10:13:29.184514000-0500,4.317555000,192.168.0.178,192.168.0.148,25565,53414,1042278,1836,1460,0,0x0010
1433,2026-08-15T10:13:29.184562000-0500,4.317603000,192.168.0.148,192.168.0.178,53414,25565,1836,1043738,0,0,0x0010
1434,2026-08-15T10:13:29.184617000-0500,4.317658000,192.168.0.178,192.168.0.148,25565,53414,1043738,1836,1460,0,0x0010
1435,2026-08-15T10:13:29.184756000-0500,4.317797000,192.168.0.178,192.168.0.148,25565,53414,1045198,1836,1460,0,0x0010
1436,2026-08-15T10:13:29.184770000-0500,4.317811000,192.168.0.148,192.168.0.178,53414,25565,1836,1046658,0,0,0x0010
1437,2026-08-15T10:13:29.184843000-0500,4.317884000,192.168.0.178,192.168.0.148,25565,53414,1046658,1836,1460,0,0x0010
1438,2026-08-15T10:13:29.185089000-0500,4.318130000,192.168.0.178,192.168.0.148,25565,53414,1048118,1836,1460,0,0x0010
1439,2026-08-15T10:13:29.185089000-0500,4.318130000,192.168.0.178,192.168.0.148,25565,53414,1049578,1836,1460,0,0x0010
1440,2026-08-15T10:13:29.185107000-0500,4.318148000,192.168.0.148,192.168.0.178,53414,25565,1836,1051038,0,0,0x0010
1441,2026-08-15T10:13:29.185357000-0500,4.318398000,192.168.0.178,192.168.0.148,25565,53414,1051038,1836,1460,0,0x0018
1442,2026-08-15T10:13:29.185357000-0500,4.318398000,192.168.0.178,192.168.0.148,25565,53414,1052498,1836,1460,0,0x0010
1443,2026-08-15T10:13:29.185376000-0500,4.318417000,192.168.0.148,192.168.0.178,53414,25565,1836,1053958,0,0,0x0010
1444,2026-08-15T10:13:29.185606000-0500,4.318647000,192.168.0.178,192.168.0.148,25565,53414,1053958,1836,1460,0,0x0010
1445,2026-08-15T10:13:29.185606000-0500,4.318647000,192.168.0.178,192.168.0.148,25565,53414,1055418,1836,1460,0,0x0010
1446,2026-08-15T10:13:29.185630000-0500,4.318671000,192.168.0.148,192.168.0.178,53414,25565,1836,1056878,0,0,0x0010
1447,2026-08-15T10:13:29.185672000-0500,4.318713000,192.168.0.178,192.168.0.148,25565,53414,1056878,1836,563,0,0x0018
1448,2026-08-15T10:13:29.185679000-0500,4.318720000,192.168.0.148,192.168.0.178,53414,25565,1836,1057441,0,0,0x0010
1449,2026-08-15T10:13:29.192408000-0500,4.325449000,192.168.0.148,192.168.0.178,53414,25565,1836,1057441,36,0,0x0018
1450,2026-08-15T10:13:29.193208000-0500,4.326249000,192.168.0.148,192.168.0.178,53414,25565,1872,1057441,3,0,0x0018
1451,2026-08-15T10:13:29.193792000-0500,4.326833000,192.168.0.178,192.168.0.148,25565,53414,1057441,1875,0,0,0x0010
1452,2026-08-15T10:13:29.233680000-0500,4.366721000,192.168.0.178,192.168.0.148,25565,53414,1057441,1875,1460,0,0x0010
1453,2026-08-15T10:13:29.233680000-0500,4.366721000,192.168.0.178,192.168.0.148,25565,53414,1058901,1875,1460,0,0x0010
1454,2026-08-15T10:13:29.233737000-0500,4.366778000,192.168.0.148,192.168.0.178,53414,25565,1875,1060361,0,0,0x0010
1455,2026-08-15T10:13:29.233790000-0500,4.366831000,192.168.0.178,192.168.0.148,25565,53414,1060361,1875,1460,0,0x0010
1456,2026-08-15T10:13:29.234014000-0500,4.367055000,192.168.0.178,192.168.0.148,25565,53414,1061821,1875,1460,0,0x0010
1457,2026-08-15T10:13:29.234014000-0500,4.367055000,192.168.0.178,192.168.0.148,25565,53414,1063281,1875,1460,0,0x0010
1458,2026-08-15T10:13:29.234049000-0500,4.367090000,192.168.0.148,192.168.0.178,53414,25565,1875,1064741,0,0,0x0010
1459,2026-08-15T10:13:29.234282000-0500,4.367323000,192.168.0.178,192.168.0.148,25565,53414,1064741,1875,1460,0,0x0010
1460,2026-08-15T10:13:29.234282000-0500,4.367323000,192.168.0.178,192.168.0.148,25565,53414,1066201,1875,1460,0,0x0010
1461,2026-08-15T10:13:29.234328000-0500,4.367369000,192.168.0.148,192.168.0.178,53414,25565,1875,1067661,0,0,0x0010
1462,2026-08-15T10:13:29.234393000-0500,4.367434000,192.168.0.178,192.168.0.148,25565,53414,1067661,1875,1460,0,0x0018
1463,2026-08-15T10:13:29.234402000-0500,4.367443000,192.168.0.148,192.168.0.178,53414,25565,1875,1069121,0,0,0x0010
1464,2026-08-15T10:13:29.234672000-0500,4.367713000,192.168.0.178,192.168.0.148,25565,53414,1069121,1875,1405,0,0x0018
1465,2026-08-15T10:13:29.242884000-0500,4.375925000,192.168.0.148,192.168.0.178,53414,25565,1875,1070526,28,0,0x0018
1466,2026-08-15T10:13:29.243973000-0500,4.377014000,192.168.0.148,192.168.0.178,53414,25565,1903,1070526,3,0,0x0018
1467,2026-08-15T10:13:29.244631000-0500,4.377672000,192.168.0.178,192.168.0.148,25565,53414,1070526,1906,0,0,0x0010
1468,2026-08-15T10:13:29.293473000-0500,4.426514000,192.168.0.148,192.168.0.178,53414,25565,1906,1070526,28,0,0x0018
1469,2026-08-15T10:13:29.294674000-0500,4.427715000,192.168.0.148,192.168.0.178,53414,25565,1934,1070526,3,0,0x0018
1470,2026-08-15T10:13:29.295325000-0500,4.428366000,192.168.0.178,192.168.0.148,25565,53414,1070526,1937,0,0,0x0010
1471,2026-08-15T10:13:29.326672000-0500,4.459713000,192.168.0.178,192.168.0.148,25565,53414,1070526,1937,1460,0,0x0010
1472,2026-08-15T10:13:29.326672000-0500,4.459713000,192.168.0.178,192.168.0.148,25565,53414,1071986,1937,1460,0,0x0010
1473,2026-08-15T10:13:29.326760000-0500,4.459801000,192.168.0.148,192.168.0.178,53414,25565,1937,1073446,0,0,0x0010
1474,2026-08-15T10:13:29.326810000-0500,4.459851000,192.168.0.178,192.168.0.148,25565,53414,1073446,1937,1460,0,0x0010
1475,2026-08-15T10:13:29.326964000-0500,4.460005000,192.168.0.178,192.168.0.148,25565,53414,1074906,1937,1460,0,0x0010
1476,2026-08-15T10:13:29.326974000-0500,4.460015000,192.168.0.148,192.168.0.178,53414,25565,1937,1076366,0,0,0x0010
1477,2026-08-15T10:13:29.327026000-0500,4.460067000,192.168.0.178,192.168.0.148,25565,53414,1076366,1937,1460,0,0x0010
1478,2026-08-15T10:13:29.327276000-0500,4.460317000,192.168.0.178,192.168.0.148,25565,53414,1077826,1937,1460,0,0x0010
1479,2026-08-15T10:13:29.327276000-0500,4.460317000,192.168.0.178,192.168.0.148,25565,53414,1079286,1937,1460,0,0x0010
1480,2026-08-15T10:13:29.327324000-0500,4.460365000,192.168.0.148,192.168.0.178,53414,25565,1937,1080746,0,0,0x0010
1481,2026-08-15T10:13:29.327530000-0500,4.460571000,192.168.0.178,192.168.0.148,25565,53414,1080746,1937,1460,0,0x0018
1482,2026-08-15T10:13:29.327530000-0500,4.460571000,192.168.0.178,192.168.0.148,25565,53414,1082206,1937,1460,0,0x0010
1483,2026-08-15T10:13:29.327577000-0500,4.460618000,192.168.0.148,192.168.0.178,53414,25565,1937,1083666,0,0,0x0010
1484,2026-08-15T10:13:29.327639000-0500,4.460680000,192.168.0.178,192.168.0.148,25565,53414,1083666,1937,1460,0,0x0010
1485,2026-08-15T10:13:29.327649000-0500,4.460690000,192.168.0.148,192.168.0.178,53414,25565,1937,1085126,0,0,0x0010
1486,2026-08-15T10:13:29.327909000-0500,4.460950000,192.168.0.178,192.168.0.148,25565,53414,1085126,1937,1460,0,0x0010
1487,2026-08-15T10:13:29.327909000-0500,4.460950000,192.168.0.178,192.168.0.148,25565,53414,1086586,1937,1460,0,0x0010
1488,2026-08-15T10:13:29.327950000-0500,4.460991000,192.168.0.148,192.168.0.178,53414,25565,1937,1088046,0,0,0x0010
1489,2026-08-15T10:13:29.327985000-0500,4.461026000,192.168.0.178,192.168.0.148,25565,53414,1088046,1937,580,0,0x0018
1490,2026-08-15T10:13:29.343001000-0500,4.476042000,192.168.0.148,192.168.0.178,53414,25565,1937,1088626,28,0,0x0018
1491,2026-08-15T10:13:29.343636000-0500,4.476677000,192.168.0.148,192.168.0.178,53414,25565,1965,1088626,3,0,0x0018
1492,2026-08-15T10:13:29.344273000-0500,4.477314000,192.168.0.178,192.168.0.148,25565,53414,1088626,1968,0,0,0x0010
1493,2026-08-15T10:13:29.365102000-0500,4.498143000,192.168.0.178,192.168.0.148,25565,53414,1088626,1968,1460,0,0x0010
1494,2026-08-15T10:13:29.365102000-0500,4.498143000,192.168.0.178,192.168.0.148,25565,53414,1090086,1968,1460,0,0x0010
1495,2026-08-15T10:13:29.365144000-0500,4.498185000,192.168.0.148,192.168.0.178,53414,25565,1968,1091546,0,0,0x0010
1496,2026-08-15T10:13:29.365200000-0500,4.498241000,192.168.0.178,192.168.0.148,25565,53414,1091546,1968,1460,0,0x0010
1497,2026-08-15T10:13:29.365427000-0500,4.498468000,192.168.0.178,192.168.0.148,25565,53414,1093006,1968,1460,0,0x0010
1498,2026-08-15T10:13:29.365453000-0500,4.498494000,192.168.0.148,192.168.0.178,53414,25565,1968,1094466,0,0,0x0010
1499,2026-08-15T10:13:29.365501000-0500,4.498542000,192.168.0.178,192.168.0.148,25565,53414,1094466,1968,1460,0,0x0010
1500,2026-08-15T10:13:29.365660000-0500,4.498701000,192.168.0.178,192.168.0.148,25565,53414,1095926,1968,1460,0,0x0010
1501,2026-08-15T10:13:29.365682000-0500,4.498723000,192.168.0.148,192.168.0.178,53414,25565,1968,1097386,0,0,0x0010
1502,2026-08-15T10:13:29.365725000-0500,4.498766000,192.168.0.178,192.168.0.148,25565,53414,1097386,1968,1460,0,0x0010
1503,2026-08-15T10:13:29.365935000-0500,4.498976000,192.168.0.178,192.168.0.148,25565,53414,1098846,1968,1460,0,0x0018
1504,2026-08-15T10:13:29.365935000-0500,4.498976000,192.168.0.178,192.168.0.148,25565,53414,1100306,1968,1460,0,0x0010
1505,2026-08-15T10:13:29.365958000-0500,4.498999000,192.168.0.148,192.168.0.178,53414,25565,1968,1101766,0,0,0x0010
1506,2026-08-15T10:13:29.366180000-0500,4.499221000,192.168.0.178,192.168.0.148,25565,53414,1101766,1968,1460,0,0x0010
1507,2026-08-15T10:13:29.366180000-0500,4.499221000,192.168.0.178,192.168.0.148,25565,53414,1103226,1968,1460,0,0x0010
1508,2026-08-15T10:13:29.366207000-0500,4.499248000,192.168.0.148,192.168.0.178,53414,25565,1968,1104686,0,0,0x0010
1509,2026-08-15T10:13:29.366427000-0500,4.499468000,192.168.0.178,192.168.0.148,25565,53414,1104686,1968,1460,0,0x0010
1510,2026-08-15T10:13:29.366427000-0500,4.499468000,192.168.0.178,192.168.0.148,25565,53414,1106146,1968,1460,0,0x0010
1511,2026-08-15T10:13:29.366452000-0500,4.499493000,192.168.0.148,192.168.0.178,53414,25565,1968,1107606,0,0,0x0010
1512,2026-08-15T10:13:29.366508000-0500,4.499549000,192.168.0.178,192.168.0.148,25565,53414,1107606,1968,995,0,0x0018
1513,2026-08-15T10:13:29.366515000-0500,4.499556000,192.168.0.148,192.168.0.178,53414,25565,1968,1108601,0,0,0x0010
1514,2026-08-15T10:13:29.381917000-0500,4.514958000,192.168.0.178,192.168.0.148,25565,53414,1108601,1968,1460,0,0x0010
1515,2026-08-15T10:13:29.381917000-0500,4.514958000,192.168.0.178,192.168.0.148,25565,53414,1110061,1968,1460,0,0x0010
1516,2026-08-15T10:13:29.381953000-0500,4.514994000,192.168.0.148,192.168.0.178,53414,25565,1968,1111521,0,0,0x0010
1517,2026-08-15T10:13:29.382021000-0500,4.515062000,192.168.0.178,192.168.0.148,25565,53414,1111521,1968,1460,0,0x0010
1518,2026-08-15T10:13:29.382251000-0500,4.515292000,192.168.0.178,192.168.0.148,25565,53414,1112981,1968,1460,0,0x0010
1519,2026-08-15T10:13:29.382251000-0500,4.515292000,192.168.0.178,192.168.0.148,25565,53414,1114441,1968,1460,0,0x0010
1520,2026-08-15T10:13:29.382274000-0500,4.515315000,192.168.0.148,192.168.0.178,53414,25565,1968,1115901,0,0,0x0010
1521,2026-08-15T10:13:29.382497000-0500,4.515538000,192.168.0.178,192.168.0.148,25565,53414,1115901,1968,1460,0,0x0010
1522,2026-08-15T10:13:29.382497000-0500,4.515538000,192.168.0.178,192.168.0.148,25565,53414,1117361,1968,1460,0,0x0010
1523,2026-08-15T10:13:29.382520000-0500,4.515561000,192.168.0.148,192.168.0.178,53414,25565,1968,1118821,0,0,0x0010
1524,2026-08-15T10:13:29.382772000-0500,4.515813000,192.168.0.178,192.168.0.148,25565,53414,1118821,1968,1460,0,0x0018
1525,2026-08-15T10:13:29.382798000-0500,4.515839000,192.168.0.148,192.168.0.178,53414,25565,1968,1120281,0,0,0x0010
1526,2026-08-15T10:13:29.384016000-0500,4.517057000,192.168.0.178,192.168.0.148,25565,53414,1120281,1968,1149,0,0x0018
1527,2026-08-15T10:13:29.393136000-0500,4.526177000,192.168.0.148,192.168.0.178,53414,25565,1968,1121430,28,0,0x0018
1528,2026-08-15T10:13:29.394042000-0500,4.527083000,192.168.0.148,192.168.0.178,53414,25565,1996,1121430,3,0,0x0018
1529,2026-08-15T10:13:29.394689000-0500,4.527730000,192.168.0.178,192.168.0.148,25565,53414,1121430,1999,0,0,0x0010
1530,2026-08-15T10:13:29.438191000-0500,4.571232000,192.168.0.178,192.168.0.148,25565,53414,1121430,1999,1460,0,0x0010
1531,2026-08-15T10:13:29.438191000-0500,4.571232000,192.168.0.178,192.168.0.148,25565,53414,1122890,1999,1460,0,0x0010
1532,2026-08-15T10:13:29.438235000-0500,4.571276000,192.168.0.148,192.168.0.178,53414,25565,1999,1124350,0,0,0x0010
1533,2026-08-15T10:13:29.438291000-0500,4.571332000,192.168.0.178,192.168.0.148,25565,53414,1124350,1999,1460,0,0x0010
1534,2026-08-15T10:13:29.438434000-0500,4.571475000,192.168.0.178,192.168.0.148,25565,53414,1125810,1999,1460,0,0x0010
1535,2026-08-15T10:13:29.438451000-0500,4.571492000,192.168.0.148,192.168.0.178,53414,25565,1999,1127270,0,0,0x0010
1536,2026-08-15T10:13:29.438521000-0500,4.571562000,192.168.0.178,192.168.0.148,25565,53414,1127270,1999,1460,0,0x0010
1537,2026-08-15T10:13:29.438774000-0500,4.571815000,192.168.0.178,192.168.0.148,25565,53414,1128730,1999,1460,0,0x0010
1538,2026-08-15T10:13:29.438774000-0500,4.571815000,192.168.0.178,192.168.0.148,25565,53414,1130190,1999,1460,0,0x0010
1539,2026-08-15T10:13:29.438792000-0500,4.571833000,192.168.0.148,192.168.0.178,53414,25565,1999,1131650,0,0,0x0010
1540,2026-08-15T10:13:29.439011000-0500,4.572052000,192.168.0.178,192.168.0.148,25565,53414,1131650,1999,1460,0,0x0018
1541,2026-08-15T10:13:29.439011000-0500,4.572052000,192.168.0.178,192.168.0.148,25565,53414,1133110,1999,1460,0,0x0010
1542,2026-08-15T10:13:29.439029000-0500,4.572070000,192.168.0.148,192.168.0.178,53414,25565,1999,1134570,0,0,0x0010
1543,2026-08-15T10:13:29.439212000-0500,4.572253000,192.168.0.178,192.168.0.148,25565,53414,1134570,1999,1460,0,0x0010
1544,2026-08-15T10:13:29.439233000-0500,4.572274000,192.168.0.148,192.168.0.178,53414,25565,1999,1136030,0,0,0x0010
1545,2026-08-15T10:13:29.439286000-0500,4.572327000,192.168.0.178,192.168.0.148,25565,53414,1136030,1999,1427,0,0x0018
1546,2026-08-15T10:13:29.442901000-0500,4.575942000,192.168.0.148,192.168.0.178,53414,25565,1999,1137457,36,0,0x0018
1547,2026-08-15T10:13:29.443609000-0500,4.576650000,192.168.0.148,192.168.0.178,53414,25565,2035,1137457,3,0,0x0018
1548,2026-08-15T10:13:29.444279000-0500,4.577320000,192.168.0.178,192.168.0.148,25565,53414,1137457,2038,0,0,0x0010
1549,2026-08-15T10:13:29.488316000-0500,4.621357000,192.168.0.178,192.168.0.148,25565,53414,1137457,2038,1460,0,0x0010
1550,2026-08-15T10:13:29.488316000-0500,4.621357000,192.168.0.178,192.168.0.148,25565,53414,1138917,2038,1460,0,0x0010
1551,2026-08-15T10:13:29.488368000-0500,4.621409000,192.168.0.148,192.168.0.178,53414,25565,2038,1140377,0,0,0x0010
1552,2026-08-15T10:13:29.488422000-0500,4.621463000,192.168.0.178,192.168.0.148,25565,53414,1140377,2038,1460,0,0x0010
1553,2026-08-15T10:13:29.488646000-0500,4.621687000,192.168.0.178,192.168.0.148,25565,53414,1141837,2038,1460,0,0x0010
1554,2026-08-15T10:13:29.488646000-0500,4.621687000,192.168.0.178,192.168.0.148,25565,53414,1143297,2038,1460,0,0x0010
1555,2026-08-15T10:13:29.488672000-0500,4.621713000,192.168.0.148,192.168.0.178,53414,25565,2038,1144757,0,0,0x0010
1556,2026-08-15T10:13:29.488895000-0500,4.621936000,192.168.0.178,192.168.0.148,25565,53414,1144757,2038,1460,0,0x0010
1557,2026-08-15T10:13:29.488895000-0500,4.621936000,192.168.0.178,192.168.0.148,25565,53414,1146217,2038,1460,0,0x0010
1558,2026-08-15T10:13:29.488921000-0500,4.621962000,192.168.0.148,192.168.0.178,53414,25565,2038,1147677,0,0,0x0010
1559,2026-08-15T10:13:29.489143000-0500,4.622184000,192.168.0.178,192.168.0.148,25565,53414,1147677,2038,1460,0,0x0018
1560,2026-08-15T10:13:29.489143000-0500,4.622184000,192.168.0.178,192.168.0.148,25565,53414,1149137,2038,1460,0,0x0010
1561,2026-08-15T10:13:29.489172000-0500,4.622213000,192.168.0.148,192.168.0.178,53414,25565,2038,1150597,0,0,0x0010
1562,2026-08-15T10:13:29.489386000-0500,4.622427000,192.168.0.178,192.168.0.148,25565,53414,1150597,2038,1460,0,0x0010
1563,2026-08-15T10:13:29.489386000-0500,4.622427000,192.168.0.178,192.168.0.148,25565,53414,1152057,2038,1460,0,0x0010
1564,2026-08-15T10:13:29.489412000-0500,4.622453000,192.168.0.148,192.168.0.178,53414,25565,2038,1153517,0,0,0x0010
1565,2026-08-15T10:13:29.489654000-0500,4.622695000,192.168.0.178,192.168.0.148,25565,53414,1153517,2038,1460,0,0x0010
1566,2026-08-15T10:13:29.489654000-0500,4.622695000,192.168.0.178,192.168.0.148,25565,53414,1154977,2038,285,0,0x0018
1567,2026-08-15T10:13:29.489681000-0500,4.622722000,192.168.0.148,192.168.0.178,53414,25565,2038,1155262,0,0,0x0010
1568,2026-08-15T10:13:29.492707000-0500,4.625748000,192.168.0.148,192.168.0.178,53414,25565,2038,1155262,36,0,0x0018
1569,2026-08-15T10:13:29.493604000-0500,4.626645000,192.168.0.148,192.168.0.178,53414,25565,2074,1155262,3,0,0x0018
1570,2026-08-15T10:13:29.493933000-0500,4.626974000,192.168.0.178,192.168.0.148,25565,53414,1155262,2077,0,0,0x0010
1571,2026-08-15T10:13:29.537926000-0500,4.670967000,192.168.0.178,192.168.0.148,25565,53414,1155262,2077,1460,0,0x0010
1572,2026-08-15T10:13:29.537926000-0500,4.670967000,192.168.0.178,192.168.0.148,25565,53414,1156722,2077,1460,0,0x0010
1573,2026-08-15T10:13:29.537984000-0500,4.671025000,192.168.0.148,192.168.0.178,53414,25565,2077,1158182,0,0,0x0010
1574,2026-08-15T10:13:29.538023000-0500,4.671064000,192.168.0.178,192.168.0.148,25565,53414,1158182,2077,1460,0,0x0010
1575,2026-08-15T10:13:29.538265000-0500,4.671306000,192.168.0.178,192.168.0.148,25565,53414,1159642,2077,1460,0,0x0010
1576,2026-08-15T10:13:29.538265000-0500,4.671306000,192.168.0.178,192.168.0.148,25565,53414,1161102,2077,1460,0,0x0010
1577,2026-08-15T10:13:29.538304000-0500,4.671345000,192.168.0.148,192.168.0.178,53414,25565,2077,1162562,0,0,0x0010
1578,2026-08-15T10:13:29.538381000-0500,4.671422000,192.168.0.178,192.168.0.148,25565,53414,1162562,2077,1460,0,0x0010
1579,2026-08-15T10:13:29.538390000-0500,4.671431000,192.168.0.148,192.168.0.178,53414,25565,2077,1164022,0,0,0x0010
1580,2026-08-15T10:13:29.538606000-0500,4.671647000,192.168.0.178,192.168.0.148,25565,53414,1164022,2077,1460,0,0x0010
1581,2026-08-15T10:13:29.538669000-0500,4.671710000,192.168.0.178,192.168.0.148,25565,53414,1165482,2077,1460,0,0x0018
1582,2026-08-15T10:13:29.538681000-0500,4.671722000,192.168.0.148,192.168.0.178,53414,25565,2077,1166942,0,0,0x0010
1583,2026-08-15T10:13:29.538764000-0500,4.671805000,192.168.0.178,192.168.0.148,25565,53414,1166942,2077,1460,0,0x0010
1584,2026-08-15T10:13:29.538999000-0500,4.672040000,192.168.0.178,192.168.0.148,25565,53414,1168402,2077,1460,0,0x0010
1585,2026-08-15T10:13:29.538999000-0500,4.672040000,192.168.0.178,192.168.0.148,25565,53414,1169862,2077,1460,0,0x0010
1586,2026-08-15T10:13:29.539039000-0500,4.672080000,192.168.0.148,192.168.0.178,53414,25565,2077,1171322,0,0,0x0010
1587,2026-08-15T10:13:29.539186000-0500,4.672227000,192.168.0.178,192.168.0.148,25565,53414,1171322,2077,1460,0,0x0010
1588,2026-08-15T10:13:29.539200000-0500,4.672241000,192.168.0.148,192.168.0.178,53414,25565,2077,1172782,0,0,0x0010
1589,2026-08-15T10:13:29.539255000-0500,4.672296000,192.168.0.178,192.168.0.148,25565,53414,1172782,2077,1460,0,0x0010
1590,2026-08-15T10:13:29.539255000-0500,4.672296000,192.168.0.178,192.168.0.148,25565,53414,1174242,2077,116,0,0x0018
1591,2026-08-15T10:13:29.539264000-0500,4.672305000,192.168.0.148,192.168.0.178,53414,25565,2077,1174358,0,0,0x0010
1592,2026-08-15T10:13:29.543659000-0500,4.676700000,192.168.0.148,192.168.0.178,53414,25565,2077,1174358,36,0,0x0018
1593,2026-08-15T10:13:29.544575000-0500,4.677616000,192.168.0.148,192.168.0.178,53414,25565,2113,1174358,3,0,0x0018
1594,2026-08-15T10:13:29.545177000-0500,4.678218000,192.168.0.178,192.168.0.148,25565,53414,1174358,2116,0,0,0x0010
1595,2026-08-15T10:13:29.584836000-0500,4.717877000,192.168.0.178,192.168.0.148,25565,53414,1174358,2116,1460,0,0x0010
1596,2026-08-15T10:13:29.584836000-0500,4.717877000,192.168.0.178,192.168.0.148,25565,53414,1175818,2116,1460,0,0x0010
1597,2026-08-15T10:13:29.584883000-0500,4.717924000,192.168.0.148,192.168.0.178,53414,25565,2116,1177278,0,0,0x0010
1598,2026-08-15T10:13:29.584939000-0500,4.717980000,192.168.0.178,192.168.0.148,25565,53414,1177278,2116,1460,0,0x0010
1599,2026-08-15T10:13:29.585173000-0500,4.718214000,192.168.0.178,192.168.0.148,25565,53414,1178738,2116,1460,0,0x0010
1600,2026-08-15T10:13:29.585173000-0500,4.718214000,192.168.0.178,192.168.0.148,25565,53414,1180198,2116,1460,0,0x0010
1601,2026-08-15T10:13:29.585206000-0500,4.718247000,192.168.0.148,192.168.0.178,53414,25565,2116,1181658,0,0,0x0010
1602,2026-08-15T10:13:29.585421000-0500,4.718462000,192.168.0.178,192.168.0.148,25565,53414,1181658,2116,1460,0,0x0010
1603,2026-08-15T10:13:29.585421000-0500,4.718462000,192.168.0.178,192.168.0.148,25565,53414,1183118,2116,1460,0,0x0010
1604,2026-08-15T10:13:29.585452000-0500,4.718493000,192.168.0.148,192.168.0.178,53414,25565,2116,1184578,0,0,0x0010
1605,2026-08-15T10:13:29.585666000-0500,4.718707000,192.168.0.178,192.168.0.148,25565,53414,1184578,2116,1460,0,0x0018
1606,2026-08-15T10:13:29.585666000-0500,4.718707000,192.168.0.178,192.168.0.148,25565,53414,1186038,2116,1460,0,0x0010
1607,2026-08-15T10:13:29.585697000-0500,4.718738000,192.168.0.148,192.168.0.178,53414,25565,2116,1187498,0,0,0x0010
1608,2026-08-15T10:13:29.585913000-0500,4.718954000,192.168.0.178,192.168.0.148,25565,53414,1187498,2116,1460,0,0x0010
1609,2026-08-15T10:13:29.585913000-0500,4.718954000,192.168.0.178,192.168.0.148,25565,53414,1188958,2116,1460,0,0x0010
1610,2026-08-15T10:13:29.585944000-0500,4.718985000,192.168.0.148,192.168.0.178,53414,25565,2116,1190418,0,0,0x0010
1611,2026-08-15T10:13:29.586134000-0500,4.719175000,192.168.0.178,192.168.0.148,25565,53414,1190418,2116,1460,0,0x0010
1612,2026-08-15T10:13:29.586134000-0500,4.719175000,192.168.0.178,192.168.0.148,25565,53414,1191878,2116,717,0,0x0018
1613,2026-08-15T10:13:29.586174000-0500,4.719215000,192.168.0.148,192.168.0.178,53414,25565,2116,1192595,0,0,0x0010
1614,2026-08-15T10:13:29.592430000-0500,4.725471000,192.168.0.148,192.168.0.178,53414,25565,2116,1192595,36,0,0x0018
1615,2026-08-15T10:13:29.593037000-0500,4.726078000,192.168.0.148,192.168.0.178,53414,25565,2152,1192595,3,0,0x0018
1616,2026-08-15T10:13:29.593619000-0500,4.726660000,192.168.0.178,192.168.0.148,25565,53414,1192595,2155,0,0,0x0010
1617,2026-08-15T10:13:29.642488000-0500,4.775529000,192.168.0.148,192.168.0.178,53414,25565,2155,1192595,36,0,0x0018
1618,2026-08-15T10:13:29.643106000-0500,4.776147000,192.168.0.148,192.168.0.178,53414,25565,2191,1192595,3,0,0x0018
1619,2026-08-15T10:13:29.643330000-0500,4.776371000,192.168.0.178,192.168.0.148,25565,53414,1192595,2155,1460,0,0x0010
1620,2026-08-15T10:13:29.643360000-0500,4.776401000,192.168.0.148,192.168.0.178,53414,25565,2194,1194055,0,0,0x0010
1621,2026-08-15T10:13:29.643426000-0500,4.776467000,192.168.0.178,192.168.0.148,25565,53414,1194055,2155,1460,0,0x0010
1622,2026-08-15T10:13:29.643433000-0500,4.776474000,192.168.0.148,192.168.0.178,53414,25565,2194,1195515,0,0,0x0010
1623,2026-08-15T10:13:29.643676000-0500,4.776717000,192.168.0.178,192.168.0.148,25565,53414,1195515,2155,1460,0,0x0010
1624,2026-08-15T10:13:29.643676000-0500,4.776717000,192.168.0.178,192.168.0.148,25565,53414,1196975,2155,1460,0,0x0010
1625,2026-08-15T10:13:29.643699000-0500,4.776740000,192.168.0.148,192.168.0.178,53414,25565,2194,1198435,0,0,0x0010
1626,2026-08-15T10:13:29.643941000-0500,4.776982000,192.168.0.178,192.168.0.148,25565,53414,1198435,2155,1460,0,0x0010
1627,2026-08-15T10:13:29.643941000-0500,4.776982000,192.168.0.178,192.168.0.148,25565,53414,1199895,2155,1460,0,0x0010
1628,2026-08-15T10:13:29.643959000-0500,4.777000000,192.168.0.148,192.168.0.178,53414,25565,2194,1201355,0,0,0x0010
1629,2026-08-15T10:13:29.644168000-0500,4.777209000,192.168.0.178,192.168.0.148,25565,53414,1201355,2155,1460,0,0x0010
1630,2026-08-15T10:13:29.644168000-0500,4.777209000,192.168.0.178,192.168.0.148,25565,53414,1202815,2155,1460,0,0x0018
1631,2026-08-15T10:13:29.644186000-0500,4.777227000,192.168.0.148,192.168.0.178,53414,25565,2194,1204275,0,0,0x0010
1632,2026-08-15T10:13:29.644441000-0500,4.777482000,192.168.0.178,192.168.0.148,25565,53414,1204275,2155,1460,0,0x0010
1633,2026-08-15T10:13:29.644441000-0500,4.777482000,192.168.0.178,192.168.0.148,25565,53414,1205735,2155,119,0,0x0018
1634,2026-08-15T10:13:29.644441000-0500,4.777482000,192.168.0.178,192.168.0.148,25565,53414,1205854,2194,0,0,0x0010
1635,2026-08-15T10:13:29.644463000-0500,4.777504000,192.168.0.148,192.168.0.178,53414,25565,2194,1205854,0,0,0x0010
1636,2026-08-15T10:13:29.687821000-0500,4.820862000,192.168.0.178,192.168.0.148,25565,53414,1205854,2194,1460,0,0x0010
1637,2026-08-15T10:13:29.687821000-0500,4.820862000,192.168.0.178,192.168.0.148,25565,53414,1207314,2194,1460,0,0x0010
1638,2026-08-15T10:13:29.687878000-0500,4.820919000,192.168.0.148,192.168.0.178,53414,25565,2194,1208774,0,0,0x0010
1639,2026-08-15T10:13:29.687938000-0500,4.820979000,192.168.0.178,192.168.0.148,25565,53414,1208774,2194,1460,0,0x0010
1640,2026-08-15T10:13:29.688170000-0500,4.821211000,192.168.0.178,192.168.0.148,25565,53414,1210234,2194,1460,0,0x0010
1641,2026-08-15T10:13:29.688170000-0500,4.821211000,192.168.0.178,192.168.0.148,25565,53414,1211694,2194,1460,0,0x0010
1642,2026-08-15T10:13:29.688212000-0500,4.821253000,192.168.0.148,192.168.0.178,53414,25565,2194,1213154,0,0,0x0010
1643,2026-08-15T10:13:29.688329000-0500,4.821370000,192.168.0.178,192.168.0.148,25565,53414,1213154,2194,1460,0,0x0010
1644,2026-08-15T10:13:29.688346000-0500,4.821387000,192.168.0.148,192.168.0.178,53414,25565,2194,1214614,0,0,0x0010
1645,2026-08-15T10:13:29.688403000-0500,4.821444000,192.168.0.178,192.168.0.148,25565,53414,1214614,2194,1460,0,0x0010
1646,2026-08-15T10:13:29.688714000-0500,4.821755000,192.168.0.178,192.168.0.148,25565,53414,1216074,2194,1460,0,0x0018
1647,2026-08-15T10:13:29.688756000-0500,4.821797000,192.168.0.148,192.168.0.178,53414,25565,2194,1217534,0,0,0x0010
1648,2026-08-15T10:13:29.690629000-0500,4.823670000,192.168.0.178,192.168.0.148,25565,53414,1217534,2194,1460,0,0x0010
1649,2026-08-15T10:13:29.690629000-0500,4.823670000,192.168.0.178,192.168.0.148,25565,53414,1218994,2194,1460,0,0x0010
1650,2026-08-15T10:13:29.690659000-0500,4.823700000,192.168.0.148,192.168.0.178,53414,25565,2194,1220454,0,0,0x0010
1651,2026-08-15T10:13:29.690741000-0500,4.823782000,192.168.0.178,192.168.0.148,25565,53414,1220454,2194,1460,0,0x0010
1652,2026-08-15T10:13:29.690807000-0500,4.823848000,192.168.0.178,192.168.0.148,25565,53414,1221914,2194,996,0,0x0018
1653,2026-08-15T10:13:29.690816000-0500,4.823857000,192.168.0.148,192.168.0.178,53414,25565,2194,1222910,0,0,0x0010
1654,2026-08-15T10:13:29.692626000-0500,4.825667000,192.168.0.148,192.168.0.178,53414,25565,2194,1222910,36,0,0x0018
1655,2026-08-15T10:13:29.693336000-0500,4.826377000,192.168.0.148,192.168.0.178,53414,25565,2230,1222910,3,0,0x0018
1656,2026-08-15T10:13:29.693904000-0500,4.826945000,192.168.0.178,192.168.0.148,25565,53414,1222910,2233,0,0,0x0010
1657,2026-08-15T10:13:29.741951000-0500,4.874992000,192.168.0.178,192.168.0.148,25565,53414,1222910,2233,1460,0,0x0010
1658,2026-08-15T10:13:29.741951000-0500,4.874992000,192.168.0.178,192.168.0.148,25565,53414,1224370,2233,1460,0,0x0010
1659,2026-08-15T10:13:29.742048000-0500,4.875089000,192.168.0.148,192.168.0.178,53414,25565,2233,1225830,0,0,0x0010
1660,2026-08-15T10:13:29.742124000-0500,4.875165000,192.168.0.178,192.168.0.148,25565,53414,1225830,2233,1460,0,0x0010
1661,2026-08-15T10:13:29.742124000-0500,4.875165000,192.168.0.178,192.168.0.148,25565,53414,1227290,2233,1460,0,0x0010
1662,2026-08-15T10:13:29.742134000-0500,4.875175000,192.168.0.148,192.168.0.178,53414,25565,2233,1228750,0,0,0x0010
1663,2026-08-15T10:13:29.742319000-0500,4.875360000,192.168.0.178,192.168.0.148,25565,53414,1228750,2233,1460,0,0x0010
1664,2026-08-15T10:13:29.742377000-0500,4.875418000,192.168.0.178,192.168.0.148,25565,53414,1230210,2233,1460,0,0x0010
1665,2026-08-15T10:13:29.742384000-0500,4.875425000,192.168.0.148,192.168.0.178,53414,25565,2233,1231670,0,0,0x0010
1666,2026-08-15T10:13:29.742494000-0500,4.875535000,192.168.0.148,192.168.0.178,53414,25565,2233,1231670,36,0,0x0018
1667,2026-08-15T10:13:29.742587000-0500,4.875628000,192.168.0.178,192.168.0.148,25565,53414,1231670,2233,1460,0,0x0010
1668,2026-08-15T10:13:29.742587000-0500,4.875628000,192.168.0.178,192.168.0.148,25565,53414,1233130,2233,1460,0,0x0018
1669,2026-08-15T10:13:29.742611000-0500,4.875652000,192.168.0.148,192.168.0.178,53414,25565,2269,1234590,0,0,0x0010
1670,2026-08-15T10:13:29.742815000-0500,4.875856000,192.168.0.178,192.168.0.148,25565,53414,1234590,2233,1460,0,0x0010
1671,2026-08-15T10:13:29.742838000-0500,4.875879000,192.168.0.148,192.168.0.178,53414,25565,2269,1236050,0,0,0x0010
1672,2026-08-15T10:13:29.742888000-0500,4.875929000,192.168.0.178,192.168.0.148,25565,53414,1236050,2233,1460,0,0x0010
1673,2026-08-15T10:13:29.742893000-0500,4.875934000,192.168.0.148,192.168.0.178,53414,25565,2269,1237510,0,0,0x0010
1674,2026-08-15T10:13:29.743076000-0500,4.876117000,192.168.0.178,192.168.0.148,25565,53414,1237510,2233,1460,0,0x0010
1675,2026-08-15T10:13:29.743076000-0500,4.876117000,192.168.0.178,192.168.0.148,25565,53414,1238970,2233,1460,0,0x0010
1676,2026-08-15T10:13:29.743094000-0500,4.876135000,192.168.0.148,192.168.0.178,53414,25565,2269,1240430,0,0,0x0010
1677,2026-08-15T10:13:29.743178000-0500,4.876219000,192.168.0.148,192.168.0.178,53414,25565,2269,1240430,3,0,0x0018
1678,2026-08-15T10:13:29.743299000-0500,4.876340000,192.168.0.178,192.168.0.148,25565,53414,1240430,2233,1460,0,0x0010
1679,2026-08-15T10:13:29.743299000-0500,4.876340000,192.168.0.178,192.168.0.148,25565,53414,1241890,2233,1173,0,0x0018
1680,2026-08-15T10:13:29.743328000-0500,4.876369000,192.168.0.148,192.168.0.178,53414,25565,2272,1243063,0,0,0x0010
1681,2026-08-15T10:13:29.745462000-0500,4.878503000,192.168.0.178,192.168.0.148,25565,53414,1243063,2272,0,0,0x0010
1682,2026-08-15T10:13:29.789618000-0500,4.922659000,192.168.0.178,192.168.0.148,25565,53414,1243063,2272,1460,0,0x0010
1683,2026-08-15T10:13:29.789618000-0500,4.922659000,192.168.0.178,192.168.0.148,25565,53414,1244523,2272,1460,0,0x0010
1684,2026-08-15T10:13:29.789688000-0500,4.922729000,192.168.0.148,192.168.0.178,53414,25565,2272,1245983,0,0,0x0010
1685,2026-08-15T10:13:29.789748000-0500,4.922789000,192.168.0.178,192.168.0.148,25565,53414,1245983,2272,1460,0,0x0010
1686,2026-08-15T10:13:29.789879000-0500,4.922920000,192.168.0.178,192.168.0.148,25565,53414,1247443,2272,1460,0,0x0010
1687,2026-08-15T10:13:29.789895000-0500,4.922936000,192.168.0.148,192.168.0.178,53414,25565,2272,1248903,0,0,0x0010
1688,2026-08-15T10:13:29.789956000-0500,4.922997000,192.168.0.178,192.168.0.148,25565,53414,1248903,2272,1460,0,0x0010
1689,2026-08-15T10:13:29.790224000-0500,4.923265000,192.168.0.178,192.168.0.148,25565,53414,1250363,2272,1460,0,0x0010
1690,2026-08-15T10:13:29.790224000-0500,4.923265000,192.168.0.178,192.168.0.148,25565,53414,1251823,2272,1460,0,0x0010
1691,2026-08-15T10:13:29.790276000-0500,4.923317000,192.168.0.148,192.168.0.178,53414,25565,2272,1253283,0,0,0x0010
1692,2026-08-15T10:13:29.790343000-0500,4.923384000,192.168.0.178,192.168.0.148,25565,53414,1253283,2272,1460,0,0x0018
1693,2026-08-15T10:13:29.790354000-0500,4.923395000,192.168.0.148,192.168.0.178,53414,25565,2272,1254743,0,0,0x0010
1694,2026-08-15T10:13:29.790591000-0500,4.923632000,192.168.0.178,192.168.0.148,25565,53414,1254743,2272,1460,0,0x0010
1695,2026-08-15T10:13:29.790591000-0500,4.923632000,192.168.0.178,192.168.0.148,25565,53414,1256203,2272,1460,0,0x0010
1696,2026-08-15T10:13:29.790643000-0500,4.923684000,192.168.0.148,192.168.0.178,53414,25565,2272,1257663,0,0,0x0010
1697,2026-08-15T10:13:29.790711000-0500,4.923752000,192.168.0.178,192.168.0.148,25565,53414,1257663,2272,1460,0,0x0010
1698,2026-08-15T10:13:29.790763000-0500,4.923804000,192.168.0.178,192.168.0.148,25565,53414,1259123,2272,650,0,0x0018
1699,2026-08-15T10:13:29.790781000-0500,4.923822000,192.168.0.148,192.168.0.178,53414,25565,2272,1259773,0,0,0x0010
1700,2026-08-15T10:13:29.794108000-0500,4.927149000,192.168.0.148,192.168.0.178,53414,25565,2272,1259773,28,0,0x0018
1701,2026-08-15T10:13:29.795187000-0500,4.928228000,192.168.0.148,192.168.0.178,53414,25565,2300,1259773,3,0,0x0018
1702,2026-08-15T10:13:29.795799000-0500,4.928840000,192.168.0.178,192.168.0.148,25565,53414,1259773,2303,0,0,0x0010
1703,2026-08-15T10:13:29.834157000-0500,4.967198000,192.168.0.178,192.168.0.148,25565,53414,1259773,2303,1460,0,0x0010
1704,2026-08-15T10:13:29.834157000-0500,4.967198000,192.168.0.178,192.168.0.148,25565,53414,1261233,2303,1460,0,0x0010
1705,2026-08-15T10:13:29.834207000-0500,4.967248000,192.168.0.148,192.168.0.178,53414,25565,2303,1262693,0,0,0x0010
1706,2026-08-15T10:13:29.834268000-0500,4.967309000,192.168.0.178,192.168.0.148,25565,53414,1262693,2303,1460,0,0x0010
1707,2026-08-15T10:13:29.834488000-0500,4.967529000,192.168.0.178,192.168.0.148,25565,53414,1264153,2303,1460,0,0x0010
1708,2026-08-15T10:13:29.834488000-0500,4.967529000,192.168.0.178,192.168.0.148,25565,53414,1265613,2303,1460,0,0x0010
1709,2026-08-15T10:13:29.834507000-0500,4.967548000,192.168.0.148,192.168.0.178,53414,25565,2303,1267073,0,0,0x0010
1710,2026-08-15T10:13:29.834727000-0500,4.967768000,192.168.0.178,192.168.0.148,25565,53414,1267073,2303,1460,0,0x0010
1711,2026-08-15T10:13:29.834727000-0500,4.967768000,192.168.0.178,192.168.0.148,25565,53414,1268533,2303,1460,0,0x0010
1712,2026-08-15T10:13:29.834746000-0500,4.967787000,192.168.0.148,192.168.0.178,53414,25565,2303,1269993,0,0,0x0010
1713,2026-08-15T10:13:29.834986000-0500,4.968027000,192.168.0.178,192.168.0.148,25565,53414,1269993,2303,1460,0,0x0018
1714,2026-08-15T10:13:29.835004000-0500,4.968045000,192.168.0.148,192.168.0.178,53414,25565,2303,1271453,0,0,0x0010
1715,2026-08-15T10:13:29.836430000-0500,4.969471000,192.168.0.178,192.168.0.148,25565,53414,1271453,2303,1460,0,0x0010
1716,2026-08-15T10:13:29.836430000-0500,4.969471000,192.168.0.178,192.168.0.148,25565,53414,1272913,2303,1415,0,0x0018
1717,2026-08-15T10:13:29.836449000-0500,4.969490000,192.168.0.148,192.168.0.178,53414,25565,2303,1274328,0,0,0x0010
1718,2026-08-15T10:13:29.842218000-0500,4.975259000,192.168.0.148,192.168.0.178,53414,25565,2303,1274328,28,0,0x0018
1719,2026-08-15T10:13:29.842903000-0500,4.975944000,192.168.0.148,192.168.0.178,53414,25565,2331,1274328,3,0,0x0018
1720,2026-08-15T10:13:29.885509000-0500,5.018550000,192.168.0.178,192.168.0.148,25565,53414,1274328,2334,0,0,0x0010
1721,2026-08-15T10:13:29.892593000-0500,5.025634000,192.168.0.148,192.168.0.178,53414,25565,2334,1274328,28,0,0x0018
1722,2026-08-15T10:13:29.893518000-0500,5.026559000,192.168.0.148,192.168.0.178,53414,25565,2362,1274328,3,0,0x0018
1723,2026-08-15T10:13:29.897131000-0500,5.030172000,192.168.0.178,192.168.0.148,25565,53414,1274328,2365,0,0,0x0010
1724,2026-08-15T10:13:29.908837000-0500,5.041878000,192.168.0.178,192.168.0.148,25565,53414,1274328,2365,1460,0,0x0010
1725,2026-08-15T10:13:29.908837000-0500,5.041878000,192.168.0.178,192.168.0.148,25565,53414,1275788,2365,1460,0,0x0010
1726,2026-08-15T10:13:29.908917000-0500,5.041958000,192.168.0.148,192.168.0.178,53414,25565,2365,1277248,0,0,0x0010
1727,2026-08-15T10:13:29.908967000-0500,5.042008000,192.168.0.178,192.168.0.148,25565,53414,1277248,2365,1460,0,0x0010
1728,2026-08-15T10:13:29.909095000-0500,5.042136000,192.168.0.178,192.168.0.148,25565,53414,1278708,2365,1460,0,0x0010
1729,2026-08-15T10:13:29.909109000-0500,5.042150000,192.168.0.148,192.168.0.178,53414,25565,2365,1280168,0,0,0x0010
1730,2026-08-15T10:13:29.909170000-0500,5.042211000,192.168.0.178,192.168.0.148,25565,53414,1280168,2365,1460,0,0x0010
1731,2026-08-15T10:13:29.909400000-0500,5.042441000,192.168.0.178,192.168.0.148,25565,53414,1281628,2365,1460,0,0x0010
1732,2026-08-15T10:13:29.909435000-0500,5.042476000,192.168.0.148,192.168.0.178,53414,25565,2365,1283088,0,0,0x0010
1733,2026-08-15T10:13:29.909468000-0500,5.042509000,192.168.0.178,192.168.0.148,25565,53414,1283088,2365,1460,0,0x0010
1734,2026-08-15T10:13:29.909536000-0500,5.042577000,192.168.0.178,192.168.0.148,25565,53414,1284548,2365,1460,0,0x0018
1735,2026-08-15T10:13:29.909543000-0500,5.042584000,192.168.0.148,192.168.0.178,53414,25565,2365,1286008,0,0,0x0010
1736,2026-08-15T10:13:29.909790000-0500,5.042831000,192.168.0.178,192.168.0.148,25565,53414,1286008,2365,1460,0,0x0010
1737,2026-08-15T10:13:29.909790000-0500,5.042831000,192.168.0.178,192.168.0.148,25565,53414,1287468,2365,1460,0,0x0010
1738,2026-08-15T10:13:29.909835000-0500,5.042876000,192.168.0.148,192.168.0.178,53414,25565,2365,1288928,0,0,0x0010
1739,2026-08-15T10:13:29.909905000-0500,5.042946000,192.168.0.178,192.168.0.148,25565,53414,1288928,2365,1460,0,0x0010
1740,2026-08-15T10:13:29.910167000-0500,5.043208000,192.168.0.178,192.168.0.148,25565,53414,1290388,2365,1460,0,0x0010
1741,2026-08-15T10:13:29.910167000-0500,5.043208000,192.168.0.178,192.168.0.148,25565,53414,1291848,2365,1460,0,0x0010
1742,2026-08-15T10:13:29.910215000-0500,5.043256000,192.168.0.148,192.168.0.178,53414,25565,2365,1293308,0,0,0x0010
1743,2026-08-15T10:13:29.910278000-0500,5.043319000,192.168.0.178,192.168.0.148,25565,53414,1293308,2365,1460,0,0x0010
1744,2026-08-15T10:13:29.910287000-0500,5.043328000,192.168.0.148,192.168.0.178,53414,25565,2365,1294768,0,0,0x0010
1745,2026-08-15T10:13:29.910529000-0500,5.043570000,192.168.0.178,192.168.0.148,25565,53414,1294768,2365,1460,0,0x0010
1746,2026-08-15T10:13:29.910529000-0500,5.043570000,192.168.0.178,192.168.0.148,25565,53414,1296228,2365,1460,0,0x0018
1747,2026-08-15T10:13:29.910568000-0500,5.043609000,192.168.0.148,192.168.0.178,53414,25565,2365,1297688,0,0,0x0010
1748,2026-08-15T10:13:29.910646000-0500,5.043687000,192.168.0.178,192.168.0.148,25565,53414,1297688,2365,1460,0,0x0010
1749,2026-08-15T10:13:29.913366000-0500,5.046407000,192.168.0.178,192.168.0.148,25565,53414,1299148,2365,41,0,0x0018
1750,2026-08-15T10:13:29.913397000-0500,5.046438000,192.168.0.148,192.168.0.178,53414,25565,2365,1299189,0,0,0x0010
1751,2026-08-15T10:13:29.935937000-0500,5.068978000,192.168.0.178,192.168.0.148,25565,53414,1299189,2365,1460,0,0x0010
1752,2026-08-15T10:13:29.935937000-0500,5.068978000,192.168.0.178,192.168.0.148,25565,53414,1300649,2365,1460,0,0x0010
1753,2026-08-15T10:13:29.935987000-0500,5.069028000,192.168.0.148,192.168.0.178,53414,25565,2365,1302109,0,0,0x0010
1754,2026-08-15T10:13:29.936039000-0500,5.069080000,192.168.0.178,192.168.0.148,25565,53414,1302109,2365,1460,0,0x0010
1755,2026-08-15T10:13:29.936201000-0500,5.069242000,192.168.0.178,192.168.0.148,25565,53414,1303569,2365,1460,0,0x0010
1756,2026-08-15T10:13:29.936201000-0500,5.069242000,192.168.0.178,192.168.0.148,25565,53414,1305029,2365,1460,0,0x0010
1757,2026-08-15T10:13:29.936221000-0500,5.069262000,192.168.0.148,192.168.0.178,53414,25565,2365,1306489,0,0,0x0010
1758,2026-08-15T10:13:29.936464000-0500,5.069505000,192.168.0.178,192.168.0.148,25565,53414,1306489,2365,1460,0,0x0010
1759,2026-08-15T10:13:29.936464000-0500,5.069505000,192.168.0.178,192.168.0.148,25565,53414,1307949,2365,283,0,0x0018
1760,2026-08-15T10:13:29.936489000-0500,5.069530000,192.168.0.148,192.168.0.178,53414,25565,2365,1308232,0,0,0x0010
1761,2026-08-15T10:13:29.943138000-0500,5.076179000,192.168.0.148,192.168.0.178,53414,25565,2365,1308232,28,0,0x0018
1762,2026-08-15T10:13:29.943915000-0500,5.076956000,192.168.0.148,192.168.0.178,53414,25565,2393,1308232,3,0,0x0018
1763,2026-08-15T10:13:29.944515000-0500,5.077556000,192.168.0.178,192.168.0.148,25565,53414,1308232,2396,0,0,0x0010
1764,2026-08-15T10:13:29.992931000-0500,5.125972000,192.168.0.148,192.168.0.178,53414,25565,2396,1308232,28,0,0x0018
1765,2026-08-15T10:13:29.993808000-0500,5.126849000,192.168.0.148,192.168.0.178,53414,25565,2424,1308232,3,0,0x0018
1766,2026-08-15T10:13:29.995942000-0500,5.128983000,192.168.0.178,192.168.0.148,25565,53414,1308232,2427,0,0,0x0010
1767,2026-08-15T10:13:30.011507000-0500,5.144548000,192.168.0.178,192.168.0.148,25565,53414,1308232,2427,1460,0,0x0010
1768,2026-08-15T10:13:30.011507000-0500,5.144548000,192.168.0.178,192.168.0.148,25565,53414,1309692,2427,1460,0,0x0010
1769,2026-08-15T10:13:30.011551000-0500,5.144592000,192.168.0.148,192.168.0.178,53414,25565,2427,1311152,0,0,0x0010
1770,2026-08-15T10:13:30.011609000-0500,5.144650000,192.168.0.178,192.168.0.148,25565,53414,1311152,2427,1460,0,0x0010
1771,2026-08-15T10:13:30.011854000-0500,5.144895000,192.168.0.178,192.168.0.148,25565,53414,1312612,2427,1460,0,0x0010
1772,2026-08-15T10:13:30.011854000-0500,5.144895000,192.168.0.178,192.168.0.148,25565,53414,1314072,2427,1460,0,0x0010
1773,2026-08-15T10:13:30.011883000-0500,5.144924000,192.168.0.148,192.168.0.178,53414,25565,2427,1315532,0,0,0x0010
1774,2026-08-15T10:13:30.012110000-0500,5.145151000,192.168.0.178,192.168.0.148,25565,53414,1315532,2427,1460,0,0x0010
1775,2026-08-15T10:13:30.012110000-0500,5.145151000,192.168.0.178,192.168.0.148,25565,53414,1316992,2427,1460,0,0x0010
1776,2026-08-15T10:13:30.012142000-0500,5.145183000,192.168.0.148,192.168.0.178,53414,25565,2427,1318452,0,0,0x0010
1777,2026-08-15T10:13:30.012212000-0500,5.145253000,192.168.0.178,192.168.0.148,25565,53414,1318452,2427,1460,0,0x0010
1778,2026-08-15T10:13:30.012219000-0500,5.145260000,192.168.0.148,192.168.0.178,53414,25565,2427,1319912,0,0,0x0010
1779,2026-08-15T10:13:30.012444000-0500,5.145485000,192.168.0.178,192.168.0.148,25565,53414,1319912,2427,1460,0,0x0018
1780,2026-08-15T10:13:30.012512000-0500,5.145553000,192.168.0.178,192.168.0.148,25565,53414,1321372,2427,1460,0,0x0010
1781,2026-08-15T10:13:30.012525000-0500,5.145566000,192.168.0.148,192.168.0.178,53414,25565,2427,1322832,0,0,0x0010
1782,2026-08-15T10:13:30.012626000-0500,5.145667000,192.168.0.178,192.168.0.148,25565,53414,1322832,2427,1460,0,0x0010
1783,2026-08-15T10:13:30.012751000-0500,5.145792000,192.168.0.178,192.168.0.148,25565,53414,1324292,2427,1460,0,0x0010
1784,2026-08-15T10:13:30.012765000-0500,5.145806000,192.168.0.148,192.168.0.178,53414,25565,2427,1325752,0,0,0x0010
1785,2026-08-15T10:13:30.012825000-0500,5.145866000,192.168.0.178,192.168.0.148,25565,53414,1325752,2427,1460,0,0x0010
1786,2026-08-15T10:13:30.013077000-0500,5.146118000,192.168.0.178,192.168.0.148,25565,53414,1327212,2427,1460,0,0x0010
1787,2026-08-15T10:13:30.013077000-0500,5.146118000,192.168.0.178,192.168.0.148,25565,53414,1328672,2427,1460,0,0x0010
1788,2026-08-15T10:13:30.013108000-0500,5.146149000,192.168.0.148,192.168.0.178,53414,25565,2427,1330132,0,0,0x0010
1789,2026-08-15T10:13:30.013326000-0500,5.146367000,192.168.0.178,192.168.0.148,25565,53414,1330132,2427,1460,0,0x0010
1790,2026-08-15T10:13:30.013326000-0500,5.146367000,192.168.0.178,192.168.0.148,25565,53414,1331592,2427,1460,0,0x0010
1791,2026-08-15T10:13:30.013357000-0500,5.146398000,192.168.0.148,192.168.0.178,53414,25565,2427,1333052,0,0,0x0010
1792,2026-08-15T10:13:30.013395000-0500,5.146436000,192.168.0.178,192.168.0.148,25565,53414,1333052,2427,269,0,0x0018
1793,2026-08-15T10:13:30.013401000-0500,5.146442000,192.168.0.148,192.168.0.178,53414,25565,2427,1333321,0,0,0x0010
1794,2026-08-15T10:13:30.039741000-0500,5.172782000,192.168.0.178,192.168.0.148,25565,53414,1333321,2427,1460,0,0x0010
1795,2026-08-15T10:13:30.039741000-0500,5.172782000,192.168.0.178,192.168.0.148,25565,53414,1334781,2427,1460,0,0x0010
1796,2026-08-15T10:13:30.039788000-0500,5.172829000,192.168.0.148,192.168.0.178,53414,25565,2427,1336241,0,0,0x0010
1797,2026-08-15T10:13:30.039843000-0500,5.172884000,192.168.0.178,192.168.0.148,25565,53414,1336241,2427,1460,0,0x0010
1798,2026-08-15T10:13:30.040089000-0500,5.173130000,192.168.0.178,192.168.0.148,25565,53414,1337701,2427,1460,0,0x0010
1799,2026-08-15T10:13:30.040089000-0500,5.173130000,192.168.0.178,192.168.0.148,25565,53414,1339161,2427,1460,0,0x0010
1800,2026-08-15T10:13:30.040089000-0500,5.173130000,192.168.0.178,192.168.0.148,25565,53414,1340621,2427,57,0,0x0018
1801,2026-08-15T10:13:30.040116000-0500,5.173157000,192.168.0.148,192.168.0.178,53414,25565,2427,1340678,0,0,0x0010
1802,2026-08-15T10:13:30.042556000-0500,5.175597000,192.168.0.148,192.168.0.178,53414,25565,2427,1340678,28,0,0x0018
1803,2026-08-15T10:13:30.043273000-0500,5.176314000,192.168.0.148,192.168.0.178,53414,25565,2455,1340678,3,0,0x0018
1804,2026-08-15T10:13:30.043833000-0500,5.176874000,192.168.0.178,192.168.0.148,25565,53414,1340678,2458,0,0,0x0010
1805,2026-08-15T10:13:30.088337000-0500,5.221378000,192.168.0.178,192.168.0.148,25565,53414,1340678,2458,1460,0,0x0010
1806,2026-08-15T10:13:30.088337000-0500,5.221378000,192.168.0.178,192.168.0.148,25565,53414,1342138,2458,1460,0,0x0010
1807,2026-08-15T10:13:30.088379000-0500,5.221420000,192.168.0.148,192.168.0.178,53414,25565,2458,1343598,0,0,0x0010
1808,2026-08-15T10:13:30.088435000-0500,5.221476000,192.168.0.178,192.168.0.148,25565,53414,1343598,2458,1460,0,0x0010
1809,2026-08-15T10:13:30.088673000-0500,5.221714000,192.168.0.178,192.168.0.148,25565,53414,1345058,2458,1460,0,0x0010
1810,2026-08-15T10:13:30.088673000-0500,5.221714000,192.168.0.178,192.168.0.148,25565,53414,1346518,2458,1460,0,0x0010
1811,2026-08-15T10:13:30.088703000-0500,5.221744000,192.168.0.148,192.168.0.178,53414,25565,2458,1347978,0,0,0x0010
1812,2026-08-15T10:13:30.088922000-0500,5.221963000,192.168.0.178,192.168.0.148,25565,53414,1347978,2458,1460,0,0x0010
1813,2026-08-15T10:13:30.088922000-0500,5.221963000,192.168.0.178,192.168.0.148,25565,53414,1349438,2458,1460,0,0x0010
1814,2026-08-15T10:13:30.088952000-0500,5.221993000,192.168.0.148,192.168.0.178,53414,25565,2458,1350898,0,0,0x0010
1815,2026-08-15T10:13:30.089163000-0500,5.222204000,192.168.0.178,192.168.0.148,25565,53414,1350898,2458,1460,0,0x0010
1816,2026-08-15T10:13:30.089163000-0500,5.222204000,192.168.0.178,192.168.0.148,25565,53414,1352358,2458,1460,0,0x0018
1817,2026-08-15T10:13:30.089202000-0500,5.222243000,192.168.0.148,192.168.0.178,53414,25565,2458,1353818,0,0,0x0010
1818,2026-08-15T10:13:30.089418000-0500,5.222459000,192.168.0.178,192.168.0.148,25565,53414,1353818,2458,1460,0,0x0010
1819,2026-08-15T10:13:30.089418000-0500,5.222459000,192.168.0.178,192.168.0.148,25565,53414,1355278,2458,1460,0,0x0010
1820,2026-08-15T10:13:30.089418000-0500,5.222459000,192.168.0.178,192.168.0.148,25565,53414,1356738,2458,52,0,0x0018
1821,2026-08-15T10:13:30.089468000-0500,5.222509000,192.168.0.148,192.168.0.178,53414,25565,2458,1356790,0,0,0x0010
1822,2026-08-15T10:13:30.092984000-0500,5.226025000,192.168.0.148,192.168.0.178,53414,25565,2458,1356790,28,0,0x0018
1823,2026-08-15T10:13:30.093906000-0500,5.226947000,192.168.0.148,192.168.0.178,53414,25565,2486,1356790,3,0,0x0018
1824,2026-08-15T10:13:30.094445000-0500,5.227486000,192.168.0.178,192.168.0.148,25565,53414,1356790,2489,0,0,0x0010
1825,2026-08-15T10:13:30.139203000-0500,5.272244000,192.168.0.178,192.168.0.148,25565,53414,1356790,2489,1460,0,0x0010
1826,2026-08-15T10:13:30.139203000-0500,5.272244000,192.168.0.178,192.168.0.148,25565,53414,1358250,2489,1460,0,0x0010
1827,2026-08-15T10:13:30.139281000-0500,5.272322000,192.168.0.148,192.168.0.178,53414,25565,2489,1359710,0,0,0x0010
1828,2026-08-15T10:13:30.139339000-0500,5.272380000,192.168.0.178,192.168.0.148,25565,53414,1359710,2489,1460,0,0x0010
1829,2026-08-15T10:13:30.139581000-0500,5.272622000,192.168.0.178,192.168.0.148,25565,53414,1361170,2489,1460,0,0x0010
1830,2026-08-15T10:13:30.139581000-0500,5.272622000,192.168.0.178,192.168.0.148,25565,53414,1362630,2489,1460,0,0x0010
1831,2026-08-15T10:13:30.139634000-0500,5.272675000,192.168.0.148,192.168.0.178,53414,25565,2489,1364090,0,0,0x0010
1832,2026-08-15T10:13:30.139679000-0500,5.272720000,192.168.0.178,192.168.0.148,25565,53414,1364090,2489,1460,0,0x0010
1833,2026-08-15T10:13:30.139695000-0500,5.272736000,192.168.0.148,192.168.0.178,53414,25565,2489,1365550,0,0,0x0010
1834,2026-08-15T10:13:30.139932000-0500,5.272973000,192.168.0.178,192.168.0.148,25565,53414,1365550,2489,1460,0,0x0010
1835,2026-08-15T10:13:30.139932000-0500,5.272973000,192.168.0.178,192.168.0.148,25565,53414,1367010,2489,1460,0,0x0010
1836,2026-08-15T10:13:30.139990000-0500,5.273031000,192.168.0.148,192.168.0.178,53414,25565,2489,1368470,0,0,0x0010
1837,2026-08-15T10:13:30.140056000-0500,5.273097000,192.168.0.178,192.168.0.148,25565,53414,1368470,2489,1460,0,0x0018
1838,2026-08-15T10:13:30.140310000-0500,5.273351000,192.168.0.178,192.168.0.148,25565,53414,1369930,2489,1460,0,0x0010
1839,2026-08-15T10:13:30.140310000-0500,5.273351000,192.168.0.178,192.168.0.148,25565,53414,1371390,2489,1460,0,0x0010
1840,2026-08-15T10:13:30.140358000-0500,5.273399000,192.168.0.148,192.168.0.178,53414,25565,2489,1372850,0,0,0x0010
1841,2026-08-15T10:13:30.140428000-0500,5.273469000,192.168.0.178,192.168.0.148,25565,53414,1372850,2489,1460,0,0x0010
1842,2026-08-15T10:13:30.140428000-0500,5.273469000,192.168.0.178,192.168.0.148,25565,53414,1374310,2489,134,0,0x0018
1843,2026-08-15T10:13:30.140450000-0500,5.273491000,192.168.0.148,192.168.0.178,53414,25565,2489,1374444,0,0,0x0010
1844,2026-08-15T10:13:30.140906000-0500,5.273947000,192.168.0.148,192.168.0.178,53414,25565,2489,1374444,11,0,0x0018
1845,2026-08-15T10:13:30.143942000-0500,5.276983000,192.168.0.148,192.168.0.178,53414,25565,2500,1374444,28,0,0x0018
1846,2026-08-15T10:13:30.144609000-0500,5.277650000,192.168.0.178,192.168.0.148,25565,53414,1374444,2528,0,0,0x0010
1847,2026-08-15T10:13:30.145084000-0500,5.278125000,192.168.0.148,192.168.0.178,53414,25565,2528,1374444,3,0,0x0018
1848,2026-08-15T10:13:30.189459000-0500,5.322500000,192.168.0.178,192.168.0.148,25565,53414,1374444,2531,0,0,0x0010
1849,2026-08-15T10:13:30.192018000-0500,5.325059000,192.168.0.148,192.168.0.178,53414,25565,2531,1374444,36,0,0x0018
1850,2026-08-15T10:13:30.192225000-0500,5.325266000,192.168.0.178,192.168.0.148,25565,53414,1374444,2531,1460,0,0x0010
1851,2026-08-15T10:13:30.192225000-0500,5.325266000,192.168.0.178,192.168.0.148,25565,53414,1375904,2531,1460,0,0x0010
1852,2026-08-15T10:13:30.192253000-0500,5.325294000,192.168.0.148,192.168.0.178,53414,25565,2567,1377364,0,0,0x0010
1853,2026-08-15T10:13:30.192320000-0500,5.325361000,192.168.0.178,192.168.0.148,25565,53414,1377364,2531,1460,0,0x0010
1854,2026-08-15T10:13:30.192327000-0500,5.325368000,192.168.0.148,192.168.0.178,53414,25565,2567,1378824,0,0,0x0010
1855,2026-08-15T10:13:30.192531000-0500,5.325572000,192.168.0.178,192.168.0.148,25565,53414,1378824,2531,1460,0,0x0010
1856,2026-08-15T10:13:30.192549000-0500,5.325590000,192.168.0.148,192.168.0.178,53414,25565,2567,1380284,0,0,0x0010
1857,2026-08-15T10:13:30.192587000-0500,5.325628000,192.168.0.178,192.168.0.148,25565,53414,1380284,2531,1460,0,0x0010
1858,2026-08-15T10:13:30.192591000-0500,5.325632000,192.168.0.148,192.168.0.178,53414,25565,2567,1381744,0,0,0x0010
1859,2026-08-15T10:13:30.192762000-0500,5.325803000,192.168.0.148,192.168.0.178,53414,25565,2567,1381744,3,0,0x0018
1860,2026-08-15T10:13:30.192776000-0500,5.325817000,192.168.0.178,192.168.0.148,25565,53414,1381744,2531,1460,0,0x0010
1861,2026-08-15T10:13:30.192793000-0500,5.325834000,192.168.0.148,192.168.0.178,53414,25565,2570,1383204,0,0,0x0010
1862,2026-08-15T10:13:30.192835000-0500,5.325876000,192.168.0.178,192.168.0.148,25565,53414,1383204,2531,1460,0,0x0010
1863,2026-08-15T10:13:30.192841000-0500,5.325882000,192.168.0.148,192.168.0.178,53414,25565,2570,1384664,0,0,0x0010
1864,2026-08-15T10:13:30.192980000-0500,5.326021000,192.168.0.178,192.168.0.148,25565,53414,1384664,2531,1460,0,0x0010
1865,2026-08-15T10:13:30.192999000-0500,5.326040000,192.168.0.148,192.168.0.178,53414,25565,2570,1386124,0,0,0x0010
1866,2026-08-15T10:13:30.193059000-0500,5.326100000,192.168.0.178,192.168.0.148,25565,53414,1386124,2531,1460,0,0x0018
1867,2026-08-15T10:13:30.193069000-0500,5.326110000,192.168.0.148,192.168.0.178,53414,25565,2570,1387584,0,0,0x0010
1868,2026-08-15T10:13:30.193285000-0500,5.326326000,192.168.0.178,192.168.0.148,25565,53414,1387584,2531,1460,0,0x0010
1869,2026-08-15T10:13:30.193304000-0500,5.326345000,192.168.0.148,192.168.0.178,53414,25565,2570,1389044,0,0,0x0010
1870,2026-08-15T10:13:30.193337000-0500,5.326378000,192.168.0.178,192.168.0.148,25565,53414,1389044,2531,1460,0,0x0010
1871,2026-08-15T10:13:30.193343000-0500,5.326384000,192.168.0.148,192.168.0.178,53414,25565,2570,1390504,0,0,0x0010
1872,2026-08-15T10:13:30.193550000-0500,5.326591000,192.168.0.178,192.168.0.148,25565,53414,1390504,2531,1460,0,0x0010
1873,2026-08-15T10:13:30.193550000-0500,5.326591000,192.168.0.178,192.168.0.148,25565,53414,1391964,2531,18,0,0x0018
1874,2026-08-15T10:13:30.193550000-0500,5.326591000,192.168.0.178,192.168.0.148,25565,53414,1391982,2567,0,0,0x0010
1875,2026-08-15T10:13:30.193550000-0500,5.326591000,192.168.0.178,192.168.0.148,25565,53414,1391982,2570,0,0,0x0010
1876,2026-08-15T10:13:30.193576000-0500,5.326617000,192.168.0.148,192.168.0.178,53414,25565,2570,1391982,0,0,0x0010
1877,2026-08-15T10:13:30.242411000-0500,5.375452000,192.168.0.178,192.168.0.148,25565,53414,1391982,2570,1460,0,0x0010
1878,2026-08-15T10:13:30.242411000-0500,5.375452000,192.168.0.178,192.168.0.148,25565,53414,1393442,2570,1460,0,0x0010
1879,2026-08-15T10:13:30.242473000-0500,5.375514000,192.168.0.148,192.168.0.178,53414,25565,2570,1394902,0,0,0x0010
1880,2026-08-15T10:13:30.242511000-0500,5.375552000,192.168.0.178,192.168.0.148,25565,53414,1394902,2570,1460,0,0x0010
1881,2026-08-15T10:13:30.242640000-0500,5.375681000,192.168.0.178,192.168.0.148,25565,53414,1396362,2570,1460,0,0x0010
1882,2026-08-15T10:13:30.242650000-0500,5.375691000,192.168.0.148,192.168.0.178,53414,25565,2570,1397822,0,0,0x0010
1883,2026-08-15T10:13:30.242771000-0500,5.375812000,192.168.0.178,192.168.0.148,25565,53414,1397822,2570,1460,0,0x0010
1884,2026-08-15T10:13:30.242914000-0500,5.375955000,192.168.0.148,192.168.0.178,53414,25565,2570,1399282,36,0,0x0018
1885,2026-08-15T10:13:30.242973000-0500,5.376014000,192.168.0.178,192.168.0.148,25565,53414,1399282,2570,1460,0,0x0010
1886,2026-08-15T10:13:30.242973000-0500,5.376014000,192.168.0.178,192.168.0.148,25565,53414,1400742,2570,1460,0,0x0010
1887,2026-08-15T10:13:30.243022000-0500,5.376063000,192.168.0.148,192.168.0.178,53414,25565,2606,1402202,0,0,0x0010
1888,2026-08-15T10:13:30.243083000-0500,5.376124000,192.168.0.178,192.168.0.148,25565,53414,1402202,2570,1460,0,0x0010
1889,2026-08-15T10:13:30.243090000-0500,5.376131000,192.168.0.148,192.168.0.178,53414,25565,2606,1403662,0,0,0x0010
1890,2026-08-15T10:13:30.243253000-0500,5.376294000,192.168.0.178,192.168.0.148,25565,53414,1403662,2570,1460,0,0x0018
1891,2026-08-15T10:13:30.243253000-0500,5.376294000,192.168.0.178,192.168.0.148,25565,53414,1405122,2570,444,0,0x0018
1892,2026-08-15T10:13:30.243253000-0500,5.376294000,192.168.0.178,192.168.0.148,25565,53414,1405566,2606,0,0,0x0010
1893,2026-08-15T10:13:30.243291000-0500,5.376332000,192.168.0.148,192.168.0.178,53414,25565,2606,1405566,0,0,0x0010
1894,2026-08-15T10:13:30.243894000-0500,5.376935000,192.168.0.148,192.168.0.178,53414,25565,2606,1405566,3,0,0x0018
1895,2026-08-15T10:13:30.244440000-0500,5.377481000,192.168.0.178,192.168.0.148,25565,53414,1405566,2609,0,0,0x0010
1896,2026-08-15T10:13:30.288108000-0500,5.421149000,192.168.0.178,192.168.0.148,25565,53414,1405566,2609,1460,0,0x0010
1897,2026-08-15T10:13:30.288108000-0500,5.421149000,192.168.0.178,192.168.0.148,25565,53414,1407026,2609,1460,0,0x0010
1898,2026-08-15T10:13:30.288160000-0500,5.421201000,192.168.0.148,192.168.0.178,53414,25565,2609,1408486,0,0,0x0010
1899,2026-08-15T10:13:30.288209000-0500,5.421250000,192.168.0.178,192.168.0.148,25565,53414,1408486,2609,1460,0,0x0010
1900,2026-08-15T10:13:30.288454000-0500,5.421495000,192.168.0.178,192.168.0.148,25565,53414,1409946,2609,1460,0,0x0010
1901,2026-08-15T10:13:30.288454000-0500,5.421495000,192.168.0.178,192.168.0.148,25565,53414,1411406,2609,1460,0,0x0010
1902,2026-08-15T10:13:30.288483000-0500,5.421524000,192.168.0.148,192.168.0.178,53414,25565,2609,1412866,0,0,0x0010
1903,2026-08-15T10:13:30.288572000-0500,5.421613000,192.168.0.178,192.168.0.148,25565,53414,1412866,2609,1460,0,0x0010
1904,2026-08-15T10:13:30.288580000-0500,5.421621000,192.168.0.148,192.168.0.178,53414,25565,2609,1414326,0,0,0x0010
1905,2026-08-15T10:13:30.288806000-0500,5.421847000,192.168.0.178,192.168.0.148,25565,53414,1414326,2609,1460,0,0x0010
1906,2026-08-15T10:13:30.288806000-0500,5.421847000,192.168.0.178,192.168.0.148,25565,53414,1415786,2609,1460,0,0x0010
1907,2026-08-15T10:13:30.288840000-0500,5.421881000,192.168.0.148,192.168.0.178,53414,25565,2609,1417246,0,0,0x0010
1908,2026-08-15T10:13:30.289085000-0500,5.422126000,192.168.0.178,192.168.0.148,25565,53414,1417246,2609,1460,0,0x0018
1909,2026-08-15T10:13:30.290679000-0500,5.423720000,192.168.0.178,192.168.0.148,25565,53414,1418706,2609,1460,0,0x0010
1910,2026-08-15T10:13:30.290679000-0500,5.423720000,192.168.0.178,192.168.0.148,25565,53414,1420166,2609,1460,0,0x0010
1911,2026-08-15T10:13:30.290706000-0500,5.423747000,192.168.0.148,192.168.0.178,53414,25565,2609,1421626,0,0,0x0010
1912,2026-08-15T10:13:30.290936000-0500,5.423977000,192.168.0.178,192.168.0.148,25565,53414,1421626,2609,1460,0,0x0010
1913,2026-08-15T10:13:30.290936000-0500,5.423977000,192.168.0.178,192.168.0.148,25565,53414,1423086,2609,1152,0,0x0018
1914,2026-08-15T10:13:30.290974000-0500,5.424015000,192.168.0.148,192.168.0.178,53414,25565,2609,1424238,0,0,0x0010
1915,2026-08-15T10:13:30.293105000-0500,5.426146000,192.168.0.148,192.168.0.178,53414,25565,2609,1424238,36,0,0x0018
1916,2026-08-15T10:13:30.293823000-0500,5.426864000,192.168.0.148,192.168.0.178,53414,25565,2645,1424238,3,0,0x0018
1917,2026-08-15T10:13:30.297483000-0500,5.430524000,192.168.0.178,192.168.0.148,25565,53414,1424238,2648,0,0,0x0010
1918,2026-08-15T10:13:30.342368000-0500,5.475409000,192.168.0.148,192.168.0.178,53414,25565,2648,1424238,28,0,0x0018
1919,2026-08-15T10:13:30.343000000-0500,5.476041000,192.168.0.148,192.168.0.178,53414,25565,2676,1424238,3,0,0x0018
1920,2026-08-15T10:13:30.343068000-0500,5.476109000,192.168.0.178,192.168.0.148,25565,53414,1424238,2676,0,0,0x0010
1921,2026-08-15T10:13:30.343513000-0500,5.476554000,192.168.0.178,192.168.0.148,25565,53414,1424238,2679,0,0,0x0010
1922,2026-08-15T10:13:30.346128000-0500,5.479169000,192.168.0.178,192.168.0.148,25565,53414,1424238,2679,1460,0,0x0010
1923,2026-08-15T10:13:30.346128000-0500,5.479169000,192.168.0.178,192.168.0.148,25565,53414,1425698,2679,1460,0,0x0010
1924,2026-08-15T10:13:30.346128000-0500,5.479169000,192.168.0.178,192.168.0.148,25565,53414,1427158,2679,1170,0,0x0018
1925,2026-08-15T10:13:30.346165000-0500,5.479206000,192.168.0.148,192.168.0.178,53414,25565,2679,1428328,0,0,0x0010
1926,2026-08-15T10:13:30.385090000-0500,5.518131000,192.168.0.178,192.168.0.148,25565,53414,1428328,2679,345,0,0x0018
1927,2026-08-15T10:13:30.385161000-0500,5.518202000,192.168.0.148,192.168.0.178,53414,25565,2679,1428673,0,0,0x0010
1928,2026-08-15T10:13:30.393333000-0500,5.526374000,192.168.0.148,192.168.0.178,53414,25565,2679,1428673,28,0,0x0018
1929,2026-08-15T10:13:30.394465000-0500,5.527506000,192.168.0.148,192.168.0.178,53414,25565,2707,1428673,3,0,0x0018
1930,2026-08-15T10:13:30.395127000-0500,5.528168000,192.168.0.178,192.168.0.148,25565,53414,1428673,2710,0,0,0x0010
1931,2026-08-15T10:13:30.435322000-0500,5.568363000,192.168.0.178,192.168.0.148,25565,53414,1428673,2710,479,0,0x0018
1932,2026-08-15T10:13:30.443303000-0500,5.576344000,192.168.0.148,192.168.0.178,53414,25565,2710,1429152,4,0,0x0018
1933,2026-08-15T10:13:30.443339000-0500,5.576380000,192.168.0.148,192.168.0.178,53414,25565,2714,1429152,28,0,0x0018
1934,2026-08-15T10:13:30.444008000-0500,5.577049000,192.168.0.178,192.168.0.148,25565,53414,1429152,2742,0,0,0x0010
1935,2026-08-15T10:13:30.444713000-0500,5.577754000,192.168.0.148,192.168.0.178,53414,25565,2742,1429152,3,0,0x0018
1936,2026-08-15T10:13:30.485135000-0500,5.618176000,192.168.0.178,192.168.0.148,25565,53414,1429152,2745,223,0,0x0018
1937,2026-08-15T10:13:30.493174000-0500,5.626215000,192.168.0.148,192.168.0.178,53414,25565,2745,1429375,4,0,0x0018
1938,2026-08-15T10:13:30.493202000-0500,5.626243000,192.168.0.148,192.168.0.178,53414,25565,2749,1429375,28,0,0x0018
1939,2026-08-15T10:13:30.494414000-0500,5.627455000,192.168.0.148,192.168.0.178,53414,25565,2777,1429375,3,0,0x0018
1940,2026-08-15T10:13:30.494776000-0500,5.627817000,192.168.0.178,192.168.0.148,25565,53414,1429375,2777,0,0,0x0010
1941,2026-08-15T10:13:30.535497000-0500,5.668538000,192.168.0.178,192.168.0.148,25565,53414,1429375,2780,390,0,0x0018
1942,2026-08-15T10:13:30.543209000-0500,5.676250000,192.168.0.148,192.168.0.178,53414,25565,2780,1429765,28,0,0x0018
1943,2026-08-15T10:13:30.544673000-0500,5.677714000,192.168.0.148,192.168.0.178,53414,25565,2808,1429765,3,0,0x0018
1944,2026-08-15T10:13:30.545473000-0500,5.678514000,192.168.0.178,192.168.0.148,25565,53414,1429765,2811,0,0,0x0010
1945,2026-08-15T10:13:30.583409000-0500,5.716450000,192.168.0.178,192.168.0.148,25565,53414,1429765,2811,349,0,0x0018
1946,2026-08-15T10:13:30.593127000-0500,5.726168000,192.168.0.148,192.168.0.178,53414,25565,2811,1430114,28,0,0x0018
1947,2026-08-15T10:13:30.594038000-0500,5.727079000,192.168.0.148,192.168.0.178,53414,25565,2839,1430114,3,0,0x0018
1948,2026-08-15T10:13:30.594655000-0500,5.727696000,192.168.0.178,192.168.0.148,25565,53414,1430114,2842,0,0,0x0010
1949,2026-08-15T10:13:30.632414000-0500,5.765455000,192.168.0.178,192.168.0.148,25565,53414,1430114,2842,304,0,0x0018
1950,2026-08-15T10:13:30.643262000-0500,5.776303000,192.168.0.148,192.168.0.178,53414,25565,2842,1430418,36,0,0x0018
1951,2026-08-15T10:13:30.644520000-0500,5.777561000,192.168.0.148,192.168.0.178,53414,25565,2878,1430418,3,0,0x0018
1952,2026-08-15T10:13:30.645157000-0500,5.778198000,192.168.0.178,192.168.0.148,25565,53414,1430418,2881,0,0,0x0010
1953,2026-08-15T10:13:30.686197000-0500,5.819238000,192.168.0.178,192.168.0.148,25565,53414,1430418,2881,345,0,0x0018
1954,2026-08-15T10:13:30.693630000-0500,5.826671000,192.168.0.148,192.168.0.178,53414,25565,2881,1430763,28,0,0x0018
1955,2026-08-15T10:13:30.695075000-0500,5.828116000,192.168.0.148,192.168.0.178,53414,25565,2909,1430763,3,0,0x0018
1956,2026-08-15T10:13:30.695795000-0500,5.828836000,192.168.0.178,192.168.0.148,25565,53414,1430763,2912,0,0,0x0010
1957,2026-08-15T10:13:30.730565000-0500,5.863606000,192.168.0.178,192.168.0.148,25565,53414,1430763,2912,692,0,0x0018
1958,2026-08-15T10:13:30.743136000-0500,5.876177000,192.168.0.148,192.168.0.178,53414,25565,2912,1431455,28,0,0x0018
1959,2026-08-15T10:13:30.744536000-0500,5.877577000,192.168.0.148,192.168.0.178,53414,25565,2940,1431455,3,0,0x0018
1960,2026-08-15T10:13:30.745261000-0500,5.878302000,192.168.0.178,192.168.0.148,25565,53414,1431455,2943,0,0,0x0010
1961,2026-08-15T10:13:30.782871000-0500,5.915912000,192.168.0.178,192.168.0.148,25565,53414,1431455,2943,237,0,0x0018
1962,2026-08-15T10:13:30.793419000-0500,5.926460000,192.168.0.148,192.168.0.178,53414,25565,2943,1431692,36,0,0x0018
1963,2026-08-15T10:13:30.794809000-0500,5.927850000,192.168.0.148,192.168.0.178,53414,25565,2979,1431692,3,0,0x0018
1964,2026-08-15T10:13:30.795674000-0500,5.928715000,192.168.0.178,192.168.0.148,25565,53414,1431692,2982,0,0,0x0010
1965,2026-08-15T10:13:30.830677000-0500,5.963718000,192.168.0.178,192.168.0.148,25565,53414,1431692,2982,357,0,0x0018
1966,2026-08-15T10:13:30.843168000-0500,5.976209000,192.168.0.148,192.168.0.178,53414,25565,2982,1432049,28,0,0x0018
1967,2026-08-15T10:13:30.844268000-0500,5.977309000,192.168.0.148,192.168.0.178,53414,25565,3010,1432049,3,0,0x0018
1968,2026-08-15T10:13:30.844853000-0500,5.977894000,192.168.0.178,192.168.0.148,25565,53414,1432049,3013,0,0,0x0010
1969,2026-08-15T10:13:30.882377000-0500,6.015418000,192.168.0.178,192.168.0.148,25565,53414,1432049,3013,399,0,0x0018
1970,2026-08-15T10:13:30.893447000-0500,6.026488000,192.168.0.148,192.168.0.178,53414,25565,3013,1432448,28,0,0x0018
1971,2026-08-15T10:13:30.895041000-0500,6.028082000,192.168.0.148,192.168.0.178,53414,25565,3041,1432448,3,0,0x0018
1972,2026-08-15T10:13:30.897300000-0500,6.030341000,192.168.0.178,192.168.0.148,25565,53414,1432448,3044,0,0,0x0010
1973,2026-08-15T10:13:30.931082000-0500,6.064123000,192.168.0.178,192.168.0.148,25565,53414,1432448,3044,395,0,0x0018
1974,2026-08-15T10:13:30.943276000-0500,6.076317000,192.168.0.148,192.168.0.178,53414,25565,3044,1432843,28,0,0x0018
1975,2026-08-15T10:13:30.944759000-0500,6.077800000,192.168.0.148,192.168.0.178,53414,25565,3072,1432843,3,0,0x0018
1976,2026-08-15T10:13:30.945392000-0500,6.078433000,192.168.0.178,192.168.0.148,25565,53414,1432843,3075,0,0,0x0010
1977,2026-08-15T10:13:30.980142000-0500,6.113183000,192.168.0.178,192.168.0.148,25565,53414,1432843,3075,325,0,0x0018
1978,2026-08-15T10:13:30.993838000-0500,6.126879000,192.168.0.148,192.168.0.178,53414,25565,3075,1433168,28,0,0x0018
1979,2026-08-15T10:13:30.995259000-0500,6.128300000,192.168.0.148,192.168.0.178,53414,25565,3103,1433168,3,0,0x0018
1980,2026-08-15T10:13:30.995929000-0500,6.128970000,192.168.0.178,192.168.0.148,25565,53414,1433168,3106,0,0,0x0010
1981,2026-08-15T10:13:31.030147000-0500,6.163188000,192.168.0.178,192.168.0.148,25565,53414,1433168,3106,352,0,0x0018
1982,2026-08-15T10:13:31.043371000-0500,6.176412000,192.168.0.148,192.168.0.178,53414,25565,3106,1433520,28,0,0x0018
1983,2026-08-15T10:13:31.044672000-0500,6.177713000,192.168.0.148,192.168.0.178,53414,25565,3134,1433520,3,0,0x0018
1984,2026-08-15T10:13:31.045285000-0500,6.178326000,192.168.0.178,192.168.0.148,25565,53414,1433520,3137,0,0,0x0010
1985,2026-08-15T10:13:31.082149000-0500,6.215190000,192.168.0.178,192.168.0.148,25565,53414,1433520,3137,312,0,0x0018
1986,2026-08-15T10:13:31.093033000-0500,6.226074000,192.168.0.148,192.168.0.178,53414,25565,3137,1433832,28,0,0x0018
1987,2026-08-15T10:13:31.093821000-0500,6.226862000,192.168.0.148,192.168.0.178,53414,25565,3165,1433832,3,0,0x0018
1988,2026-08-15T10:13:31.094403000-0500,6.227444000,192.168.0.178,192.168.0.148,25565,53414,1433832,3168,0,0,0x0010
1989,2026-08-15T10:13:31.131696000-0500,6.264737000,192.168.0.178,192.168.0.148,25565,53414,1433832,3168,344,0,0x0018
1990,2026-08-15T10:13:31.143389000-0500,6.276430000,192.168.0.148,192.168.0.178,53414,25565,3168,1434176,28,0,0x0018
1991,2026-08-15T10:13:31.144379000-0500,6.277420000,192.168.0.148,192.168.0.178,53414,25565,3196,1434176,3,0,0x0018
1992,2026-08-15T10:13:31.144791000-0500,6.277832000,192.168.0.178,192.168.0.148,25565,53414,1434176,3199,0,0,0x0010
1993,2026-08-15T10:13:31.181710000-0500,6.314751000,192.168.0.178,192.168.0.148,25565,53414,1434176,3199,425,0,0x0018
1994,2026-08-15T10:13:31.181965000-0500,6.315006000,192.168.0.148,192.168.0.178,53414,25565,3199,1434601,11,0,0x0018
1995,2026-08-15T10:13:31.193521000-0500,6.326562000,192.168.0.148,192.168.0.178,53414,25565,3210,1434601,28,0,0x0018
1996,2026-08-15T10:13:31.194254000-0500,6.327295000,192.168.0.178,192.168.0.148,25565,53414,1434601,3238,0,0,0x0010
1997,2026-08-15T10:13:31.194694000-0500,6.327735000,192.168.0.148,192.168.0.178,53414,25565,3238,1434601,3,0,0x0018
1998,2026-08-15T10:13:31.229323000-0500,6.362364000,192.168.0.178,192.168.0.148,25565,53414,1434601,3241,284,0,0x0018
1999,2026-08-15T10:13:31.243096000-0500,6.376137000,192.168.0.148,192.168.0.178,53414,25565,3241,1434885,28,0,0x0018
2000,2026-08-15T10:13:31.244784000-0500,6.377825000,192.168.0.148,192.168.0.178,53414,25565,3269,1434885,3,0,0x0018
2001,2026-08-15T10:13:31.245496000-0500,6.378537000,192.168.0.178,192.168.0.148,25565,53414,1434885,3272,0,0,0x0010
2002,2026-08-15T10:13:31.281542000-0500,6.414583000,192.168.0.178,192.168.0.148,25565,53414,1434885,3272,333,0,0x0018
2003,2026-08-15T10:13:31.293475000-0500,6.426516000,192.168.0.148,192.168.0.178,53414,25565,3272,1435218,28,0,0x0018
2004,2026-08-15T10:13:31.294858000-0500,6.427899000,192.168.0.148,192.168.0.178,53414,25565,3300,1435218,3,0,0x0018
2005,2026-08-15T10:13:31.295571000-0500,6.428612000,192.168.0.178,192.168.0.148,25565,53414,1435218,3303,0,0,0x0010
2006,2026-08-15T10:13:31.329539000-0500,6.462580000,192.168.0.178,192.168.0.148,25565,53414,1435218,3303,364,0,0x0018
2007,2026-08-15T10:13:31.342546000-0500,6.475587000,192.168.0.148,192.168.0.178,53414,25565,3303,1435582,28,0,0x0018
2008,2026-08-15T10:13:31.343169000-0500,6.476210000,192.168.0.148,192.168.0.178,53414,25565,3331,1435582,3,0,0x0018
2009,2026-08-15T10:13:31.343821000-0500,6.476862000,192.168.0.178,192.168.0.148,25565,53414,1435582,3334,0,0,0x0010
2010,2026-08-15T10:13:31.380909000-0500,6.513950000,192.168.0.178,192.168.0.148,25565,53414,1435582,3334,319,0,0x0018
2011,2026-08-15T10:13:31.393693000-0500,6.526734000,192.168.0.148,192.168.0.178,53414,25565,3334,1435901,28,0,0x0018
2012,2026-08-15T10:13:31.394708000-0500,6.527749000,192.168.0.178,192.168.0.148,25565,53414,1435901,3362,46,0,0x0018
2013,2026-08-15T10:13:31.394989000-0500,6.528030000,192.168.0.148,192.168.0.178,53414,25565,3362,1435947,3,0,0x0018
2014,2026-08-15T10:13:31.428685000-0500,6.561726000,192.168.0.178,192.168.0.148,25565,53414,1435947,3365,413,0,0x0018
2015,2026-08-15T10:13:31.443272000-0500,6.576313000,192.168.0.148,192.168.0.178,53414,25565,3365,1436360,28,0,0x0018
2016,2026-08-15T10:13:31.444664000-0500,6.577705000,192.168.0.148,192.168.0.178,53414,25565,3393,1436360,3,0,0x0018
2017,2026-08-15T10:13:31.445495000-0500,6.578536000,192.168.0.178,192.168.0.148,25565,53414,1436360,3396,0,0,0x0010
2018,2026-08-15T10:13:31.485914000-0500,6.618955000,192.168.0.178,192.168.0.148,25565,53414,1436360,3396,498,0,0x0018
2019,2026-08-15T10:13:31.494119000-0500,6.627160000,192.168.0.148,192.168.0.178,53414,25565,3396,1436858,28,0,0x0018
2020,2026-08-15T10:13:31.495571000-0500,6.628612000,192.168.0.148,192.168.0.178,53414,25565,3424,1436858,3,0,0x0018
2021,2026-08-15T10:13:31.495573000-0500,6.628614000,192.168.0.178,192.168.0.148,25565,53414,1436858,3424,11,0,0x0018
2022,2026-08-15T10:13:31.495573000-0500,6.628614000,192.168.0.178,192.168.0.148,25565,53414,1436869,3424,11,0,0x0018
2023,2026-08-15T10:13:31.495573000-0500,6.628614000,192.168.0.178,192.168.0.148,25565,53414,1436880,3424,11,0,0x0018
2024,2026-08-15T10:13:31.495573000-0500,6.628614000,192.168.0.178,192.168.0.148,25565,53414,1436891,3424,22,0,0x0018
2025,2026-08-15T10:13:31.495573000-0500,6.628614000,192.168.0.178,192.168.0.148,25565,53414,1436913,3424,33,0,0x0018
2026,2026-08-15T10:13:31.495573000-0500,6.628614000,192.168.0.178,192.168.0.148,25565,53414,1436946,3424,33,0,0x0018
2027,2026-08-15T10:13:31.495640000-0500,6.628681000,192.168.0.148,192.168.0.178,53414,25565,3427,1436979,0,0,0x0010
2028,2026-08-15T10:13:31.495688000-0500,6.628729000,192.168.0.178,192.168.0.148,25565,53414,1436979,3424,44,0,0x0018
2029,2026-08-15T10:13:31.495688000-0500,6.628729000,192.168.0.178,192.168.0.148,25565,53414,1437023,3424,44,0,0x0018
2030,2026-08-15T10:13:31.495688000-0500,6.628729000,192.168.0.178,192.168.0.148,25565,53414,1437067,3424,13,0,0x0018
2031,2026-08-15T10:13:31.495699000-0500,6.628740000,192.168.0.148,192.168.0.178,53414,25565,3427,1437080,0,0,0x0010
2032,2026-08-15T10:13:31.533549000-0500,6.666590000,192.168.0.178,192.168.0.148,25565,53414,1437080,3427,376,0,0x0018
2033,2026-08-15T10:13:31.533615000-0500,6.666656000,192.168.0.148,192.168.0.178,53414,25565,3427,1437456,0,0,0x0010
2034,2026-08-15T10:13:31.543312000-0500,6.676353000,192.168.0.148,192.168.0.178,53414,25565,3427,1437456,28,0,0x0018
2035,2026-08-15T10:13:31.544588000-0500,6.677629000,192.168.0.148,192.168.0.178,53414,25565,3455,1437456,3,0,0x0018
2036,2026-08-15T10:13:31.545305000-0500,6.678346000,192.168.0.178,192.168.0.148,25565,53414,1437456,3458,0,0,0x0010
2037,2026-08-15T10:13:31.580587000-0500,6.713628000,192.168.0.178,192.168.0.148,25565,53414,1437456,3458,353,0,0x0018
2038,2026-08-15T10:13:31.592815000-0500,6.725856000,192.168.0.148,192.168.0.178,53414,25565,3458,1437809,28,0,0x0018
2039,2026-08-15T10:13:31.593524000-0500,6.726565000,192.168.0.148,192.168.0.178,53414,25565,3486,1437809,3,0,0x0018
2040,2026-08-15T10:13:31.594156000-0500,6.727197000,192.168.0.178,192.168.0.148,25565,53414,1437809,3489,0,0,0x0010
2041,2026-08-15T10:13:31.633907000-0500,6.766948000,192.168.0.178,192.168.0.148,25565,53414,1437809,3489,1460,0,0x0010
2042,2026-08-15T10:13:31.633907000-0500,6.766948000,192.168.0.178,192.168.0.148,25565,53414,1439269,3489,1460,0,0x0010
2043,2026-08-15T10:13:31.633972000-0500,6.767013000,192.168.0.148,192.168.0.178,53414,25565,3489,1440729,0,0,0x0010
2044,2026-08-15T10:13:31.634018000-0500,6.767059000,192.168.0.178,192.168.0.148,25565,53414,1440729,3489,1460,0,0x0010
2045,2026-08-15T10:13:31.634235000-0500,6.767276000,192.168.0.178,192.168.0.148,25565,53414,1442189,3489,1460,0,0x0010
2046,2026-08-15T10:13:31.634235000-0500,6.767276000,192.168.0.178,192.168.0.148,25565,53414,1443649,3489,1460,0,0x0010
2047,2026-08-15T10:13:31.634271000-0500,6.767312000,192.168.0.148,192.168.0.178,53414,25565,3489,1445109,0,0,0x0010
2048,2026-08-15T10:13:31.634472000-0500,6.767513000,192.168.0.178,192.168.0.148,25565,53414,1445109,3489,1460,0,0x0010
2049,2026-08-15T10:13:31.634472000-0500,6.767513000,192.168.0.178,192.168.0.148,25565,53414,1446569,3489,946,0,0x0018
2050,2026-08-15T10:13:31.634511000-0500,6.767552000,192.168.0.148,192.168.0.178,53414,25565,3489,1447515,0,0,0x0010
2051,2026-08-15T10:13:31.643524000-0500,6.776565000,192.168.0.148,192.168.0.178,53414,25565,3489,1447515,28,0,0x0018
2052,2026-08-15T10:13:31.644539000-0500,6.777580000,192.168.0.148,192.168.0.178,53414,25565,3517,1447515,3,0,0x0018
2053,2026-08-15T10:13:31.645202000-0500,6.778243000,192.168.0.178,192.168.0.148,25565,53414,1447515,3520,11,0,0x0018
2054,2026-08-15T10:13:31.645202000-0500,6.778243000,192.168.0.178,192.168.0.148,25565,53414,1447526,3520,11,0,0x0018
2055,2026-08-15T10:13:31.645202000-0500,6.778243000,192.168.0.178,192.168.0.148,25565,53414,1447537,3520,11,0,0x0018
2056,2026-08-15T10:13:31.645232000-0500,6.778273000,192.168.0.148,192.168.0.178,53414,25565,3520,1447548,0,0,0x0010
2057,2026-08-15T10:13:31.645279000-0500,6.778320000,192.168.0.178,192.168.0.148,25565,53414,1447548,3520,11,0,0x0018
2058,2026-08-15T10:13:31.645279000-0500,6.778320000,192.168.0.178,192.168.0.148,25565,53414,1447559,3520,11,0,0x0018
2059,2026-08-15T10:13:31.645287000-0500,6.778328000,192.168.0.148,192.168.0.178,53414,25565,3520,1447570,0,0,0x0010
2060,2026-08-15T10:13:31.645446000-0500,6.778487000,192.168.0.178,192.168.0.148,25565,53414,1447570,3520,22,0,0x0018
2061,2026-08-15T10:13:31.645446000-0500,6.778487000,192.168.0.178,192.168.0.148,25565,53414,1447592,3520,33,0,0x0018
2062,2026-08-15T10:13:31.645446000-0500,6.778487000,192.168.0.178,192.168.0.148,25565,53414,1447625,3520,11,0,0x0018
2063,2026-08-15T10:13:31.645446000-0500,6.778487000,192.168.0.178,192.168.0.148,25565,53414,1447636,3520,11,0,0x0018
2064,2026-08-15T10:13:31.645471000-0500,6.778512000,192.168.0.148,192.168.0.178,53414,25565,3520,1447647,0,0,0x0010
2065,2026-08-15T10:13:31.645534000-0500,6.778575000,192.168.0.178,192.168.0.148,25565,53414,1447647,3520,22,0,0x0018
2066,2026-08-15T10:13:31.645534000-0500,6.778575000,192.168.0.178,192.168.0.148,25565,53414,1447669,3520,24,0,0x0018
2067,2026-08-15T10:13:31.645541000-0500,6.778582000,192.168.0.148,192.168.0.178,53414,25565,3520,1447693,0,0,0x0010
2068,2026-08-15T10:13:31.681912000-0500,6.814953000,192.168.0.178,192.168.0.148,25565,53414,1447693,3520,279,0,0x0018
2069,2026-08-15T10:13:31.681956000-0500,6.814997000,192.168.0.148,192.168.0.178,53414,25565,3520,1447972,0,0,0x0010
2070,2026-08-15T10:13:31.692989000-0500,6.826030000,192.168.0.148,192.168.0.178,53414,25565,3520,1447972,28,0,0x0018
2071,2026-08-15T10:13:31.693946000-0500,6.826987000,192.168.0.148,192.168.0.178,53414,25565,3548,1447972,3,0,0x0018
2072,2026-08-15T10:13:31.694653000-0500,6.827694000,192.168.0.178,192.168.0.148,25565,53414,1447972,3551,0,0,0x0010
2073,2026-08-15T10:13:31.729489000-0500,6.862530000,192.168.0.178,192.168.0.148,25565,53414,1447972,3551,321,0,0x0018
2074,2026-08-15T10:13:31.743183000-0500,6.876224000,192.168.0.148,192.168.0.178,53414,25565,3551,1448293,28,0,0x0018
2075,2026-08-15T10:13:31.744535000-0500,6.877576000,192.168.0.148,192.168.0.178,53414,25565,3579,1448293,3,0,0x0018
2076,2026-08-15T10:13:31.745385000-0500,6.878426000,192.168.0.178,192.168.0.148,25565,53414,1448293,3582,0,0,0x0010
2077,2026-08-15T10:13:31.782612000-0500,6.915653000,192.168.0.178,192.168.0.148,25565,53414,1448293,3582,1460,0,0x0010
2078,2026-08-15T10:13:31.782612000-0500,6.915653000,192.168.0.178,192.168.0.148,25565,53414,1449753,3582,1460,0,0x0010
2079,2026-08-15T10:13:31.782677000-0500,6.915718000,192.168.0.148,192.168.0.178,53414,25565,3582,1451213,0,0,0x0010
2080,2026-08-15T10:13:31.782725000-0500,6.915766000,192.168.0.178,192.168.0.148,25565,53414,1451213,3582,1460,0,0x0010
2081,2026-08-15T10:13:31.782944000-0500,6.915985000,192.168.0.178,192.168.0.148,25565,53414,1452673,3582,1460,0,0x0010
2082,2026-08-15T10:13:31.782944000-0500,6.915985000,192.168.0.178,192.168.0.148,25565,53414,1454133,3582,1460,0,0x0010
2083,2026-08-15T10:13:31.782980000-0500,6.916021000,192.168.0.148,192.168.0.178,53414,25565,3582,1455593,0,0,0x0010
2084,2026-08-15T10:13:31.783178000-0500,6.916219000,192.168.0.178,192.168.0.148,25565,53414,1455593,3582,1460,0,0x0010
2085,2026-08-15T10:13:31.783214000-0500,6.916255000,192.168.0.148,192.168.0.178,53414,25565,3582,1457053,0,0,0x0010
2086,2026-08-15T10:13:31.783275000-0500,6.916316000,192.168.0.178,192.168.0.148,25565,53414,1457053,3582,1460,0,0x0010
2087,2026-08-15T10:13:31.783325000-0500,6.916366000,192.168.0.178,192.168.0.148,25565,53414,1458513,3582,1460,0,0x0010
2088,2026-08-15T10:13:31.783331000-0500,6.916372000,192.168.0.148,192.168.0.178,53414,25565,3582,1459973,0,0,0x0010
2089,2026-08-15T10:13:31.783522000-0500,6.916563000,192.168.0.178,192.168.0.148,25565,53414,1459973,3582,1460,0,0x0018
2090,2026-08-15T10:13:31.785625000-0500,6.918666000,192.168.0.178,192.168.0.148,25565,53414,1461433,3582,1460,0,0x0010
2091,2026-08-15T10:13:31.785625000-0500,6.918666000,192.168.0.178,192.168.0.148,25565,53414,1462893,3582,1460,0,0x0010
2092,2026-08-15T10:13:31.785625000-0500,6.918666000,192.168.0.178,192.168.0.148,25565,53414,1464353,3582,194,0,0x0018
2093,2026-08-15T10:13:31.785663000-0500,6.918704000,192.168.0.148,192.168.0.178,53414,25565,3582,1464547,0,0,0x0010
2094,2026-08-15T10:13:31.792455000-0500,6.925496000,192.168.0.148,192.168.0.178,53414,25565,3582,1464547,28,0,0x0018
2095,2026-08-15T10:13:31.793064000-0500,6.926105000,192.168.0.148,192.168.0.178,53414,25565,3610,1464547,3,0,0x0018
2096,2026-08-15T10:13:31.793601000-0500,6.926642000,192.168.0.178,192.168.0.148,25565,53414,1464547,3613,0,0,0x0010
2097,2026-08-15T10:13:31.834430000-0500,6.967471000,192.168.0.178,192.168.0.148,25565,53414,1464547,3613,1460,0,0x0010
2098,2026-08-15T10:13:31.834430000-0500,6.967471000,192.168.0.178,192.168.0.148,25565,53414,1466007,3613,1460,0,0x0010
2099,2026-08-15T10:13:31.834499000-0500,6.967540000,192.168.0.148,192.168.0.178,53414,25565,3613,1467467,0,0,0x0010
2100,2026-08-15T10:13:31.834545000-0500,6.967586000,192.168.0.178,192.168.0.148,25565,53414,1467467,3613,1460,0,0x0010
2101,2026-08-15T10:13:31.834763000-0500,6.967804000,192.168.0.178,192.168.0.148,25565,53414,1468927,3613,1460,0,0x0010
2102,2026-08-15T10:13:31.834763000-0500,6.967804000,192.168.0.178,192.168.0.148,25565,53414,1470387,3613,1460,0,0x0010
2103,2026-08-15T10:13:31.834799000-0500,6.967840000,192.168.0.148,192.168.0.178,53414,25565,3613,1471847,0,0,0x0010
2104,2026-08-15T10:13:31.835007000-0500,6.968048000,192.168.0.178,192.168.0.148,25565,53414,1471847,3613,1460,0,0x0010
2105,2026-08-15T10:13:31.835007000-0500,6.968048000,192.168.0.178,192.168.0.148,25565,53414,1473307,3613,1460,0,0x0010
2106,2026-08-15T10:13:31.835046000-0500,6.968087000,192.168.0.148,192.168.0.178,53414,25565,3613,1474767,0,0,0x0010
2107,2026-08-15T10:13:31.835170000-0500,6.968211000,192.168.0.178,192.168.0.148,25565,53414,1474767,3613,1460,0,0x0010
2108,2026-08-15T10:13:31.835179000-0500,6.968220000,192.168.0.148,192.168.0.178,53414,25565,3613,1476227,0,0,0x0010
2109,2026-08-15T10:13:31.835240000-0500,6.968281000,192.168.0.178,192.168.0.148,25565,53414,1476227,3613,1460,0,0x0018
2110,2026-08-15T10:13:31.836992000-0500,6.970033000,192.168.0.178,192.168.0.148,25565,53414,1477687,3613,1460,0,0x0010
2111,2026-08-15T10:13:31.836992000-0500,6.970033000,192.168.0.178,192.168.0.148,25565,53414,1479147,3613,1460,0,0x0010
2112,2026-08-15T10:13:31.837034000-0500,6.970075000,192.168.0.148,192.168.0.178,53414,25565,3613,1480607,0,0,0x0010
2113,2026-08-15T10:13:31.837078000-0500,6.970119000,192.168.0.178,192.168.0.148,25565,53414,1480607,3613,754,0,0x0018
2114,2026-08-15T10:13:31.837093000-0500,6.970134000,192.168.0.148,192.168.0.178,53414,25565,3613,1481361,0,0,0x0010
2115,2026-08-15T10:13:31.843422000-0500,6.976463000,192.168.0.148,192.168.0.178,53414,25565,3613,1481361,28,0,0x0018
2116,2026-08-15T10:13:31.844638000-0500,6.977679000,192.168.0.148,192.168.0.178,53414,25565,3641,1481361,3,0,0x0018
2117,2026-08-15T10:13:31.845320000-0500,6.978361000,192.168.0.178,192.168.0.148,25565,53414,1481361,3644,0,0,0x0010
2118,2026-08-15T10:13:31.886662000-0500,7.019703000,192.168.0.178,192.168.0.148,25565,53414,1481361,3644,1460,0,0x0010
2119,2026-08-15T10:13:31.886662000-0500,7.019703000,192.168.0.178,192.168.0.148,25565,53414,1482821,3644,1460,0,0x0010
2120,2026-08-15T10:13:31.886712000-0500,7.019753000,192.168.0.148,192.168.0.178,53414,25565,3644,1484281,0,0,0x0010
2121,2026-08-15T10:13:31.886776000-0500,7.019817000,192.168.0.178,192.168.0.148,25565,53414,1484281,3644,1460,0,0x0010
2122,2026-08-15T10:13:31.886998000-0500,7.020039000,192.168.0.178,192.168.0.148,25565,53414,1485741,3644,1460,0,0x0010
2123,2026-08-15T10:13:31.886998000-0500,7.020039000,192.168.0.178,192.168.0.148,25565,53414,1487201,3644,1460,0,0x0010
2124,2026-08-15T10:13:31.887023000-0500,7.020064000,192.168.0.148,192.168.0.178,53414,25565,3644,1488661,0,0,0x0010
2125,2026-08-15T10:13:31.887243000-0500,7.020284000,192.168.0.178,192.168.0.148,25565,53414,1488661,3644,1460,0,0x0010
2126,2026-08-15T10:13:31.887243000-0500,7.020284000,192.168.0.178,192.168.0.148,25565,53414,1490121,3644,1460,0,0x0010
2127,2026-08-15T10:13:31.887268000-0500,7.020309000,192.168.0.148,192.168.0.178,53414,25565,3644,1491581,0,0,0x0010
2128,2026-08-15T10:13:31.887490000-0500,7.020531000,192.168.0.178,192.168.0.148,25565,53414,1491581,3644,1460,0,0x0010
2129,2026-08-15T10:13:31.887490000-0500,7.020531000,192.168.0.178,192.168.0.148,25565,53414,1493041,3644,1460,0,0x0018
2130,2026-08-15T10:13:31.887516000-0500,7.020557000,192.168.0.148,192.168.0.178,53414,25565,3644,1494501,0,0,0x0010
2131,2026-08-15T10:13:31.887735000-0500,7.020776000,192.168.0.178,192.168.0.148,25565,53414,1494501,3644,1460,0,0x0010
2132,2026-08-15T10:13:31.887735000-0500,7.020776000,192.168.0.178,192.168.0.148,25565,53414,1495961,3644,1460,0,0x0010
2133,2026-08-15T10:13:31.887760000-0500,7.020801000,192.168.0.148,192.168.0.178,53414,25565,3644,1497421,0,0,0x0010
2134,2026-08-15T10:13:31.887977000-0500,7.021018000,192.168.0.178,192.168.0.148,25565,53414,1497421,3644,1460,0,0x0010
2135,2026-08-15T10:13:31.887977000-0500,7.021018000,192.168.0.178,192.168.0.148,25565,53414,1498881,3644,1145,0,0x0018
2136,2026-08-15T10:13:31.888010000-0500,7.021051000,192.168.0.148,192.168.0.178,53414,25565,3644,1500026,0,0,0x0010
2137,2026-08-15T10:13:31.892347000-0500,7.025388000,192.168.0.148,192.168.0.178,53414,25565,3644,1500026,28,0,0x0018
2138,2026-08-15T10:13:31.892926000-0500,7.025967000,192.168.0.148,192.168.0.178,53414,25565,3672,1500026,3,0,0x0018
2139,2026-08-15T10:13:31.893481000-0500,7.026522000,192.168.0.178,192.168.0.148,25565,53414,1500026,3675,0,0,0x0010
2140,2026-08-15T10:13:31.934229000-0500,7.067270000,192.168.0.178,192.168.0.148,25565,53414,1500026,3675,1460,0,0x0010
2141,2026-08-15T10:13:31.934229000-0500,7.067270000,192.168.0.178,192.168.0.148,25565,53414,1501486,3675,1460,0,0x0010
2142,2026-08-15T10:13:31.934274000-0500,7.067315000,192.168.0.148,192.168.0.178,53414,25565,3675,1502946,0,0,0x0010
2143,2026-08-15T10:13:31.934326000-0500,7.067367000,192.168.0.178,192.168.0.148,25565,53414,1502946,3675,1460,0,0x0010
2144,2026-08-15T10:13:31.934554000-0500,7.067595000,192.168.0.178,192.168.0.148,25565,53414,1504406,3675,1460,0,0x0010
2145,2026-08-15T10:13:31.934554000-0500,7.067595000,192.168.0.178,192.168.0.148,25565,53414,1505866,3675,1460,0,0x0010
2146,2026-08-15T10:13:31.934572000-0500,7.067613000,192.168.0.148,192.168.0.178,53414,25565,3675,1507326,0,0,0x0010
2147,2026-08-15T10:13:31.934781000-0500,7.067822000,192.168.0.178,192.168.0.148,25565,53414,1507326,3675,1460,0,0x0010
2148,2026-08-15T10:13:31.934802000-0500,7.067843000,192.168.0.148,192.168.0.178,53414,25565,3675,1508786,0,0,0x0010
2149,2026-08-15T10:13:31.934851000-0500,7.067892000,192.168.0.178,192.168.0.148,25565,53414,1508786,3675,1460,0,0x0010
2150,2026-08-15T10:13:31.935015000-0500,7.068056000,192.168.0.178,192.168.0.148,25565,53414,1510246,3675,1460,0,0x0010
2151,2026-08-15T10:13:31.935031000-0500,7.068072000,192.168.0.148,192.168.0.178,53414,25565,3675,1511706,0,0,0x0010
2152,2026-08-15T10:13:31.935066000-0500,7.068107000,192.168.0.178,192.168.0.148,25565,53414,1511706,3675,1460,0,0x0018
2153,2026-08-15T10:13:31.937279000-0500,7.070320000,192.168.0.178,192.168.0.148,25565,53414,1513166,3675,1460,0,0x0010
2154,2026-08-15T10:13:31.937279000-0500,7.070320000,192.168.0.178,192.168.0.148,25565,53414,1514626,3675,1460,0,0x0010
2155,2026-08-15T10:13:31.937300000-0500,7.070341000,192.168.0.148,192.168.0.178,53414,25565,3675,1516086,0,0,0x0010
2156,2026-08-15T10:13:31.937368000-0500,7.070409000,192.168.0.178,192.168.0.148,25565,53414,1516086,3675,1460,0,0x0010
2157,2026-08-15T10:13:31.937375000-0500,7.070416000,192.168.0.148,192.168.0.178,53414,25565,3675,1517546,0,0,0x0010
2158,2026-08-15T10:13:31.937614000-0500,7.070655000,192.168.0.178,192.168.0.148,25565,53414,1517546,3675,1082,0,0x0018
2159,2026-08-15T10:13:31.942293000-0500,7.075334000,192.168.0.148,192.168.0.178,53414,25565,3675,1518628,28,0,0x0018
2160,2026-08-15T10:13:31.942961000-0500,7.076002000,192.168.0.148,192.168.0.178,53414,25565,3703,1518628,3,0,0x0018
2161,2026-08-15T10:13:31.943511000-0500,7.076552000,192.168.0.178,192.168.0.148,25565,53414,1518628,3706,0,0,0x0010
2162,2026-08-15T10:13:31.981664000-0500,7.114705000,192.168.0.178,192.168.0.148,25565,53414,1518628,3706,1460,0,0x0010
2163,2026-08-15T10:13:31.981664000-0500,7.114705000,192.168.0.178,192.168.0.148,25565,53414,1520088,3706,1460,0,0x0010
2164,2026-08-15T10:13:31.981707000-0500,7.114748000,192.168.0.148,192.168.0.178,53414,25565,3706,1521548,0,0,0x0010
2165,2026-08-15T10:13:31.981766000-0500,7.114807000,192.168.0.178,192.168.0.148,25565,53414,1521548,3706,1460,0,0x0010
2166,2026-08-15T10:13:31.982002000-0500,7.115043000,192.168.0.178,192.168.0.148,25565,53414,1523008,3706,1460,0,0x0010
2167,2026-08-15T10:13:31.982002000-0500,7.115043000,192.168.0.178,192.168.0.148,25565,53414,1524468,3706,1460,0,0x0010
2168,2026-08-15T10:13:31.982021000-0500,7.115062000,192.168.0.148,192.168.0.178,53414,25565,3706,1525928,0,0,0x0010
2169,2026-08-15T10:13:31.982232000-0500,7.115273000,192.168.0.178,192.168.0.148,25565,53414,1525928,3706,1460,0,0x0010
2170,2026-08-15T10:13:31.982254000-0500,7.115295000,192.168.0.148,192.168.0.178,53414,25565,3706,1527388,0,0,0x0010
2171,2026-08-15T10:13:31.982300000-0500,7.115341000,192.168.0.178,192.168.0.148,25565,53414,1527388,3706,1460,0,0x0010
2172,2026-08-15T10:13:31.982473000-0500,7.115514000,192.168.0.178,192.168.0.148,25565,53414,1528848,3706,1460,0,0x0010
2173,2026-08-15T10:13:31.982490000-0500,7.115531000,192.168.0.148,192.168.0.178,53414,25565,3706,1530308,0,0,0x0010
2174,2026-08-15T10:13:31.982522000-0500,7.115563000,192.168.0.178,192.168.0.148,25565,53414,1530308,3706,1460,0,0x0018
2175,2026-08-15T10:13:31.982726000-0500,7.115767000,192.168.0.178,192.168.0.148,25565,53414,1531768,3706,1460,0,0x0010
2176,2026-08-15T10:13:31.982748000-0500,7.115789000,192.168.0.148,192.168.0.178,53414,25565,3706,1533228,0,0,0x0010
2177,2026-08-15T10:13:31.982792000-0500,7.115833000,192.168.0.178,192.168.0.148,25565,53414,1533228,3706,1460,0,0x0010
2178,2026-08-15T10:13:31.983007000-0500,7.116048000,192.168.0.178,192.168.0.148,25565,53414,1534688,3706,1148,0,0x0018
2179,2026-08-15T10:13:31.983027000-0500,7.116068000,192.168.0.148,192.168.0.178,53414,25565,3706,1535836,0,0,0x0010
2180,2026-08-15T10:13:31.992437000-0500,7.125478000,192.168.0.148,192.168.0.178,53414,25565,3706,1535836,28,0,0x0018
2181,2026-08-15T10:13:31.993015000-0500,7.126056000,192.168.0.148,192.168.0.178,53414,25565,3734,1535836,3,0,0x0018
2182,2026-08-15T10:13:31.993585000-0500,7.126626000,192.168.0.178,192.168.0.148,25565,53414,1535836,3737,0,0,0x0010
2183,2026-08-15T10:13:32.030339000-0500,7.163380000,192.168.0.178,192.168.0.148,25565,53414,1535836,3737,1460,0,0x0010
2184,2026-08-15T10:13:32.030339000-0500,7.163380000,192.168.0.178,192.168.0.148,25565,53414,1537296,3737,1460,0,0x0010
2185,2026-08-15T10:13:32.030339000-0500,7.163380000,192.168.0.178,192.168.0.148,25565,53414,1538756,3737,1460,0,0x0010
2186,2026-08-15T10:13:32.030391000-0500,7.163432000,192.168.0.148,192.168.0.178,53414,25565,3737,1540216,0,0,0x0010
2187,2026-08-15T10:13:32.030449000-0500,7.163490000,192.168.0.178,192.168.0.148,25565,53414,1540216,3737,1460,0,0x0010
2188,2026-08-15T10:13:32.030455000-0500,7.163496000,192.168.0.148,192.168.0.178,53414,25565,3737,1541676,0,0,0x0010
2189,2026-08-15T10:13:32.030612000-0500,7.163653000,192.168.0.178,192.168.0.148,25565,53414,1541676,3737,1460,0,0x0010
2190,2026-08-15T10:13:32.030701000-0500,7.163742000,192.168.0.178,192.168.0.148,25565,53414,1543136,3737,1460,0,0x0010
2191,2026-08-15T10:13:32.030709000-0500,7.163750000,192.168.0.148,192.168.0.178,53414,25565,3737,1544596,0,0,0x0010
2192,2026-08-15T10:13:32.030858000-0500,7.163899000,192.168.0.178,192.168.0.148,25565,53414,1544596,3737,1460,0,0x0010
2193,2026-08-15T10:13:32.031071000-0500,7.164112000,192.168.0.178,192.168.0.148,25565,53414,1546056,3737,1460,0,0x0010
2194,2026-08-15T10:13:32.031071000-0500,7.164112000,192.168.0.178,192.168.0.148,25565,53414,1547516,3737,1460,0,0x0018
2195,2026-08-15T10:13:32.031093000-0500,7.164134000,192.168.0.148,192.168.0.178,53414,25565,3737,1548976,0,0,0x0010
2196,2026-08-15T10:13:32.031309000-0500,7.164350000,192.168.0.178,192.168.0.148,25565,53414,1548976,3737,1460,0,0x0010
2197,2026-08-15T10:13:32.031327000-0500,7.164368000,192.168.0.148,192.168.0.178,53414,25565,3737,1550436,0,0,0x0010
2198,2026-08-15T10:13:32.031375000-0500,7.164416000,192.168.0.178,192.168.0.148,25565,53414,1550436,3737,1460,0,0x0010
2199,2026-08-15T10:13:32.031375000-0500,7.164416000,192.168.0.178,192.168.0.148,25565,53414,1551896,3737,413,0,0x0018
2200,2026-08-15T10:13:32.031382000-0500,7.164423000,192.168.0.148,192.168.0.178,53414,25565,3737,1552309,0,0,0x0010
2201,2026-08-15T10:13:32.042458000-0500,7.175499000,192.168.0.148,192.168.0.178,53414,25565,3737,1552309,28,0,0x0018
2202,2026-08-15T10:13:32.043050000-0500,7.176091000,192.168.0.148,192.168.0.178,53414,25565,3765,1552309,3,0,0x0018
2203,2026-08-15T10:13:32.043567000-0500,7.176608000,192.168.0.178,192.168.0.148,25565,53414,1552309,3768,0,0,0x0010
2204,2026-08-15T10:13:32.081063000-0500,7.214104000,192.168.0.178,192.168.0.148,25565,53414,1552309,3768,1460,0,0x0010
2205,2026-08-15T10:13:32.081063000-0500,7.214104000,192.168.0.178,192.168.0.148,25565,53414,1553769,3768,1460,0,0x0010
2206,2026-08-15T10:13:32.081110000-0500,7.214151000,192.168.0.148,192.168.0.178,53414,25565,3768,1555229,0,0,0x0010
2207,2026-08-15T10:13:32.081165000-0500,7.214206000,192.168.0.178,192.168.0.148,25565,53414,1555229,3768,1460,0,0x0010
2208,2026-08-15T10:13:32.081391000-0500,7.214432000,192.168.0.178,192.168.0.148,25565,53414,1556689,3768,1460,0,0x0010
2209,2026-08-15T10:13:32.081391000-0500,7.214432000,192.168.0.178,192.168.0.148,25565,53414,1558149,3768,1460,0,0x0010
2210,2026-08-15T10:13:32.081410000-0500,7.214451000,192.168.0.148,192.168.0.178,53414,25565,3768,1559609,0,0,0x0010
2211,2026-08-15T10:13:32.081614000-0500,7.214655000,192.168.0.178,192.168.0.148,25565,53414,1559609,3768,1460,0,0x0010
2212,2026-08-15T10:13:32.081633000-0500,7.214674000,192.168.0.148,192.168.0.178,53414,25565,3768,1561069,0,0,0x0010
2213,2026-08-15T10:13:32.081666000-0500,7.214707000,192.168.0.178,192.168.0.148,25565,53414,1561069,3768,1460,0,0x0010
2214,2026-08-15T10:13:32.081794000-0500,7.214835000,192.168.0.178,192.168.0.148,25565,53414,1562529,3768,1460,0,0x0010
2215,2026-08-15T10:13:32.081816000-0500,7.214857000,192.168.0.148,192.168.0.178,53414,25565,3768,1563989,0,0,0x0010
2216,2026-08-15T10:13:32.081881000-0500,7.214922000,192.168.0.178,192.168.0.148,25565,53414,1563989,3768,1460,0,0x0018
2217,2026-08-15T10:13:32.082129000-0500,7.215170000,192.168.0.178,192.168.0.148,25565,53414,1565449,3768,1460,0,0x0010
2218,2026-08-15T10:13:32.082129000-0500,7.215170000,192.168.0.178,192.168.0.148,25565,53414,1566909,3768,1460,0,0x0010
2219,2026-08-15T10:13:32.082148000-0500,7.215189000,192.168.0.148,192.168.0.178,53414,25565,3768,1568369,0,0,0x0010
2220,2026-08-15T10:13:32.082357000-0500,7.215398000,192.168.0.178,192.168.0.148,25565,53414,1568369,3768,1460,0,0x0010
2221,2026-08-15T10:13:32.082375000-0500,7.215416000,192.168.0.148,192.168.0.178,53414,25565,3768,1569829,0,0,0x0010
2222,2026-08-15T10:13:32.082409000-0500,7.215450000,192.168.0.178,192.168.0.148,25565,53414,1569829,3768,1460,0,0x0010
2223,2026-08-15T10:13:32.082600000-0500,7.215641000,192.168.0.178,192.168.0.148,25565,53414,1571289,3768,877,0,0x0018
2224,2026-08-15T10:13:32.082620000-0500,7.215661000,192.168.0.148,192.168.0.178,53414,25565,3768,1572166,0,0,0x0010
2225,2026-08-15T10:13:32.092647000-0500,7.225688000,192.168.0.148,192.168.0.178,53414,25565,3768,1572166,28,0,0x0018
2226,2026-08-15T10:13:32.093289000-0500,7.226330000,192.168.0.148,192.168.0.178,53414,25565,3796,1572166,3,0,0x0018
2227,2026-08-15T10:13:32.093491000-0500,7.226532000,192.168.0.178,192.168.0.148,25565,53414,1572166,3796,46,0,0x0018
2228,2026-08-15T10:13:32.131130000-0500,7.264171000,192.168.0.178,192.168.0.148,25565,53414,1572212,3799,1460,0,0x0010
2229,2026-08-15T10:13:32.131130000-0500,7.264171000,192.168.0.178,192.168.0.148,25565,53414,1573672,3799,1460,0,0x0010
2230,2026-08-15T10:13:32.131130000-0500,7.264171000,192.168.0.178,192.168.0.148,25565,53414,1575132,3799,1460,0,0x0010
2231,2026-08-15T10:13:32.131182000-0500,7.264223000,192.168.0.148,192.168.0.178,53414,25565,3799,1576592,0,0,0x0010
2232,2026-08-15T10:13:32.131252000-0500,7.264293000,192.168.0.178,192.168.0.148,25565,53414,1576592,3799,1460,0,0x0010
2233,2026-08-15T10:13:32.131379000-0500,7.264420000,192.168.0.178,192.168.0.148,25565,53414,1578052,3799,1460,0,0x0010
2234,2026-08-15T10:13:32.131397000-0500,7.264438000,192.168.0.148,192.168.0.178,53414,25565,3799,1579512,0,0,0x0010
2235,2026-08-15T10:13:32.131608000-0500,7.264649000,192.168.0.178,192.168.0.148,25565,53414,1579512,3799,1460,0,0x0010
2236,2026-08-15T10:13:32.131608000-0500,7.264649000,192.168.0.178,192.168.0.148,25565,53414,1580972,3799,1460,0,0x0010
2237,2026-08-15T10:13:32.131628000-0500,7.264669000,192.168.0.148,192.168.0.178,53414,25565,3799,1582432,0,0,0x0010
2238,2026-08-15T10:13:32.131840000-0500,7.264881000,192.168.0.178,192.168.0.148,25565,53414,1582432,3799,1460,0,0x0010
2239,2026-08-15T10:13:32.131840000-0500,7.264881000,192.168.0.178,192.168.0.148,25565,53414,1583892,3799,1460,0,0x0018
2240,2026-08-15T10:13:32.131859000-0500,7.264900000,192.168.0.148,192.168.0.178,53414,25565,3799,1585352,0,0,0x0010
2241,2026-08-15T10:13:32.132073000-0500,7.265114000,192.168.0.178,192.168.0.148,25565,53414,1585352,3799,1460,0,0x0010
2242,2026-08-15T10:13:32.132178000-0500,7.265219000,192.168.0.178,192.168.0.148,25565,53414,1586812,3799,1460,0,0x0010
2243,2026-08-15T10:13:32.132178000-0500,7.265219000,192.168.0.178,192.168.0.148,25565,53414,1588272,3799,62,0,0x0018
2244,2026-08-15T10:13:32.132188000-0500,7.265229000,192.168.0.148,192.168.0.178,53414,25565,3799,1588334,0,0,0x0010
2245,2026-08-15T10:13:32.142656000-0500,7.275697000,192.168.0.148,192.168.0.178,53414,25565,3799,1588334,28,0,0x0018
2246,2026-08-15T10:13:32.143380000-0500,7.276421000,192.168.0.148,192.168.0.178,53414,25565,3827,1588334,3,0,0x0018
2247,2026-08-15T10:13:32.143935000-0500,7.276976000,192.168.0.178,192.168.0.148,25565,53414,1588334,3830,0,0,0x0010
2248,2026-08-15T10:13:32.183574000-0500,7.316615000,192.168.0.178,192.168.0.148,25565,53414,1588334,3830,1460,0,0x0010
2249,2026-08-15T10:13:32.183574000-0500,7.316615000,192.168.0.178,192.168.0.148,25565,53414,1589794,3830,1460,0,0x0010
2250,2026-08-15T10:13:32.183627000-0500,7.316668000,192.168.0.148,192.168.0.178,53414,25565,3830,1591254,0,0,0x0010
2251,2026-08-15T10:13:32.183689000-0500,7.316730000,192.168.0.178,192.168.0.148,25565,53414,1591254,3830,1460,0,0x0010
2252,2026-08-15T10:13:32.183744000-0500,7.316785000,192.168.0.178,192.168.0.148,25565,53414,1592714,3830,989,0,0x0018
2253,2026-08-15T10:13:32.183754000-0500,7.316795000,192.168.0.148,192.168.0.178,53414,25565,3830,1593703,0,0,0x0010
2254,2026-08-15T10:13:32.184040000-0500,7.317081000,192.168.0.148,192.168.0.178,53414,25565,3830,1593703,11,0,0x0018
2255,2026-08-15T10:13:32.193132000-0500,7.326173000,192.168.0.148,192.168.0.178,53414,25565,3841,1593703,28,0,0x0018
2256,2026-08-15T10:13:32.193751000-0500,7.326792000,192.168.0.178,192.168.0.148,25565,53414,1593703,3869,0,0,0x0010
2257,2026-08-15T10:13:32.194328000-0500,7.327369000,192.168.0.148,192.168.0.178,53414,25565,3869,1593703,3,0,0x0018
2258,2026-08-15T10:13:32.231083000-0500,7.364124000,192.168.0.178,192.168.0.148,25565,53414,1593703,3872,454,0,0x0018
2259,2026-08-15T10:13:32.242527000-0500,7.375568000,192.168.0.148,192.168.0.178,53414,25565,3872,1594157,28,0,0x0018
2260,2026-08-15T10:13:32.243423000-0500,7.376464000,192.168.0.148,192.168.0.178,53414,25565,3900,1594157,3,0,0x0018
2261,2026-08-15T10:13:32.244271000-0500,7.377312000,192.168.0.178,192.168.0.148,25565,53414,1594157,3903,0,0,0x0010
2262,2026-08-15T10:13:32.285320000-0500,7.418361000,192.168.0.178,192.168.0.148,25565,53414,1594157,3903,322,0,0x0018
2263,2026-08-15T10:13:32.293431000-0500,7.426472000,192.168.0.148,192.168.0.178,53414,25565,3903,1594479,28,0,0x0018
2264,2026-08-15T10:13:32.294530000-0500,7.427571000,192.168.0.148,192.168.0.178,53414,25565,3931,1594479,3,0,0x0018
2265,2026-08-15T10:13:32.295348000-0500,7.428389000,192.168.0.178,192.168.0.148,25565,53414,1594479,3934,0,0,0x0010
2266,2026-08-15T10:13:32.332383000-0500,7.465424000,192.168.0.178,192.168.0.148,25565,53414,1594479,3934,456,0,0x0018
2267,2026-08-15T10:13:32.343133000-0500,7.476174000,192.168.0.148,192.168.0.178,53414,25565,3934,1594935,28,0,0x0018
2268,2026-08-15T10:13:32.344414000-0500,7.477455000,192.168.0.148,192.168.0.178,53414,25565,3962,1594935,3,0,0x0018
2269,2026-08-15T10:13:32.345197000-0500,7.478238000,192.168.0.178,192.168.0.148,25565,53414,1594935,3965,0,0,0x0010
2270,2026-08-15T10:13:32.385665000-0500,7.518706000,192.168.0.178,192.168.0.148,25565,53414,1594935,3965,783,0,0x0018
2271,2026-08-15T10:13:32.393499000-0500,7.526540000,192.168.0.148,192.168.0.178,53414,25565,3965,1595718,28,0,0x0018
2272,2026-08-15T10:13:32.394811000-0500,7.527852000,192.168.0.148,192.168.0.178,53414,25565,3993,1595718,3,0,0x0018
2273,2026-08-15T10:13:32.398530000-0500,7.531571000,192.168.0.178,192.168.0.148,25565,53414,1595718,3996,0,0,0x0010
2274,2026-08-15T10:13:32.430039000-0500,7.563080000,192.168.0.178,192.168.0.148,25565,53414,1595718,3996,267,0,0x0018
2275,2026-08-15T10:13:32.443155000-0500,7.576196000,192.168.0.148,192.168.0.178,53414,25565,3996,1595985,28,0,0x0018
2276,2026-08-15T10:13:32.444184000-0500,7.577225000,192.168.0.148,192.168.0.178,53414,25565,4024,1595985,3,0,0x0018
2277,2026-08-15T10:13:32.444790000-0500,7.577831000,192.168.0.178,192.168.0.148,25565,53414,1595985,4027,0,0,0x0010
2278,2026-08-15T10:13:32.481228000-0500,7.614269000,192.168.0.178,192.168.0.148,25565,53414,1595985,4027,673,0,0x0018
2279,2026-08-15T10:13:32.492601000-0500,7.625642000,192.168.0.148,192.168.0.178,53414,25565,4027,1596658,28,0,0x0018
2280,2026-08-15T10:13:32.493226000-0500,7.626267000,192.168.0.148,192.168.0.178,53414,25565,4055,1596658,3,0,0x0018
2281,2026-08-15T10:13:32.493808000-0500,7.626849000,192.168.0.178,192.168.0.148,25565,53414,1596658,4058,0,0,0x0010
2282,2026-08-15T10:13:32.533220000-0500,7.666261000,192.168.0.178,192.168.0.148,25565,53414,1596658,4058,574,0,0x0018
2283,2026-08-15T10:13:32.543144000-0500,7.676185000,192.168.0.148,192.168.0.178,53414,25565,4058,1597232,28,0,0x0018
2284,2026-08-15T10:13:32.544107000-0500,7.677148000,192.168.0.148,192.168.0.178,53414,25565,4086,1597232,3,0,0x0018
2285,2026-08-15T10:13:32.544781000-0500,7.677822000,192.168.0.178,192.168.0.148,25565,53414,1597232,4089,0,0,0x0010
2286,2026-08-15T10:13:32.579714000-0500,7.712755000,192.168.0.178,192.168.0.148,25565,53414,1597232,4089,455,0,0x0018
2287,2026-08-15T10:13:32.593718000-0500,7.726759000,192.168.0.148,192.168.0.178,53414,25565,4089,1597687,28,0,0x0018
2288,2026-08-15T10:13:32.594757000-0500,7.727798000,192.168.0.148,192.168.0.178,53414,25565,4117,1597687,3,0,0x0018
2289,2026-08-15T10:13:32.595672000-0500,7.728713000,192.168.0.178,192.168.0.148,25565,53414,1597687,4120,0,0,0x0010
2290,2026-08-15T10:13:32.631293000-0500,7.764334000,192.168.0.178,192.168.0.148,25565,53414,1597687,4120,286,0,0x0018
2291,2026-08-15T10:13:32.642039000-0500,7.775080000,192.168.0.148,192.168.0.178,53414,25565,4120,1597973,28,0,0x0018
2292,2026-08-15T10:13:32.642674000-0500,7.775715000,192.168.0.148,192.168.0.178,53414,25565,4148,1597973,3,0,0x0018
2293,2026-08-15T10:13:32.643347000-0500,7.776388000,192.168.0.178,192.168.0.148,25565,53414,1597973,4151,0,0,0x0010
2294,2026-08-15T10:13:32.680962000-0500,7.814003000,192.168.0.178,192.168.0.148,25565,53414,1597973,4151,1216,0,0x0018
2295,2026-08-15T10:13:32.692644000-0500,7.825685000,192.168.0.148,192.168.0.178,53414,25565,4151,1599189,28,0,0x0018
2296,2026-08-15T10:13:32.693562000-0500,7.826603000,192.168.0.148,192.168.0.178,53414,25565,4179,1599189,3,0,0x0018
2297,2026-08-15T10:13:32.694286000-0500,7.827327000,192.168.0.178,192.168.0.148,25565,53414,1599189,4182,0,0,0x0010
2298,2026-08-15T10:13:32.730878000-0500,7.863919000,192.168.0.178,192.168.0.148,25565,53414,1599189,4182,250,0,0x0018
2299,2026-08-15T10:13:32.742589000-0500,7.875630000,192.168.0.148,192.168.0.178,53414,25565,4182,1599439,28,0,0x0018
2300,2026-08-15T10:13:32.743281000-0500,7.876322000,192.168.0.148,192.168.0.178,53414,25565,4210,1599439,3,0,0x0018
2301,2026-08-15T10:13:32.743991000-0500,7.877032000,192.168.0.178,192.168.0.148,25565,53414,1599439,4213,0,0,0x0010
2302,2026-08-15T10:13:32.779475000-0500,7.912516000,192.168.0.178,192.168.0.148,25565,53414,1599439,4213,278,0,0x0018
2303,2026-08-15T10:13:32.792861000-0500,7.925902000,192.168.0.148,192.168.0.178,53414,25565,4213,1599717,28,0,0x0018
2304,2026-08-15T10:13:32.794010000-0500,7.927051000,192.168.0.148,192.168.0.178,53414,25565,4241,1599717,3,0,0x0018
2305,2026-08-15T10:13:32.794637000-0500,7.927678000,192.168.0.178,192.168.0.148,25565,53414,1599717,4244,0,0,0x0010
2306,2026-08-15T10:13:32.831574000-0500,7.964615000,192.168.0.178,192.168.0.148,25565,53414,1599717,4244,838,0,0x0018
2307,2026-08-15T10:13:32.842271000-0500,7.975312000,192.168.0.148,192.168.0.178,53414,25565,4244,1600555,28,0,0x0018
2308,2026-08-15T10:13:32.842834000-0500,7.975875000,192.168.0.148,192.168.0.178,53414,25565,4272,1600555,3,0,0x0018
2309,2026-08-15T10:13:32.843530000-0500,7.976571000,192.168.0.178,192.168.0.148,25565,53414,1600555,4275,0,0,0x0010
2310,2026-08-15T10:13:32.882405000-0500,8.015446000,192.168.0.178,192.168.0.148,25565,53414,1600555,4275,302,0,0x0018
2311,2026-08-15T10:13:32.893279000-0500,8.026320000,192.168.0.148,192.168.0.178,53414,25565,4275,1600857,28,0,0x0018
2312,2026-08-15T10:13:32.894423000-0500,8.027464000,192.168.0.148,192.168.0.178,53414,25565,4303,1600857,3,0,0x0018
2313,2026-08-15T10:13:32.894513000-0500,8.027554000,192.168.0.178,192.168.0.148,25565,53414,1600857,4303,46,0,0x0018
2314,2026-08-15T10:13:32.929112000-0500,8.062153000,192.168.0.178,192.168.0.148,25565,53414,1600903,4306,558,0,0x0018
2315,2026-08-15T10:13:32.929170000-0500,8.062211000,192.168.0.148,192.168.0.178,53414,25565,4306,1601461,0,0,0x0010
2316,2026-08-15T10:13:32.943211000-0500,8.076252000,192.168.0.148,192.168.0.178,53414,25565,4306,1601461,28,0,0x0018
2317,2026-08-15T10:13:32.944064000-0500,8.077105000,192.168.0.148,192.168.0.178,53414,25565,4334,1601461,3,0,0x0018
2318,2026-08-15T10:13:32.944854000-0500,8.077895000,192.168.0.178,192.168.0.148,25565,53414,1601461,4337,0,0,0x0010
2319,2026-08-15T10:13:32.980885000-0500,8.113926000,192.168.0.178,192.168.0.148,25565,53414,1601461,4337,527,0,0x0018
2320,2026-08-15T10:13:32.992249000-0500,8.125290000,192.168.0.148,192.168.0.178,53414,25565,4337,1601988,28,0,0x0018
2321,2026-08-15T10:13:32.992918000-0500,8.125959000,192.168.0.148,192.168.0.178,53414,25565,4365,1601988,3,0,0x0018
2322,2026-08-15T10:13:32.993631000-0500,8.126672000,192.168.0.178,192.168.0.148,25565,53414,1601988,4368,0,0,0x0010
2323,2026-08-15T10:13:33.033073000-0500,8.166114000,192.168.0.178,192.168.0.148,25565,53414,1601988,4368,406,0,0x0018
2324,2026-08-15T10:13:33.043343000-0500,8.176384000,192.168.0.148,192.168.0.178,53414,25565,4368,1602394,28,0,0x0018
2325,2026-08-15T10:13:33.044291000-0500,8.177332000,192.168.0.148,192.168.0.178,53414,25565,4396,1602394,3,0,0x0018
2326,2026-08-15T10:13:33.044487000-0500,8.177528000,192.168.0.178,192.168.0.148,25565,53414,1602394,4396,46,0,0x0018
2327,2026-08-15T10:13:33.080874000-0500,8.213915000,192.168.0.178,192.168.0.148,25565,53414,1602440,4399,430,0,0x0018
2328,2026-08-15T10:13:33.080929000-0500,8.213970000,192.168.0.148,192.168.0.178,53414,25565,4399,1602870,0,0,0x0010
2329,2026-08-15T10:13:33.093472000-0500,8.226513000,192.168.0.148,192.168.0.178,53414,25565,4399,1602870,28,0,0x0018
2330,2026-08-15T10:13:33.095000000-0500,8.228041000,192.168.0.148,192.168.0.178,53414,25565,4427,1602870,3,0,0x0018
2331,2026-08-15T10:13:33.095747000-0500,8.228788000,192.168.0.178,192.168.0.148,25565,53414,1602870,4430,0,0,0x0010
2332,2026-08-15T10:13:33.129694000-0500,8.262735000,192.168.0.178,192.168.0.148,25565,53414,1602870,4430,1338,0,0x0018
2333,2026-08-15T10:13:33.143653000-0500,8.276694000,192.168.0.148,192.168.0.178,53414,25565,4430,1604208,28,0,0x0018
2334,2026-08-15T10:13:33.144804000-0500,8.277845000,192.168.0.148,192.168.0.178,53414,25565,4458,1604208,3,0,0x0018
2335,2026-08-15T10:13:33.145497000-0500,8.278538000,192.168.0.178,192.168.0.148,25565,53414,1604208,4461,0,0,0x0010
2336,2026-08-15T10:13:33.181050000-0500,8.314091000,192.168.0.178,192.168.0.148,25565,53414,1604208,4461,272,0,0x0018
2337,2026-08-15T10:13:33.193265000-0500,8.326306000,192.168.0.148,192.168.0.178,53414,25565,4461,1604480,28,0,0x0018
2338,2026-08-15T10:13:33.194631000-0500,8.327672000,192.168.0.148,192.168.0.178,53414,25565,4489,1604480,3,0,0x0018
2339,2026-08-15T10:13:33.195465000-0500,8.328506000,192.168.0.178,192.168.0.148,25565,53414,1604480,4492,0,0,0x0010
2340,2026-08-15T10:13:33.230588000-0500,8.363629000,192.168.0.178,192.168.0.148,25565,53414,1604480,4492,567,0,0x0018
2341,2026-08-15T10:13:33.230799000-0500,8.363840000,192.168.0.148,192.168.0.178,53414,25565,4492,1605047,11,0,0x0018
2342,2026-08-15T10:13:33.243437000-0500,8.376478000,192.168.0.148,192.168.0.178,53414,25565,4503,1605047,28,0,0x0018
2343,2026-08-15T10:13:33.244195000-0500,8.377236000,192.168.0.178,192.168.0.148,25565,53414,1605047,4531,0,0,0x0010
2344,2026-08-15T10:13:33.244721000-0500,8.377762000,192.168.0.148,192.168.0.178,53414,25565,4531,1605047,3,0,0x0018
2345,2026-08-15T10:13:33.281754000-0500,8.414795000,192.168.0.178,192.168.0.148,25565,53414,1605047,4534,527,0,0x0018
2346,2026-08-15T10:13:33.292466000-0500,8.425507000,192.168.0.148,192.168.0.178,53414,25565,4534,1605574,28,0,0x0018
2347,2026-08-15T10:13:33.293226000-0500,8.426267000,192.168.0.148,192.168.0.178,53414,25565,4562,1605574,3,0,0x0018
2348,2026-08-15T10:13:33.293933000-0500,8.426974000,192.168.0.178,192.168.0.148,25565,53414,1605574,4565,0,0,0x0010
2349,2026-08-15T10:13:33.331985000-0500,8.465026000,192.168.0.178,192.168.0.148,25565,53414,1605574,4565,319,0,0x0018
2350,2026-08-15T10:13:33.341963000-0500,8.475004000,192.168.0.148,192.168.0.178,53414,25565,4565,1605893,28,0,0x0018
2351,2026-08-15T10:13:33.342594000-0500,8.475635000,192.168.0.148,192.168.0.178,53414,25565,4593,1605893,3,0,0x0018
2352,2026-08-15T10:13:33.343067000-0500,8.476108000,192.168.0.178,192.168.0.148,25565,53414,1605893,4596,0,0,0x0010
2353,2026-08-15T10:13:33.381866000-0500,8.514907000,192.168.0.178,192.168.0.148,25565,53414,1605893,4596,1152,0,0x0018
2354,2026-08-15T10:13:33.392672000-0500,8.525713000,192.168.0.148,192.168.0.178,53414,25565,4596,1607045,28,0,0x0018
2355,2026-08-15T10:13:33.393500000-0500,8.526541000,192.168.0.148,192.168.0.178,53414,25565,4624,1607045,3,0,0x0018
2356,2026-08-15T10:13:33.394198000-0500,8.527239000,192.168.0.178,192.168.0.148,25565,53414,1607045,4627,0,0,0x0010
2357,2026-08-15T10:13:33.430726000-0500,8.563767000,192.168.0.178,192.168.0.148,25565,53414,1607045,4627,735,0,0x0018
2358,2026-08-15T10:13:33.443602000-0500,8.576643000,192.168.0.148,192.168.0.178,53414,25565,4627,1607780,28,0,0x0018
2359,2026-08-15T10:13:33.444890000-0500,8.577931000,192.168.0.148,192.168.0.178,53414,25565,4655,1607780,3,0,0x0018
2360,2026-08-15T10:13:33.445404000-0500,8.578445000,192.168.0.178,192.168.0.148,25565,53414,1607780,4658,0,0,0x0010
2361,2026-08-15T10:13:33.480044000-0500,8.613085000,192.168.0.178,192.168.0.148,25565,53414,1607780,4658,275,0,0x0018
2362,2026-08-15T10:13:33.493324000-0500,8.626365000,192.168.0.148,192.168.0.178,53414,25565,4658,1608055,28,0,0x0018
2363,2026-08-15T10:13:33.494517000-0500,8.627558000,192.168.0.148,192.168.0.178,53414,25565,4686,1608055,3,0,0x0018
2364,2026-08-15T10:13:33.495147000-0500,8.628188000,192.168.0.178,192.168.0.148,25565,53414,1608055,4686,11,0,0x0018
2365,2026-08-15T10:13:33.495569000-0500,8.628610000,192.168.0.178,192.168.0.148,25565,53414,1608066,4689,11,0,0x0018
2366,2026-08-15T10:13:33.495569000-0500,8.628610000,192.168.0.178,192.168.0.148,25565,53414,1608077,4689,22,0,0x0018
2367,2026-08-15T10:13:33.495569000-0500,8.628610000,192.168.0.178,192.168.0.148,25565,53414,1608099,4689,44,0,0x0018
2368,2026-08-15T10:13:33.495622000-0500,8.628663000,192.168.0.148,192.168.0.178,53414,25565,4689,1608143,0,0,0x0010
2369,2026-08-15T10:13:33.495664000-0500,8.628705000,192.168.0.178,192.168.0.148,25565,53414,1608143,4689,44,0,0x0018
2370,2026-08-15T10:13:33.495664000-0500,8.628705000,192.168.0.178,192.168.0.148,25565,53414,1608187,4689,44,0,0x0018
2371,2026-08-15T10:13:33.495664000-0500,8.628705000,192.168.0.178,192.168.0.148,25565,53414,1608231,4689,46,0,0x0018
2372,2026-08-15T10:13:33.495682000-0500,8.628723000,192.168.0.148,192.168.0.178,53414,25565,4689,1608277,0,0,0x0010
2373,2026-08-15T10:13:33.529043000-0500,8.662084000,192.168.0.178,192.168.0.148,25565,53414,1608277,4689,533,0,0x0018
2374,2026-08-15T10:13:33.529090000-0500,8.662131000,192.168.0.148,192.168.0.178,53414,25565,4689,1608810,0,0,0x0010
2375,2026-08-15T10:13:33.542616000-0500,8.675657000,192.168.0.148,192.168.0.178,53414,25565,4689,1608810,28,0,0x0018
2376,2026-08-15T10:13:33.543323000-0500,8.676364000,192.168.0.148,192.168.0.178,53414,25565,4717,1608810,3,0,0x0018
2377,2026-08-15T10:13:33.544033000-0500,8.677074000,192.168.0.178,192.168.0.148,25565,53414,1608810,4720,0,0,0x0010
2378,2026-08-15T10:13:33.581648000-0500,8.714689000,192.168.0.178,192.168.0.148,25565,53414,1608810,4720,382,0,0x0018
2379,2026-08-15T10:13:33.593402000-0500,8.726443000,192.168.0.148,192.168.0.178,53414,25565,4720,1609192,28,0,0x0018
2380,2026-08-15T10:13:33.594507000-0500,8.727548000,192.168.0.148,192.168.0.178,53414,25565,4748,1609192,3,0,0x0018
2381,2026-08-15T10:13:33.595210000-0500,8.728251000,192.168.0.178,192.168.0.148,25565,53414,1609192,4751,0,0,0x0010
2382,2026-08-15T10:13:33.631289000-0500,8.764330000,192.168.0.178,192.168.0.148,25565,53414,1609192,4751,1460,0,0x0010
2383,2026-08-15T10:13:33.631289000-0500,8.764330000,192.168.0.178,192.168.0.148,25565,53414,1610652,4751,1460,0,0x0010
2384,2026-08-15T10:13:33.631354000-0500,8.764395000,192.168.0.148,192.168.0.178,53414,25565,4751,1612112,0,0,0x0010
2385,2026-08-15T10:13:33.631405000-0500,8.764446000,192.168.0.178,192.168.0.148,25565,53414,1612112,4751,1460,0,0x0010
2386,2026-08-15T10:13:33.631645000-0500,8.764686000,192.168.0.178,192.168.0.148,25565,53414,1613572,4751,1460,0,0x0010
2387,2026-08-15T10:13:33.631645000-0500,8.764686000,192.168.0.178,192.168.0.148,25565,53414,1615032,4751,1460,0,0x0010
2388,2026-08-15T10:13:33.631687000-0500,8.764728000,192.168.0.148,192.168.0.178,53414,25565,4751,1616492,0,0,0x0010
2389,2026-08-15T10:13:33.631750000-0500,8.764791000,192.168.0.178,192.168.0.148,25565,53414,1616492,4751,1460,0,0x0010
2390,2026-08-15T10:13:33.631759000-0500,8.764800000,192.168.0.148,192.168.0.178,53414,25565,4751,1617952,0,0,0x0010
2391,2026-08-15T10:13:33.632018000-0500,8.765059000,192.168.0.178,192.168.0.148,25565,53414,1617952,4751,1460,0,0x0010
2392,2026-08-15T10:13:33.632018000-0500,8.765059000,192.168.0.178,192.168.0.148,25565,53414,1619412,4751,1460,0,0x0010
2393,2026-08-15T10:13:33.632066000-0500,8.765107000,192.168.0.148,192.168.0.178,53414,25565,4751,1620872,0,0,0x0010
2394,2026-08-15T10:13:33.632131000-0500,8.765172000,192.168.0.178,192.168.0.148,25565,53414,1620872,4751,1437,0,0x0018
2395,2026-08-15T10:13:33.642780000-0500,8.775821000,192.168.0.148,192.168.0.178,53414,25565,4751,1622309,28,0,0x0018
2396,2026-08-15T10:13:33.643543000-0500,8.776584000,192.168.0.148,192.168.0.178,53414,25565,4779,1622309,3,0,0x0018
2397,2026-08-15T10:13:33.644099000-0500,8.777140000,192.168.0.178,192.168.0.148,25565,53414,1622309,4782,0,0,0x0010
2398,2026-08-15T10:13:33.680401000-0500,8.813442000,192.168.0.178,192.168.0.148,25565,53414,1622309,4782,1460,0,0x0010
2399,2026-08-15T10:13:33.680401000-0500,8.813442000,192.168.0.178,192.168.0.148,25565,53414,1623769,4782,1460,0,0x0010
2400,2026-08-15T10:13:33.680476000-0500,8.813517000,192.168.0.148,192.168.0.178,53414,25565,4782,1625229,0,0,0x0010
2401,2026-08-15T10:13:33.680519000-0500,8.813560000,192.168.0.178,192.168.0.148,25565,53414,1625229,4782,1460,0,0x0010
2402,2026-08-15T10:13:33.680745000-0500,8.813786000,192.168.0.178,192.168.0.148,25565,53414,1626689,4782,1460,0,0x0010
2403,2026-08-15T10:13:33.680745000-0500,8.813786000,192.168.0.178,192.168.0.148,25565,53414,1628149,4782,1460,0,0x0010
2404,2026-08-15T10:13:33.680783000-0500,8.813824000,192.168.0.148,192.168.0.178,53414,25565,4782,1629609,0,0,0x0010
2405,2026-08-15T10:13:33.680987000-0500,8.814028000,192.168.0.178,192.168.0.148,25565,53414,1629609,4782,1460,0,0x0010
2406,2026-08-15T10:13:33.680987000-0500,8.814028000,192.168.0.178,192.168.0.148,25565,53414,1631069,4782,1460,0,0x0010
2407,2026-08-15T10:13:33.681026000-0500,8.814067000,192.168.0.148,192.168.0.178,53414,25565,4782,1632529,0,0,0x0010
2408,2026-08-15T10:13:33.681233000-0500,8.814274000,192.168.0.178,192.168.0.148,25565,53414,1632529,4782,1460,0,0x0010
2409,2026-08-15T10:13:33.681233000-0500,8.814274000,192.168.0.178,192.168.0.148,25565,53414,1633989,4782,1460,0,0x0018
2410,2026-08-15T10:13:33.681273000-0500,8.814314000,192.168.0.148,192.168.0.178,53414,25565,4782,1635449,0,0,0x0010
2411,2026-08-15T10:13:33.681374000-0500,8.814415000,192.168.0.178,192.168.0.148,25565,53414,1635449,4782,1460,0,0x0010
2412,2026-08-15T10:13:33.681384000-0500,8.814425000,192.168.0.148,192.168.0.178,53414,25565,4782,1636909,0,0,0x0010
2413,2026-08-15T10:13:33.681598000-0500,8.814639000,192.168.0.178,192.168.0.148,25565,53414,1636909,4782,1460,0,0x0010
2414,2026-08-15T10:13:33.681598000-0500,8.814639000,192.168.0.178,192.168.0.148,25565,53414,1638369,4782,1460,0,0x0010
2415,2026-08-15T10:13:33.681638000-0500,8.814679000,192.168.0.148,192.168.0.178,53414,25565,4782,1639829,0,0,0x0010
2416,2026-08-15T10:13:33.681675000-0500,8.814716000,192.168.0.178,192.168.0.148,25565,53414,1639829,4782,517,0,0x0018
2417,2026-08-15T10:13:33.692458000-0500,8.825499000,192.168.0.148,192.168.0.178,53414,25565,4782,1640346,28,0,0x0018
2418,2026-08-15T10:13:33.693052000-0500,8.826093000,192.168.0.148,192.168.0.178,53414,25565,4810,1640346,3,0,0x0018
2419,2026-08-15T10:13:33.693595000-0500,8.826636000,192.168.0.178,192.168.0.148,25565,53414,1640346,4813,0,0,0x0010
2420,2026-08-15T10:13:33.729493000-0500,8.862534000,192.168.0.178,192.168.0.148,25565,53414,1640346,4813,1460,0,0x0010
2421,2026-08-15T10:13:33.729493000-0500,8.862534000,192.168.0.178,192.168.0.148,25565,53414,1641806,4813,1460,0,0x0010
2422,2026-08-15T10:13:33.729540000-0500,8.862581000,192.168.0.148,192.168.0.178,53414,25565,4813,1643266,0,0,0x0010
2423,2026-08-15T10:13:33.729585000-0500,8.862626000,192.168.0.178,192.168.0.148,25565,53414,1643266,4813,1460,0,0x0010
2424,2026-08-15T10:13:33.729785000-0500,8.862826000,192.168.0.178,192.168.0.148,25565,53414,1644726,4813,1460,0,0x0010
2425,2026-08-15T10:13:33.729805000-0500,8.862846000,192.168.0.148,192.168.0.178,53414,25565,4813,1646186,0,0,0x0010
2426,2026-08-15T10:13:33.729852000-0500,8.862893000,192.168.0.178,192.168.0.148,25565,53414,1646186,4813,1460,0,0x0010
2427,2026-08-15T10:13:33.730015000-0500,8.863056000,192.168.0.178,192.168.0.148,25565,53414,1647646,4813,1460,0,0x0010
2428,2026-08-15T10:13:33.730035000-0500,8.863076000,192.168.0.148,192.168.0.178,53414,25565,4813,1649106,0,0,0x0010
2429,2026-08-15T10:13:33.730070000-0500,8.863111000,192.168.0.178,192.168.0.148,25565,53414,1649106,4813,1460,0,0x0010
2430,2026-08-15T10:13:33.730284000-0500,8.863325000,192.168.0.178,192.168.0.148,25565,53414,1650566,4813,1460,0,0x0010
2431,2026-08-15T10:13:33.730284000-0500,8.863325000,192.168.0.178,192.168.0.148,25565,53414,1652026,4813,1460,0,0x0018
2432,2026-08-15T10:13:33.730305000-0500,8.863346000,192.168.0.148,192.168.0.178,53414,25565,4813,1653486,0,0,0x0010
2433,2026-08-15T10:13:33.730550000-0500,8.863591000,192.168.0.178,192.168.0.148,25565,53414,1653486,4813,1460,0,0x0010
2434,2026-08-15T10:13:33.730550000-0500,8.863591000,192.168.0.178,192.168.0.148,25565,53414,1654946,4813,1460,0,0x0010
2435,2026-08-15T10:13:33.730576000-0500,8.863617000,192.168.0.148,192.168.0.178,53414,25565,4813,1656406,0,0,0x0010
2436,2026-08-15T10:13:33.730794000-0500,8.863835000,192.168.0.178,192.168.0.148,25565,53414,1656406,4813,1460,0,0x0010
2437,2026-08-15T10:13:33.730794000-0500,8.863835000,192.168.0.178,192.168.0.148,25565,53414,1657866,4813,1460,0,0x0010
2438,2026-08-15T10:13:33.730817000-0500,8.863858000,192.168.0.148,192.168.0.178,53414,25565,4813,1659326,0,0,0x0010
2439,2026-08-15T10:13:33.731026000-0500,8.864067000,192.168.0.178,192.168.0.148,25565,53414,1659326,4813,1460,0,0x0010
2440,2026-08-15T10:13:33.731026000-0500,8.864067000,192.168.0.178,192.168.0.148,25565,53414,1660786,4813,1460,0,0x0010
2441,2026-08-15T10:13:33.731026000-0500,8.864067000,192.168.0.178,192.168.0.148,25565,53414,1662246,4813,10,0,0x0018
2442,2026-08-15T10:13:33.731050000-0500,8.864091000,192.168.0.148,192.168.0.178,53414,25565,4813,1662256,0,0,0x0010
2443,2026-08-15T10:13:33.743301000-0500,8.876342000,192.168.0.148,192.168.0.178,53414,25565,4813,1662256,28,0,0x0018
2444,2026-08-15T10:13:33.744229000-0500,8.877270000,192.168.0.148,192.168.0.178,53414,25565,4841,1662256,3,0,0x0018
2445,2026-08-15T10:13:33.745110000-0500,8.878151000,192.168.0.178,192.168.0.148,25565,53414,1662256,4844,0,0,0x0010
2446,2026-08-15T10:13:33.781381000-0500,8.914422000,192.168.0.178,192.168.0.148,25565,53414,1662256,4844,1460,0,0x0010
2447,2026-08-15T10:13:33.781381000-0500,8.914422000,192.168.0.178,192.168.0.148,25565,53414,1663716,4844,1460,0,0x0010
2448,2026-08-15T10:13:33.781424000-0500,8.914465000,192.168.0.148,192.168.0.178,53414,25565,4844,1665176,0,0,0x0010
2449,2026-08-15T10:13:33.781478000-0500,8.914519000,192.168.0.178,192.168.0.148,25565,53414,1665176,4844,1460,0,0x0010
2450,2026-08-15T10:13:33.781702000-0500,8.914743000,192.168.0.178,192.168.0.148,25565,53414,1666636,4844,1460,0,0x0010
2451,2026-08-15T10:13:33.781702000-0500,8.914743000,192.168.0.178,192.168.0.148,25565,53414,1668096,4844,1460,0,0x0010
2452,2026-08-15T10:13:33.781721000-0500,8.914762000,192.168.0.148,192.168.0.178,53414,25565,4844,1669556,0,0,0x0010
2453,2026-08-15T10:13:33.781927000-0500,8.914968000,192.168.0.178,192.168.0.148,25565,53414,1669556,4844,1460,0,0x0010
2454,2026-08-15T10:13:33.781945000-0500,8.914986000,192.168.0.148,192.168.0.178,53414,25565,4844,1671016,0,0,0x0010
2455,2026-08-15T10:13:33.781981000-0500,8.915022000,192.168.0.178,192.168.0.148,25565,53414,1671016,4844,1460,0,0x0010
2456,2026-08-15T10:13:33.782111000-0500,8.915152000,192.168.0.178,192.168.0.148,25565,53414,1672476,4844,1460,0,0x0010
2457,2026-08-15T10:13:33.782125000-0500,8.915166000,192.168.0.148,192.168.0.178,53414,25565,4844,1673936,0,0,0x0010
2458,2026-08-15T10:13:33.782195000-0500,8.915236000,192.168.0.178,192.168.0.148,25565,53414,1673936,4844,1460,0,0x0018
2459,2026-08-15T10:13:33.782513000-0500,8.915554000,192.168.0.178,192.168.0.148,25565,53414,1675396,4844,1460,0,0x0010
2460,2026-08-15T10:13:33.782513000-0500,8.915554000,192.168.0.178,192.168.0.148,25565,53414,1676856,4844,1460,0,0x0010
2461,2026-08-15T10:13:33.782533000-0500,8.915574000,192.168.0.148,192.168.0.178,53414,25565,4844,1678316,0,0,0x0010
2462,2026-08-15T10:13:33.782745000-0500,8.915786000,192.168.0.178,192.168.0.148,25565,53414,1678316,4844,1460,0,0x0010
2463,2026-08-15T10:13:33.782763000-0500,8.915804000,192.168.0.148,192.168.0.178,53414,25565,4844,1679776,0,0,0x0010
2464,2026-08-15T10:13:33.782794000-0500,8.915835000,192.168.0.178,192.168.0.148,25565,53414,1679776,4844,1460,0,0x0010
2465,2026-08-15T10:13:33.782987000-0500,8.916028000,192.168.0.178,192.168.0.148,25565,53414,1681236,4844,1171,0,0x0018
2466,2026-08-15T10:13:33.783009000-0500,8.916050000,192.168.0.148,192.168.0.178,53414,25565,4844,1682407,0,0,0x0010
2467,2026-08-15T10:13:33.792357000-0500,8.925398000,192.168.0.148,192.168.0.178,53414,25565,4844,1682407,28,0,0x0018
2468,2026-08-15T10:13:33.792984000-0500,8.926025000,192.168.0.148,192.168.0.178,53414,25565,4872,1682407,3,0,0x0018
2469,2026-08-15T10:13:33.793569000-0500,8.926610000,192.168.0.178,192.168.0.148,25565,53414,1682407,4875,0,0,0x0010
2470,2026-08-15T10:13:33.832439000-0500,8.965480000,192.168.0.178,192.168.0.148,25565,53414,1682407,4875,1460,0,0x0010
2471,2026-08-15T10:13:33.832439000-0500,8.965480000,192.168.0.178,192.168.0.148,25565,53414,1683867,4875,1460,0,0x0010
2472,2026-08-15T10:13:33.832498000-0500,8.965539000,192.168.0.148,192.168.0.178,53414,25565,4875,1685327,0,0,0x0010
2473,2026-08-15T10:13:33.832549000-0500,8.965590000,192.168.0.178,192.168.0.148,25565,53414,1685327,4875,1460,0,0x0010
2474,2026-08-15T10:13:33.832772000-0500,8.965813000,192.168.0.178,192.168.0.148,25565,53414,1686787,4875,1460,0,0x0010
2475,2026-08-15T10:13:33.832772000-0500,8.965813000,192.168.0.178,192.168.0.148,25565,53414,1688247,4875,1460,0,0x0010
2476,2026-08-15T10:13:33.832806000-0500,8.965847000,192.168.0.148,192.168.0.178,53414,25565,4875,1689707,0,0,0x0010
2477,2026-08-15T10:13:33.833018000-0500,8.966059000,192.168.0.178,192.168.0.148,25565,53414,1689707,4875,1460,0,0x0010
2478,2026-08-15T10:13:33.833018000-0500,8.966059000,192.168.0.178,192.168.0.148,25565,53414,1691167,4875,1460,0,0x0010
2479,2026-08-15T10:13:33.833055000-0500,8.966096000,192.168.0.148,192.168.0.178,53414,25565,4875,1692627,0,0,0x0010
2480,2026-08-15T10:13:33.833131000-0500,8.966172000,192.168.0.178,192.168.0.148,25565,53414,1692627,4875,1460,0,0x0010
2481,2026-08-15T10:13:33.833141000-0500,8.966182000,192.168.0.148,192.168.0.178,53414,25565,4875,1694087,0,0,0x0010
2482,2026-08-15T10:13:33.833342000-0500,8.966383000,192.168.0.178,192.168.0.148,25565,53414,1694087,4875,1460,0,0x0018
2483,2026-08-15T10:13:33.833417000-0500,8.966458000,192.168.0.178,192.168.0.148,25565,53414,1695547,4875,1460,0,0x0010
2484,2026-08-15T10:13:33.833431000-0500,8.966472000,192.168.0.148,192.168.0.178,53414,25565,4875,1697007,0,0,0x0010
2485,2026-08-15T10:13:33.833537000-0500,8.966578000,192.168.0.178,192.168.0.148,25565,53414,1697007,4875,1460,0,0x0010
2486,2026-08-15T10:13:33.833537000-0500,8.966578000,192.168.0.178,192.168.0.148,25565,53414,1698467,4875,262,0,0x0018
2487,2026-08-15T10:13:33.833550000-0500,8.966591000,192.168.0.148,192.168.0.178,53414,25565,4875,1698729,0,0,0x0010
2488,2026-08-15T10:13:33.842304000-0500,8.975345000,192.168.0.148,192.168.0.178,53414,25565,4875,1698729,28,0,0x0018
2489,2026-08-15T10:13:33.842899000-0500,8.975940000,192.168.0.148,192.168.0.178,53414,25565,4903,1698729,3,0,0x0018
2490,2026-08-15T10:13:33.843485000-0500,8.976526000,192.168.0.178,192.168.0.148,25565,53414,1698729,4906,0,0,0x0010
2491,2026-08-15T10:13:33.882268000-0500,9.015309000,192.168.0.178,192.168.0.148,25565,53414,1698729,4906,1460,0,0x0010
2492,2026-08-15T10:13:33.882268000-0500,9.015309000,192.168.0.178,192.168.0.148,25565,53414,1700189,4906,1460,0,0x0010
2493,2026-08-15T10:13:33.882324000-0500,9.015365000,192.168.0.148,192.168.0.178,53414,25565,4906,1701649,0,0,0x0010
2494,2026-08-15T10:13:33.882377000-0500,9.015418000,192.168.0.178,192.168.0.148,25565,53414,1701649,4906,1460,0,0x0010
2495,2026-08-15T10:13:33.882408000-0500,9.015449000,192.168.0.178,192.168.0.148,25565,53414,1703109,4906,1460,0,0x0010
2496,2026-08-15T10:13:33.882413000-0500,9.015454000,192.168.0.148,192.168.0.178,53414,25565,4906,1704569,0,0,0x0010
2497,2026-08-15T10:13:33.882654000-0500,9.015695000,192.168.0.178,192.168.0.148,25565,53414,1704569,4906,1403,0,0x0018
2498,2026-08-15T10:13:33.893062000-0500,9.026103000,192.168.0.148,192.168.0.178,53414,25565,4906,1705972,28,0,0x0018
2499,2026-08-15T10:13:33.893866000-0500,9.026907000,192.168.0.148,192.168.0.178,53414,25565,4934,1705972,3,0,0x0018
2500,2026-08-15T10:13:33.894573000-0500,9.027614000,192.168.0.178,192.168.0.148,25565,53414,1705972,4937,0,0,0x0010
2501,2026-08-15T10:13:33.931564000-0500,9.064605000,192.168.0.178,192.168.0.148,25565,53414,1705972,4937,603,0,0x0018
2502,2026-08-15T10:13:33.943657000-0500,9.076698000,192.168.0.148,192.168.0.178,53414,25565,4937,1706575,28,0,0x0018
2503,2026-08-15T10:13:33.945028000-0500,9.078069000,192.168.0.148,192.168.0.178,53414,25565,4965,1706575,3,0,0x0018
2504,2026-08-15T10:13:33.945707000-0500,9.078748000,192.168.0.178,192.168.0.148,25565,53414,1706575,4968,0,0,0x0010
2505,2026-08-15T10:13:33.980177000-0500,9.113218000,192.168.0.178,192.168.0.148,25565,53414,1706575,4968,440,0,0x0018
2506,2026-08-15T10:13:33.993496000-0500,9.126537000,192.168.0.148,192.168.0.178,53414,25565,4968,1707015,28,0,0x0018
2507,2026-08-15T10:13:33.994686000-0500,9.127727000,192.168.0.178,192.168.0.148,25565,53414,1707015,4996,46,0,0x0018
2508,2026-08-15T10:13:33.995066000-0500,9.128107000,192.168.0.148,192.168.0.178,53414,25565,4996,1707061,3,0,0x0018
2509,2026-08-15T10:13:34.030354000-0500,9.163395000,192.168.0.178,192.168.0.148,25565,53414,1707061,4999,276,0,0x0018
2510,2026-08-15T10:13:34.043166000-0500,9.176207000,192.168.0.148,192.168.0.178,53414,25565,4999,1707337,28,0,0x0018
2511,2026-08-15T10:13:34.044405000-0500,9.177446000,192.168.0.148,192.168.0.178,53414,25565,5027,1707337,3,0,0x0018
2512,2026-08-15T10:13:34.045260000-0500,9.178301000,192.168.0.178,192.168.0.148,25565,53414,1707337,5030,0,0,0x0010
2513,2026-08-15T10:13:34.081789000-0500,9.214830000,192.168.0.178,192.168.0.148,25565,53414,1707337,5030,320,0,0x0018
2514,2026-08-15T10:13:34.093614000-0500,9.226655000,192.168.0.148,192.168.0.178,53414,25565,5030,1707657,28,0,0x0018
2515,2026-08-15T10:13:34.094971000-0500,9.228012000,192.168.0.148,192.168.0.178,53414,25565,5058,1707657,3,0,0x0018
2516,2026-08-15T10:13:34.095017000-0500,9.228058000,192.168.0.178,192.168.0.148,25565,53414,1707657,5058,11,0,0x0018
2517,2026-08-15T10:13:34.095017000-0500,9.228058000,192.168.0.178,192.168.0.148,25565,53414,1707668,5058,22,0,0x0018
2518,2026-08-15T10:13:34.095088000-0500,9.228129000,192.168.0.148,192.168.0.178,53414,25565,5061,1707690,0,0,0x0010
2519,2026-08-15T10:13:34.095180000-0500,9.228221000,192.168.0.178,192.168.0.148,25565,53414,1707690,5058,189,0,0x0018
2520,2026-08-15T10:13:34.128522000-0500,9.261563000,192.168.0.178,192.168.0.148,25565,53414,1707879,5061,391,0,0x0018
2521,2026-08-15T10:13:34.128575000-0500,9.261616000,192.168.0.148,192.168.0.178,53414,25565,5061,1708270,0,0,0x0010
2522,2026-08-15T10:13:34.141928000-0500,9.274969000,192.168.0.148,192.168.0.178,53414,25565,5061,1708270,28,0,0x0018
2523,2026-08-15T10:13:34.142666000-0500,9.275707000,192.168.0.148,192.168.0.178,53414,25565,5089,1708270,3,0,0x0018
2524,2026-08-15T10:13:34.143252000-0500,9.276293000,192.168.0.178,192.168.0.148,25565,53414,1708270,5092,0,0,0x0010
2525,2026-08-15T10:13:34.179502000-0500,9.312543000,192.168.0.178,192.168.0.148,25565,53414,1708270,5092,306,0,0x0018
2526,2026-08-15T10:13:34.192821000-0500,9.325862000,192.168.0.148,192.168.0.178,53414,25565,5092,1708576,28,0,0x0018
2527,2026-08-15T10:13:34.193852000-0500,9.326893000,192.168.0.148,192.168.0.178,53414,25565,5120,1708576,3,0,0x0018
2528,2026-08-15T10:13:34.194582000-0500,9.327623000,192.168.0.178,192.168.0.148,25565,53414,1708576,5123,0,0,0x0010
2529,2026-08-15T10:13:34.237826000-0500,9.370867000,192.168.0.178,192.168.0.148,25565,53414,1708576,5123,1460,0,0x0010
2530,2026-08-15T10:13:34.237826000-0500,9.370867000,192.168.0.178,192.168.0.148,25565,53414,1710036,5123,1460,0,0x0010
2531,2026-08-15T10:13:34.237904000-0500,9.370945000,192.168.0.148,192.168.0.178,53414,25565,5123,1711496,0,0,0x0010
2532,2026-08-15T10:13:34.237956000-0500,9.370997000,192.168.0.178,192.168.0.148,25565,53414,1711496,5123,1460,0,0x0010
2533,2026-08-15T10:13:34.238025000-0500,9.371066000,192.168.0.178,192.168.0.148,25565,53414,1712956,5123,1460,0,0x0010
2534,2026-08-15T10:13:34.238038000-0500,9.371079000,192.168.0.148,192.168.0.178,53414,25565,5123,1714416,0,0,0x0010
2535,2026-08-15T10:13:34.238287000-0500,9.371328000,192.168.0.178,192.168.0.148,25565,53414,1714416,5123,1460,0,0x0010
2536,2026-08-15T10:13:34.238287000-0500,9.371328000,192.168.0.178,192.168.0.148,25565,53414,1715876,5123,1460,0,0x0010
2537,2026-08-15T10:13:34.238336000-0500,9.371377000,192.168.0.148,192.168.0.178,53414,25565,5123,1717336,0,0,0x0010
2538,2026-08-15T10:13:34.238409000-0500,9.371450000,192.168.0.178,192.168.0.148,25565,53414,1717336,5123,1460,0,0x0010
2539,2026-08-15T10:13:34.238665000-0500,9.371706000,192.168.0.178,192.168.0.148,25565,53414,1718796,5123,1460,0,0x0010
2540,2026-08-15T10:13:34.238665000-0500,9.371706000,192.168.0.178,192.168.0.148,25565,53414,1720256,5123,1460,0,0x0018
2541,2026-08-15T10:13:34.238716000-0500,9.371757000,192.168.0.148,192.168.0.178,53414,25565,5123,1721716,0,0,0x0010
2542,2026-08-15T10:13:34.238796000-0500,9.371837000,192.168.0.178,192.168.0.148,25565,53414,1721716,5123,1274,0,0x0018
2543,2026-08-15T10:13:34.238825000-0500,9.371866000,192.168.0.148,192.168.0.178,53414,25565,5123,1722990,0,0,0x0010
2544,2026-08-15T10:13:34.239219000-0500,9.372260000,192.168.0.148,192.168.0.178,53414,25565,5123,1722990,11,0,0x0018
2545,2026-08-15T10:13:34.243560000-0500,9.376601000,192.168.0.148,192.168.0.178,53414,25565,5134,1722990,28,0,0x0018
2546,2026-08-15T10:13:34.244235000-0500,9.377276000,192.168.0.178,192.168.0.148,25565,53414,1722990,5162,0,0,0x0010
2547,2026-08-15T10:13:34.244810000-0500,9.377851000,192.168.0.148,192.168.0.178,53414,25565,5162,1722990,3,0,0x0018
2548,2026-08-15T10:13:34.283981000-0500,9.417022000,192.168.0.178,192.168.0.148,25565,53414,1722990,5165,1460,0,0x0010
2549,2026-08-15T10:13:34.283981000-0500,9.417022000,192.168.0.178,192.168.0.148,25565,53414,1724450,5165,1460,0,0x0010
2550,2026-08-15T10:13:34.284047000-0500,9.417088000,192.168.0.148,192.168.0.178,53414,25565,5165,1725910,0,0,0x0010
2551,2026-08-15T10:13:34.284098000-0500,9.417139000,192.168.0.178,192.168.0.148,25565,53414,1725910,5165,1460,0,0x0010
2552,2026-08-15T10:13:34.284322000-0500,9.417363000,192.168.0.178,192.168.0.148,25565,53414,1727370,5165,1460,0,0x0010
2553,2026-08-15T10:13:34.284322000-0500,9.417363000,192.168.0.178,192.168.0.148,25565,53414,1728830,5165,1460,0,0x0010
2554,2026-08-15T10:13:34.284364000-0500,9.417405000,192.168.0.148,192.168.0.178,53414,25565,5165,1730290,0,0,0x0010
2555,2026-08-15T10:13:34.284578000-0500,9.417619000,192.168.0.178,192.168.0.148,25565,53414,1730290,5165,1460,0,0x0010
2556,2026-08-15T10:13:34.284578000-0500,9.417619000,192.168.0.178,192.168.0.148,25565,53414,1731750,5165,1460,0,0x0010
2557,2026-08-15T10:13:34.284620000-0500,9.417661000,192.168.0.148,192.168.0.178,53414,25565,5165,1733210,0,0,0x0010
2558,2026-08-15T10:13:34.284727000-0500,9.417768000,192.168.0.178,192.168.0.148,25565,53414,1733210,5165,1460,0,0x0010
2559,2026-08-15T10:13:34.284743000-0500,9.417784000,192.168.0.148,192.168.0.178,53414,25565,5165,1734670,0,0,0x0010
2560,2026-08-15T10:13:34.284801000-0500,9.417842000,192.168.0.178,192.168.0.148,25565,53414,1734670,5165,1460,0,0x0018
2561,2026-08-15T10:13:34.285036000-0500,9.418077000,192.168.0.178,192.168.0.148,25565,53414,1736130,5165,1460,0,0x0010
2562,2026-08-15T10:13:34.285036000-0500,9.418077000,192.168.0.178,192.168.0.148,25565,53414,1737590,5165,954,0,0x0018
2563,2026-08-15T10:13:34.285090000-0500,9.418131000,192.168.0.148,192.168.0.178,53414,25565,5165,1738544,0,0,0x0010
2564,2026-08-15T10:13:34.292571000-0500,9.425612000,192.168.0.148,192.168.0.178,53414,25565,5165,1738544,28,0,0x0018
2565,2026-08-15T10:13:34.293262000-0500,9.426303000,192.168.0.148,192.168.0.178,53414,25565,5193,1738544,3,0,0x0018
2566,2026-08-15T10:13:34.296063000-0500,9.429104000,192.168.0.178,192.168.0.148,25565,53414,1738544,5196,0,0,0x0010
2567,2026-08-15T10:13:34.332865000-0500,9.465906000,192.168.0.178,192.168.0.148,25565,53414,1738544,5196,1460,0,0x0010
2568,2026-08-15T10:13:34.332865000-0500,9.465906000,192.168.0.178,192.168.0.148,25565,53414,1740004,5196,1460,0,0x0010
2569,2026-08-15T10:13:34.332913000-0500,9.465954000,192.168.0.148,192.168.0.178,53414,25565,5196,1741464,0,0,0x0010
2570,2026-08-15T10:13:34.332977000-0500,9.466018000,192.168.0.178,192.168.0.148,25565,53414,1741464,5196,1460,0,0x0010
2571,2026-08-15T10:13:34.333180000-0500,9.466221000,192.168.0.178,192.168.0.148,25565,53414,1742924,5196,1460,0,0x0010
2572,2026-08-15T10:13:34.333198000-0500,9.466239000,192.168.0.148,192.168.0.178,53414,25565,5196,1744384,0,0,0x0010
2573,2026-08-15T10:13:34.333239000-0500,9.466280000,192.168.0.178,192.168.0.148,25565,53414,1744384,5196,1460,0,0x0010
2574,2026-08-15T10:13:34.333375000-0500,9.466416000,192.168.0.178,192.168.0.148,25565,53414,1745844,5196,1460,0,0x0010
2575,2026-08-15T10:13:34.333393000-0500,9.466434000,192.168.0.148,192.168.0.178,53414,25565,5196,1747304,0,0,0x0010
2576,2026-08-15T10:13:34.333596000-0500,9.466637000,192.168.0.178,192.168.0.148,25565,53414,1747304,5196,1460,0,0x0010
2577,2026-08-15T10:13:34.333596000-0500,9.466637000,192.168.0.178,192.168.0.148,25565,53414,1748764,5196,1460,0,0x0010
2578,2026-08-15T10:13:34.333616000-0500,9.466657000,192.168.0.148,192.168.0.178,53414,25565,5196,1750224,0,0,0x0010
2579,2026-08-15T10:13:34.333819000-0500,9.466860000,192.168.0.178,192.168.0.148,25565,53414,1750224,5196,1460,0,0x0018
2580,2026-08-15T10:13:34.333895000-0500,9.466936000,192.168.0.178,192.168.0.148,25565,53414,1751684,5196,1460,0,0x0010
2581,2026-08-15T10:13:34.333904000-0500,9.466945000,192.168.0.148,192.168.0.178,53414,25565,5196,1753144,0,0,0x0010
2582,2026-08-15T10:13:34.333956000-0500,9.466997000,192.168.0.178,192.168.0.148,25565,53414,1753144,5196,1460,0,0x0010
2583,2026-08-15T10:13:34.334173000-0500,9.467214000,192.168.0.178,192.168.0.148,25565,53414,1754604,5196,1460,0,0x0010
2584,2026-08-15T10:13:34.334173000-0500,9.467214000,192.168.0.178,192.168.0.148,25565,53414,1756064,5196,1111,0,0x0018
2585,2026-08-15T10:13:34.334194000-0500,9.467235000,192.168.0.148,192.168.0.178,53414,25565,5196,1757175,0,0,0x0010
2586,2026-08-15T10:13:34.342359000-0500,9.475400000,192.168.0.148,192.168.0.178,53414,25565,5196,1757175,28,0,0x0018
2587,2026-08-15T10:13:34.342983000-0500,9.476024000,192.168.0.148,192.168.0.178,53414,25565,5224,1757175,3,0,0x0018
2588,2026-08-15T10:13:34.343198000-0500,9.476239000,192.168.0.178,192.168.0.148,25565,53414,1757175,5224,46,0,0x0018
2589,2026-08-15T10:13:34.382647000-0500,9.515688000,192.168.0.178,192.168.0.148,25565,53414,1757221,5227,1460,0,0x0010
2590,2026-08-15T10:13:34.382647000-0500,9.515688000,192.168.0.178,192.168.0.148,25565,53414,1758681,5227,1460,0,0x0010
2591,2026-08-15T10:13:34.382703000-0500,9.515744000,192.168.0.148,192.168.0.178,53414,25565,5227,1760141,0,0,0x0010
2592,2026-08-15T10:13:34.382753000-0500,9.515794000,192.168.0.178,192.168.0.148,25565,53414,1760141,5227,1460,0,0x0010
2593,2026-08-15T10:13:34.382763000-0500,9.515804000,192.168.0.148,192.168.0.178,53414,25565,5227,1761601,0,0,0x0010
2594,2026-08-15T10:13:34.382978000-0500,9.516019000,192.168.0.178,192.168.0.148,25565,53414,1761601,5227,1460,0,0x0010
2595,2026-08-15T10:13:34.382978000-0500,9.516019000,192.168.0.178,192.168.0.148,25565,53414,1763061,5227,1460,0,0x0010
2596,2026-08-15T10:13:34.383005000-0500,9.516046000,192.168.0.148,192.168.0.178,53414,25565,5227,1764521,0,0,0x0010
2597,2026-08-15T10:13:34.383225000-0500,9.516266000,192.168.0.178,192.168.0.148,25565,53414,1764521,5227,1460,0,0x0010
2598,2026-08-15T10:13:34.383225000-0500,9.516266000,192.168.0.178,192.168.0.148,25565,53414,1765981,5227,1460,0,0x0010
2599,2026-08-15T10:13:34.383254000-0500,9.516295000,192.168.0.148,192.168.0.178,53414,25565,5227,1767441,0,0,0x0010
2600,2026-08-15T10:13:34.383467000-0500,9.516508000,192.168.0.178,192.168.0.148,25565,53414,1767441,5227,1460,0,0x0010
2601,2026-08-15T10:13:34.383467000-0500,9.516508000,192.168.0.178,192.168.0.148,25565,53414,1768901,5227,1460,0,0x0018
2602,2026-08-15T10:13:34.383498000-0500,9.516539000,192.168.0.148,192.168.0.178,53414,25565,5227,1770361,0,0,0x0010
2603,2026-08-15T10:13:34.383734000-0500,9.516775000,192.168.0.178,192.168.0.148,25565,53414,1770361,5227,1460,0,0x0010
2604,2026-08-15T10:13:34.383734000-0500,9.516775000,192.168.0.178,192.168.0.148,25565,53414,1771821,5227,1460,0,0x0010
2605,2026-08-15T10:13:34.383762000-0500,9.516803000,192.168.0.148,192.168.0.178,53414,25565,5227,1773281,0,0,0x0010
2606,2026-08-15T10:13:34.383831000-0500,9.516872000,192.168.0.178,192.168.0.148,25565,53414,1773281,5227,1460,0,0x0010
2607,2026-08-15T10:13:34.384084000-0500,9.517125000,192.168.0.178,192.168.0.148,25565,53414,1774741,5227,1460,0,0x0010
2608,2026-08-15T10:13:34.384084000-0500,9.517125000,192.168.0.178,192.168.0.148,25565,53414,1776201,5227,1460,0,0x0010
2609,2026-08-15T10:13:34.384110000-0500,9.517151000,192.168.0.148,192.168.0.178,53414,25565,5227,1777661,0,0,0x0010
2610,2026-08-15T10:13:34.384147000-0500,9.517188000,192.168.0.178,192.168.0.148,25565,53414,1777661,5227,461,0,0x0018
2611,2026-08-15T10:13:34.384159000-0500,9.517200000,192.168.0.148,192.168.0.178,53414,25565,5227,1778122,0,0,0x0010
2612,2026-08-15T10:13:34.392913000-0500,9.525954000,192.168.0.148,192.168.0.178,53414,25565,5227,1778122,28,0,0x0018
2613,2026-08-15T10:13:34.393507000-0500,9.526548000,192.168.0.148,192.168.0.178,53414,25565,5255,1778122,3,0,0x0018
2614,2026-08-15T10:13:34.394120000-0500,9.527161000,192.168.0.178,192.168.0.148,25565,53414,1778122,5258,0,0,0x0010
2615,2026-08-15T10:13:34.431905000-0500,9.564946000,192.168.0.178,192.168.0.148,25565,53414,1778122,5258,1460,0,0x0010
2616,2026-08-15T10:13:34.431905000-0500,9.564946000,192.168.0.178,192.168.0.148,25565,53414,1779582,5258,1460,0,0x0010
2617,2026-08-15T10:13:34.431950000-0500,9.564991000,192.168.0.148,192.168.0.178,53414,25565,5258,1781042,0,0,0x0010
2618,2026-08-15T10:13:34.432011000-0500,9.565052000,192.168.0.178,192.168.0.148,25565,53414,1781042,5258,1460,0,0x0010
2619,2026-08-15T10:13:34.432140000-0500,9.565181000,192.168.0.178,192.168.0.148,25565,53414,1782502,5258,1460,0,0x0010
2620,2026-08-15T10:13:34.432158000-0500,9.565199000,192.168.0.148,192.168.0.178,53414,25565,5258,1783962,0,0,0x0010
2621,2026-08-15T10:13:34.432362000-0500,9.565403000,192.168.0.178,192.168.0.148,25565,53414,1783962,5258,1460,0,0x0010
2622,2026-08-15T10:13:34.432362000-0500,9.565403000,192.168.0.178,192.168.0.148,25565,53414,1785422,5258,1460,0,0x0010
2623,2026-08-15T10:13:34.432388000-0500,9.565429000,192.168.0.148,192.168.0.178,53414,25565,5258,1786882,0,0,0x0010
2624,2026-08-15T10:13:34.432602000-0500,9.565643000,192.168.0.178,192.168.0.148,25565,53414,1786882,5258,1460,0,0x0010
2625,2026-08-15T10:13:34.432602000-0500,9.565643000,192.168.0.178,192.168.0.148,25565,53414,1788342,5258,1460,0,0x0010
2626,2026-08-15T10:13:34.432622000-0500,9.565663000,192.168.0.148,192.168.0.178,53414,25565,5258,1789802,0,0,0x0010
2627,2026-08-15T10:13:34.432818000-0500,9.565859000,192.168.0.178,192.168.0.148,25565,53414,1789802,5258,1460,0,0x0018
2628,2026-08-15T10:13:34.432818000-0500,9.565859000,192.168.0.178,192.168.0.148,25565,53414,1791262,5258,713,0,0x0018
2629,2026-08-15T10:13:34.432841000-0500,9.565882000,192.168.0.148,192.168.0.178,53414,25565,5258,1791975,0,0,0x0010
2630,2026-08-15T10:13:34.443168000-0500,9.576209000,192.168.0.148,192.168.0.178,53414,25565,5258,1791975,28,0,0x0018
2631,2026-08-15T10:13:34.443921000-0500,9.576962000,192.168.0.148,192.168.0.178,53414,25565,5286,1791975,3,0,0x0018
2632,2026-08-15T10:13:34.444665000-0500,9.577706000,192.168.0.178,192.168.0.148,25565,53414,1791975,5289,0,0,0x0010
2633,2026-08-15T10:13:34.482850000-0500,9.615891000,192.168.0.178,192.168.0.148,25565,53414,1791975,5289,1460,0,0x0010
2634,2026-08-15T10:13:34.482850000-0500,9.615891000,192.168.0.178,192.168.0.148,25565,53414,1793435,5289,1460,0,0x0010
2635,2026-08-15T10:13:34.482912000-0500,9.615953000,192.168.0.148,192.168.0.178,53414,25565,5289,1794895,0,0,0x0010
2636,2026-08-15T10:13:34.482963000-0500,9.616004000,192.168.0.178,192.168.0.148,25565,53414,1794895,5289,1460,0,0x0010
2637,2026-08-15T10:13:34.483216000-0500,9.616257000,192.168.0.178,192.168.0.148,25565,53414,1796355,5289,1446,0,0x0018
2638,2026-08-15T10:13:34.483244000-0500,9.616285000,192.168.0.148,192.168.0.178,53414,25565,5289,1797801,0,0,0x0010
2639,2026-08-15T10:13:34.493915000-0500,9.626956000,192.168.0.148,192.168.0.178,53414,25565,5289,1797801,28,0,0x0018
2640,2026-08-15T10:13:34.495065000-0500,9.628106000,192.168.0.148,192.168.0.178,53414,25565,5317,1797801,3,0,0x0018
2641,2026-08-15T10:13:34.495693000-0500,9.628734000,192.168.0.178,192.168.0.148,25565,53414,1797801,5320,0,0,0x0010
2642,2026-08-15T10:13:34.532865000-0500,9.665906000,192.168.0.178,192.168.0.148,25565,53414,1797801,5320,539,0,0x0018
2643,2026-08-15T10:13:34.543211000-0500,9.676252000,192.168.0.148,192.168.0.178,53414,25565,5320,1798340,28,0,0x0018
2644,2026-08-15T10:13:34.544550000-0500,9.677591000,192.168.0.148,192.168.0.178,53414,25565,5348,1798340,3,0,0x0018
2645,2026-08-15T10:13:34.545454000-0500,9.678495000,192.168.0.178,192.168.0.148,25565,53414,1798340,5351,0,0,0x0010
2646,2026-08-15T10:13:34.578654000-0500,9.711695000,192.168.0.178,192.168.0.148,25565,53414,1798340,5351,461,0,0x0018
2647,2026-08-15T10:13:34.593763000-0500,9.726804000,192.168.0.148,192.168.0.178,53414,25565,5351,1798801,28,0,0x0018
2648,2026-08-15T10:13:34.594691000-0500,9.727732000,192.168.0.148,192.168.0.178,53414,25565,5379,1798801,3,0,0x0018
2649,2026-08-15T10:13:34.595458000-0500,9.728499000,192.168.0.178,192.168.0.148,25565,53414,1798801,5382,0,0,0x0010
2650,2026-08-15T10:13:34.630072000-0500,9.763113000,192.168.0.178,192.168.0.148,25565,53414,1798801,5382,826,0,0x0018
2651,2026-08-15T10:13:34.643087000-0500,9.776128000,192.168.0.148,192.168.0.178,53414,25565,5382,1799627,28,0,0x0018
2652,2026-08-15T10:13:34.644066000-0500,9.777107000,192.168.0.148,192.168.0.178,53414,25565,5410,1799627,3,0,0x0018
2653,2026-08-15T10:13:34.644832000-0500,9.777873000,192.168.0.178,192.168.0.148,25565,53414,1799627,5413,0,0,0x0010
2654,2026-08-15T10:13:34.679338000-0500,9.812379000,192.168.0.178,192.168.0.148,25565,53414,1799627,5413,290,0,0x0018
2655,2026-08-15T10:13:34.693724000-0500,9.826765000,192.168.0.148,192.168.0.178,53414,25565,5413,1799917,28,0,0x0018
2656,2026-08-15T10:13:34.695208000-0500,9.828249000,192.168.0.148,192.168.0.178,53414,25565,5441,1799917,3,0,0x0018
2657,2026-08-15T10:13:34.696029000-0500,9.829070000,192.168.0.178,192.168.0.148,25565,53414,1799917,5444,0,0,0x0010
2658,2026-08-15T10:13:34.731385000-0500,9.864426000,192.168.0.178,192.168.0.148,25565,53414,1799917,5444,341,0,0x0018
2659,2026-08-15T10:13:34.742660000-0500,9.875701000,192.168.0.148,192.168.0.178,53414,25565,5444,1800258,28,0,0x0018
2660,2026-08-15T10:13:34.743649000-0500,9.876690000,192.168.0.148,192.168.0.178,53414,25565,5472,1800258,3,0,0x0018
2661,2026-08-15T10:13:34.744337000-0500,9.877378000,192.168.0.178,192.168.0.148,25565,53414,1800258,5475,0,0,0x0010
2662,2026-08-15T10:13:34.780804000-0500,9.913845000,192.168.0.178,192.168.0.148,25565,53414,1800258,5475,370,0,0x0018
2663,2026-08-15T10:13:34.793582000-0500,9.926623000,192.168.0.148,192.168.0.178,53414,25565,5475,1800628,28,0,0x0018
2664,2026-08-15T10:13:34.794777000-0500,9.927818000,192.168.0.148,192.168.0.178,53414,25565,5503,1800628,3,0,0x0018
2665,2026-08-15T10:13:34.795646000-0500,9.928687000,192.168.0.178,192.168.0.148,25565,53414,1800628,5506,0,0,0x0010
2666,2026-08-15T10:13:34.832070000-0500,9.965111000,192.168.0.178,192.168.0.148,25565,53414,1800628,5506,178,0,0x0018
2667,2026-08-15T10:13:34.843149000-0500,9.976190000,192.168.0.148,192.168.0.178,53414,25565,5506,1800806,28,0,0x0018
2668,2026-08-15T10:13:34.844262000-0500,9.977303000,192.168.0.148,192.168.0.178,53414,25565,5534,1800806,3,0,0x0018
2669,2026-08-15T10:13:34.845089000-0500,9.978130000,192.168.0.178,192.168.0.148,25565,53414,1800806,5537,0,0,0x0010
2670,2026-08-15T10:13:34.882545000-0500,10.015586000,192.168.0.178,192.168.0.148,25565,53414,1800806,5537,218,0,0x0018
2671,2026-08-15T10:13:34.893621000-0500,10.026662000,192.168.0.148,192.168.0.178,53414,25565,5537,1801024,28,0,0x0018
2672,2026-08-15T10:13:34.894615000-0500,10.027656000,192.168.0.148,192.168.0.178,53414,25565,5565,1801024,3,0,0x0018
2673,2026-08-15T10:13:34.894897000-0500,10.027938000,192.168.0.178,192.168.0.148,25565,53414,1801024,5565,46,0,0x0018
2674,2026-08-15T10:13:34.937383000-0500,10.070424000,192.168.0.178,192.168.0.148,25565,53414,1801070,5568,283,0,0x0018
2675,2026-08-15T10:13:34.937453000-0500,10.070494000,192.168.0.148,192.168.0.178,53414,25565,5568,1801353,0,0,0x0010
2676,2026-08-15T10:13:34.943202000-0500,10.076243000,192.168.0.148,192.168.0.178,53414,25565,5568,1801353,28,0,0x0018
2677,2026-08-15T10:13:34.944384000-0500,10.077425000,192.168.0.148,192.168.0.178,53414,25565,5596,1801353,3,0,0x0018
2678,2026-08-15T10:13:34.945058000-0500,10.078099000,192.168.0.178,192.168.0.148,25565,53414,1801353,5599,0,0,0x0010
2679,2026-08-15T10:13:34.980215000-0500,10.113256000,192.168.0.178,192.168.0.148,25565,53414,1801353,5599,146,0,0x0018
2680,2026-08-15T10:13:34.992792000-0500,10.125833000,192.168.0.148,192.168.0.178,53414,25565,5599,1801499,28,0,0x0018
2681,2026-08-15T10:13:34.993442000-0500,10.126483000,192.168.0.148,192.168.0.178,53414,25565,5627,1801499,3,0,0x0018
2682,2026-08-15T10:13:34.994100000-0500,10.127141000,192.168.0.178,192.168.0.148,25565,53414,1801499,5630,0,0,0x0010
2683,2026-08-15T10:13:35.029565000-0500,10.162606000,192.168.0.178,192.168.0.148,25565,53414,1801499,5630,392,0,0x0018
2684,2026-08-15T10:13:35.043591000-0500,10.176632000,192.168.0.148,192.168.0.178,53414,25565,5630,1801891,28,0,0x0018
2685,2026-08-15T10:13:35.044732000-0500,10.177773000,192.168.0.148,192.168.0.178,53414,25565,5658,1801891,3,0,0x0018
2686,2026-08-15T10:13:35.045562000-0500,10.178603000,192.168.0.178,192.168.0.148,25565,53414,1801891,5661,0,0,0x0010
2687,2026-08-15T10:13:35.082546000-0500,10.215587000,192.168.0.178,192.168.0.148,25565,53414,1801891,5661,443,0,0x0018
2688,2026-08-15T10:13:35.093473000-0500,10.226514000,192.168.0.148,192.168.0.178,53414,25565,5661,1802334,28,0,0x0018
2689,2026-08-15T10:13:35.094412000-0500,10.227453000,192.168.0.148,192.168.0.178,53414,25565,5689,1802334,3,0,0x0018
2690,2026-08-15T10:13:35.095350000-0500,10.228391000,192.168.0.178,192.168.0.148,25565,53414,1802334,5692,0,0,0x0010
2691,2026-08-15T10:13:35.130207000-0500,10.263248000,192.168.0.178,192.168.0.148,25565,53414,1802334,5692,178,0,0x0018
2692,2026-08-15T10:13:35.143182000-0500,10.276223000,192.168.0.148,192.168.0.178,53414,25565,5692,1802512,28,0,0x0018
2693,2026-08-15T10:13:35.144288000-0500,10.277329000,192.168.0.148,192.168.0.178,53414,25565,5720,1802512,3,0,0x0018
2694,2026-08-15T10:13:35.145006000-0500,10.278047000,192.168.0.178,192.168.0.148,25565,53414,1802512,5723,0,0,0x0010
2695,2026-08-15T10:13:35.179837000-0500,10.312878000,192.168.0.178,192.168.0.148,25565,53414,1802512,5723,159,0,0x0018
2696,2026-08-15T10:13:35.193868000-0500,10.326909000,192.168.0.148,192.168.0.178,53414,25565,5723,1802671,28,0,0x0018
2697,2026-08-15T10:13:35.194875000-0500,10.327916000,192.168.0.148,192.168.0.178,53414,25565,5751,1802671,3,0,0x0018
2698,2026-08-15T10:13:35.195635000-0500,10.328676000,192.168.0.178,192.168.0.148,25565,53414,1802671,5754,0,0,0x0010
2699,2026-08-15T10:13:35.230408000-0500,10.363449000,192.168.0.178,192.168.0.148,25565,53414,1802671,5754,413,0,0x0018
2700,2026-08-15T10:13:35.242513000-0500,10.375554000,192.168.0.148,192.168.0.178,53414,25565,5754,1803084,28,0,0x0018
2701,2026-08-15T10:13:35.243211000-0500,10.376252000,192.168.0.148,192.168.0.178,53414,25565,5782,1803084,3,0,0x0018
2702,2026-08-15T10:13:35.243817000-0500,10.376858000,192.168.0.178,192.168.0.148,25565,53414,1803084,5785,0,0,0x0010
2703,2026-08-15T10:13:35.280208000-0500,10.413249000,192.168.0.178,192.168.0.148,25565,53414,1803084,5785,142,0,0x0018
2704,2026-08-15T10:13:35.280371000-0500,10.413412000,192.168.0.148,192.168.0.178,53414,25565,5785,1803226,11,0,0x0018
2705,2026-08-15T10:13:35.293535000-0500,10.426576000,192.168.0.148,192.168.0.178,53414,25565,5796,1803226,28,0,0x0018
2706,2026-08-15T10:13:35.294353000-0500,10.427394000,192.168.0.178,192.168.0.148,25565,53414,1803226,5824,0,0,0x0010
2707,2026-08-15T10:13:35.294403000-0500,10.427444000,192.168.0.148,192.168.0.178,53414,25565,5824,1803226,3,0,0x0018
2708,2026-08-15T10:13:35.295165000-0500,10.428206000,192.168.0.178,192.168.0.148,25565,53414,1803226,5827,11,0,0x0018
2709,2026-08-15T10:13:35.295165000-0500,10.428206000,192.168.0.178,192.168.0.148,25565,53414,1803237,5827,22,0,0x0018
2710,2026-08-15T10:13:35.295196000-0500,10.428237000,192.168.0.148,192.168.0.178,53414,25565,5827,1803259,0,0,0x0010
2711,2026-08-15T10:13:35.295287000-0500,10.428328000,192.168.0.178,192.168.0.148,25565,53414,1803259,5827,189,0,0x0018
2712,2026-08-15T10:13:35.333422000-0500,10.466463000,192.168.0.178,192.168.0.148,25565,53414,1803448,5827,211,0,0x0018
2713,2026-08-15T10:13:35.333474000-0500,10.466515000,192.168.0.148,192.168.0.178,53414,25565,5827,1803659,0,0,0x0010
2714,2026-08-15T10:13:35.343230000-0500,10.476271000,192.168.0.148,192.168.0.178,53414,25565,5827,1803659,28,0,0x0018
2715,2026-08-15T10:13:35.344252000-0500,10.477293000,192.168.0.148,192.168.0.178,53414,25565,5855,1803659,3,0,0x0018
2716,2026-08-15T10:13:35.345262000-0500,10.478303000,192.168.0.178,192.168.0.148,25565,53414,1803659,5858,0,0,0x0010
2717,2026-08-15T10:13:35.379737000-0500,10.512778000,192.168.0.178,192.168.0.148,25565,53414,1803659,5858,564,0,0x0018
2718,2026-08-15T10:13:35.393436000-0500,10.526477000,192.168.0.148,192.168.0.178,53414,25565,5858,1804223,28,0,0x0018
2719,2026-08-15T10:13:35.394493000-0500,10.527534000,192.168.0.148,192.168.0.178,53414,25565,5886,1804223,3,0,0x0018
2720,2026-08-15T10:13:35.395293000-0500,10.528334000,192.168.0.178,192.168.0.148,25565,53414,1804223,5889,0,0,0x0010
2721,2026-08-15T10:13:35.434309000-0500,10.567350000,192.168.0.178,192.168.0.148,25565,53414,1804223,5889,1460,0,0x0010
2722,2026-08-15T10:13:35.434309000-0500,10.567350000,192.168.0.178,192.168.0.148,25565,53414,1805683,5889,1460,0,0x0010
2723,2026-08-15T10:13:35.434376000-0500,10.567417000,192.168.0.148,192.168.0.178,53414,25565,5889,1807143,0,0,0x0010
2724,2026-08-15T10:13:35.434418000-0500,10.567459000,192.168.0.178,192.168.0.148,25565,53414,1807143,5889,1460,0,0x0010
2725,2026-08-15T10:13:35.434654000-0500,10.567695000,192.168.0.178,192.168.0.148,25565,53414,1808603,5889,1460,0,0x0010
2726,2026-08-15T10:13:35.434654000-0500,10.567695000,192.168.0.178,192.168.0.148,25565,53414,1810063,5889,1460,0,0x0010
2727,2026-08-15T10:13:35.434700000-0500,10.567741000,192.168.0.148,192.168.0.178,53414,25565,5889,1811523,0,0,0x0010
2728,2026-08-15T10:13:35.434763000-0500,10.567804000,192.168.0.178,192.168.0.148,25565,53414,1811523,5889,1460,0,0x0010
2729,2026-08-15T10:13:35.434777000-0500,10.567818000,192.168.0.148,192.168.0.178,53414,25565,5889,1812983,0,0,0x0010
2730,2026-08-15T10:13:35.435004000-0500,10.568045000,192.168.0.178,192.168.0.148,25565,53414,1812983,5889,1460,0,0x0010
2731,2026-08-15T10:13:35.435004000-0500,10.568045000,192.168.0.178,192.168.0.148,25565,53414,1814443,5889,1460,0,0x0010
2732,2026-08-15T10:13:35.435054000-0500,10.568095000,192.168.0.148,192.168.0.178,53414,25565,5889,1815903,0,0,0x0010
2733,2026-08-15T10:13:35.435126000-0500,10.568167000,192.168.0.178,192.168.0.148,25565,53414,1815903,5889,1460,0,0x0018
2734,2026-08-15T10:13:35.435381000-0500,10.568422000,192.168.0.178,192.168.0.148,25565,53414,1817363,5889,1460,0,0x0010
2735,2026-08-15T10:13:35.435381000-0500,10.568422000,192.168.0.178,192.168.0.148,25565,53414,1818823,5889,1460,0,0x0010
2736,2026-08-15T10:13:35.435426000-0500,10.568467000,192.168.0.148,192.168.0.178,53414,25565,5889,1820283,0,0,0x0010
2737,2026-08-15T10:13:35.435487000-0500,10.568528000,192.168.0.178,192.168.0.148,25565,53414,1820283,5889,1460,0,0x0010
2738,2026-08-15T10:13:35.435496000-0500,10.568537000,192.168.0.148,192.168.0.178,53414,25565,5889,1821743,0,0,0x0010
2739,2026-08-15T10:13:35.435760000-0500,10.568801000,192.168.0.178,192.168.0.148,25565,53414,1821743,5889,1460,0,0x0010
2740,2026-08-15T10:13:35.435760000-0500,10.568801000,192.168.0.178,192.168.0.148,25565,53414,1823203,5889,25,0,0x0018
2741,2026-08-15T10:13:35.435807000-0500,10.568848000,192.168.0.148,192.168.0.178,53414,25565,5889,1823228,0,0,0x0010
2742,2026-08-15T10:13:35.442819000-0500,10.575860000,192.168.0.148,192.168.0.178,53414,25565,5889,1823228,28,0,0x0018
2743,2026-08-15T10:13:35.443496000-0500,10.576537000,192.168.0.148,192.168.0.178,53414,25565,5917,1823228,3,0,0x0018
2744,2026-08-15T10:13:35.445148000-0500,10.578189000,192.168.0.178,192.168.0.148,25565,53414,1823228,5920,0,0,0x0010
2745,2026-08-15T10:13:35.484414000-0500,10.617455000,192.168.0.178,192.168.0.148,25565,53414,1823228,5920,1460,0,0x0010
2746,2026-08-15T10:13:35.484414000-0500,10.617455000,192.168.0.178,192.168.0.148,25565,53414,1824688,5920,1460,0,0x0010
2747,2026-08-15T10:13:35.484464000-0500,10.617505000,192.168.0.148,192.168.0.178,53414,25565,5920,1826148,0,0,0x0010
2748,2026-08-15T10:13:35.484513000-0500,10.617554000,192.168.0.178,192.168.0.148,25565,53414,1826148,5920,1460,0,0x0010
2749,2026-08-15T10:13:35.484737000-0500,10.617778000,192.168.0.178,192.168.0.148,25565,53414,1827608,5920,1460,0,0x0010
2750,2026-08-15T10:13:35.484737000-0500,10.617778000,192.168.0.178,192.168.0.148,25565,53414,1829068,5920,1460,0,0x0010
2751,2026-08-15T10:13:35.484757000-0500,10.617798000,192.168.0.148,192.168.0.178,53414,25565,5920,1830528,0,0,0x0010
2752,2026-08-15T10:13:35.484983000-0500,10.618024000,192.168.0.178,192.168.0.148,25565,53414,1830528,5920,1460,0,0x0010
2753,2026-08-15T10:13:35.484983000-0500,10.618024000,192.168.0.178,192.168.0.148,25565,53414,1831988,5920,1460,0,0x0010
2754,2026-08-15T10:13:35.485003000-0500,10.618044000,192.168.0.148,192.168.0.178,53414,25565,5920,1833448,0,0,0x0010
2755,2026-08-15T10:13:35.485213000-0500,10.618254000,192.168.0.178,192.168.0.148,25565,53414,1833448,5920,1460,0,0x0010
2756,2026-08-15T10:13:35.485236000-0500,10.618277000,192.168.0.148,192.168.0.178,53414,25565,5920,1834908,0,0,0x0010
2757,2026-08-15T10:13:35.485284000-0500,10.618325000,192.168.0.178,192.168.0.148,25565,53414,1834908,5920,1460,0,0x0018
2758,2026-08-15T10:13:35.485442000-0500,10.618483000,192.168.0.178,192.168.0.148,25565,53414,1836368,5920,1460,0,0x0010
2759,2026-08-15T10:13:35.485461000-0500,10.618502000,192.168.0.148,192.168.0.178,53414,25565,5920,1837828,0,0,0x0010
2760,2026-08-15T10:13:35.485494000-0500,10.618535000,192.168.0.178,192.168.0.148,25565,53414,1837828,5920,1460,0,0x0010
2761,2026-08-15T10:13:35.485690000-0500,10.618731000,192.168.0.178,192.168.0.148,25565,53414,1839288,5920,961,0,0x0018
2762,2026-08-15T10:13:35.485712000-0500,10.618753000,192.168.0.148,192.168.0.178,53414,25565,5920,1840249,0,0,0x0010
2763,2026-08-15T10:13:35.492837000-0500,10.625878000,192.168.0.148,192.168.0.178,53414,25565,5920,1840249,28,0,0x0018
2764,2026-08-15T10:13:35.493449000-0500,10.626490000,192.168.0.148,192.168.0.178,53414,25565,5948,1840249,3,0,0x0018
2765,2026-08-15T10:13:35.497394000-0500,10.630435000,192.168.0.178,192.168.0.148,25565,53414,1840249,5951,0,0,0x0010
2766,2026-08-15T10:13:35.530756000-0500,10.663797000,192.168.0.178,192.168.0.148,25565,53414,1840249,5951,1460,0,0x0010
2767,2026-08-15T10:13:35.530756000-0500,10.663797000,192.168.0.178,192.168.0.148,25565,53414,1841709,5951,1460,0,0x0010
2768,2026-08-15T10:13:35.530814000-0500,10.663855000,192.168.0.148,192.168.0.178,53414,25565,5951,1843169,0,0,0x0010
2769,2026-08-15T10:13:35.530859000-0500,10.663900000,192.168.0.178,192.168.0.148,25565,53414,1843169,5951,1460,0,0x0010
2770,2026-08-15T10:13:35.531085000-0500,10.664126000,192.168.0.178,192.168.0.148,25565,53414,1844629,5951,1460,0,0x0010
2771,2026-08-15T10:13:35.531085000-0500,10.664126000,192.168.0.178,192.168.0.148,25565,53414,1846089,5951,1460,0,0x0010
2772,2026-08-15T10:13:35.531115000-0500,10.664156000,192.168.0.148,192.168.0.178,53414,25565,5951,1847549,0,0,0x0010
2773,2026-08-15T10:13:35.531333000-0500,10.664374000,192.168.0.178,192.168.0.148,25565,53414,1847549,5951,1460,0,0x0010
2774,2026-08-15T10:13:35.531333000-0500,10.664374000,192.168.0.178,192.168.0.148,25565,53414,1849009,5951,1460,0,0x0010
2775,2026-08-15T10:13:35.531360000-0500,10.664401000,192.168.0.148,192.168.0.178,53414,25565,5951,1850469,0,0,0x0010
2776,2026-08-15T10:13:35.531572000-0500,10.664613000,192.168.0.178,192.168.0.148,25565,53414,1850469,5951,1460,0,0x0010
2777,2026-08-15T10:13:35.531572000-0500,10.664613000,192.168.0.178,192.168.0.148,25565,53414,1851929,5951,1460,0,0x0018
2778,2026-08-15T10:13:35.531598000-0500,10.664639000,192.168.0.148,192.168.0.178,53414,25565,5951,1853389,0,0,0x0010
2779,2026-08-15T10:13:35.531781000-0500,10.664822000,192.168.0.178,192.168.0.148,25565,53414,1853389,5951,1460,0,0x0010
2780,2026-08-15T10:13:35.531811000-0500,10.664852000,192.168.0.148,192.168.0.178,53414,25565,5951,1854849,0,0,0x0010
2781,2026-08-15T10:13:35.531869000-0500,10.664910000,192.168.0.178,192.168.0.148,25565,53414,1854849,5951,1460,0,0x0010
2782,2026-08-15T10:13:35.532117000-0500,10.665158000,192.168.0.178,192.168.0.148,25565,53414,1856309,5951,1460,0,0x0010
2783,2026-08-15T10:13:35.532117000-0500,10.665158000,192.168.0.178,192.168.0.148,25565,53414,1857769,5951,1460,0,0x0010
2784,2026-08-15T10:13:35.532143000-0500,10.665184000,192.168.0.148,192.168.0.178,53414,25565,5951,1859229,0,0,0x0010
2785,2026-08-15T10:13:35.532364000-0500,10.665405000,192.168.0.178,192.168.0.148,25565,53414,1859229,5951,1460,0,0x0010
2786,2026-08-15T10:13:35.532364000-0500,10.665405000,192.168.0.178,192.168.0.148,25565,53414,1860689,5951,1460,0,0x0010
2787,2026-08-15T10:13:35.532390000-0500,10.665431000,192.168.0.148,192.168.0.178,53414,25565,5951,1862149,0,0,0x0010
2788,2026-08-15T10:13:35.532437000-0500,10.665478000,192.168.0.178,192.168.0.148,25565,53414,1862149,5951,608,0,0x0018
2789,2026-08-15T10:13:35.532455000-0500,10.665496000,192.168.0.148,192.168.0.178,53414,25565,5951,1862757,0,0,0x0010
2790,2026-08-15T10:13:35.543142000-0500,10.676183000,192.168.0.148,192.168.0.178,53414,25565,5951,1862757,28,0,0x0018
2791,2026-08-15T10:13:35.543985000-0500,10.677026000,192.168.0.148,192.168.0.178,53414,25565,5979,1862757,3,0,0x0018
2792,2026-08-15T10:13:35.544572000-0500,10.677613000,192.168.0.178,192.168.0.148,25565,53414,1862757,5982,0,0,0x0010
2793,2026-08-15T10:13:35.585354000-0500,10.718395000,192.168.0.178,192.168.0.148,25565,53414,1862757,5982,1460,0,0x0010
2794,2026-08-15T10:13:35.585354000-0500,10.718395000,192.168.0.178,192.168.0.148,25565,53414,1864217,5982,1460,0,0x0010
2795,2026-08-15T10:13:35.585415000-0500,10.718456000,192.168.0.148,192.168.0.178,53414,25565,5982,1865677,0,0,0x0010
2796,2026-08-15T10:13:35.585447000-0500,10.718488000,192.168.0.178,192.168.0.148,25565,53414,1865677,5982,1460,0,0x0010
2797,2026-08-15T10:13:35.585655000-0500,10.718696000,192.168.0.178,192.168.0.148,25565,53414,1867137,5982,1460,0,0x0010
2798,2026-08-15T10:13:35.585655000-0500,10.718696000,192.168.0.178,192.168.0.148,25565,53414,1868597,5982,1460,0,0x0010
2799,2026-08-15T10:13:35.585675000-0500,10.718716000,192.168.0.148,192.168.0.178,53414,25565,5982,1870057,0,0,0x0010
2800,2026-08-15T10:13:35.585894000-0500,10.718935000,192.168.0.178,192.168.0.148,25565,53414,1870057,5982,1460,0,0x0010
2801,2026-08-15T10:13:35.585912000-0500,10.718953000,192.168.0.148,192.168.0.178,53414,25565,5982,1871517,0,0,0x0010
2802,2026-08-15T10:13:35.585965000-0500,10.719006000,192.168.0.178,192.168.0.148,25565,53414,1871517,5982,1460,0,0x0010
2803,2026-08-15T10:13:35.586123000-0500,10.719164000,192.168.0.178,192.168.0.148,25565,53414,1872977,5982,1460,0,0x0010
2804,2026-08-15T10:13:35.586140000-0500,10.719181000,192.168.0.148,192.168.0.178,53414,25565,5982,1874437,0,0,0x0010
2805,2026-08-15T10:13:35.586173000-0500,10.719214000,192.168.0.178,192.168.0.148,25565,53414,1874437,5982,1460,0,0x0018
2806,2026-08-15T10:13:35.586432000-0500,10.719473000,192.168.0.178,192.168.0.148,25565,53414,1875897,5982,1460,0,0x0010
2807,2026-08-15T10:13:35.586432000-0500,10.719473000,192.168.0.178,192.168.0.148,25565,53414,1877357,5982,1460,0,0x0010
2808,2026-08-15T10:13:35.586453000-0500,10.719494000,192.168.0.148,192.168.0.178,53414,25565,5982,1878817,0,0,0x0010
2809,2026-08-15T10:13:35.586704000-0500,10.719745000,192.168.0.178,192.168.0.148,25565,53414,1878817,5982,1341,0,0x0018
2810,2026-08-15T10:13:35.586723000-0500,10.719764000,192.168.0.148,192.168.0.178,53414,25565,5982,1880158,0,0,0x0010
2811,2026-08-15T10:13:35.592673000-0500,10.725714000,192.168.0.148,192.168.0.178,53414,25565,5982,1880158,28,0,0x0018
2812,2026-08-15T10:13:35.593214000-0500,10.726255000,192.168.0.148,192.168.0.178,53414,25565,6010,1880158,3,0,0x0018
2813,2026-08-15T10:13:35.593776000-0500,10.726817000,192.168.0.178,192.168.0.148,25565,53414,1880158,6013,0,0,0x0010
2814,2026-08-15T10:13:35.633269000-0500,10.766310000,192.168.0.178,192.168.0.148,25565,53414,1880158,6013,1460,0,0x0010
2815,2026-08-15T10:13:35.633365000-0500,10.766406000,192.168.0.178,192.168.0.148,25565,53414,1881618,6013,1460,0,0x0010
2816,2026-08-15T10:13:35.633381000-0500,10.766422000,192.168.0.148,192.168.0.178,53414,25565,6013,1883078,0,0,0x0010
2817,2026-08-15T10:13:35.633453000-0500,10.766494000,192.168.0.178,192.168.0.148,25565,53414,1883078,6013,1460,0,0x0010
2818,2026-08-15T10:13:35.633610000-0500,10.766651000,192.168.0.178,192.168.0.148,25565,53414,1884538,6013,1460,0,0x0010
2819,2026-08-15T10:13:35.633621000-0500,10.766662000,192.168.0.148,192.168.0.178,53414,25565,6013,1885998,0,0,0x0010
2820,2026-08-15T10:13:35.633742000-0500,10.766783000,192.168.0.178,192.168.0.148,25565,53414,1885998,6013,1460,0,0x0010
2821,2026-08-15T10:13:35.633860000-0500,10.766901000,192.168.0.178,192.168.0.148,25565,53414,1887458,6013,1460,0,0x0010
2822,2026-08-15T10:13:35.633865000-0500,10.766906000,192.168.0.148,192.168.0.178,53414,25565,6013,1888918,0,0,0x0010
2823,2026-08-15T10:13:35.633978000-0500,10.767019000,192.168.0.178,192.168.0.148,25565,53414,1888918,6013,1460,0,0x0010
2824,2026-08-15T10:13:35.634102000-0500,10.767143000,192.168.0.178,192.168.0.148,25565,53414,1890378,6013,1460,0,0x0010
2825,2026-08-15T10:13:35.634109000-0500,10.767150000,192.168.0.148,192.168.0.178,53414,25565,6013,1891838,0,0,0x0010
2826,2026-08-15T10:13:35.634224000-0500,10.767265000,192.168.0.178,192.168.0.148,25565,53414,1891838,6013,1460,0,0x0018
2827,2026-08-15T10:13:35.634372000-0500,10.767413000,192.168.0.178,192.168.0.148,25565,53414,1893298,6013,1460,0,0x0010
2828,2026-08-15T10:13:35.634379000-0500,10.767420000,192.168.0.148,192.168.0.178,53414,25565,6013,1894758,0,0,0x0010
2829,2026-08-15T10:13:35.634432000-0500,10.767473000,192.168.0.178,192.168.0.148,25565,53414,1894758,6013,1460,0,0x0010
2830,2026-08-15T10:13:35.634592000-0500,10.767633000,192.168.0.178,192.168.0.148,25565,53414,1896218,6013,1460,0,0x0010
2831,2026-08-15T10:13:35.634592000-0500,10.767633000,192.168.0.178,192.168.0.148,25565,53414,1897678,6013,369,0,0x0018
2832,2026-08-15T10:13:35.634600000-0500,10.767641000,192.168.0.148,192.168.0.178,53414,25565,6013,1898047,0,0,0x0010
2833,2026-08-15T10:13:35.642221000-0500,10.775262000,192.168.0.148,192.168.0.178,53414,25565,6013,1898047,28,0,0x0018
2834,2026-08-15T10:13:35.642855000-0500,10.775896000,192.168.0.148,192.168.0.178,53414,25565,6041,1898047,3,0,0x0018
2835,2026-08-15T10:13:35.643739000-0500,10.776780000,192.168.0.178,192.168.0.148,25565,53414,1898047,6044,0,0,0x0010
2836,2026-08-15T10:13:35.679643000-0500,10.812684000,192.168.0.178,192.168.0.148,25565,53414,1898047,6044,1460,0,0x0010
2837,2026-08-15T10:13:35.679711000-0500,10.812752000,192.168.0.178,192.168.0.148,25565,53414,1899507,6044,1460,0,0x0010
2838,2026-08-15T10:13:35.679723000-0500,10.812764000,192.168.0.148,192.168.0.178,53414,25565,6044,1900967,0,0,0x0010
2839,2026-08-15T10:13:35.679793000-0500,10.812834000,192.168.0.178,192.168.0.148,25565,53414,1900967,6044,1460,0,0x0010
2840,2026-08-15T10:13:35.679911000-0500,10.812952000,192.168.0.178,192.168.0.148,25565,53414,1902427,6044,832,0,0x0018
2841,2026-08-15T10:13:35.679920000-0500,10.812961000,192.168.0.148,192.168.0.178,53414,25565,6044,1903259,0,0,0x0010
2842,2026-08-15T10:13:35.693026000-0500,10.826067000,192.168.0.148,192.168.0.178,53414,25565,6044,1903259,28,0,0x0018
2843,2026-08-15T10:13:35.694039000-0500,10.827080000,192.168.0.148,192.168.0.178,53414,25565,6072,1903259,3,0,0x0018
2844,2026-08-15T10:13:35.694778000-0500,10.827819000,192.168.0.178,192.168.0.148,25565,53414,1903259,6075,0,0,0x0010
2845,2026-08-15T10:13:35.732310000-0500,10.865351000,192.168.0.178,192.168.0.148,25565,53414,1903259,6075,93,0,0x0018
2846,2026-08-15T10:13:35.743062000-0500,10.876103000,192.168.0.148,192.168.0.178,53414,25565,6075,1903352,28,0,0x0018
2847,2026-08-15T10:13:35.744028000-0500,10.877069000,192.168.0.148,192.168.0.178,53414,25565,6103,1903352,3,0,0x0018
2848,2026-08-15T10:13:35.744862000-0500,10.877903000,192.168.0.178,192.168.0.148,25565,53414,1903352,6106,0,0,0x0010
2849,2026-08-15T10:13:35.783258000-0500,10.916299000,192.168.0.178,192.168.0.148,25565,53414,1903352,6106,304,0,0x0018
2850,2026-08-15T10:13:35.793392000-0500,10.926433000,192.168.0.148,192.168.0.178,53414,25565,6106,1903656,28,0,0x0018
2851,2026-08-15T10:13:35.794370000-0500,10.927411000,192.168.0.178,192.168.0.148,25565,53414,1903656,6134,46,0,0x0018
2852,2026-08-15T10:13:35.794575000-0500,10.927616000,192.168.0.148,192.168.0.178,53414,25565,6134,1903702,3,0,0x0018
2853,2026-08-15T10:13:35.828365000-0500,10.961406000,192.168.0.178,192.168.0.148,25565,53414,1903702,6137,398,0,0x0018
2854,2026-08-15T10:13:35.843344000-0500,10.976385000,192.168.0.148,192.168.0.178,53414,25565,6137,1904100,28,0,0x0018
2855,2026-08-15T10:13:35.844467000-0500,10.977508000,192.168.0.178,192.168.0.148,25565,53414,1904100,6165,46,0,0x0018
2856,2026-08-15T10:13:35.844642000-0500,10.977683000,192.168.0.148,192.168.0.178,53414,25565,6165,1904146,3,0,0x0018
2857,2026-08-15T10:13:35.878713000-0500,11.011754000,192.168.0.178,192.168.0.148,25565,53414,1904146,6168,376,0,0x0018
2858,2026-08-15T10:13:35.893246000-0500,11.026287000,192.168.0.148,192.168.0.178,53414,25565,6168,1904522,28,0,0x0018
2859,2026-08-15T10:13:35.894132000-0500,11.027173000,192.168.0.148,192.168.0.178,53414,25565,6196,1904522,3,0,0x0018
2860,2026-08-15T10:13:35.895024000-0500,11.028065000,192.168.0.178,192.168.0.148,25565,53414,1904522,6199,0,0,0x0010
2861,2026-08-15T10:13:35.932802000-0500,11.065843000,192.168.0.178,192.168.0.148,25565,53414,1904522,6199,140,0,0x0018
2862,2026-08-15T10:13:35.942470000-0500,11.075511000,192.168.0.148,192.168.0.178,53414,25565,6199,1904662,28,0,0x0018
2863,2026-08-15T10:13:35.943195000-0500,11.076236000,192.168.0.148,192.168.0.178,53414,25565,6227,1904662,3,0,0x0018
2864,2026-08-15T10:13:35.943912000-0500,11.076953000,192.168.0.178,192.168.0.148,25565,53414,1904662,6230,0,0,0x0010
2865,2026-08-15T10:13:35.984474000-0500,11.117515000,192.168.0.178,192.168.0.148,25565,53414,1904662,6230,333,0,0x0018
2866,2026-08-15T10:13:35.993477000-0500,11.126518000,192.168.0.148,192.168.0.178,53414,25565,6230,1904995,28,0,0x0018
2867,2026-08-15T10:13:35.994785000-0500,11.127826000,192.168.0.148,192.168.0.178,53414,25565,6258,1904995,3,0,0x0018
2868,2026-08-15T10:13:35.995523000-0500,11.128564000,192.168.0.178,192.168.0.148,25565,53414,1904995,6261,0,0,0x0010
2869,2026-08-15T10:13:36.029965000-0500,11.163006000,192.168.0.178,192.168.0.148,25565,53414,1904995,6261,81,0,0x0018
2870,2026-08-15T10:13:36.043502000-0500,11.176543000,192.168.0.148,192.168.0.178,53414,25565,6261,1905076,28,0,0x0018
2871,2026-08-15T10:13:36.044686000-0500,11.177727000,192.168.0.148,192.168.0.178,53414,25565,6289,1905076,3,0,0x0018
2872,2026-08-15T10:13:36.045492000-0500,11.178533000,192.168.0.178,192.168.0.148,25565,53414,1905076,6292,0,0,0x0010
2873,2026-08-15T10:13:36.083706000-0500,11.216747000,192.168.0.178,192.168.0.148,25565,53414,1905076,6292,265,0,0x0018
2874,2026-08-15T10:13:36.092668000-0500,11.225709000,192.168.0.148,192.168.0.178,53414,25565,6292,1905341,28,0,0x0018
2875,2026-08-15T10:13:36.093476000-0500,11.226517000,192.168.0.148,192.168.0.178,53414,25565,6320,1905341,3,0,0x0018
2876,2026-08-15T10:13:36.094285000-0500,11.227326000,192.168.0.178,192.168.0.148,25565,53414,1905341,6323,0,0,0x0010
2877,2026-08-15T10:13:36.130472000-0500,11.263513000,192.168.0.178,192.168.0.148,25565,53414,1905341,6323,297,0,0x0018
2878,2026-08-15T10:13:36.143586000-0500,11.276627000,192.168.0.148,192.168.0.178,53414,25565,6323,1905638,28,0,0x0018
2879,2026-08-15T10:13:36.144771000-0500,11.277812000,192.168.0.148,192.168.0.178,53414,25565,6351,1905638,3,0,0x0018
2880,2026-08-15T10:13:36.145540000-0500,11.278581000,192.168.0.178,192.168.0.148,25565,53414,1905638,6354,0,0,0x0010
2881,2026-08-15T10:13:36.183732000-0500,11.316773000,192.168.0.178,192.168.0.148,25565,53414,1905638,6354,77,0,0x0018
2882,2026-08-15T10:13:36.193571000-0500,11.326612000,192.168.0.148,192.168.0.178,53414,25565,6354,1905715,28,0,0x0018
2883,2026-08-15T10:13:36.194551000-0500,11.327592000,192.168.0.148,192.168.0.178,53414,25565,6382,1905715,3,0,0x0018
2884,2026-08-15T10:13:36.195284000-0500,11.328325000,192.168.0.178,192.168.0.148,25565,53414,1905715,6385,0,0,0x0010
2885,2026-08-15T10:13:36.233281000-0500,11.366322000,192.168.0.178,192.168.0.148,25565,53414,1905715,6385,272,0,0x0018
2886,2026-08-15T10:13:36.243268000-0500,11.376309000,192.168.0.148,192.168.0.178,53414,25565,6385,1905987,28,0,0x0018
2887,2026-08-15T10:13:36.244307000-0500,11.377348000,192.168.0.148,192.168.0.178,53414,25565,6413,1905987,3,0,0x0018
2888,2026-08-15T10:13:36.245092000-0500,11.378133000,192.168.0.178,192.168.0.148,25565,53414,1905987,6416,0,0,0x0010
2889,2026-08-15T10:13:36.279449000-0500,11.412490000,192.168.0.178,192.168.0.148,25565,53414,1905987,6416,236,0,0x0018
2890,2026-08-15T10:13:36.293324000-0500,11.426365000,192.168.0.148,192.168.0.178,53414,25565,6416,1906223,28,0,0x0018
2891,2026-08-15T10:13:36.294430000-0500,11.427471000,192.168.0.148,192.168.0.178,53414,25565,6444,1906223,3,0,0x0018
2892,2026-08-15T10:13:36.295293000-0500,11.428334000,192.168.0.178,192.168.0.148,25565,53414,1906223,6447,0,0,0x0010
2893,2026-08-15T10:13:36.331913000-0500,11.464954000,192.168.0.178,192.168.0.148,25565,53414,1906223,6447,187,0,0x0018
2894,2026-08-15T10:13:36.332147000-0500,11.465188000,192.168.0.148,192.168.0.178,53414,25565,6447,1906410,11,0,0x0018
2895,2026-08-15T10:13:36.343500000-0500,11.476541000,192.168.0.148,192.168.0.178,53414,25565,6458,1906410,28,0,0x0018
2896,2026-08-15T10:13:36.344482000-0500,11.477523000,192.168.0.178,192.168.0.148,25565,53414,1906410,6486,0,0,0x0010
2897,2026-08-15T10:13:36.344833000-0500,11.477874000,192.168.0.148,192.168.0.178,53414,25565,6486,1906410,3,0,0x0018
2898,2026-08-15T10:13:36.382501000-0500,11.515542000,192.168.0.178,192.168.0.148,25565,53414,1906410,6489,142,0,0x0018
2899,2026-08-15T10:13:36.393324000-0500,11.526365000,192.168.0.148,192.168.0.178,53414,25565,6489,1906552,28,0,0x0018
2900,2026-08-15T10:13:36.394425000-0500,11.527466000,192.168.0.148,192.168.0.178,53414,25565,6517,1906552,3,0,0x0018
2901,2026-08-15T10:13:36.395178000-0500,11.528219000,192.168.0.178,192.168.0.148,25565,53414,1906552,6520,0,0,0x0010
2902,2026-08-15T10:13:36.432249000-0500,11.565290000,192.168.0.178,192.168.0.148,25565,53414,1906552,6520,284,0,0x0018
2903,2026-08-15T10:13:36.442214000-0500,11.575255000,192.168.0.148,192.168.0.178,53414,25565,6520,1906836,28,0,0x0018
2904,2026-08-15T10:13:36.442974000-0500,11.576015000,192.168.0.148,192.168.0.178,53414,25565,6548,1906836,3,0,0x0018
2905,2026-08-15T10:13:36.443681000-0500,11.576722000,192.168.0.178,192.168.0.148,25565,53414,1906836,6551,0,0,0x0010
2906,2026-08-15T10:13:36.482873000-0500,11.615914000,192.168.0.178,192.168.0.148,25565,53414,1906836,6551,83,0,0x0018
2907,2026-08-15T10:13:36.493405000-0500,11.626446000,192.168.0.148,192.168.0.178,53414,25565,6551,1906919,28,0,0x0018
2908,2026-08-15T10:13:36.494605000-0500,11.627646000,192.168.0.148,192.168.0.178,53414,25565,6579,1906919,3,0,0x0018
2909,2026-08-15T10:13:36.495438000-0500,11.628479000,192.168.0.178,192.168.0.148,25565,53414,1906919,6582,0,0,0x0010
2910,2026-08-15T10:13:36.529879000-0500,11.662920000,192.168.0.178,192.168.0.148,25565,53414,1906919,6582,206,0,0x0018
2911,2026-08-15T10:13:36.543540000-0500,11.676581000,192.168.0.148,192.168.0.178,53414,25565,6582,1907125,28,0,0x0018
2912,2026-08-15T10:13:36.544666000-0500,11.677707000,192.168.0.148,192.168.0.178,53414,25565,6610,1907125,3,0,0x0018
2913,2026-08-15T10:13:36.545542000-0500,11.678583000,192.168.0.178,192.168.0.148,25565,53414,1907125,6613,0,0,0x0010
2914,2026-08-15T10:13:36.582835000-0500,11.715876000,192.168.0.178,192.168.0.148,25565,53414,1907125,6613,236,0,0x0018
2915,2026-08-15T10:13:36.592436000-0500,11.725477000,192.168.0.148,192.168.0.178,53414,25565,6613,1907361,28,0,0x0018
2916,2026-08-15T10:13:36.593101000-0500,11.726142000,192.168.0.148,192.168.0.178,53414,25565,6641,1907361,3,0,0x0018
2917,2026-08-15T10:13:36.593926000-0500,11.726967000,192.168.0.178,192.168.0.148,25565,53414,1907361,6644,0,0,0x0010
2918,2026-08-15T10:13:36.594477000-0500,11.727518000,192.168.0.178,192.168.0.148,25565,53414,1907361,6644,11,0,0x0018
2919,2026-08-15T10:13:36.594477000-0500,11.727518000,192.168.0.178,192.168.0.148,25565,53414,1907372,6644,22,0,0x0018
2920,2026-08-15T10:13:36.594477000-0500,11.727518000,192.168.0.178,192.168.0.148,25565,53414,1907394,6644,11,0,0x0018
2921,2026-08-15T10:13:36.594477000-0500,11.727518000,192.168.0.178,192.168.0.148,25565,53414,1907405,6644,22,0,0x0018
2922,2026-08-15T10:13:36.594477000-0500,11.727518000,192.168.0.178,192.168.0.148,25565,53414,1907427,6644,33,0,0x0018
2923,2026-08-15T10:13:36.594477000-0500,11.727518000,192.168.0.178,192.168.0.148,25565,53414,1907460,6644,11,0,0x0018
2924,2026-08-15T10:13:36.594477000-0500,11.727518000,192.168.0.178,192.168.0.148,25565,53414,1907471,6644,22,0,0x0018
2925,2026-08-15T10:13:36.594506000-0500,11.727547000,192.168.0.148,192.168.0.178,53414,25565,6644,1907493,0,0,0x0010
2926,2026-08-15T10:13:36.594557000-0500,11.727598000,192.168.0.178,192.168.0.148,25565,53414,1907493,6644,11,0,0x0018
2927,2026-08-15T10:13:36.594557000-0500,11.727598000,192.168.0.178,192.168.0.148,25565,53414,1907504,6644,22,0,0x0018
2928,2026-08-15T10:13:36.594557000-0500,11.727598000,192.168.0.178,192.168.0.148,25565,53414,1907526,6644,11,0,0x0018
2929,2026-08-15T10:13:36.594557000-0500,11.727598000,192.168.0.178,192.168.0.148,25565,53414,1907537,6644,22,0,0x0018
2930,2026-08-15T10:13:36.594563000-0500,11.727604000,192.168.0.148,192.168.0.178,53414,25565,6644,1907559,0,0,0x0010
2931,2026-08-15T10:13:36.594606000-0500,11.727647000,192.168.0.178,192.168.0.148,25565,53414,1907559,6644,24,0,0x0018
2932,2026-08-15T10:13:36.594611000-0500,11.727652000,192.168.0.148,192.168.0.178,53414,25565,6644,1907583,0,0,0x0010
2933,2026-08-15T10:13:36.629692000-0500,11.762733000,192.168.0.178,192.168.0.148,25565,53414,1907583,6644,95,0,0x0018
2934,2026-08-15T10:13:36.642460000-0500,11.775501000,192.168.0.148,192.168.0.178,53414,25565,6644,1907678,28,0,0x0018
2935,2026-08-15T10:13:36.643220000-0500,11.776261000,192.168.0.148,192.168.0.178,53414,25565,6672,1907678,3,0,0x0018
2936,2026-08-15T10:13:36.643896000-0500,11.776937000,192.168.0.178,192.168.0.148,25565,53414,1907678,6675,0,0,0x0010
2937,2026-08-15T10:13:36.680383000-0500,11.813424000,192.168.0.178,192.168.0.148,25565,53414,1907678,6675,190,0,0x0018
2938,2026-08-15T10:13:36.692629000-0500,11.825670000,192.168.0.148,192.168.0.178,53414,25565,6675,1907868,28,0,0x0018
2939,2026-08-15T10:13:36.693464000-0500,11.826505000,192.168.0.148,192.168.0.178,53414,25565,6703,1907868,3,0,0x0018
2940,2026-08-15T10:13:36.693705000-0500,11.826746000,192.168.0.178,192.168.0.148,25565,53414,1907868,6703,46,0,0x0018
2941,2026-08-15T10:13:36.730856000-0500,11.863897000,192.168.0.178,192.168.0.148,25565,53414,1907914,6706,1460,0,0x0010
2942,2026-08-15T10:13:36.730856000-0500,11.863897000,192.168.0.178,192.168.0.148,25565,53414,1909374,6706,1460,0,0x0010
2943,2026-08-15T10:13:36.730910000-0500,11.863951000,192.168.0.148,192.168.0.178,53414,25565,6706,1910834,0,0,0x0010
2944,2026-08-15T10:13:36.730958000-0500,11.863999000,192.168.0.178,192.168.0.148,25565,53414,1910834,6706,1460,0,0x0010
2945,2026-08-15T10:13:36.730964000-0500,11.864005000,192.168.0.148,192.168.0.178,53414,25565,6706,1912294,0,0,0x0010
2946,2026-08-15T10:13:36.731185000-0500,11.864226000,192.168.0.178,192.168.0.148,25565,53414,1912294,6706,1460,0,0x0010
2947,2026-08-15T10:13:36.731185000-0500,11.864226000,192.168.0.178,192.168.0.148,25565,53414,1913754,6706,1460,0,0x0010
2948,2026-08-15T10:13:36.731214000-0500,11.864255000,192.168.0.148,192.168.0.178,53414,25565,6706,1915214,0,0,0x0010
2949,2026-08-15T10:13:36.731431000-0500,11.864472000,192.168.0.178,192.168.0.148,25565,53414,1915214,6706,1460,0,0x0010
2950,2026-08-15T10:13:36.731431000-0500,11.864472000,192.168.0.178,192.168.0.148,25565,53414,1916674,6706,1460,0,0x0010
2951,2026-08-15T10:13:36.731463000-0500,11.864504000,192.168.0.148,192.168.0.178,53414,25565,6706,1918134,0,0,0x0010
2952,2026-08-15T10:13:36.731673000-0500,11.864714000,192.168.0.178,192.168.0.148,25565,53414,1918134,6706,1460,0,0x0010
2953,2026-08-15T10:13:36.731673000-0500,11.864714000,192.168.0.178,192.168.0.148,25565,53414,1919594,6706,1460,0,0x0018
2954,2026-08-15T10:13:36.731704000-0500,11.864745000,192.168.0.148,192.168.0.178,53414,25565,6706,1921054,0,0,0x0010
2955,2026-08-15T10:13:36.731922000-0500,11.864963000,192.168.0.178,192.168.0.148,25565,53414,1921054,6706,1460,0,0x0010
2956,2026-08-15T10:13:36.731922000-0500,11.864963000,192.168.0.178,192.168.0.148,25565,53414,1922514,6706,1460,0,0x0010
2957,2026-08-15T10:13:36.731957000-0500,11.864998000,192.168.0.148,192.168.0.178,53414,25565,6706,1923974,0,0,0x0010
2958,2026-08-15T10:13:36.732169000-0500,11.865210000,192.168.0.178,192.168.0.148,25565,53414,1923974,6706,1460,0,0x0010
2959,2026-08-15T10:13:36.732169000-0500,11.865210000,192.168.0.178,192.168.0.148,25565,53414,1925434,6706,1460,0,0x0010
2960,2026-08-15T10:13:36.732199000-0500,11.865240000,192.168.0.148,192.168.0.178,53414,25565,6706,1926894,0,0,0x0010
2961,2026-08-15T10:13:36.732416000-0500,11.865457000,192.168.0.178,192.168.0.148,25565,53414,1926894,6706,1460,0,0x0010
2962,2026-08-15T10:13:36.732416000-0500,11.865457000,192.168.0.178,192.168.0.148,25565,53414,1928354,6706,1460,0,0x0010
2963,2026-08-15T10:13:36.732446000-0500,11.865487000,192.168.0.148,192.168.0.178,53414,25565,6706,1929814,0,0,0x0010
2964,2026-08-15T10:13:36.732685000-0500,11.865726000,192.168.0.178,192.168.0.148,25565,53414,1929814,6706,1460,0,0x0010
2965,2026-08-15T10:13:36.732685000-0500,11.865726000,192.168.0.178,192.168.0.148,25565,53414,1931274,6706,162,0,0x0018
2966,2026-08-15T10:13:36.732717000-0500,11.865758000,192.168.0.148,192.168.0.178,53414,25565,6706,1931436,0,0,0x0010
2967,2026-08-15T10:13:36.743591000-0500,11.876632000,192.168.0.148,192.168.0.178,53414,25565,6706,1931436,28,0,0x0018
2968,2026-08-15T10:13:36.744407000-0500,11.877448000,192.168.0.148,192.168.0.178,53414,25565,6734,1931436,3,0,0x0018
2969,2026-08-15T10:13:36.745026000-0500,11.878067000,192.168.0.178,192.168.0.148,25565,53414,1931436,6737,0,0,0x0010
2970,2026-08-15T10:13:36.780458000-0500,11.913499000,192.168.0.178,192.168.0.148,25565,53414,1931436,6737,1460,0,0x0010
2971,2026-08-15T10:13:36.780458000-0500,11.913499000,192.168.0.178,192.168.0.148,25565,53414,1932896,6737,1460,0,0x0010
2972,2026-08-15T10:13:36.780518000-0500,11.913559000,192.168.0.148,192.168.0.178,53414,25565,6737,1934356,0,0,0x0010
2973,2026-08-15T10:13:36.780565000-0500,11.913606000,192.168.0.178,192.168.0.148,25565,53414,1934356,6737,1460,0,0x0010
2974,2026-08-15T10:13:36.780784000-0500,11.913825000,192.168.0.178,192.168.0.148,25565,53414,1935816,6737,1460,0,0x0010
2975,2026-08-15T10:13:36.780784000-0500,11.913825000,192.168.0.178,192.168.0.148,25565,53414,1937276,6737,1460,0,0x0010
2976,2026-08-15T10:13:36.780821000-0500,11.913862000,192.168.0.148,192.168.0.178,53414,25565,6737,1938736,0,0,0x0010
2977,2026-08-15T10:13:36.781043000-0500,11.914084000,192.168.0.178,192.168.0.148,25565,53414,1938736,6737,1460,0,0x0010
2978,2026-08-15T10:13:36.781043000-0500,11.914084000,192.168.0.178,192.168.0.148,25565,53414,1940196,6737,1460,0,0x0010
2979,2026-08-15T10:13:36.781081000-0500,11.914122000,192.168.0.148,192.168.0.178,53414,25565,6737,1941656,0,0,0x0010
2980,2026-08-15T10:13:36.781150000-0500,11.914191000,192.168.0.178,192.168.0.148,25565,53414,1941656,6737,1460,0,0x0010
2981,2026-08-15T10:13:36.781158000-0500,11.914199000,192.168.0.148,192.168.0.178,53414,25565,6737,1943116,0,0,0x0010
2982,2026-08-15T10:13:36.781387000-0500,11.914428000,192.168.0.178,192.168.0.148,25565,53414,1943116,6737,1460,0,0x0018
2983,2026-08-15T10:13:36.781480000-0500,11.914521000,192.168.0.178,192.168.0.148,25565,53414,1944576,6737,1460,0,0x0010
2984,2026-08-15T10:13:36.781496000-0500,11.914537000,192.168.0.148,192.168.0.178,53414,25565,6737,1946036,0,0,0x0010
2985,2026-08-15T10:13:36.781704000-0500,11.914745000,192.168.0.178,192.168.0.148,25565,53414,1946036,6737,1460,0,0x0010
2986,2026-08-15T10:13:36.781704000-0500,11.914745000,192.168.0.178,192.168.0.148,25565,53414,1947496,6737,780,0,0x0018
2987,2026-08-15T10:13:36.781747000-0500,11.914788000,192.168.0.148,192.168.0.178,53414,25565,6737,1948276,0,0,0x0010
2988,2026-08-15T10:13:36.792562000-0500,11.925603000,192.168.0.148,192.168.0.178,53414,25565,6737,1948276,28,0,0x0018
2989,2026-08-15T10:13:36.793078000-0500,11.926119000,192.168.0.148,192.168.0.178,53414,25565,6765,1948276,3,0,0x0018
2990,2026-08-15T10:13:36.793657000-0500,11.926698000,192.168.0.178,192.168.0.148,25565,53414,1948276,6768,0,0,0x0010
2991,2026-08-15T10:13:36.830965000-0500,11.964006000,192.168.0.178,192.168.0.148,25565,53414,1948276,6768,1460,0,0x0010
2992,2026-08-15T10:13:36.830965000-0500,11.964006000,192.168.0.178,192.168.0.148,25565,53414,1949736,6768,1460,0,0x0010
2993,2026-08-15T10:13:36.831036000-0500,11.964077000,192.168.0.148,192.168.0.178,53414,25565,6768,1951196,0,0,0x0010
2994,2026-08-15T10:13:36.831086000-0500,11.964127000,192.168.0.178,192.168.0.148,25565,53414,1951196,6768,1460,0,0x0010
2995,2026-08-15T10:13:36.831312000-0500,11.964353000,192.168.0.178,192.168.0.148,25565,53414,1952656,6768,1460,0,0x0010
2996,2026-08-15T10:13:36.831312000-0500,11.964353000,192.168.0.178,192.168.0.148,25565,53414,1954116,6768,1460,0,0x0010
2997,2026-08-15T10:13:36.831359000-0500,11.964400000,192.168.0.148,192.168.0.178,53414,25565,6768,1955576,0,0,0x0010
2998,2026-08-15T10:13:36.831423000-0500,11.964464000,192.168.0.178,192.168.0.148,25565,53414,1955576,6768,1460,0,0x0010
2999,2026-08-15T10:13:36.831437000-0500,11.964478000,192.168.0.148,192.168.0.178,53414,25565,6768,1957036,0,0,0x0010
3000,2026-08-15T10:13:36.831620000-0500,11.964661000,192.168.0.178,192.168.0.148,25565,53414,1957036,6768,1460,0,0x0010
3001,2026-08-15T10:13:36.831620000-0500,11.964661000,192.168.0.178,192.168.0.148,25565,53414,1958496,6768,147,0,0x0018
3002,2026-08-15T10:13:36.831637000-0500,11.964678000,192.168.0.148,192.168.0.178,53414,25565,6768,1958643,0,0,0x0010
3003,2026-08-15T10:13:36.842287000-0500,11.975328000,192.168.0.148,192.168.0.178,53414,25565,6768,1958643,28,0,0x0018
3004,2026-08-15T10:13:36.842801000-0500,11.975842000,192.168.0.148,192.168.0.178,53414,25565,6796,1958643,3,0,0x0018
3005,2026-08-15T10:13:36.843354000-0500,11.976395000,192.168.0.178,192.168.0.148,25565,53414,1958643,6799,0,0,0x0010
3006,2026-08-15T10:13:36.881662000-0500,12.014703000,192.168.0.178,192.168.0.148,25565,53414,1958643,6799,1460,0,0x0010
3007,2026-08-15T10:13:36.881662000-0500,12.014703000,192.168.0.178,192.168.0.148,25565,53414,1960103,6799,1460,0,0x0010
3008,2026-08-15T10:13:36.881715000-0500,12.014756000,192.168.0.148,192.168.0.178,53414,25565,6799,1961563,0,0,0x0010
3009,2026-08-15T10:13:36.881763000-0500,12.014804000,192.168.0.178,192.168.0.148,25565,53414,1961563,6799,1460,0,0x0010
3010,2026-08-15T10:13:36.881989000-0500,12.015030000,192.168.0.178,192.168.0.148,25565,53414,1963023,6799,1460,0,0x0010
3011,2026-08-15T10:13:36.881989000-0500,12.015030000,192.168.0.178,192.168.0.148,25565,53414,1964483,6799,1460,0,0x0010
3012,2026-08-15T10:13:36.882016000-0500,12.015057000,192.168.0.148,192.168.0.178,53414,25565,6799,1965943,0,0,0x0010
3013,2026-08-15T10:13:36.882235000-0500,12.015276000,192.168.0.178,192.168.0.148,25565,53414,1965943,6799,1460,0,0x0010
3014,2026-08-15T10:13:36.882235000-0500,12.015276000,192.168.0.178,192.168.0.148,25565,53414,1967403,6799,1460,0,0x0010
3015,2026-08-15T10:13:36.882263000-0500,12.015304000,192.168.0.148,192.168.0.178,53414,25565,6799,1968863,0,0,0x0010
3016,2026-08-15T10:13:36.882489000-0500,12.015530000,192.168.0.178,192.168.0.148,25565,53414,1968863,6799,1460,0,0x0010
3017,2026-08-15T10:13:36.882489000-0500,12.015530000,192.168.0.178,192.168.0.148,25565,53414,1970323,6799,1460,0,0x0018
3018,2026-08-15T10:13:36.882521000-0500,12.015562000,192.168.0.148,192.168.0.178,53414,25565,6799,1971783,0,0,0x0010
3019,2026-08-15T10:13:36.882690000-0500,12.015731000,192.168.0.178,192.168.0.148,25565,53414,1971783,6799,1460,0,0x0010
3020,2026-08-15T10:13:36.882702000-0500,12.015743000,192.168.0.148,192.168.0.178,53414,25565,6799,1973243,0,0,0x0010
3021,2026-08-15T10:13:36.882741000-0500,12.015782000,192.168.0.178,192.168.0.148,25565,53414,1973243,6799,1460,0,0x0010
3022,2026-08-15T10:13:36.882974000-0500,12.016015000,192.168.0.178,192.168.0.148,25565,53414,1974703,6799,1460,0,0x0010
3023,2026-08-15T10:13:36.882974000-0500,12.016015000,192.168.0.178,192.168.0.148,25565,53414,1976163,6799,1460,0,0x0010
3024,2026-08-15T10:13:36.883003000-0500,12.016044000,192.168.0.148,192.168.0.178,53414,25565,6799,1977623,0,0,0x0010
3025,2026-08-15T10:13:36.883199000-0500,12.016240000,192.168.0.178,192.168.0.148,25565,53414,1977623,6799,1460,0,0x0010
3026,2026-08-15T10:13:36.883199000-0500,12.016240000,192.168.0.178,192.168.0.148,25565,53414,1979083,6799,755,0,0x0018
3027,2026-08-15T10:13:36.883231000-0500,12.016272000,192.168.0.148,192.168.0.178,53414,25565,6799,1979838,0,0,0x0010
3028,2026-08-15T10:13:36.893672000-0500,12.026713000,192.168.0.148,192.168.0.178,53414,25565,6799,1979838,28,0,0x0018
3029,2026-08-15T10:13:36.894680000-0500,12.027721000,192.168.0.148,192.168.0.178,53414,25565,6827,1979838,3,0,0x0018
3030,2026-08-15T10:13:36.895288000-0500,12.028329000,192.168.0.178,192.168.0.148,25565,53414,1979838,6830,0,0,0x0010
3031,2026-08-15T10:13:36.929986000-0500,12.063027000,192.168.0.178,192.168.0.148,25565,53414,1979838,6830,1460,0,0x0010
3032,2026-08-15T10:13:36.929986000-0500,12.063027000,192.168.0.178,192.168.0.148,25565,53414,1981298,6830,1460,0,0x0010
3033,2026-08-15T10:13:36.930035000-0500,12.063076000,192.168.0.148,192.168.0.178,53414,25565,6830,1982758,0,0,0x0010
3034,2026-08-15T10:13:36.930090000-0500,12.063131000,192.168.0.178,192.168.0.148,25565,53414,1982758,6830,1460,0,0x0010
3035,2026-08-15T10:13:36.930311000-0500,12.063352000,192.168.0.178,192.168.0.148,25565,53414,1984218,6830,1460,0,0x0010
3036,2026-08-15T10:13:36.930311000-0500,12.063352000,192.168.0.178,192.168.0.148,25565,53414,1985678,6830,1460,0,0x0010
3037,2026-08-15T10:13:36.930334000-0500,12.063375000,192.168.0.148,192.168.0.178,53414,25565,6830,1987138,0,0,0x0010
3038,2026-08-15T10:13:36.930554000-0500,12.063595000,192.168.0.178,192.168.0.148,25565,53414,1987138,6830,1460,0,0x0010
3039,2026-08-15T10:13:36.930554000-0500,12.063595000,192.168.0.178,192.168.0.148,25565,53414,1988598,6830,1460,0,0x0010
3040,2026-08-15T10:13:36.930573000-0500,12.063614000,192.168.0.148,192.168.0.178,53414,25565,6830,1990058,0,0,0x0010
3041,2026-08-15T10:13:36.930781000-0500,12.063822000,192.168.0.178,192.168.0.148,25565,53414,1990058,6830,1460,0,0x0010
3042,2026-08-15T10:13:36.930799000-0500,12.063840000,192.168.0.148,192.168.0.178,53414,25565,6830,1991518,0,0,0x0010
3043,2026-08-15T10:13:36.930831000-0500,12.063872000,192.168.0.178,192.168.0.148,25565,53414,1991518,6830,1460,0,0x0018
3044,2026-08-15T10:13:36.930962000-0500,12.064003000,192.168.0.178,192.168.0.148,25565,53414,1992978,6830,1460,0,0x0010
3045,2026-08-15T10:13:36.930980000-0500,12.064021000,192.168.0.148,192.168.0.178,53414,25565,6830,1994438,0,0,0x0010
3046,2026-08-15T10:13:36.931050000-0500,12.064091000,192.168.0.178,192.168.0.148,25565,53414,1994438,6830,1460,0,0x0010
3047,2026-08-15T10:13:36.931259000-0500,12.064300000,192.168.0.178,192.168.0.148,25565,53414,1995898,6830,1460,0,0x0010
3048,2026-08-15T10:13:36.931277000-0500,12.064318000,192.168.0.148,192.168.0.178,53414,25565,6830,1997358,0,0,0x0010
3049,2026-08-15T10:13:36.931319000-0500,12.064360000,192.168.0.178,192.168.0.148,25565,53414,1997358,6830,1460,0,0x0010
3050,2026-08-15T10:13:36.931319000-0500,12.064360000,192.168.0.178,192.168.0.148,25565,53414,1998818,6830,21,0,0x0018
3051,2026-08-15T10:13:36.931327000-0500,12.064368000,192.168.0.148,192.168.0.178,53414,25565,6830,1998839,0,0,0x0010
3052,2026-08-15T10:13:36.942806000-0500,12.075847000,192.168.0.148,192.168.0.178,53414,25565,6830,1998839,28,0,0x0018
3053,2026-08-15T10:13:36.943360000-0500,12.076401000,192.168.0.148,192.168.0.178,53414,25565,6858,1998839,3,0,0x0018
3054,2026-08-15T10:13:36.943950000-0500,12.076991000,192.168.0.178,192.168.0.148,25565,53414,1998839,6861,0,0,0x0010
3055,2026-08-15T10:13:36.982369000-0500,12.115410000,192.168.0.178,192.168.0.148,25565,53414,1998839,6861,284,0,0x0018
3056,2026-08-15T10:13:36.993623000-0500,12.126664000,192.168.0.148,192.168.0.178,53414,25565,6861,1999123,28,0,0x0018
3057,2026-08-15T10:13:36.994560000-0500,12.127601000,192.168.0.148,192.168.0.178,53414,25565,6889,1999123,3,0,0x0018
3058,2026-08-15T10:13:36.995128000-0500,12.128169000,192.168.0.178,192.168.0.148,25565,53414,1999123,6892,0,0,0x0010
3059,2026-08-15T10:13:37.028883000-0500,12.161924000,192.168.0.178,192.168.0.148,25565,53414,1999123,6892,293,0,0x0018
3060,2026-08-15T10:13:37.043125000-0500,12.176166000,192.168.0.148,192.168.0.178,53414,25565,6892,1999416,28,0,0x0018
3061,2026-08-15T10:13:37.044113000-0500,12.177154000,192.168.0.148,192.168.0.178,53414,25565,6920,1999416,3,0,0x0018
3062,2026-08-15T10:13:37.044858000-0500,12.177899000,192.168.0.178,192.168.0.148,25565,53414,1999416,6923,0,0,0x0010
3063,2026-08-15T10:13:37.081348000-0500,12.214389000,192.168.0.178,192.168.0.148,25565,53414,1999416,6923,66,0,0x0018
3064,2026-08-15T10:13:37.093358000-0500,12.226399000,192.168.0.148,192.168.0.178,53414,25565,6923,1999482,28,0,0x0018
3065,2026-08-15T10:13:37.094398000-0500,12.227439000,192.168.0.148,192.168.0.178,53414,25565,6951,1999482,3,0,0x0018
3066,2026-08-15T10:13:37.094659000-0500,12.227700000,192.168.0.178,192.168.0.148,25565,53414,1999482,6951,11,0,0x0018
3067,2026-08-15T10:13:37.094659000-0500,12.227700000,192.168.0.178,192.168.0.148,25565,53414,1999493,6951,22,0,0x0018
3068,2026-08-15T10:13:37.094659000-0500,12.227700000,192.168.0.178,192.168.0.148,25565,53414,1999515,6951,33,0,0x0018
3069,2026-08-15T10:13:37.094659000-0500,12.227700000,192.168.0.178,192.168.0.148,25565,53414,1999548,6951,11,0,0x0018
3070,2026-08-15T10:13:37.094659000-0500,12.227700000,192.168.0.178,192.168.0.148,25565,53414,1999559,6951,22,0,0x0018
3071,2026-08-15T10:13:37.094734000-0500,12.227775000,192.168.0.148,192.168.0.178,53414,25565,6954,1999581,0,0,0x0010
3072,2026-08-15T10:13:37.094785000-0500,12.227826000,192.168.0.178,192.168.0.148,25565,53414,1999581,6951,33,0,0x0018
3073,2026-08-15T10:13:37.094785000-0500,12.227826000,192.168.0.178,192.168.0.148,25565,53414,1999614,6951,11,0,0x0018
3074,2026-08-15T10:13:37.094785000-0500,12.227826000,192.168.0.178,192.168.0.148,25565,53414,1999625,6951,22,0,0x0018
3075,2026-08-15T10:13:37.094785000-0500,12.227826000,192.168.0.178,192.168.0.148,25565,53414,1999647,6954,33,0,0x0018
3076,2026-08-15T10:13:37.094785000-0500,12.227826000,192.168.0.178,192.168.0.148,25565,53414,1999680,6954,24,0,0x0018
3077,2026-08-15T10:13:37.094810000-0500,12.227851000,192.168.0.148,192.168.0.178,53414,25565,6954,1999704,0,0,0x0010
3078,2026-08-15T10:13:37.130336000-0500,12.263377000,192.168.0.178,192.168.0.148,25565,53414,1999704,6954,297,0,0x0018
3079,2026-08-15T10:13:37.142699000-0500,12.275740000,192.168.0.148,192.168.0.178,53414,25565,6954,2000001,28,0,0x0018
3080,2026-08-15T10:13:37.143258000-0500,12.276299000,192.168.0.148,192.168.0.178,53414,25565,6982,2000001,3,0,0x0018
3081,2026-08-15T10:13:37.144014000-0500,12.277055000,192.168.0.178,192.168.0.148,25565,53414,2000001,6985,0,0,0x0010
3082,2026-08-15T10:13:37.180184000-0500,12.313225000,192.168.0.178,192.168.0.148,25565,53414,2000001,6985,207,0,0x0018
3083,2026-08-15T10:13:37.192874000-0500,12.325915000,192.168.0.148,192.168.0.178,53414,25565,6985,2000208,28,0,0x0018
3084,2026-08-15T10:13:37.193769000-0500,12.326810000,192.168.0.148,192.168.0.178,53414,25565,7013,2000208,3,0,0x0018
3085,2026-08-15T10:13:37.194493000-0500,12.327534000,192.168.0.178,192.168.0.148,25565,53414,2000208,7016,0,0,0x0010
3086,2026-08-15T10:13:37.231187000-0500,12.364228000,192.168.0.178,192.168.0.148,25565,53414,2000208,7016,1460,0,0x0010
3087,2026-08-15T10:13:37.231187000-0500,12.364228000,192.168.0.178,192.168.0.148,25565,53414,2001668,7016,1460,0,0x0010
3088,2026-08-15T10:13:37.231247000-0500,12.364288000,192.168.0.148,192.168.0.178,53414,25565,7016,2003128,0,0,0x0010
3089,2026-08-15T10:13:37.231298000-0500,12.364339000,192.168.0.178,192.168.0.148,25565,53414,2003128,7016,1460,0,0x0010
3090,2026-08-15T10:13:37.231511000-0500,12.364552000,192.168.0.178,192.168.0.148,25565,53414,2004588,7016,1460,0,0x0010
3091,2026-08-15T10:13:37.231511000-0500,12.364552000,192.168.0.178,192.168.0.148,25565,53414,2006048,7016,1460,0,0x0010
3092,2026-08-15T10:13:37.231545000-0500,12.364586000,192.168.0.148,192.168.0.178,53414,25565,7016,2007508,0,0,0x0010
3093,2026-08-15T10:13:37.231767000-0500,12.364808000,192.168.0.178,192.168.0.148,25565,53414,2007508,7016,1460,0,0x0010
3094,2026-08-15T10:13:37.231767000-0500,12.364808000,192.168.0.178,192.168.0.148,25565,53414,2008968,7016,1460,0,0x0010
3095,2026-08-15T10:13:37.231805000-0500,12.364846000,192.168.0.148,192.168.0.178,53414,25565,7016,2010428,0,0,0x0010
3096,2026-08-15T10:13:37.232008000-0500,12.365049000,192.168.0.178,192.168.0.148,25565,53414,2010428,7016,1460,0,0x0010
3097,2026-08-15T10:13:37.232008000-0500,12.365049000,192.168.0.178,192.168.0.148,25565,53414,2011888,7016,1460,0,0x0018
3098,2026-08-15T10:13:37.232043000-0500,12.365084000,192.168.0.148,192.168.0.178,53414,25565,7016,2013348,0,0,0x0010
3099,2026-08-15T10:13:37.232238000-0500,12.365279000,192.168.0.178,192.168.0.148,25565,53414,2013348,7016,1460,0,0x0010
3100,2026-08-15T10:13:37.232283000-0500,12.365324000,192.168.0.148,192.168.0.178,53414,25565,7016,2014808,0,0,0x0010
3101,2026-08-15T10:13:37.232329000-0500,12.365370000,192.168.0.178,192.168.0.148,25565,53414,2014808,7016,1081,0,0x0018
3102,2026-08-15T10:13:37.242215000-0500,12.375256000,192.168.0.148,192.168.0.178,53414,25565,7016,2015889,28,0,0x0018
3103,2026-08-15T10:13:37.242767000-0500,12.375808000,192.168.0.148,192.168.0.178,53414,25565,7044,2015889,3,0,0x0018
3104,2026-08-15T10:13:37.243438000-0500,12.376479000,192.168.0.178,192.168.0.148,25565,53414,2015889,7047,0,0,0x0010
3105,2026-08-15T10:13:37.289634000-0500,12.422675000,192.168.0.178,192.168.0.148,25565,53414,2015889,7047,1460,0,0x0010
3106,2026-08-15T10:13:37.289634000-0500,12.422675000,192.168.0.178,192.168.0.148,25565,53414,2017349,7047,1460,0,0x0010
3107,2026-08-15T10:13:37.289690000-0500,12.422731000,192.168.0.148,192.168.0.178,53414,25565,7047,2018809,0,0,0x0010
3108,2026-08-15T10:13:37.289736000-0500,12.422777000,192.168.0.178,192.168.0.148,25565,53414,2018809,7047,1460,0,0x0010
3109,2026-08-15T10:13:37.289964000-0500,12.423005000,192.168.0.178,192.168.0.148,25565,53414,2020269,7047,1460,0,0x0010
3110,2026-08-15T10:13:37.289964000-0500,12.423005000,192.168.0.178,192.168.0.148,25565,53414,2021729,7047,1460,0,0x0010
3111,2026-08-15T10:13:37.289995000-0500,12.423036000,192.168.0.148,192.168.0.178,53414,25565,7047,2023189,0,0,0x0010
3112,2026-08-15T10:13:37.290206000-0500,12.423247000,192.168.0.178,192.168.0.148,25565,53414,2023189,7047,1460,0,0x0010
3113,2026-08-15T10:13:37.290206000-0500,12.423247000,192.168.0.178,192.168.0.148,25565,53414,2024649,7047,1460,0,0x0010
3114,2026-08-15T10:13:37.290242000-0500,12.423283000,192.168.0.148,192.168.0.178,53414,25565,7047,2026109,0,0,0x0010
3115,2026-08-15T10:13:37.290465000-0500,12.423506000,192.168.0.178,192.168.0.148,25565,53414,2026109,7047,1460,0,0x0010
3116,2026-08-15T10:13:37.290465000-0500,12.423506000,192.168.0.178,192.168.0.148,25565,53414,2027569,7047,1460,0,0x0018
3117,2026-08-15T10:13:37.290502000-0500,12.423543000,192.168.0.148,192.168.0.178,53414,25565,7047,2029029,0,0,0x0010
3118,2026-08-15T10:13:37.290582000-0500,12.423623000,192.168.0.178,192.168.0.148,25565,53414,2029029,7047,1460,0,0x0010
3119,2026-08-15T10:13:37.290594000-0500,12.423635000,192.168.0.148,192.168.0.178,53414,25565,7047,2030489,0,0,0x0010
3120,2026-08-15T10:13:37.290821000-0500,12.423862000,192.168.0.178,192.168.0.148,25565,53414,2030489,7047,1460,0,0x0010
3121,2026-08-15T10:13:37.290821000-0500,12.423862000,192.168.0.178,192.168.0.148,25565,53414,2031949,7047,1460,0,0x0010
3122,2026-08-15T10:13:37.290852000-0500,12.423893000,192.168.0.148,192.168.0.178,53414,25565,7047,2033409,0,0,0x0010
3123,2026-08-15T10:13:37.291066000-0500,12.424107000,192.168.0.178,192.168.0.148,25565,53414,2033409,7047,1460,0,0x0010
3124,2026-08-15T10:13:37.291066000-0500,12.424107000,192.168.0.178,192.168.0.148,25565,53414,2034869,7047,1460,0,0x0010
3125,2026-08-15T10:13:37.291095000-0500,12.424136000,192.168.0.148,192.168.0.178,53414,25565,7047,2036329,0,0,0x0010
3126,2026-08-15T10:13:37.291659000-0500,12.424700000,192.168.0.178,192.168.0.148,25565,53414,2036329,7047,1460,0,0x0010
3127,2026-08-15T10:13:37.291659000-0500,12.424700000,192.168.0.178,192.168.0.148,25565,53414,2037789,7047,280,0,0x0018
3128,2026-08-15T10:13:37.291690000-0500,12.424731000,192.168.0.148,192.168.0.178,53414,25565,7047,2038069,0,0,0x0010
3129,2026-08-15T10:13:37.293075000-0500,12.426116000,192.168.0.148,192.168.0.178,53414,25565,7047,2038069,28,0,0x0018
3130,2026-08-15T10:13:37.293818000-0500,12.426859000,192.168.0.148,192.168.0.178,53414,25565,7075,2038069,3,0,0x0018
3131,2026-08-15T10:13:37.294344000-0500,12.427385000,192.168.0.178,192.168.0.148,25565,53414,2038069,7078,0,0,0x0010
3132,2026-08-15T10:13:37.333006000-0500,12.466047000,192.168.0.178,192.168.0.148,25565,53414,2038069,7078,1460,0,0x0010
3133,2026-08-15T10:13:37.333006000-0500,12.466047000,192.168.0.178,192.168.0.148,25565,53414,2039529,7078,1460,0,0x0010
3134,2026-08-15T10:13:37.333046000-0500,12.466087000,192.168.0.148,192.168.0.178,53414,25565,7078,2040989,0,0,0x0010
3135,2026-08-15T10:13:37.333096000-0500,12.466137000,192.168.0.178,192.168.0.148,25565,53414,2040989,7078,1460,0,0x0010
3136,2026-08-15T10:13:37.333324000-0500,12.466365000,192.168.0.178,192.168.0.148,25565,53414,2042449,7078,1460,0,0x0010
3137,2026-08-15T10:13:37.333347000-0500,12.466388000,192.168.0.148,192.168.0.178,53414,25565,7078,2043909,0,0,0x0010
3138,2026-08-15T10:13:37.333385000-0500,12.466426000,192.168.0.178,192.168.0.148,25565,53414,2043909,7078,1460,0,0x0010
3139,2026-08-15T10:13:37.333463000-0500,12.466504000,192.168.0.178,192.168.0.148,25565,53414,2045369,7078,1460,0,0x0010
3140,2026-08-15T10:13:37.333472000-0500,12.466513000,192.168.0.148,192.168.0.178,53414,25565,7078,2046829,0,0,0x0010
3141,2026-08-15T10:13:37.333627000-0500,12.466668000,192.168.0.178,192.168.0.148,25565,53414,2046829,7078,1460,0,0x0010
3142,2026-08-15T10:13:37.333726000-0500,12.466767000,192.168.0.178,192.168.0.148,25565,53414,2048289,7078,1460,0,0x0010
3143,2026-08-15T10:13:37.333734000-0500,12.466775000,192.168.0.148,192.168.0.178,53414,25565,7078,2049749,0,0,0x0010
3144,2026-08-15T10:13:37.333950000-0500,12.466991000,192.168.0.178,192.168.0.148,25565,53414,2049749,7078,1460,0,0x0018
3145,2026-08-15T10:13:37.334022000-0500,12.467063000,192.168.0.178,192.168.0.148,25565,53414,2051209,7078,1460,0,0x0010
3146,2026-08-15T10:13:37.334031000-0500,12.467072000,192.168.0.148,192.168.0.178,53414,25565,7078,2052669,0,0,0x0010
3147,2026-08-15T10:13:37.334079000-0500,12.467120000,192.168.0.178,192.168.0.148,25565,53414,2052669,7078,1460,0,0x0010
3148,2026-08-15T10:13:37.334227000-0500,12.467268000,192.168.0.178,192.168.0.148,25565,53414,2054129,7078,1460,0,0x0010
3149,2026-08-15T10:13:37.334250000-0500,12.467291000,192.168.0.148,192.168.0.178,53414,25565,7078,2055589,0,0,0x0010
3150,2026-08-15T10:13:37.334477000-0500,12.467518000,192.168.0.178,192.168.0.148,25565,53414,2055589,7078,1460,0,0x0010
3151,2026-08-15T10:13:37.334477000-0500,12.467518000,192.168.0.178,192.168.0.148,25565,53414,2057049,7078,1460,0,0x0010
3152,2026-08-15T10:13:37.334503000-0500,12.467544000,192.168.0.148,192.168.0.178,53414,25565,7078,2058509,0,0,0x0010
3153,2026-08-15T10:13:37.334561000-0500,12.467602000,192.168.0.178,192.168.0.148,25565,53414,2058509,7078,997,0,0x0018
3154,2026-08-15T10:13:37.334779000-0500,12.467820000,192.168.0.148,192.168.0.178,53414,25565,7078,2059506,11,0,0x0018
3155,2026-08-15T10:13:37.343328000-0500,12.476369000,192.168.0.148,192.168.0.178,53414,25565,7089,2059506,28,0,0x0018
3156,2026-08-15T10:13:37.344018000-0500,12.477059000,192.168.0.178,192.168.0.148,25565,53414,2059506,7117,0,0,0x0010
3157,2026-08-15T10:13:37.344115000-0500,12.477156000,192.168.0.178,192.168.0.148,25565,53414,2059506,7117,46,0,0x0018
3158,2026-08-15T10:13:37.344201000-0500,12.477242000,192.168.0.148,192.168.0.178,53414,25565,7117,2059552,3,0,0x0018
3159,2026-08-15T10:13:37.384107000-0500,12.517148000,192.168.0.178,192.168.0.148,25565,53414,2059552,7120,1460,0,0x0010
3160,2026-08-15T10:13:37.384107000-0500,12.517148000,192.168.0.178,192.168.0.148,25565,53414,2061012,7120,1460,0,0x0010
3161,2026-08-15T10:13:37.384157000-0500,12.517198000,192.168.0.148,192.168.0.178,53414,25565,7120,2062472,0,0,0x0010
3162,2026-08-15T10:13:37.384204000-0500,12.517245000,192.168.0.178,192.168.0.148,25565,53414,2062472,7120,1460,0,0x0010
3163,2026-08-15T10:13:37.384342000-0500,12.517383000,192.168.0.178,192.168.0.148,25565,53414,2063932,7120,1460,0,0x0010
3164,2026-08-15T10:13:37.384360000-0500,12.517401000,192.168.0.148,192.168.0.178,53414,25565,7120,2065392,0,0,0x0010
3165,2026-08-15T10:13:37.384440000-0500,12.517481000,192.168.0.178,192.168.0.148,25565,53414,2065392,7120,1460,0,0x0010
3166,2026-08-15T10:13:37.384652000-0500,12.517693000,192.168.0.178,192.168.0.148,25565,53414,2066852,7120,1460,0,0x0010
3167,2026-08-15T10:13:37.384672000-0500,12.517713000,192.168.0.148,192.168.0.178,53414,25565,7120,2068312,0,0,0x0010
3168,2026-08-15T10:13:37.384708000-0500,12.517749000,192.168.0.178,192.168.0.148,25565,53414,2068312,7120,1460,0,0x0010
3169,2026-08-15T10:13:37.384836000-0500,12.517877000,192.168.0.178,192.168.0.148,25565,53414,2069772,7120,1460,0,0x0010
3170,2026-08-15T10:13:37.384855000-0500,12.517896000,192.168.0.148,192.168.0.178,53414,25565,7120,2071232,0,0,0x0010
3171,2026-08-15T10:13:37.385049000-0500,12.518090000,192.168.0.178,192.168.0.148,25565,53414,2071232,7120,1460,0,0x0018
3172,2026-08-15T10:13:37.385049000-0500,12.518090000,192.168.0.178,192.168.0.148,25565,53414,2072692,7120,1460,0,0x0010
3173,2026-08-15T10:13:37.385070000-0500,12.518111000,192.168.0.148,192.168.0.178,53414,25565,7120,2074152,0,0,0x0010
3174,2026-08-15T10:13:37.385284000-0500,12.518325000,192.168.0.178,192.168.0.148,25565,53414,2074152,7120,1460,0,0x0010
3175,2026-08-15T10:13:37.385284000-0500,12.518325000,192.168.0.178,192.168.0.148,25565,53414,2075612,7120,1036,0,0x0018
3176,2026-08-15T10:13:37.385308000-0500,12.518349000,192.168.0.148,192.168.0.178,53414,25565,7120,2076648,0,0,0x0010
3177,2026-08-15T10:13:37.392339000-0500,12.525380000,192.168.0.148,192.168.0.178,53414,25565,7120,2076648,28,0,0x0018
3178,2026-08-15T10:13:37.392858000-0500,12.525899000,192.168.0.148,192.168.0.178,53414,25565,7148,2076648,3,0,0x0018
3179,2026-08-15T10:13:37.393399000-0500,12.526440000,192.168.0.178,192.168.0.148,25565,53414,2076648,7151,0,0,0x0010
3180,2026-08-15T10:13:37.429780000-0500,12.562821000,192.168.0.178,192.168.0.148,25565,53414,2076648,7151,1460,0,0x0010
3181,2026-08-15T10:13:37.429780000-0500,12.562821000,192.168.0.178,192.168.0.148,25565,53414,2078108,7151,1460,0,0x0010
3182,2026-08-15T10:13:37.429864000-0500,12.562905000,192.168.0.148,192.168.0.178,53414,25565,7151,2079568,0,0,0x0010
3183,2026-08-15T10:13:37.429908000-0500,12.562949000,192.168.0.178,192.168.0.148,25565,53414,2079568,7151,1460,0,0x0010
3184,2026-08-15T10:13:37.430021000-0500,12.563062000,192.168.0.178,192.168.0.148,25565,53414,2081028,7151,1460,0,0x0010
3185,2026-08-15T10:13:37.430033000-0500,12.563074000,192.168.0.148,192.168.0.178,53414,25565,7151,2082488,0,0,0x0010
3186,2026-08-15T10:13:37.430245000-0500,12.563286000,192.168.0.178,192.168.0.148,25565,53414,2082488,7151,1460,0,0x0010
3187,2026-08-15T10:13:37.430245000-0500,12.563286000,192.168.0.178,192.168.0.148,25565,53414,2083948,7151,1460,0,0x0010
3188,2026-08-15T10:13:37.430288000-0500,12.563329000,192.168.0.148,192.168.0.178,53414,25565,7151,2085408,0,0,0x0010
3189,2026-08-15T10:13:37.430494000-0500,12.563535000,192.168.0.178,192.168.0.148,25565,53414,2085408,7151,1460,0,0x0010
3190,2026-08-15T10:13:37.430494000-0500,12.563535000,192.168.0.178,192.168.0.148,25565,53414,2086868,7151,1460,0,0x0010
3191,2026-08-15T10:13:37.430521000-0500,12.563562000,192.168.0.148,192.168.0.178,53414,25565,7151,2088328,0,0,0x0010
3192,2026-08-15T10:13:37.430730000-0500,12.563771000,192.168.0.178,192.168.0.148,25565,53414,2088328,7151,1460,0,0x0018
3193,2026-08-15T10:13:37.430793000-0500,12.563834000,192.168.0.178,192.168.0.148,25565,53414,2089788,7151,1460,0,0x0010
3194,2026-08-15T10:13:37.430804000-0500,12.563845000,192.168.0.148,192.168.0.178,53414,25565,7151,2091248,0,0,0x0010
3195,2026-08-15T10:13:37.431002000-0500,12.564043000,192.168.0.178,192.168.0.148,25565,53414,2091248,7151,1460,0,0x0010
3196,2026-08-15T10:13:37.431002000-0500,12.564043000,192.168.0.178,192.168.0.148,25565,53414,2092708,7151,1115,0,0x0018
3197,2026-08-15T10:13:37.431039000-0500,12.564080000,192.168.0.148,192.168.0.178,53414,25565,7151,2093823,0,0,0x0010
3198,2026-08-15T10:13:37.443379000-0500,12.576420000,192.168.0.148,192.168.0.178,53414,25565,7151,2093823,28,0,0x0018
3199,2026-08-15T10:13:37.444205000-0500,12.577246000,192.168.0.148,192.168.0.178,53414,25565,7179,2093823,3,0,0x0018
3200,2026-08-15T10:13:37.446367000-0500,12.579408000,192.168.0.178,192.168.0.148,25565,53414,2093823,7182,0,0,0x0010
3201,2026-08-15T10:13:37.479847000-0500,12.612888000,192.168.0.178,192.168.0.148,25565,53414,2093823,7182,1460,0,0x0010
3202,2026-08-15T10:13:37.479847000-0500,12.612888000,192.168.0.178,192.168.0.148,25565,53414,2095283,7182,1460,0,0x0010
3203,2026-08-15T10:13:37.479913000-0500,12.612954000,192.168.0.148,192.168.0.178,53414,25565,7182,2096743,0,0,0x0010
3204,2026-08-15T10:13:37.479956000-0500,12.612997000,192.168.0.178,192.168.0.148,25565,53414,2096743,7182,1460,0,0x0010
3205,2026-08-15T10:13:37.479956000-0500,12.612997000,192.168.0.178,192.168.0.148,25565,53414,2098203,7182,291,0,0x0018
3206,2026-08-15T10:13:37.479964000-0500,12.613005000,192.168.0.148,192.168.0.178,53414,25565,7182,2098494,0,0,0x0010
3207,2026-08-15T10:13:37.493472000-0500,12.626513000,192.168.0.148,192.168.0.178,53414,25565,7182,2098494,28,0,0x0018
3208,2026-08-15T10:13:37.494412000-0500,12.627453000,192.168.0.148,192.168.0.178,53414,25565,7210,2098494,3,0,0x0018
3209,2026-08-15T10:13:37.495150000-0500,12.628191000,192.168.0.178,192.168.0.148,25565,53414,2098494,7213,0,0,0x0010
3210,2026-08-15T10:13:37.533436000-0500,12.666477000,192.168.0.178,192.168.0.148,25565,53414,2098494,7213,64,0,0x0018
3211,2026-08-15T10:13:37.543080000-0500,12.676121000,192.168.0.148,192.168.0.178,53414,25565,7213,2098558,28,0,0x0018
3212,2026-08-15T10:13:37.544127000-0500,12.677168000,192.168.0.148,192.168.0.178,53414,25565,7241,2098558,3,0,0x0018
3213,2026-08-15T10:13:37.544938000-0500,12.677979000,192.168.0.178,192.168.0.148,25565,53414,2098558,7244,0,0,0x0010
3214,2026-08-15T10:13:37.579879000-0500,12.712920000,192.168.0.178,192.168.0.148,25565,53414,2098558,7244,191,0,0x0018
3215,2026-08-15T10:13:37.593069000-0500,12.726110000,192.168.0.148,192.168.0.178,53414,25565,7244,2098749,28,0,0x0018
3216,2026-08-15T10:13:37.593754000-0500,12.726795000,192.168.0.148,192.168.0.178,53414,25565,7272,2098749,3,0,0x0018
3217,2026-08-15T10:13:37.594458000-0500,12.727499000,192.168.0.178,192.168.0.148,25565,53414,2098749,7275,0,0,0x0010
3218,2026-08-15T10:13:37.632140000-0500,12.765181000,192.168.0.178,192.168.0.148,25565,53414,2098749,7275,283,0,0x0018
3219,2026-08-15T10:13:37.643511000-0500,12.776552000,192.168.0.148,192.168.0.178,53414,25565,7275,2099032,28,0,0x0018
3220,2026-08-15T10:13:37.644580000-0500,12.777621000,192.168.0.148,192.168.0.178,53414,25565,7303,2099032,3,0,0x0018
3221,2026-08-15T10:13:37.645865000-0500,12.778906000,192.168.0.178,192.168.0.148,25565,53414,2099032,7306,0,0,0x0010
3222,2026-08-15T10:13:37.680925000-0500,12.813966000,192.168.0.178,192.168.0.148,25565,53414,2099032,7306,427,0,0x0018
3223,2026-08-15T10:13:37.693612000-0500,12.826653000,192.168.0.148,192.168.0.178,53414,25565,7306,2099459,28,0,0x0018
3224,2026-08-15T10:13:37.694735000-0500,12.827776000,192.168.0.148,192.168.0.178,53414,25565,7334,2099459,3,0,0x0018
3225,2026-08-15T10:13:37.695521000-0500,12.828562000,192.168.0.178,192.168.0.148,25565,53414,2099459,7337,0,0,0x0010
3226,2026-08-15T10:13:37.733077000-0500,12.866118000,192.168.0.178,192.168.0.148,25565,53414,2099459,7337,492,0,0x0018
3227,2026-08-15T10:13:37.743249000-0500,12.876290000,192.168.0.148,192.168.0.178,53414,25565,7337,2099951,28,0,0x0018
3228,2026-08-15T10:13:37.744189000-0500,12.877230000,192.168.0.148,192.168.0.178,53414,25565,7365,2099951,3,0,0x0018
3229,2026-08-15T10:13:37.745002000-0500,12.878043000,192.168.0.178,192.168.0.148,25565,53414,2099951,7368,0,0,0x0010
3230,2026-08-15T10:13:37.781406000-0500,12.914447000,192.168.0.178,192.168.0.148,25565,53414,2099951,7368,261,0,0x0018
3231,2026-08-15T10:13:37.792822000-0500,12.925863000,192.168.0.148,192.168.0.178,53414,25565,7368,2100212,28,0,0x0018
3232,2026-08-15T10:13:37.793577000-0500,12.926618000,192.168.0.148,192.168.0.178,53414,25565,7396,2100212,3,0,0x0018
3233,2026-08-15T10:13:37.794194000-0500,12.927235000,192.168.0.178,192.168.0.148,25565,53414,2100212,7399,0,0,0x0010
3234,2026-08-15T10:13:37.829674000-0500,12.962715000,192.168.0.178,192.168.0.148,25565,53414,2100212,7399,128,0,0x0018
3235,2026-08-15T10:13:37.843076000-0500,12.976117000,192.168.0.148,192.168.0.178,53414,25565,7399,2100340,28,0,0x0018
3236,2026-08-15T10:13:37.844162000-0500,12.977203000,192.168.0.148,192.168.0.178,53414,25565,7427,2100340,3,0,0x0018
3237,2026-08-15T10:13:37.845008000-0500,12.978049000,192.168.0.178,192.168.0.148,25565,53414,2100340,7430,0,0,0x0010
3238,2026-08-15T10:13:37.880342000-0500,13.013383000,192.168.0.178,192.168.0.148,25565,53414,2100340,7430,171,0,0x0018
3239,2026-08-15T10:13:37.893736000-0500,13.026777000,192.168.0.148,192.168.0.178,53414,25565,7430,2100511,28,0,0x0018
3240,2026-08-15T10:13:37.894738000-0500,13.027779000,192.168.0.148,192.168.0.178,53414,25565,7458,2100511,3,0,0x0018
3241,2026-08-15T10:13:37.895521000-0500,13.028562000,192.168.0.178,192.168.0.148,25565,53414,2100511,7461,0,0,0x0010
3242,2026-08-15T10:13:37.934045000-0500,13.067086000,192.168.0.178,192.168.0.148,25565,53414,2100511,7461,479,0,0x0018
3243,2026-08-15T10:13:37.943060000-0500,13.076101000,192.168.0.148,192.168.0.178,53414,25565,7461,2100990,28,0,0x0018
3244,2026-08-15T10:13:37.943955000-0500,13.076996000,192.168.0.148,192.168.0.178,53414,25565,7489,2100990,3,0,0x0018
3245,2026-08-15T10:13:37.944775000-0500,13.077816000,192.168.0.178,192.168.0.148,25565,53414,2100990,7492,0,0,0x0010
3246,2026-08-15T10:13:37.985120000-0500,13.118161000,192.168.0.178,192.168.0.148,25565,53414,2100990,7492,259,0,0x0018
3247,2026-08-15T10:13:37.993539000-0500,13.126580000,192.168.0.148,192.168.0.178,53414,25565,7492,2101249,28,0,0x0018
3248,2026-08-15T10:13:37.994743000-0500,13.127784000,192.168.0.148,192.168.0.178,53414,25565,7520,2101249,3,0,0x0018
3249,2026-08-15T10:13:37.995433000-0500,13.128474000,192.168.0.178,192.168.0.148,25565,53414,2101249,7523,0,0,0x0010
3250,2026-08-15T10:13:38.029500000-0500,13.162541000,192.168.0.178,192.168.0.148,25565,53414,2101249,7523,144,0,0x0018
3251,2026-08-15T10:13:38.042398000-0500,13.175439000,192.168.0.148,192.168.0.178,53414,25565,7523,2101393,28,0,0x0018
3252,2026-08-15T10:13:38.043156000-0500,13.176197000,192.168.0.148,192.168.0.178,53414,25565,7551,2101393,3,0,0x0018
3253,2026-08-15T10:13:38.043690000-0500,13.176731000,192.168.0.178,192.168.0.148,25565,53414,2101393,7551,46,0,0x0018
3254,2026-08-15T10:13:38.079044000-0500,13.212085000,192.168.0.178,192.168.0.148,25565,53414,2101439,7554,172,0,0x0018
3255,2026-08-15T10:13:38.079107000-0500,13.212148000,192.168.0.148,192.168.0.178,53414,25565,7554,2101611,0,0,0x0010
3256,2026-08-15T10:13:38.093588000-0500,13.226629000,192.168.0.148,192.168.0.178,53414,25565,7554,2101611,28,0,0x0018
3257,2026-08-15T10:13:38.094656000-0500,13.227697000,192.168.0.148,192.168.0.178,53414,25565,7582,2101611,3,0,0x0018
3258,2026-08-15T10:13:38.095390000-0500,13.228431000,192.168.0.178,192.168.0.148,25565,53414,2101611,7585,0,0,0x0010
3259,2026-08-15T10:13:38.129983000-0500,13.263024000,192.168.0.178,192.168.0.148,25565,53414,2101611,7585,56,0,0x0018
3260,2026-08-15T10:13:38.143325000-0500,13.276366000,192.168.0.148,192.168.0.178,53414,25565,7585,2101667,28,0,0x0018
3261,2026-08-15T10:13:38.144849000-0500,13.277890000,192.168.0.148,192.168.0.178,53414,25565,7613,2101667,3,0,0x0018
3262,2026-08-15T10:13:38.145606000-0500,13.278647000,192.168.0.178,192.168.0.148,25565,53414,2101667,7616,0,0,0x0010
3263,2026-08-15T10:13:38.183558000-0500,13.316599000,192.168.0.178,192.168.0.148,25565,53414,2101667,7616,394,0,0x0018
3264,2026-08-15T10:13:38.192920000-0500,13.325961000,192.168.0.148,192.168.0.178,53414,25565,7616,2102061,28,0,0x0018
3265,2026-08-15T10:13:38.193681000-0500,13.326722000,192.168.0.148,192.168.0.178,53414,25565,7644,2102061,3,0,0x0018
3266,2026-08-15T10:13:38.194452000-0500,13.327493000,192.168.0.178,192.168.0.148,25565,53414,2102061,7647,0,0,0x0010
3267,2026-08-15T10:13:38.233420000-0500,13.366461000,192.168.0.178,192.168.0.148,25565,53414,2102061,7647,342,0,0x0018
3268,2026-08-15T10:13:38.243192000-0500,13.376233000,192.168.0.148,192.168.0.178,53414,25565,7647,2102403,28,0,0x0018
3269,2026-08-15T10:13:38.244414000-0500,13.377455000,192.168.0.148,192.168.0.178,53414,25565,7675,2102403,3,0,0x0018
3270,2026-08-15T10:13:38.245219000-0500,13.378260000,192.168.0.178,192.168.0.148,25565,53414,2102403,7678,0,0,0x0010
3271,2026-08-15T10:13:38.279962000-0500,13.413003000,192.168.0.178,192.168.0.148,25565,53414,2102403,7678,632,0,0x0018
3272,2026-08-15T10:13:38.293157000-0500,13.426198000,192.168.0.148,192.168.0.178,53414,25565,7678,2103035,28,0,0x0018
3273,2026-08-15T10:13:38.293845000-0500,13.426886000,192.168.0.148,192.168.0.178,53414,25565,7706,2103035,3,0,0x0018
3274,2026-08-15T10:13:38.294515000-0500,13.427556000,192.168.0.178,192.168.0.148,25565,53414,2103035,7709,0,0,0x0010
3275,2026-08-15T10:13:38.331296000-0500,13.464337000,192.168.0.178,192.168.0.148,25565,53414,2103035,7709,193,0,0x0018
3276,2026-08-15T10:13:38.343361000-0500,13.476402000,192.168.0.148,192.168.0.178,53414,25565,7709,2103228,28,0,0x0018
3277,2026-08-15T10:13:38.344479000-0500,13.477520000,192.168.0.148,192.168.0.178,53414,25565,7737,2103228,3,0,0x0018
3278,2026-08-15T10:13:38.345252000-0500,13.478293000,192.168.0.178,192.168.0.148,25565,53414,2103228,7740,0,0,0x0010
3279,2026-08-15T10:13:38.383379000-0500,13.516420000,192.168.0.178,192.168.0.148,25565,53414,2103228,7740,257,0,0x0018
3280,2026-08-15T10:13:38.383594000-0500,13.516635000,192.168.0.148,192.168.0.178,53414,25565,7740,2103485,11,0,0x0018
3281,2026-08-15T10:13:38.393341000-0500,13.526382000,192.168.0.148,192.168.0.178,53414,25565,7751,2103485,28,0,0x0018
3282,2026-08-15T10:13:38.394166000-0500,13.527207000,192.168.0.178,192.168.0.148,25565,53414,2103485,7779,0,0,0x0010
3283,2026-08-15T10:13:38.394363000-0500,13.527404000,192.168.0.148,192.168.0.178,53414,25565,7779,2103485,3,0,0x0018
3284,2026-08-15T10:13:38.431297000-0500,13.564338000,192.168.0.178,192.168.0.148,25565,53414,2103485,7782,357,0,0x0018
3285,2026-08-15T10:13:38.442446000-0500,13.575487000,192.168.0.148,192.168.0.178,53414,25565,7782,2103842,28,0,0x0018
3286,2026-08-15T10:13:38.443165000-0500,13.576206000,192.168.0.148,192.168.0.178,53414,25565,7810,2103842,3,0,0x0018
3287,2026-08-15T10:13:38.443920000-0500,13.576961000,192.168.0.178,192.168.0.148,25565,53414,2103842,7813,0,0,0x0010
3288,2026-08-15T10:13:38.484358000-0500,13.617399000,192.168.0.178,192.168.0.148,25565,53414,2103842,7813,920,0,0x0018
3289,2026-08-15T10:13:38.493845000-0500,13.626886000,192.168.0.148,192.168.0.178,53414,25565,7813,2104762,28,0,0x0018
3290,2026-08-15T10:13:38.494990000-0500,13.628031000,192.168.0.148,192.168.0.178,53414,25565,7841,2104762,3,0,0x0018
3291,2026-08-15T10:13:38.495734000-0500,13.628775000,192.168.0.178,192.168.0.148,25565,53414,2104762,7844,0,0,0x0010
3292,2026-08-15T10:13:38.533139000-0500,13.666180000,192.168.0.178,192.168.0.148,25565,53414,2104762,7844,389,0,0x0018
3293,2026-08-15T10:13:38.542533000-0500,13.675574000,192.168.0.148,192.168.0.178,53414,25565,7844,2105151,28,0,0x0018
3294,2026-08-15T10:13:38.543130000-0500,13.676171000,192.168.0.148,192.168.0.178,53414,25565,7872,2105151,3,0,0x0018
3295,2026-08-15T10:13:38.543834000-0500,13.676875000,192.168.0.178,192.168.0.148,25565,53414,2105151,7875,0,0,0x0010
3296,2026-08-15T10:13:38.579340000-0500,13.712381000,192.168.0.178,192.168.0.148,25565,53414,2105151,7875,246,0,0x0018
3297,2026-08-15T10:13:38.594711000-0500,13.727752000,192.168.0.148,192.168.0.178,53414,25565,7875,2105397,28,0,0x0018
3298,2026-08-15T10:13:38.595589000-0500,13.728630000,192.168.0.148,192.168.0.178,53414,25565,7903,2105397,3,0,0x0018
3299,2026-08-15T10:13:38.596286000-0500,13.729327000,192.168.0.178,192.168.0.148,25565,53414,2105397,7906,0,0,0x0010
3300,2026-08-15T10:13:38.633006000-0500,13.766047000,192.168.0.178,192.168.0.148,25565,53414,2105397,7906,376,0,0x0018
3301,2026-08-15T10:13:38.643272000-0500,13.776313000,192.168.0.148,192.168.0.178,53414,25565,7906,2105773,28,0,0x0018
3302,2026-08-15T10:13:38.644257000-0500,13.777298000,192.168.0.148,192.168.0.178,53414,25565,7934,2105773,3,0,0x0018
3303,2026-08-15T10:13:38.644921000-0500,13.777962000,192.168.0.178,192.168.0.148,25565,53414,2105773,7937,0,0,0x0010
3304,2026-08-15T10:13:38.681629000-0500,13.814670000,192.168.0.178,192.168.0.148,25565,53414,2105773,7937,325,0,0x0018
3305,2026-08-15T10:13:38.693137000-0500,13.826178000,192.168.0.148,192.168.0.178,53414,25565,7937,2106098,28,0,0x0018
3306,2026-08-15T10:13:38.694205000-0500,13.827246000,192.168.0.148,192.168.0.178,53414,25565,7965,2106098,3,0,0x0018
3307,2026-08-15T10:13:38.694964000-0500,13.828005000,192.168.0.178,192.168.0.148,25565,53414,2106098,7968,0,0,0x0010
3308,2026-08-15T10:13:38.733979000-0500,13.867020000,192.168.0.178,192.168.0.148,25565,53414,2106098,7968,75,0,0x0018
3309,2026-08-15T10:13:38.743261000-0500,13.876302000,192.168.0.148,192.168.0.178,53414,25565,7968,2106173,28,0,0x0018
3310,2026-08-15T10:13:38.744432000-0500,13.877473000,192.168.0.148,192.168.0.178,53414,25565,7996,2106173,3,0,0x0018
3311,2026-08-15T10:13:38.745133000-0500,13.878174000,192.168.0.178,192.168.0.148,25565,53414,2106173,7999,0,0,0x0010
3312,2026-08-15T10:13:38.781486000-0500,13.914527000,192.168.0.178,192.168.0.148,25565,53414,2106173,7999,146,0,0x0018
3313,2026-08-15T10:13:38.792757000-0500,13.925798000,192.168.0.148,192.168.0.178,53414,25565,7999,2106319,28,0,0x0018
3314,2026-08-15T10:13:38.793253000-0500,13.926294000,192.168.0.148,192.168.0.178,53414,25565,8027,2106319,3,0,0x0018
3315,2026-08-15T10:13:38.793847000-0500,13.926888000,192.168.0.178,192.168.0.148,25565,53414,2106319,8030,0,0,0x0010
3316,2026-08-15T10:13:38.830047000-0500,13.963088000,192.168.0.178,192.168.0.148,25565,53414,2106319,8030,585,0,0x0018
3317,2026-08-15T10:13:38.842908000-0500,13.975949000,192.168.0.148,192.168.0.178,53414,25565,8030,2106904,28,0,0x0018
3318,2026-08-15T10:13:38.843817000-0500,13.976858000,192.168.0.148,192.168.0.178,53414,25565,8058,2106904,3,0,0x0018
3319,2026-08-15T10:13:38.844123000-0500,13.977164000,192.168.0.178,192.168.0.148,25565,53414,2106904,8058,46,0,0x0018
3320,2026-08-15T10:13:38.881381000-0500,14.014422000,192.168.0.178,192.168.0.148,25565,53414,2106950,8061,225,0,0x0018
3321,2026-08-15T10:13:38.881434000-0500,14.014475000,192.168.0.148,192.168.0.178,53414,25565,8061,2107175,0,0,0x0010
3322,2026-08-15T10:13:38.893397000-0500,14.026438000,192.168.0.148,192.168.0.178,53414,25565,8061,2107175,28,0,0x0018
3323,2026-08-15T10:13:38.894580000-0500,14.027621000,192.168.0.148,192.168.0.178,53414,25565,8089,2107175,3,0,0x0018
3324,2026-08-15T10:13:38.895274000-0500,14.028315000,192.168.0.178,192.168.0.148,25565,53414,2107175,8092,0,0,0x0010
3325,2026-08-15T10:13:38.934217000-0500,14.067258000,192.168.0.178,192.168.0.148,25565,53414,2107175,8092,387,0,0x0018
3326,2026-08-15T10:13:38.942724000-0500,14.075765000,192.168.0.148,192.168.0.178,53414,25565,8092,2107562,28,0,0x0018
3327,2026-08-15T10:13:38.943338000-0500,14.076379000,192.168.0.148,192.168.0.178,53414,25565,8120,2107562,3,0,0x0018
3328,2026-08-15T10:13:38.944008000-0500,14.077049000,192.168.0.178,192.168.0.148,25565,53414,2107562,8123,0,0,0x0010
3329,2026-08-15T10:13:38.944008000-0500,14.077049000,192.168.0.178,192.168.0.148,25565,53414,2107562,8123,11,0,0x0018
3330,2026-08-15T10:13:38.944072000-0500,14.077113000,192.168.0.178,192.168.0.148,25565,53414,2107573,8123,11,0,0x0018
3331,2026-08-15T10:13:38.944072000-0500,14.077113000,192.168.0.178,192.168.0.148,25565,53414,2107584,8123,11,0,0x0018
3332,2026-08-15T10:13:38.944079000-0500,14.077120000,192.168.0.148,192.168.0.178,53414,25565,8123,2107595,0,0,0x0010
3333,2026-08-15T10:13:38.944146000-0500,14.077187000,192.168.0.178,192.168.0.148,25565,53414,2107595,8123,11,0,0x0018
3334,2026-08-15T10:13:38.944146000-0500,14.077187000,192.168.0.178,192.168.0.148,25565,53414,2107606,8123,11,0,0x0018
3335,2026-08-15T10:13:38.944150000-0500,14.077191000,192.168.0.148,192.168.0.178,53414,25565,8123,2107617,0,0,0x0010
3336,2026-08-15T10:13:38.944306000-0500,14.077347000,192.168.0.178,192.168.0.148,25565,53414,2107617,8123,11,0,0x0018
3337,2026-08-15T10:13:38.944306000-0500,14.077347000,192.168.0.178,192.168.0.148,25565,53414,2107628,8123,11,0,0x0018
3338,2026-08-15T10:13:38.944306000-0500,14.077347000,192.168.0.178,192.168.0.148,25565,53414,2107639,8123,11,0,0x0018
3339,2026-08-15T10:13:38.944323000-0500,14.077364000,192.168.0.148,192.168.0.178,53414,25565,8123,2107650,0,0,0x0010
3340,2026-08-15T10:13:38.944376000-0500,14.077417000,192.168.0.178,192.168.0.148,25565,53414,2107650,8123,11,0,0x0018
3341,2026-08-15T10:13:38.944376000-0500,14.077417000,192.168.0.178,192.168.0.148,25565,53414,2107661,8123,11,0,0x0018
3342,2026-08-15T10:13:38.944381000-0500,14.077422000,192.168.0.148,192.168.0.178,53414,25565,8123,2107672,0,0,0x0010
3343,2026-08-15T10:13:38.944407000-0500,14.077448000,192.168.0.178,192.168.0.148,25565,53414,2107672,8123,11,0,0x0018
3344,2026-08-15T10:13:38.944558000-0500,14.077599000,192.168.0.178,192.168.0.148,25565,53414,2107683,8123,11,0,0x0018
3345,2026-08-15T10:13:38.944558000-0500,14.077599000,192.168.0.178,192.168.0.148,25565,53414,2107694,8123,11,0,0x0018
3346,2026-08-15T10:13:38.944558000-0500,14.077599000,192.168.0.178,192.168.0.148,25565,53414,2107705,8123,11,0,0x0018
3347,2026-08-15T10:13:38.944574000-0500,14.077615000,192.168.0.148,192.168.0.178,53414,25565,8123,2107716,0,0,0x0010
3348,2026-08-15T10:13:38.944611000-0500,14.077652000,192.168.0.178,192.168.0.148,25565,53414,2107716,8123,11,0,0x0018
3349,2026-08-15T10:13:38.944746000-0500,14.077787000,192.168.0.178,192.168.0.148,25565,53414,2107727,8123,11,0,0x0018
3350,2026-08-15T10:13:38.944746000-0500,14.077787000,192.168.0.178,192.168.0.148,25565,53414,2107738,8123,11,0,0x0018
3351,2026-08-15T10:13:38.944746000-0500,14.077787000,192.168.0.178,192.168.0.148,25565,53414,2107749,8123,11,0,0x0018
3352,2026-08-15T10:13:38.944766000-0500,14.077807000,192.168.0.148,192.168.0.178,53414,25565,8123,2107760,0,0,0x0010
3353,2026-08-15T10:13:38.944808000-0500,14.077849000,192.168.0.178,192.168.0.148,25565,53414,2107760,8123,11,0,0x0018
3354,2026-08-15T10:13:38.944808000-0500,14.077849000,192.168.0.178,192.168.0.148,25565,53414,2107771,8123,13,0,0x0018
3355,2026-08-15T10:13:38.944814000-0500,14.077855000,192.168.0.148,192.168.0.178,53414,25565,8123,2107784,0,0,0x0010
3356,2026-08-15T10:13:38.980914000-0500,14.113955000,192.168.0.178,192.168.0.148,25565,53414,2107784,8123,505,0,0x0018
3357,2026-08-15T10:13:38.992991000-0500,14.126032000,192.168.0.148,192.168.0.178,53414,25565,8123,2108289,28,0,0x0018
3358,2026-08-15T10:13:38.993875000-0500,14.126916000,192.168.0.148,192.168.0.178,53414,25565,8151,2108289,3,0,0x0018
3359,2026-08-15T10:13:38.993952000-0500,14.126993000,192.168.0.178,192.168.0.148,25565,53414,2108289,8151,46,0,0x0018
3360,2026-08-15T10:13:39.029575000-0500,14.162616000,192.168.0.178,192.168.0.148,25565,53414,2108335,8154,278,0,0x0018
3361,2026-08-15T10:13:39.029638000-0500,14.162679000,192.168.0.148,192.168.0.178,53414,25565,8154,2108613,0,0,0x0010
3362,2026-08-15T10:13:39.043332000-0500,14.176373000,192.168.0.148,192.168.0.178,53414,25565,8154,2108613,28,0,0x0018
3363,2026-08-15T10:13:39.044504000-0500,14.177545000,192.168.0.148,192.168.0.178,53414,25565,8182,2108613,3,0,0x0018
3364,2026-08-15T10:13:39.045241000-0500,14.178282000,192.168.0.178,192.168.0.148,25565,53414,2108613,8185,0,0,0x0010
3365,2026-08-15T10:13:39.080698000-0500,14.213739000,192.168.0.178,192.168.0.148,25565,53414,2108613,8185,1460,0,0x0010
3366,2026-08-15T10:13:39.080698000-0500,14.213739000,192.168.0.178,192.168.0.148,25565,53414,2110073,8185,1460,0,0x0010
3367,2026-08-15T10:13:39.080749000-0500,14.213790000,192.168.0.148,192.168.0.178,53414,25565,8185,2111533,0,0,0x0010
3368,2026-08-15T10:13:39.080799000-0500,14.213840000,192.168.0.178,192.168.0.148,25565,53414,2111533,8185,1460,0,0x0010
3369,2026-08-15T10:13:39.081024000-0500,14.214065000,192.168.0.178,192.168.0.148,25565,53414,2112993,8185,1460,0,0x0010
3370,2026-08-15T10:13:39.081024000-0500,14.214065000,192.168.0.178,192.168.0.148,25565,53414,2114453,8185,1460,0,0x0010
3371,2026-08-15T10:13:39.081048000-0500,14.214089000,192.168.0.148,192.168.0.178,53414,25565,8185,2115913,0,0,0x0010
3372,2026-08-15T10:13:39.081272000-0500,14.214313000,192.168.0.178,192.168.0.148,25565,53414,2115913,8185,1460,0,0x0010
3373,2026-08-15T10:13:39.081272000-0500,14.214313000,192.168.0.178,192.168.0.148,25565,53414,2117373,8185,1460,0,0x0010
3374,2026-08-15T10:13:39.081296000-0500,14.214337000,192.168.0.148,192.168.0.178,53414,25565,8185,2118833,0,0,0x0010
3375,2026-08-15T10:13:39.081497000-0500,14.214538000,192.168.0.178,192.168.0.148,25565,53414,2118833,8185,1460,0,0x0010
3376,2026-08-15T10:13:39.081519000-0500,14.214560000,192.168.0.148,192.168.0.178,53414,25565,8185,2120293,0,0,0x0010
3377,2026-08-15T10:13:39.081554000-0500,14.214595000,192.168.0.178,192.168.0.148,25565,53414,2120293,8185,1460,0,0x0018
3378,2026-08-15T10:13:39.081766000-0500,14.214807000,192.168.0.178,192.168.0.148,25565,53414,2121753,8185,1460,0,0x0010
3379,2026-08-15T10:13:39.081766000-0500,14.214807000,192.168.0.178,192.168.0.148,25565,53414,2123213,8185,1460,0,0x0010
3380,2026-08-15T10:13:39.081792000-0500,14.214833000,192.168.0.148,192.168.0.178,53414,25565,8185,2124673,0,0,0x0010
3381,2026-08-15T10:13:39.081987000-0500,14.215028000,192.168.0.178,192.168.0.148,25565,53414,2124673,8185,1460,0,0x0010
3382,2026-08-15T10:13:39.081987000-0500,14.215028000,192.168.0.178,192.168.0.148,25565,53414,2126133,8185,1195,0,0x0018
3383,2026-08-15T10:13:39.082015000-0500,14.215056000,192.168.0.148,192.168.0.178,53414,25565,8185,2127328,0,0,0x0010
3384,2026-08-15T10:13:39.093854000-0500,14.226895000,192.168.0.148,192.168.0.178,53414,25565,8185,2127328,28,0,0x0018
3385,2026-08-15T10:13:39.094669000-0500,14.227710000,192.168.0.148,192.168.0.178,53414,25565,8213,2127328,3,0,0x0018
3386,2026-08-15T10:13:39.095303000-0500,14.228344000,192.168.0.178,192.168.0.148,25565,53414,2127328,8216,0,0,0x0010
3387,2026-08-15T10:13:39.132363000-0500,14.265404000,192.168.0.178,192.168.0.148,25565,53414,2127328,8216,1460,0,0x0010
3388,2026-08-15T10:13:39.132363000-0500,14.265404000,192.168.0.178,192.168.0.148,25565,53414,2128788,8216,1460,0,0x0010
3389,2026-08-15T10:13:39.132420000-0500,14.265461000,192.168.0.148,192.168.0.178,53414,25565,8216,2130248,0,0,0x0010
3390,2026-08-15T10:13:39.132472000-0500,14.265513000,192.168.0.178,192.168.0.148,25565,53414,2130248,8216,1460,0,0x0010
3391,2026-08-15T10:13:39.132698000-0500,14.265739000,192.168.0.178,192.168.0.148,25565,53414,2131708,8216,1460,0,0x0010
3392,2026-08-15T10:13:39.132698000-0500,14.265739000,192.168.0.178,192.168.0.148,25565,53414,2133168,8216,1460,0,0x0010
3393,2026-08-15T10:13:39.132729000-0500,14.265770000,192.168.0.148,192.168.0.178,53414,25565,8216,2134628,0,0,0x0010
3394,2026-08-15T10:13:39.132945000-0500,14.265986000,192.168.0.178,192.168.0.148,25565,53414,2134628,8216,1460,0,0x0010
3395,2026-08-15T10:13:39.132945000-0500,14.265986000,192.168.0.178,192.168.0.148,25565,53414,2136088,8216,1460,0,0x0010
3396,2026-08-15T10:13:39.132977000-0500,14.266018000,192.168.0.148,192.168.0.178,53414,25565,8216,2137548,0,0,0x0010
3397,2026-08-15T10:13:39.133209000-0500,14.266250000,192.168.0.178,192.168.0.148,25565,53414,2137548,8216,1460,0,0x0010
3398,2026-08-15T10:13:39.133209000-0500,14.266250000,192.168.0.178,192.168.0.148,25565,53414,2139008,8216,1460,0,0x0018
3399,2026-08-15T10:13:39.133249000-0500,14.266290000,192.168.0.148,192.168.0.178,53414,25565,8216,2140468,0,0,0x0010
3400,2026-08-15T10:13:39.133309000-0500,14.266350000,192.168.0.178,192.168.0.148,25565,53414,2140468,8216,1460,0,0x0010
3401,2026-08-15T10:13:39.133317000-0500,14.266358000,192.168.0.148,192.168.0.178,53414,25565,8216,2141928,0,0,0x0010
3402,2026-08-15T10:13:39.133549000-0500,14.266590000,192.168.0.178,192.168.0.148,25565,53414,2141928,8216,1460,0,0x0010
3403,2026-08-15T10:13:39.133549000-0500,14.266590000,192.168.0.178,192.168.0.148,25565,53414,2143388,8216,1054,0,0x0018
3404,2026-08-15T10:13:39.133590000-0500,14.266631000,192.168.0.148,192.168.0.178,53414,25565,8216,2144442,0,0,0x0010
3405,2026-08-15T10:13:39.143531000-0500,14.276572000,192.168.0.148,192.168.0.178,53414,25565,8216,2144442,28,0,0x0018
3406,2026-08-15T10:13:39.144549000-0500,14.277590000,192.168.0.148,192.168.0.178,53414,25565,8244,2144442,3,0,0x0018
3407,2026-08-15T10:13:39.149503000-0500,14.282544000,192.168.0.178,192.168.0.148,25565,53414,2144442,8247,0,0,0x0010
3408,2026-08-15T10:13:39.150584000-0500,14.283625000,192.168.0.178,192.168.0.148,25565,53414,2144442,8247,11,0,0x0018
3409,2026-08-15T10:13:39.150584000-0500,14.283625000,192.168.0.178,192.168.0.148,25565,53414,2144453,8247,22,0,0x0018
3410,2026-08-15T10:13:39.150584000-0500,14.283625000,192.168.0.178,192.168.0.148,25565,53414,2144475,8247,33,0,0x0018
3411,2026-08-15T10:13:39.150584000-0500,14.283625000,192.168.0.178,192.168.0.148,25565,53414,2144508,8247,44,0,0x0018
3412,2026-08-15T10:13:39.150584000-0500,14.283625000,192.168.0.178,192.168.0.148,25565,53414,2144552,8247,55,0,0x0018
3413,2026-08-15T10:13:39.150584000-0500,14.283625000,192.168.0.178,192.168.0.148,25565,53414,2144607,8247,13,0,0x0018
3414,2026-08-15T10:13:39.150616000-0500,14.283657000,192.168.0.148,192.168.0.178,53414,25565,8247,2144620,0,0,0x0010
3415,2026-08-15T10:13:39.179118000-0500,14.312159000,192.168.0.178,192.168.0.148,25565,53414,2144620,8247,349,0,0x0018
3416,2026-08-15T10:13:39.193275000-0500,14.326316000,192.168.0.148,192.168.0.178,53414,25565,8247,2144969,28,0,0x0018
3417,2026-08-15T10:13:39.194153000-0500,14.327194000,192.168.0.148,192.168.0.178,53414,25565,8275,2144969,3,0,0x0018
3418,2026-08-15T10:13:39.194774000-0500,14.327815000,192.168.0.178,192.168.0.148,25565,53414,2144969,8278,0,0,0x0010
3419,2026-08-15T10:13:39.233394000-0500,14.366435000,192.168.0.178,192.168.0.148,25565,53414,2144969,8278,176,0,0x0018
3420,2026-08-15T10:13:39.243174000-0500,14.376215000,192.168.0.148,192.168.0.178,53414,25565,8278,2145145,28,0,0x0018
3421,2026-08-15T10:13:39.244101000-0500,14.377142000,192.168.0.148,192.168.0.178,53414,25565,8306,2145145,3,0,0x0018
3422,2026-08-15T10:13:39.244847000-0500,14.377888000,192.168.0.178,192.168.0.148,25565,53414,2145145,8309,0,0,0x0010
3423,2026-08-15T10:13:39.279877000-0500,14.412918000,192.168.0.178,192.168.0.148,25565,53414,2145145,8309,1460,0,0x0010
3424,2026-08-15T10:13:39.279877000-0500,14.412918000,192.168.0.178,192.168.0.148,25565,53414,2146605,8309,1460,0,0x0010
3425,2026-08-15T10:13:39.279954000-0500,14.412995000,192.168.0.148,192.168.0.178,53414,25565,8309,2148065,0,0,0x0010
3426,2026-08-15T10:13:39.280001000-0500,14.413042000,192.168.0.178,192.168.0.148,25565,53414,2148065,8309,1460,0,0x0010
3427,2026-08-15T10:13:39.280121000-0500,14.413162000,192.168.0.178,192.168.0.148,25565,53414,2149525,8309,1460,0,0x0010
3428,2026-08-15T10:13:39.280129000-0500,14.413170000,192.168.0.148,192.168.0.178,53414,25565,8309,2150985,0,0,0x0010
3429,2026-08-15T10:13:39.280267000-0500,14.413308000,192.168.0.178,192.168.0.148,25565,53414,2150985,8309,1460,0,0x0010
3430,2026-08-15T10:13:39.280347000-0500,14.413388000,192.168.0.178,192.168.0.148,25565,53414,2152445,8309,1460,0,0x0010
3431,2026-08-15T10:13:39.280366000-0500,14.413407000,192.168.0.148,192.168.0.178,53414,25565,8309,2153905,0,0,0x0010
3432,2026-08-15T10:13:39.280602000-0500,14.413643000,192.168.0.178,192.168.0.148,25565,53414,2153905,8309,1460,0,0x0010
3433,2026-08-15T10:13:39.280602000-0500,14.413643000,192.168.0.178,192.168.0.148,25565,53414,2155365,8309,1460,0,0x0010
3434,2026-08-15T10:13:39.280651000-0500,14.413692000,192.168.0.148,192.168.0.178,53414,25565,8309,2156825,0,0,0x0010
3435,2026-08-15T10:13:39.280716000-0500,14.413757000,192.168.0.178,192.168.0.148,25565,53414,2156825,8309,1460,0,0x0018
3436,2026-08-15T10:13:39.280810000-0500,14.413851000,192.168.0.178,192.168.0.148,25565,53414,2158285,8309,439,0,0x0018
3437,2026-08-15T10:13:39.280820000-0500,14.413861000,192.168.0.148,192.168.0.178,53414,25565,8309,2158724,0,0,0x0010
3438,2026-08-15T10:13:39.292217000-0500,14.425258000,192.168.0.148,192.168.0.178,53414,25565,8309,2158724,28,0,0x0018
3439,2026-08-15T10:13:39.292737000-0500,14.425778000,192.168.0.148,192.168.0.178,53414,25565,8337,2158724,3,0,0x0018
3440,2026-08-15T10:13:39.293339000-0500,14.426380000,192.168.0.178,192.168.0.148,25565,53414,2158724,8340,0,0,0x0010
3441,2026-08-15T10:13:39.330577000-0500,14.463618000,192.168.0.178,192.168.0.148,25565,53414,2158724,8340,1460,0,0x0010
3442,2026-08-15T10:13:39.330577000-0500,14.463618000,192.168.0.178,192.168.0.148,25565,53414,2160184,8340,1460,0,0x0010
3443,2026-08-15T10:13:39.330625000-0500,14.463666000,192.168.0.148,192.168.0.178,53414,25565,8340,2161644,0,0,0x0010
3444,2026-08-15T10:13:39.330680000-0500,14.463721000,192.168.0.178,192.168.0.148,25565,53414,2161644,8340,1460,0,0x0010
3445,2026-08-15T10:13:39.330907000-0500,14.463948000,192.168.0.178,192.168.0.148,25565,53414,2163104,8340,1460,0,0x0010
3446,2026-08-15T10:13:39.330907000-0500,14.463948000,192.168.0.178,192.168.0.148,25565,53414,2164564,8340,1460,0,0x0010
3447,2026-08-15T10:13:39.330930000-0500,14.463971000,192.168.0.148,192.168.0.178,53414,25565,8340,2166024,0,0,0x0010
3448,2026-08-15T10:13:39.331152000-0500,14.464193000,192.168.0.178,192.168.0.148,25565,53414,2166024,8340,1460,0,0x0010
3449,2026-08-15T10:13:39.331152000-0500,14.464193000,192.168.0.178,192.168.0.148,25565,53414,2167484,8340,1460,0,0x0010
3450,2026-08-15T10:13:39.331177000-0500,14.464218000,192.168.0.148,192.168.0.178,53414,25565,8340,2168944,0,0,0x0010
3451,2026-08-15T10:13:39.331394000-0500,14.464435000,192.168.0.178,192.168.0.148,25565,53414,2168944,8340,1460,0,0x0010
3452,2026-08-15T10:13:39.331394000-0500,14.464435000,192.168.0.178,192.168.0.148,25565,53414,2170404,8340,1460,0,0x0018
3453,2026-08-15T10:13:39.331414000-0500,14.464455000,192.168.0.148,192.168.0.178,53414,25565,8340,2171864,0,0,0x0010
3454,2026-08-15T10:13:39.331626000-0500,14.464667000,192.168.0.178,192.168.0.148,25565,53414,2171864,8340,1460,0,0x0010
3455,2026-08-15T10:13:39.331650000-0500,14.464691000,192.168.0.148,192.168.0.178,53414,25565,8340,2173324,0,0,0x0010
3456,2026-08-15T10:13:39.331699000-0500,14.464740000,192.168.0.178,192.168.0.148,25565,53414,2173324,8340,1460,0,0x0010
3457,2026-08-15T10:13:39.331834000-0500,14.464875000,192.168.0.178,192.168.0.148,25565,53414,2174784,8340,1460,0,0x0010
3458,2026-08-15T10:13:39.331854000-0500,14.464895000,192.168.0.148,192.168.0.178,53414,25565,8340,2176244,0,0,0x0010
3459,2026-08-15T10:13:39.331912000-0500,14.464953000,192.168.0.178,192.168.0.148,25565,53414,2176244,8340,1460,0,0x0010
3460,2026-08-15T10:13:39.332051000-0500,14.465092000,192.168.0.178,192.168.0.148,25565,53414,2177704,8340,1460,0,0x0010
3461,2026-08-15T10:13:39.332072000-0500,14.465113000,192.168.0.148,192.168.0.178,53414,25565,8340,2179164,0,0,0x0010
3462,2026-08-15T10:13:39.332134000-0500,14.465175000,192.168.0.178,192.168.0.148,25565,53414,2179164,8340,1460,0,0x0010
3463,2026-08-15T10:13:39.332380000-0500,14.465421000,192.168.0.178,192.168.0.148,25565,53414,2180624,8340,1460,0,0x0010
3464,2026-08-15T10:13:39.332380000-0500,14.465421000,192.168.0.178,192.168.0.148,25565,53414,2182084,8340,1460,0,0x0010
3465,2026-08-15T10:13:39.332405000-0500,14.465446000,192.168.0.148,192.168.0.178,53414,25565,8340,2183544,0,0,0x0010
3466,2026-08-15T10:13:39.332442000-0500,14.465483000,192.168.0.178,192.168.0.148,25565,53414,2183544,8340,427,0,0x0018
3467,2026-08-15T10:13:39.332452000-0500,14.465493000,192.168.0.148,192.168.0.178,53414,25565,8340,2183971,0,0,0x0010
3468,2026-08-15T10:13:39.343074000-0500,14.476115000,192.168.0.148,192.168.0.178,53414,25565,8340,2183971,28,0,0x0018
3469,2026-08-15T10:13:39.343736000-0500,14.476777000,192.168.0.148,192.168.0.178,53414,25565,8368,2183971,3,0,0x0018
3470,2026-08-15T10:13:39.344330000-0500,14.477371000,192.168.0.178,192.168.0.148,25565,53414,2183971,8371,0,0,0x0010
3471,2026-08-15T10:13:39.383206000-0500,14.516247000,192.168.0.178,192.168.0.148,25565,53414,2183971,8371,1460,0,0x0010
3472,2026-08-15T10:13:39.383206000-0500,14.516247000,192.168.0.178,192.168.0.148,25565,53414,2185431,8371,1460,0,0x0010
3473,2026-08-15T10:13:39.383266000-0500,14.516307000,192.168.0.148,192.168.0.178,53414,25565,8371,2186891,0,0,0x0010
3474,2026-08-15T10:13:39.383313000-0500,14.516354000,192.168.0.178,192.168.0.148,25565,53414,2186891,8371,1460,0,0x0010
3475,2026-08-15T10:13:39.383547000-0500,14.516588000,192.168.0.178,192.168.0.148,25565,53414,2188351,8371,1460,0,0x0010
3476,2026-08-15T10:13:39.383547000-0500,14.516588000,192.168.0.178,192.168.0.148,25565,53414,2189811,8371,1460,0,0x0010
3477,2026-08-15T10:13:39.383583000-0500,14.516624000,192.168.0.148,192.168.0.178,53414,25565,8371,2191271,0,0,0x0010
3478,2026-08-15T10:13:39.383657000-0500,14.516698000,192.168.0.178,192.168.0.148,25565,53414,2191271,8371,1460,0,0x0010
3479,2026-08-15T10:13:39.383665000-0500,14.516706000,192.168.0.148,192.168.0.178,53414,25565,8371,2192731,0,0,0x0010
3480,2026-08-15T10:13:39.383909000-0500,14.516950000,192.168.0.178,192.168.0.148,25565,53414,2192731,8371,1460,0,0x0010
3481,2026-08-15T10:13:39.383909000-0500,14.516950000,192.168.0.178,192.168.0.148,25565,53414,2194191,8371,1460,0,0x0010
3482,2026-08-15T10:13:39.383944000-0500,14.516985000,192.168.0.148,192.168.0.178,53414,25565,8371,2195651,0,0,0x0010
3483,2026-08-15T10:13:39.384180000-0500,14.517221000,192.168.0.178,192.168.0.148,25565,53414,2195651,8371,1460,0,0x0018
3484,2026-08-15T10:13:39.384180000-0500,14.517221000,192.168.0.178,192.168.0.148,25565,53414,2197111,8371,1460,0,0x0010
3485,2026-08-15T10:13:39.384222000-0500,14.517263000,192.168.0.148,192.168.0.178,53414,25565,8371,2198571,0,0,0x0010
3486,2026-08-15T10:13:39.384282000-0500,14.517323000,192.168.0.178,192.168.0.148,25565,53414,2198571,8371,1460,0,0x0010
3487,2026-08-15T10:13:39.384531000-0500,14.517572000,192.168.0.178,192.168.0.148,25565,53414,2200031,8371,1460,0,0x0010
3488,2026-08-15T10:13:39.384531000-0500,14.517572000,192.168.0.178,192.168.0.148,25565,53414,2201491,8371,1460,0,0x0010
3489,2026-08-15T10:13:39.384566000-0500,14.517607000,192.168.0.148,192.168.0.178,53414,25565,8371,2202951,0,0,0x0010
3490,2026-08-15T10:13:39.384675000-0500,14.517716000,192.168.0.178,192.168.0.148,25565,53414,2202951,8371,1460,0,0x0010
3491,2026-08-15T10:13:39.384687000-0500,14.517728000,192.168.0.148,192.168.0.178,53414,25565,8371,2204411,0,0,0x0010
3492,2026-08-15T10:13:39.384904000-0500,14.517945000,192.168.0.178,192.168.0.148,25565,53414,2204411,8371,1460,0,0x0010
3493,2026-08-15T10:13:39.384904000-0500,14.517945000,192.168.0.178,192.168.0.148,25565,53414,2205871,8371,1460,0,0x0010
3494,2026-08-15T10:13:39.384941000-0500,14.517982000,192.168.0.148,192.168.0.178,53414,25565,8371,2207331,0,0,0x0010
3495,2026-08-15T10:13:39.384988000-0500,14.518029000,192.168.0.178,192.168.0.148,25565,53414,2207331,8371,734,0,0x0018
3496,2026-08-15T10:13:39.392555000-0500,14.525596000,192.168.0.148,192.168.0.178,53414,25565,8371,2208065,28,0,0x0018
3497,2026-08-15T10:13:39.393078000-0500,14.526119000,192.168.0.148,192.168.0.178,53414,25565,8399,2208065,3,0,0x0018
3498,2026-08-15T10:13:39.393617000-0500,14.526658000,192.168.0.178,192.168.0.148,25565,53414,2208065,8402,0,0,0x0010
3499,2026-08-15T10:13:39.431489000-0500,14.564530000,192.168.0.178,192.168.0.148,25565,53414,2208065,8402,1460,0,0x0010
3500,2026-08-15T10:13:39.431489000-0500,14.564530000,192.168.0.178,192.168.0.148,25565,53414,2209525,8402,1460,0,0x0010
3501,2026-08-15T10:13:39.431534000-0500,14.564575000,192.168.0.148,192.168.0.178,53414,25565,8402,2210985,0,0,0x0010
3502,2026-08-15T10:13:39.431590000-0500,14.564631000,192.168.0.178,192.168.0.148,25565,53414,2210985,8402,1460,0,0x0010
3503,2026-08-15T10:13:39.431822000-0500,14.564863000,192.168.0.178,192.168.0.148,25565,53414,2212445,8402,1460,0,0x0010
3504,2026-08-15T10:13:39.431822000-0500,14.564863000,192.168.0.178,192.168.0.148,25565,53414,2213905,8402,1460,0,0x0010
3505,2026-08-15T10:13:39.431844000-0500,14.564885000,192.168.0.148,192.168.0.178,53414,25565,8402,2215365,0,0,0x0010
3506,2026-08-15T10:13:39.432053000-0500,14.565094000,192.168.0.178,192.168.0.148,25565,53414,2215365,8402,1460,0,0x0010
3507,2026-08-15T10:13:39.432075000-0500,14.565116000,192.168.0.148,192.168.0.178,53414,25565,8402,2216825,0,0,0x0010
3508,2026-08-15T10:13:39.432124000-0500,14.565165000,192.168.0.178,192.168.0.148,25565,53414,2216825,8402,1460,0,0x0010
3509,2026-08-15T10:13:39.432283000-0500,14.565324000,192.168.0.178,192.168.0.148,25565,53414,2218285,8402,1460,0,0x0010
3510,2026-08-15T10:13:39.432300000-0500,14.565341000,192.168.0.148,192.168.0.178,53414,25565,8402,2219745,0,0,0x0010
3511,2026-08-15T10:13:39.432332000-0500,14.565373000,192.168.0.178,192.168.0.148,25565,53414,2219745,8402,1460,0,0x0018
3512,2026-08-15T10:13:39.432484000-0500,14.565525000,192.168.0.178,192.168.0.148,25565,53414,2221205,8402,1460,0,0x0010
3513,2026-08-15T10:13:39.432502000-0500,14.565543000,192.168.0.148,192.168.0.178,53414,25565,8402,2222665,0,0,0x0010
3514,2026-08-15T10:13:39.432552000-0500,14.565593000,192.168.0.178,192.168.0.148,25565,53414,2222665,8402,890,0,0x0018
3515,2026-08-15T10:13:39.432714000-0500,14.565755000,192.168.0.148,192.168.0.178,53414,25565,8402,2223555,11,0,0x0018
3516,2026-08-15T10:13:39.442459000-0500,14.575500000,192.168.0.148,192.168.0.178,53414,25565,8413,2223555,28,0,0x0018
3517,2026-08-15T10:13:39.443084000-0500,14.576125000,192.168.0.148,192.168.0.178,53414,25565,8441,2223555,3,0,0x0018
3518,2026-08-15T10:13:39.443131000-0500,14.576172000,192.168.0.178,192.168.0.148,25565,53414,2223555,8441,0,0,0x0010
3519,2026-08-15T10:13:39.480481000-0500,14.613522000,192.168.0.178,192.168.0.148,25565,53414,2223555,8444,1460,0,0x0010
3520,2026-08-15T10:13:39.480481000-0500,14.613522000,192.168.0.178,192.168.0.148,25565,53414,2225015,8444,1460,0,0x0010
3521,2026-08-15T10:13:39.480534000-0500,14.613575000,192.168.0.148,192.168.0.178,53414,25565,8444,2226475,0,0,0x0010
3522,2026-08-15T10:13:39.480585000-0500,14.613626000,192.168.0.178,192.168.0.148,25565,53414,2226475,8444,1460,0,0x0010
3523,2026-08-15T10:13:39.480810000-0500,14.613851000,192.168.0.178,192.168.0.148,25565,53414,2227935,8444,1460,0,0x0010
3524,2026-08-15T10:13:39.480810000-0500,14.613851000,192.168.0.178,192.168.0.148,25565,53414,2229395,8444,1460,0,0x0010
3525,2026-08-15T10:13:39.480834000-0500,14.613875000,192.168.0.148,192.168.0.178,53414,25565,8444,2230855,0,0,0x0010
3526,2026-08-15T10:13:39.481054000-0500,14.614095000,192.168.0.178,192.168.0.148,25565,53414,2230855,8444,1460,0,0x0010
3527,2026-08-15T10:13:39.481054000-0500,14.614095000,192.168.0.178,192.168.0.148,25565,53414,2232315,8444,1460,0,0x0010
3528,2026-08-15T10:13:39.481080000-0500,14.614121000,192.168.0.148,192.168.0.178,53414,25565,8444,2233775,0,0,0x0010
3529,2026-08-15T10:13:39.481297000-0500,14.614338000,192.168.0.178,192.168.0.148,25565,53414,2233775,8444,1460,0,0x0010
3530,2026-08-15T10:13:39.481297000-0500,14.614338000,192.168.0.178,192.168.0.148,25565,53414,2235235,8444,1460,0,0x0018
3531,2026-08-15T10:13:39.481319000-0500,14.614360000,192.168.0.148,192.168.0.178,53414,25565,8444,2236695,0,0,0x0010
3532,2026-08-15T10:13:39.481531000-0500,14.614572000,192.168.0.178,192.168.0.148,25565,53414,2236695,8444,1460,0,0x0010
3533,2026-08-15T10:13:39.481552000-0500,14.614593000,192.168.0.148,192.168.0.178,53414,25565,8444,2238155,0,0,0x0010
3534,2026-08-15T10:13:39.481579000-0500,14.614620000,192.168.0.178,192.168.0.148,25565,53414,2238155,8444,1460,0,0x0010
3535,2026-08-15T10:13:39.481798000-0500,14.614839000,192.168.0.178,192.168.0.148,25565,53414,2239615,8444,1460,0,0x0010
3536,2026-08-15T10:13:39.481798000-0500,14.614839000,192.168.0.178,192.168.0.148,25565,53414,2241075,8444,1460,0,0x0010
3537,2026-08-15T10:13:39.481820000-0500,14.614861000,192.168.0.148,192.168.0.178,53414,25565,8444,2242535,0,0,0x0010
3538,2026-08-15T10:13:39.481864000-0500,14.614905000,192.168.0.178,192.168.0.148,25565,53414,2242535,8444,546,0,0x0018
3539,2026-08-15T10:13:39.481873000-0500,14.614914000,192.168.0.148,192.168.0.178,53414,25565,8444,2243081,0,0,0x0010
3540,2026-08-15T10:13:39.493073000-0500,14.626114000,192.168.0.148,192.168.0.178,53414,25565,8444,2243081,28,0,0x0018
3541,2026-08-15T10:13:39.493876000-0500,14.626917000,192.168.0.148,192.168.0.178,53414,25565,8472,2243081,3,0,0x0018
3542,2026-08-15T10:13:39.494482000-0500,14.627523000,192.168.0.178,192.168.0.148,25565,53414,2243081,8475,0,0,0x0010
3543,2026-08-15T10:13:39.531071000-0500,14.664112000,192.168.0.178,192.168.0.148,25565,53414,2243081,8475,1460,0,0x0010
3544,2026-08-15T10:13:39.531071000-0500,14.664112000,192.168.0.178,192.168.0.148,25565,53414,2244541,8475,1460,0,0x0010
3545,2026-08-15T10:13:39.531135000-0500,14.664176000,192.168.0.148,192.168.0.178,53414,25565,8475,2246001,0,0,0x0010
3546,2026-08-15T10:13:39.531180000-0500,14.664221000,192.168.0.178,192.168.0.148,25565,53414,2246001,8475,1460,0,0x0010
3547,2026-08-15T10:13:39.531404000-0500,14.664445000,192.168.0.178,192.168.0.148,25565,53414,2247461,8475,1460,0,0x0010
3548,2026-08-15T10:13:39.531404000-0500,14.664445000,192.168.0.178,192.168.0.148,25565,53414,2248921,8475,1460,0,0x0010
3549,2026-08-15T10:13:39.531436000-0500,14.664477000,192.168.0.148,192.168.0.178,53414,25565,8475,2250381,0,0,0x0010
3550,2026-08-15T10:13:39.531644000-0500,14.664685000,192.168.0.178,192.168.0.148,25565,53414,2250381,8475,1460,0,0x0010
3551,2026-08-15T10:13:39.531644000-0500,14.664685000,192.168.0.178,192.168.0.148,25565,53414,2251841,8475,1460,0,0x0010
3552,2026-08-15T10:13:39.531676000-0500,14.664717000,192.168.0.148,192.168.0.178,53414,25565,8475,2253301,0,0,0x0010
3553,2026-08-15T10:13:39.531888000-0500,14.664929000,192.168.0.178,192.168.0.148,25565,53414,2253301,8475,1460,0,0x0010
3554,2026-08-15T10:13:39.531888000-0500,14.664929000,192.168.0.178,192.168.0.148,25565,53414,2254761,8475,1460,0,0x0018
3555,2026-08-15T10:13:39.531921000-0500,14.664962000,192.168.0.148,192.168.0.178,53414,25565,8475,2256221,0,0,0x0010
3556,2026-08-15T10:13:39.532134000-0500,14.665175000,192.168.0.178,192.168.0.148,25565,53414,2256221,8475,1460,0,0x0010
3557,2026-08-15T10:13:39.532134000-0500,14.665175000,192.168.0.178,192.168.0.148,25565,53414,2257681,8475,1460,0,0x0010
3558,2026-08-15T10:13:39.532168000-0500,14.665209000,192.168.0.148,192.168.0.178,53414,25565,8475,2259141,0,0,0x0010
3559,2026-08-15T10:13:39.532200000-0500,14.665241000,192.168.0.178,192.168.0.148,25565,53414,2259141,8475,232,0,0x0018
3560,2026-08-15T10:13:39.532207000-0500,14.665248000,192.168.0.148,192.168.0.178,53414,25565,8475,2259373,0,0,0x0010
3561,2026-08-15T10:13:39.542461000-0500,14.675502000,192.168.0.148,192.168.0.178,53414,25565,8475,2259373,28,0,0x0018
3562,2026-08-15T10:13:39.543055000-0500,14.676096000,192.168.0.148,192.168.0.178,53414,25565,8503,2259373,3,0,0x0018
3563,2026-08-15T10:13:39.543561000-0500,14.676602000,192.168.0.178,192.168.0.148,25565,53414,2259373,8506,0,0,0x0010
3564,2026-08-15T10:13:39.581207000-0500,14.714248000,192.168.0.178,192.168.0.148,25565,53414,2259373,8506,1460,0,0x0010
3565,2026-08-15T10:13:39.581207000-0500,14.714248000,192.168.0.178,192.168.0.148,25565,53414,2260833,8506,1460,0,0x0010
3566,2026-08-15T10:13:39.581261000-0500,14.714302000,192.168.0.148,192.168.0.178,53414,25565,8506,2262293,0,0,0x0010
3567,2026-08-15T10:13:39.581311000-0500,14.714352000,192.168.0.178,192.168.0.148,25565,53414,2262293,8506,1460,0,0x0010
3568,2026-08-15T10:13:39.581447000-0500,14.714488000,192.168.0.178,192.168.0.148,25565,53414,2263753,8506,1460,0,0x0010
3569,2026-08-15T10:13:39.581465000-0500,14.714506000,192.168.0.148,192.168.0.178,53414,25565,8506,2265213,0,0,0x0010
3570,2026-08-15T10:13:39.581535000-0500,14.714576000,192.168.0.178,192.168.0.148,25565,53414,2265213,8506,1460,0,0x0010
3571,2026-08-15T10:13:39.581699000-0500,14.714740000,192.168.0.178,192.168.0.148,25565,53414,2266673,8506,1460,0,0x0010
3572,2026-08-15T10:13:39.581717000-0500,14.714758000,192.168.0.148,192.168.0.178,53414,25565,8506,2268133,0,0,0x0010
3573,2026-08-15T10:13:39.581797000-0500,14.714838000,192.168.0.178,192.168.0.148,25565,53414,2268133,8506,1460,0,0x0010
3574,2026-08-15T10:13:39.582027000-0500,14.715068000,192.168.0.178,192.168.0.148,25565,53414,2269593,8506,1460,0,0x0010
3575,2026-08-15T10:13:39.582027000-0500,14.715068000,192.168.0.178,192.168.0.148,25565,53414,2271053,8506,1460,0,0x0018
3576,2026-08-15T10:13:39.582045000-0500,14.715086000,192.168.0.148,192.168.0.178,53414,25565,8506,2272513,0,0,0x0010
3577,2026-08-15T10:13:39.582265000-0500,14.715306000,192.168.0.178,192.168.0.148,25565,53414,2272513,8506,1460,0,0x0010
3578,2026-08-15T10:13:39.582284000-0500,14.715325000,192.168.0.148,192.168.0.178,53414,25565,8506,2273973,0,0,0x0010
3579,2026-08-15T10:13:39.582314000-0500,14.715355000,192.168.0.178,192.168.0.148,25565,53414,2273973,8506,1460,0,0x0010
3580,2026-08-15T10:13:39.582469000-0500,14.715510000,192.168.0.178,192.168.0.148,25565,53414,2275433,8506,1460,0,0x0010
3581,2026-08-15T10:13:39.582469000-0500,14.715510000,192.168.0.178,192.168.0.148,25565,53414,2276893,8506,586,0,0x0018
3582,2026-08-15T10:13:39.582494000-0500,14.715535000,192.168.0.148,192.168.0.178,53414,25565,8506,2277479,0,0,0x0010
3583,2026-08-15T10:13:39.592384000-0500,14.725425000,192.168.0.148,192.168.0.178,53414,25565,8506,2277479,28,0,0x0018
3584,2026-08-15T10:13:39.592967000-0500,14.726008000,192.168.0.148,192.168.0.178,53414,25565,8534,2277479,3,0,0x0018
3585,2026-08-15T10:13:39.593514000-0500,14.726555000,192.168.0.178,192.168.0.148,25565,53414,2277479,8537,0,0,0x0010
3586,2026-08-15T10:13:39.636144000-0500,14.769185000,192.168.0.178,192.168.0.148,25565,53414,2277479,8537,82,0,0x0018
3587,2026-08-15T10:13:39.642052000-0500,14.775093000,192.168.0.148,192.168.0.178,53414,25565,8537,2277561,28,0,0x0018
3588,2026-08-15T10:13:39.642638000-0500,14.775679000,192.168.0.148,192.168.0.178,53414,25565,8565,2277561,3,0,0x0018
3589,2026-08-15T10:13:39.643290000-0500,14.776331000,192.168.0.178,192.168.0.148,25565,53414,2277561,8568,0,0,0x0010
3590,2026-08-15T10:13:39.681184000-0500,14.814225000,192.168.0.178,192.168.0.148,25565,53414,2277561,8568,377,0,0x0018
3591,2026-08-15T10:13:39.693420000-0500,14.826461000,192.168.0.148,192.168.0.178,53414,25565,8568,2277938,28,0,0x0018
3592,2026-08-15T10:13:39.694669000-0500,14.827710000,192.168.0.148,192.168.0.178,53414,25565,8596,2277938,3,0,0x0018
3593,2026-08-15T10:13:39.695410000-0500,14.828451000,192.168.0.178,192.168.0.148,25565,53414,2277938,8599,0,0,0x0010
3594,2026-08-15T10:13:39.729747000-0500,14.862788000,192.168.0.178,192.168.0.148,25565,53414,2277938,8599,485,0,0x0018
3595,2026-08-15T10:13:39.743812000-0500,14.876853000,192.168.0.148,192.168.0.178,53414,25565,8599,2278423,28,0,0x0018
3596,2026-08-15T10:13:39.745067000-0500,14.878108000,192.168.0.148,192.168.0.178,53414,25565,8627,2278423,3,0,0x0018
3597,2026-08-15T10:13:39.745830000-0500,14.878871000,192.168.0.178,192.168.0.148,25565,53414,2278423,8630,0,0,0x0010
3598,2026-08-15T10:13:39.783046000-0500,14.916087000,192.168.0.178,192.168.0.148,25565,53414,2278423,8630,288,0,0x0018
3599,2026-08-15T10:13:39.793296000-0500,14.926337000,192.168.0.148,192.168.0.178,53414,25565,8630,2278711,28,0,0x0018
3600,2026-08-15T10:13:39.794548000-0500,14.927589000,192.168.0.148,192.168.0.178,53414,25565,8658,2278711,3,0,0x0018
3601,2026-08-15T10:13:39.797307000-0500,14.930348000,192.168.0.178,192.168.0.148,25565,53414,2278711,8661,0,0,0x0010
3602,2026-08-15T10:13:39.828888000-0500,14.961929000,192.168.0.178,192.168.0.148,25565,53414,2278711,8661,375,0,0x0018
3603,2026-08-15T10:13:39.843954000-0500,14.976995000,192.168.0.148,192.168.0.178,53414,25565,8661,2279086,28,0,0x0018
3604,2026-08-15T10:13:39.844901000-0500,14.977942000,192.168.0.148,192.168.0.178,53414,25565,8689,2279086,3,0,0x0018
3605,2026-08-15T10:13:39.845661000-0500,14.978702000,192.168.0.178,192.168.0.148,25565,53414,2279086,8692,0,0,0x0010
3606,2026-08-15T10:13:39.878598000-0500,15.011639000,192.168.0.178,192.168.0.148,25565,53414,2279086,8692,231,0,0x0018
3607,2026-08-15T10:13:39.892824000-0500,15.025865000,192.168.0.148,192.168.0.178,53414,25565,8692,2279317,28,0,0x0018
3608,2026-08-15T10:13:39.893730000-0500,15.026771000,192.168.0.148,192.168.0.178,53414,25565,8720,2279317,3,0,0x0018
3609,2026-08-15T10:13:39.893792000-0500,15.026833000,192.168.0.178,192.168.0.148,25565,53414,2279317,8720,46,0,0x0018
3610,2026-08-15T10:13:39.932313000-0500,15.065354000,192.168.0.178,192.168.0.148,25565,53414,2279363,8723,181,0,0x0018
3611,2026-08-15T10:13:39.932385000-0500,15.065426000,192.168.0.148,192.168.0.178,53414,25565,8723,2279544,0,0,0x0010
3612,2026-08-15T10:13:39.943614000-0500,15.076655000,192.168.0.148,192.168.0.178,53414,25565,8723,2279544,28,0,0x0018
3613,2026-08-15T10:13:39.944661000-0500,15.077702000,192.168.0.148,192.168.0.178,53414,25565,8751,2279544,3,0,0x0018
3614,2026-08-15T10:13:39.945298000-0500,15.078339000,192.168.0.178,192.168.0.148,25565,53414,2279544,8754,0,0,0x0010
3615,2026-08-15T10:13:39.989227000-0500,15.122268000,192.168.0.178,192.168.0.148,25565,53414,2279544,8754,723,0,0x0018
3616,2026-08-15T10:13:39.993250000-0500,15.126291000,192.168.0.148,192.168.0.178,53414,25565,8754,2280267,28,0,0x0018
3617,2026-08-15T10:13:39.994266000-0500,15.127307000,192.168.0.148,192.168.0.178,53414,25565,8782,2280267,3,0,0x0018
3618,2026-08-15T10:13:39.994806000-0500,15.127847000,192.168.0.178,192.168.0.148,25565,53414,2280267,8785,0,0,0x0010
3619,2026-08-15T10:13:40.030340000-0500,15.163381000,192.168.0.178,192.168.0.148,25565,53414,2280267,8785,810,0,0x0018
3620,2026-08-15T10:13:40.043473000-0500,15.176514000,192.168.0.148,192.168.0.178,53414,25565,8785,2281077,28,0,0x0018
3621,2026-08-15T10:13:40.044628000-0500,15.177669000,192.168.0.148,192.168.0.178,53414,25565,8813,2281077,3,0,0x0018
3622,2026-08-15T10:13:40.045067000-0500,15.178108000,192.168.0.178,192.168.0.148,25565,53414,2281077,8816,0,0,0x0010
3623,2026-08-15T10:13:40.086292000-0500,15.219333000,192.168.0.178,192.168.0.148,25565,53414,2281077,8816,50,0,0x0018
3624,2026-08-15T10:13:40.093815000-0500,15.226856000,192.168.0.148,192.168.0.178,53414,25565,8816,2281127,28,0,0x0018
3625,2026-08-15T10:13:40.094797000-0500,15.227838000,192.168.0.148,192.168.0.178,53414,25565,8844,2281127,3,0,0x0018
3626,2026-08-15T10:13:40.095302000-0500,15.228343000,192.168.0.178,192.168.0.148,25565,53414,2281127,8847,0,0,0x0010
3627,2026-08-15T10:13:40.129876000-0500,15.262917000,192.168.0.178,192.168.0.148,25565,53414,2281127,8847,333,0,0x0018
3628,2026-08-15T10:13:40.143603000-0500,15.276644000,192.168.0.148,192.168.0.178,53414,25565,8847,2281460,28,0,0x0018
3629,2026-08-15T10:13:40.143947000-0500,15.276988000,192.168.0.148,192.168.0.178,53414,25565,8875,2281460,3,0,0x0018
3630,2026-08-15T10:13:40.144484000-0500,15.277525000,192.168.0.178,192.168.0.148,25565,53414,2281460,8878,0,0,0x0010
3631,2026-08-15T10:13:40.181440000-0500,15.314481000,192.168.0.178,192.168.0.148,25565,53414,2281460,8878,260,0,0x0018
3632,2026-08-15T10:13:40.192950000-0500,15.325991000,192.168.0.148,192.168.0.178,53414,25565,8878,2281720,28,0,0x0018
3633,2026-08-15T10:13:40.193919000-0500,15.326960000,192.168.0.148,192.168.0.178,53414,25565,8906,2281720,3,0,0x0018
3634,2026-08-15T10:13:40.194506000-0500,15.327547000,192.168.0.178,192.168.0.148,25565,53414,2281720,8909,0,0,0x0010
3635,2026-08-15T10:13:40.232723000-0500,15.365764000,192.168.0.178,192.168.0.148,25565,53414,2281720,8909,72,0,0x0018
3636,2026-08-15T10:13:40.243555000-0500,15.376596000,192.168.0.148,192.168.0.178,53414,25565,8909,2281792,28,0,0x0018
3637,2026-08-15T10:13:40.244856000-0500,15.377897000,192.168.0.148,192.168.0.178,53414,25565,8937,2281792,3,0,0x0018
3638,2026-08-15T10:13:40.245537000-0500,15.378578000,192.168.0.178,192.168.0.148,25565,53414,2281792,8940,0,0,0x0010
3639,2026-08-15T10:13:40.284046000-0500,15.417087000,192.168.0.178,192.168.0.148,25565,53414,2281792,8940,283,0,0x0018
3640,2026-08-15T10:13:40.293898000-0500,15.426939000,192.168.0.148,192.168.0.178,53414,25565,8940,2282075,28,0,0x0018
3641,2026-08-15T10:13:40.295003000-0500,15.428044000,192.168.0.178,192.168.0.148,25565,53414,2282075,8968,46,0,0x0018
3642,2026-08-15T10:13:40.295435000-0500,15.428476000,192.168.0.148,192.168.0.178,53414,25565,8968,2282121,3,0,0x0018
3643,2026-08-15T10:13:40.330545000-0500,15.463586000,192.168.0.178,192.168.0.148,25565,53414,2282121,8971,387,0,0x0018
3644,2026-08-15T10:13:40.344532000-0500,15.477573000,192.168.0.148,192.168.0.178,53414,25565,8971,2282508,28,0,0x0018
3645,2026-08-15T10:13:40.345371000-0500,15.478412000,192.168.0.148,192.168.0.178,53414,25565,8999,2282508,3,0,0x0018
3646,2026-08-15T10:13:40.346157000-0500,15.479198000,192.168.0.178,192.168.0.148,25565,53414,2282508,9002,0,0,0x0010
3647,2026-08-15T10:13:40.379096000-0500,15.512137000,192.168.0.178,192.168.0.148,25565,53414,2282508,9002,247,0,0x0018
3648,2026-08-15T10:13:40.392718000-0500,15.525759000,192.168.0.148,192.168.0.178,53414,25565,9002,2282755,28,0,0x0018
3649,2026-08-15T10:13:40.393373000-0500,15.526414000,192.168.0.148,192.168.0.178,53414,25565,9030,2282755,3,0,0x0018
3650,2026-08-15T10:13:40.394011000-0500,15.527052000,192.168.0.178,192.168.0.148,25565,53414,2282755,9033,0,0,0x0010
3651,2026-08-15T10:13:40.430771000-0500,15.563812000,192.168.0.178,192.168.0.148,25565,53414,2282755,9033,307,0,0x0018
3652,2026-08-15T10:13:40.442428000-0500,15.575469000,192.168.0.148,192.168.0.178,53414,25565,9033,2283062,28,0,0x0018
3653,2026-08-15T10:13:40.443264000-0500,15.576305000,192.168.0.148,192.168.0.178,53414,25565,9061,2283062,3,0,0x0018
3654,2026-08-15T10:13:40.447108000-0500,15.580149000,192.168.0.178,192.168.0.148,25565,53414,2283062,9064,0,0,0x0010
3655,2026-08-15T10:13:40.492316000-0500,15.625357000,192.168.0.148,192.168.0.178,53414,25565,9064,2283062,28,0,0x0018
3656,2026-08-15T10:13:40.492910000-0500,15.625951000,192.168.0.148,192.168.0.178,53414,25565,9092,2283062,3,0,0x0018
3657,2026-08-15T10:13:40.505866000-0500,15.638907000,192.168.0.178,192.168.0.148,25565,53414,2283062,9095,0,0,0x0010
3658,2026-08-15T10:13:40.517240000-0500,15.650281000,192.168.0.178,192.168.0.148,25565,53414,2283062,9095,441,0,0x0018
3659,2026-08-15T10:13:40.517603000-0500,15.650644000,192.168.0.148,192.168.0.178,53414,25565,9095,2283503,11,0,0x0018
3660,2026-08-15T10:13:40.541079000-0500,15.674120000,192.168.0.178,192.168.0.148,25565,53414,2283503,9106,114,0,0x0018
3661,2026-08-15T10:13:40.543180000-0500,15.676221000,192.168.0.148,192.168.0.178,53414,25565,9106,2283617,28,0,0x0018
3662,2026-08-15T10:13:40.544431000-0500,15.677472000,192.168.0.148,192.168.0.178,53414,25565,9134,2283617,3,0,0x0018
3663,2026-08-15T10:13:40.544886000-0500,15.677927000,192.168.0.178,192.168.0.148,25565,53414,2283617,9137,0,0,0x0010
3664,2026-08-15T10:13:40.583769000-0500,15.716810000,192.168.0.178,192.168.0.148,25565,53414,2283617,9137,555,0,0x0018
3665,2026-08-15T10:13:40.594266000-0500,15.727307000,192.168.0.148,192.168.0.178,53414,25565,9137,2284172,28,0,0x0018
3666,2026-08-15T10:13:40.595574000-0500,15.728615000,192.168.0.148,192.168.0.178,53414,25565,9165,2284172,3,0,0x0018
3667,2026-08-15T10:13:40.596079000-0500,15.729120000,192.168.0.178,192.168.0.148,25565,53414,2284172,9168,0,0,0x0010
3668,2026-08-15T10:13:40.631228000-0500,15.764269000,192.168.0.178,192.168.0.148,25565,53414,2284172,9168,218,0,0x0018
3669,2026-08-15T10:13:40.642327000-0500,15.775368000,192.168.0.148,192.168.0.178,53414,25565,9168,2284390,28,0,0x0018
3670,2026-08-15T10:13:40.643145000-0500,15.776186000,192.168.0.148,192.168.0.178,53414,25565,9196,2284390,3,0,0x0018
3671,2026-08-15T10:13:40.643823000-0500,15.776864000,192.168.0.178,192.168.0.148,25565,53414,2284390,9199,0,0,0x0010
3672,2026-08-15T10:13:40.682137000-0500,15.815178000,192.168.0.178,192.168.0.148,25565,53414,2284390,9199,440,0,0x0018
3673,2026-08-15T10:13:40.692795000-0500,15.825836000,192.168.0.148,192.168.0.178,53414,25565,9199,2284830,28,0,0x0018
3674,2026-08-15T10:13:40.693785000-0500,15.826826000,192.168.0.148,192.168.0.178,53414,25565,9227,2284830,3,0,0x0018
3675,2026-08-15T10:13:40.694402000-0500,15.827443000,192.168.0.178,192.168.0.148,25565,53414,2284830,9230,0,0,0x0010
3676,2026-08-15T10:13:40.737539000-0500,15.870580000,192.168.0.178,192.168.0.148,25565,53414,2284830,9230,361,0,0x0018
3677,2026-08-15T10:13:40.743673000-0500,15.876714000,192.168.0.148,192.168.0.178,53414,25565,9230,2285191,28,0,0x0018
3678,2026-08-15T10:13:40.744751000-0500,15.877792000,192.168.0.178,192.168.0.148,25565,53414,2285191,9258,11,0,0x0018
3679,2026-08-15T10:13:40.744751000-0500,15.877792000,192.168.0.178,192.168.0.148,25565,53414,2285202,9258,11,0,0x0018
3680,2026-08-15T10:13:40.744751000-0500,15.877792000,192.168.0.178,192.168.0.148,25565,53414,2285213,9258,11,0,0x0018
3681,2026-08-15T10:13:40.744751000-0500,15.877792000,192.168.0.178,192.168.0.148,25565,53414,2285224,9258,11,0,0x0018
3682,2026-08-15T10:13:40.744797000-0500,15.877838000,192.168.0.148,192.168.0.178,53414,25565,9258,2285235,0,0,0x0010
3683,2026-08-15T10:13:40.744826000-0500,15.877867000,192.168.0.148,192.168.0.178,53414,25565,9258,2285235,3,0,0x0018
3684,2026-08-15T10:13:40.744831000-0500,15.877872000,192.168.0.178,192.168.0.148,25565,53414,2285235,9258,11,0,0x0018
3685,2026-08-15T10:13:40.744831000-0500,15.877872000,192.168.0.178,192.168.0.148,25565,53414,2285246,9258,11,0,0x0018
3686,2026-08-15T10:13:40.744841000-0500,15.877882000,192.168.0.148,192.168.0.178,53414,25565,9261,2285257,0,0,0x0010
3687,2026-08-15T10:13:40.744863000-0500,15.877904000,192.168.0.178,192.168.0.148,25565,53414,2285257,9258,22,0,0x0018
3688,2026-08-15T10:13:40.744863000-0500,15.877904000,192.168.0.178,192.168.0.148,25565,53414,2285279,9258,22,0,0x0018
3689,2026-08-15T10:13:40.744870000-0500,15.877911000,192.168.0.148,192.168.0.178,53414,25565,9261,2285301,0,0,0x0010
3690,2026-08-15T10:13:40.744919000-0500,15.877960000,192.168.0.178,192.168.0.148,25565,53414,2285301,9258,11,0,0x0018
3691,2026-08-15T10:13:40.745189000-0500,15.878230000,192.168.0.178,192.168.0.148,25565,53414,2285312,9261,11,0,0x0018
3692,2026-08-15T10:13:40.745189000-0500,15.878230000,192.168.0.178,192.168.0.148,25565,53414,2285323,9261,11,0,0x0018
3693,2026-08-15T10:13:40.745229000-0500,15.878270000,192.168.0.148,192.168.0.178,53414,25565,9261,2285334,0,0,0x0010
3694,2026-08-15T10:13:40.745278000-0500,15.878319000,192.168.0.178,192.168.0.148,25565,53414,2285334,9261,11,0,0x0018
3695,2026-08-15T10:13:40.745278000-0500,15.878319000,192.168.0.178,192.168.0.148,25565,53414,2285345,9261,11,0,0x0018
3696,2026-08-15T10:13:40.745290000-0500,15.878331000,192.168.0.148,192.168.0.178,53414,25565,9261,2285356,0,0,0x0010
3697,2026-08-15T10:13:40.745329000-0500,15.878370000,192.168.0.178,192.168.0.148,25565,53414,2285356,9261,22,0,0x0018
3698,2026-08-15T10:13:40.745329000-0500,15.878370000,192.168.0.178,192.168.0.148,25565,53414,2285378,9261,22,0,0x0018
3699,2026-08-15T10:13:40.745334000-0500,15.878375000,192.168.0.148,192.168.0.178,53414,25565,9261,2285400,0,0,0x0010
3700,2026-08-15T10:13:40.745388000-0500,15.878429000,192.168.0.178,192.168.0.148,25565,53414,2285400,9261,13,0,0x0018
3701,2026-08-15T10:13:40.745393000-0500,15.878434000,192.168.0.148,192.168.0.178,53414,25565,9261,2285413,0,0,0x0010
3702,2026-08-15T10:13:40.784652000-0500,15.917693000,192.168.0.178,192.168.0.148,25565,53414,2285413,9261,255,0,0x0018
3703,2026-08-15T10:13:40.793652000-0500,15.926693000,192.168.0.148,192.168.0.178,53414,25565,9261,2285668,28,0,0x0018
3704,2026-08-15T10:13:40.794661000-0500,15.927702000,192.168.0.178,192.168.0.148,25565,53414,2285668,9289,46,0,0x0018
3705,2026-08-15T10:13:40.794707000-0500,15.927748000,192.168.0.148,192.168.0.178,53414,25565,9289,2285714,3,0,0x0018
3706,2026-08-15T10:13:40.827619000-0500,15.960660000,192.168.0.148,192.168.0.178,53414,25565,9292,2285714,28,0,0x0018
3707,2026-08-15T10:13:40.828318000-0500,15.961359000,192.168.0.178,192.168.0.148,25565,53414,2285714,9320,0,0,0x0010
3708,2026-08-15T10:13:40.828660000-0500,15.961701000,192.168.0.148,192.168.0.178,53414,25565,9320,2285714,3,0,0x0018
3709,2026-08-15T10:13:40.831623000-0500,15.964664000,192.168.0.178,192.168.0.148,25565,53414,2285714,9323,171,0,0x0018
3710,2026-08-15T10:13:40.881171000-0500,16.014212000,192.168.0.178,192.168.0.148,25565,53414,2285885,9323,1460,0,0x0010
3711,2026-08-15T10:13:40.881171000-0500,16.014212000,192.168.0.178,192.168.0.148,25565,53414,2287345,9323,1460,0,0x0010
3712,2026-08-15T10:13:40.881171000-0500,16.014212000,192.168.0.178,192.168.0.148,25565,53414,2288805,9323,366,0,0x0018
3713,2026-08-15T10:13:40.881219000-0500,16.014260000,192.168.0.148,192.168.0.178,53414,25565,9323,2289171,0,0,0x0010
3714,2026-08-15T10:13:40.893575000-0500,16.026616000,192.168.0.148,192.168.0.178,53414,25565,9323,2289171,28,0,0x0018
3715,2026-08-15T10:13:40.894149000-0500,16.027190000,192.168.0.148,192.168.0.178,53414,25565,9351,2289171,3,0,0x0018
3716,2026-08-15T10:13:40.895306000-0500,16.028347000,192.168.0.178,192.168.0.148,25565,53414,2289171,9354,0,0,0x0010
3717,2026-08-15T10:13:40.930511000-0500,16.063552000,192.168.0.178,192.168.0.148,25565,53414,2289171,9354,299,0,0x0018
3718,2026-08-15T10:13:40.942572000-0500,16.075613000,192.168.0.148,192.168.0.178,53414,25565,9354,2289470,28,0,0x0018
3719,2026-08-15T10:13:40.943352000-0500,16.076393000,192.168.0.148,192.168.0.178,53414,25565,9382,2289470,3,0,0x0018
3720,2026-08-15T10:13:40.945390000-0500,16.078431000,192.168.0.178,192.168.0.148,25565,53414,2289470,9385,0,0,0x0010
3721,2026-08-15T10:13:40.986052000-0500,16.119093000,192.168.0.178,192.168.0.148,25565,53414,2289470,9385,418,0,0x0018
3722,2026-08-15T10:13:40.994895000-0500,16.127936000,192.168.0.148,192.168.0.178,53414,25565,9385,2289888,28,0,0x0018
3723,2026-08-15T10:13:40.995796000-0500,16.128837000,192.168.0.148,192.168.0.178,53414,25565,9413,2289888,3,0,0x0018
3724,2026-08-15T10:13:40.996252000-0500,16.129293000,192.168.0.178,192.168.0.148,25565,53414,2289888,9416,0,0,0x0010
3725,2026-08-15T10:13:41.031156000-0500,16.164197000,192.168.0.178,192.168.0.148,25565,53414,2289888,9416,1460,0,0x0010
3726,2026-08-15T10:13:41.031156000-0500,16.164197000,192.168.0.178,192.168.0.148,25565,53414,2291348,9416,1460,0,0x0010
3727,2026-08-15T10:13:41.031213000-0500,16.164254000,192.168.0.148,192.168.0.178,53414,25565,9416,2292808,0,0,0x0010
3728,2026-08-15T10:13:41.031257000-0500,16.164298000,192.168.0.178,192.168.0.148,25565,53414,2292808,9416,1163,0,0x0018
3729,2026-08-15T10:13:41.043470000-0500,16.176511000,192.168.0.148,192.168.0.178,53414,25565,9416,2293971,28,0,0x0018
3730,2026-08-15T10:13:41.044654000-0500,16.177695000,192.168.0.148,192.168.0.178,53414,25565,9444,2293971,3,0,0x0018
3731,2026-08-15T10:13:41.045326000-0500,16.178367000,192.168.0.178,192.168.0.148,25565,53414,2293971,9447,0,0,0x0010
3732,2026-08-15T10:13:41.093477000-0500,16.226518000,192.168.0.148,192.168.0.178,53414,25565,9447,2293971,28,0,0x0018
3733,2026-08-15T10:13:41.094647000-0500,16.227688000,192.168.0.148,192.168.0.178,53414,25565,9475,2293971,3,0,0x0018
3734,2026-08-15T10:13:41.095430000-0500,16.228471000,192.168.0.178,192.168.0.148,25565,53414,2293971,9478,0,0,0x0010
3735,2026-08-15T10:13:41.142001000-0500,16.275042000,192.168.0.148,192.168.0.178,53414,25565,9478,2293971,28,0,0x0018
3736,2026-08-15T10:13:41.142494000-0500,16.275535000,192.168.0.148,192.168.0.178,53414,25565,9506,2293971,3,0,0x0018
3737,2026-08-15T10:13:41.143180000-0500,16.276221000,192.168.0.178,192.168.0.148,25565,53414,2293971,9509,0,0,0x0010
3738,2026-08-15T10:13:41.193137000-0500,16.326178000,192.168.0.148,192.168.0.178,53414,25565,9509,2293971,28,0,0x0018
3739,2026-08-15T10:13:41.193794000-0500,16.326835000,192.168.0.148,192.168.0.178,53414,25565,9537,2293971,3,0,0x0018
3740,2026-08-15T10:13:41.194434000-0500,16.327475000,192.168.0.178,192.168.0.148,25565,53414,2293971,9540,0,0,0x0010
3741,2026-08-15T10:13:41.243059000-0500,16.376100000,192.168.0.148,192.168.0.178,53414,25565,9540,2293971,28,0,0x0018
3742,2026-08-15T10:13:41.244075000-0500,16.377116000,192.168.0.148,192.168.0.178,53414,25565,9568,2293971,3,0,0x0018
3743,2026-08-15T10:13:41.244793000-0500,16.377834000,192.168.0.178,192.168.0.148,25565,53414,2293971,9571,0,0,0x0010
3744,2026-08-15T10:13:41.293751000-0500,16.426792000,192.168.0.148,192.168.0.178,53414,25565,9571,2293971,28,0,0x0018
3745,2026-08-15T10:13:41.294935000-0500,16.427976000,192.168.0.148,192.168.0.178,53414,25565,9599,2293971,3,0,0x0018
3746,2026-08-15T10:13:41.295665000-0500,16.428706000,192.168.0.178,192.168.0.148,25565,53414,2293971,9602,0,0,0x0010
3747,2026-08-15T10:13:41.298423000-0500,16.431464000,192.168.0.178,192.168.0.148,25565,53414,2293971,9602,1460,0,0x0010
3748,2026-08-15T10:13:41.298423000-0500,16.431464000,192.168.0.178,192.168.0.148,25565,53414,2295431,9602,1460,0,0x0010
3749,2026-08-15T10:13:41.298450000-0500,16.431491000,192.168.0.148,192.168.0.178,53414,25565,9602,2296891,0,0,0x0010
3750,2026-08-15T10:13:41.298501000-0500,16.431542000,192.168.0.178,192.168.0.148,25565,53414,2296891,9602,1460,0,0x0010
3751,2026-08-15T10:13:41.298743000-0500,16.431784000,192.168.0.178,192.168.0.148,25565,53414,2298351,9602,1460,0,0x0010
3752,2026-08-15T10:13:41.298743000-0500,16.431784000,192.168.0.178,192.168.0.148,25565,53414,2299811,9602,1460,0,0x0018
3753,2026-08-15T10:13:41.298763000-0500,16.431804000,192.168.0.148,192.168.0.178,53414,25565,9602,2301271,0,0,0x0010
3754,2026-08-15T10:13:41.298972000-0500,16.432013000,192.168.0.178,192.168.0.148,25565,53414,2301271,9602,1460,0,0x0010
3755,2026-08-15T10:13:41.298994000-0500,16.432035000,192.168.0.148,192.168.0.178,53414,25565,9602,2302731,0,0,0x0010
3756,2026-08-15T10:13:41.299044000-0500,16.432085000,192.168.0.178,192.168.0.148,25565,53414,2302731,9602,1460,0,0x0010
3757,2026-08-15T10:13:41.299210000-0500,16.432251000,192.168.0.178,192.168.0.148,25565,53414,2304191,9602,1460,0,0x0010
3758,2026-08-15T10:13:41.299232000-0500,16.432273000,192.168.0.148,192.168.0.178,53414,25565,9602,2305651,0,0,0x0010
3759,2026-08-15T10:13:41.299244000-0500,16.432285000,192.168.0.178,192.168.0.148,25565,53414,2305651,9602,1460,0,0x0010
3760,2026-08-15T10:13:41.299385000-0500,16.432426000,192.168.0.178,192.168.0.148,25565,53414,2307111,9602,1460,0,0x0018
3761,2026-08-15T10:13:41.299408000-0500,16.432449000,192.168.0.148,192.168.0.178,53414,25565,9602,2308571,0,0,0x0010
3762,2026-08-15T10:13:41.299624000-0500,16.432665000,192.168.0.178,192.168.0.148,25565,53414,2308571,9602,1460,0,0x0010
3763,2026-08-15T10:13:41.299677000-0500,16.432718000,192.168.0.178,192.168.0.148,25565,53414,2310031,9602,1460,0,0x0010
3764,2026-08-15T10:13:41.299687000-0500,16.432728000,192.168.0.148,192.168.0.178,53414,25565,9602,2311491,0,0,0x0010
3765,2026-08-15T10:13:41.299697000-0500,16.432738000,192.168.0.178,192.168.0.148,25565,53414,2311491,9602,486,0,0x0018
3766,2026-08-15T10:13:41.310789000-0500,16.443830000,192.168.0.178,192.168.0.148,25565,53414,2311977,9602,1460,0,0x0010
3767,2026-08-15T10:13:41.310789000-0500,16.443830000,192.168.0.178,192.168.0.148,25565,53414,2313437,9602,1460,0,0x0010
3768,2026-08-15T10:13:41.310830000-0500,16.443871000,192.168.0.148,192.168.0.178,53414,25565,9602,2314897,0,0,0x0010
3769,2026-08-15T10:13:41.310886000-0500,16.443927000,192.168.0.178,192.168.0.148,25565,53414,2314897,9602,1460,0,0x0010
3770,2026-08-15T10:13:41.310891000-0500,16.443932000,192.168.0.148,192.168.0.178,53414,25565,9602,2316357,0,0,0x0010
3771,2026-08-15T10:13:41.311146000-0500,16.444187000,192.168.0.178,192.168.0.148,25565,53414,2316357,9602,1460,0,0x0010
3772,2026-08-15T10:13:41.311146000-0500,16.444187000,192.168.0.178,192.168.0.148,25565,53414,2317817,9602,1460,0,0x0010
3773,2026-08-15T10:13:41.311168000-0500,16.444209000,192.168.0.148,192.168.0.178,53414,25565,9602,2319277,0,0,0x0010
3774,2026-08-15T10:13:41.311384000-0500,16.444425000,192.168.0.178,192.168.0.148,25565,53414,2319277,9602,1460,0,0x0010
3775,2026-08-15T10:13:41.311384000-0500,16.444425000,192.168.0.178,192.168.0.148,25565,53414,2320737,9602,1460,0,0x0010
3776,2026-08-15T10:13:41.311404000-0500,16.444445000,192.168.0.148,192.168.0.178,53414,25565,9602,2322197,0,0,0x0010
3777,2026-08-15T10:13:41.311625000-0500,16.444666000,192.168.0.178,192.168.0.148,25565,53414,2322197,9602,1460,0,0x0018
3778,2026-08-15T10:13:41.311625000-0500,16.444666000,192.168.0.178,192.168.0.148,25565,53414,2323657,9602,1460,0,0x0010
3779,2026-08-15T10:13:41.311646000-0500,16.444687000,192.168.0.148,192.168.0.178,53414,25565,9602,2325117,0,0,0x0010
3780,2026-08-15T10:13:41.311866000-0500,16.444907000,192.168.0.178,192.168.0.148,25565,53414,2325117,9602,1460,0,0x0010
3781,2026-08-15T10:13:41.311866000-0500,16.444907000,192.168.0.178,192.168.0.148,25565,53414,2326577,9602,1460,0,0x0010
3782,2026-08-15T10:13:41.311885000-0500,16.444926000,192.168.0.148,192.168.0.178,53414,25565,9602,2328037,0,0,0x0010
3783,2026-08-15T10:13:41.312095000-0500,16.445136000,192.168.0.178,192.168.0.148,25565,53414,2328037,9602,1460,0,0x0010
3784,2026-08-15T10:13:41.312165000-0500,16.445206000,192.168.0.178,192.168.0.148,25565,53414,2329497,9602,1460,0,0x0010
3785,2026-08-15T10:13:41.312172000-0500,16.445213000,192.168.0.148,192.168.0.178,53414,25565,9602,2330957,0,0,0x0010
3786,2026-08-15T10:13:41.312229000-0500,16.445270000,192.168.0.178,192.168.0.148,25565,53414,2330957,9602,1460,0,0x0010
3787,2026-08-15T10:13:41.312479000-0500,16.445520000,192.168.0.178,192.168.0.148,25565,53414,2332417,9602,1460,0,0x0010
3788,2026-08-15T10:13:41.312479000-0500,16.445520000,192.168.0.178,192.168.0.148,25565,53414,2333877,9602,1460,0,0x0018
3789,2026-08-15T10:13:41.312498000-0500,16.445539000,192.168.0.148,192.168.0.178,53414,25565,9602,2335337,0,0,0x0010
3790,2026-08-15T10:13:41.312704000-0500,16.445745000,192.168.0.178,192.168.0.148,25565,53414,2335337,9602,1460,0,0x0010
3791,2026-08-15T10:13:41.312722000-0500,16.445763000,192.168.0.148,192.168.0.178,53414,25565,9602,2336797,0,0,0x0010
3792,2026-08-15T10:13:41.312774000-0500,16.445815000,192.168.0.178,192.168.0.148,25565,53414,2336797,9602,1460,0,0x0010
3793,2026-08-15T10:13:41.312910000-0500,16.445951000,192.168.0.178,192.168.0.148,25565,53414,2338257,9602,1460,0,0x0018
3794,2026-08-15T10:13:41.312928000-0500,16.445969000,192.168.0.148,192.168.0.178,53414,25565,9602,2339717,0,0,0x0010
3795,2026-08-15T10:13:41.313128000-0500,16.446169000,192.168.0.178,192.168.0.148,25565,53414,2339717,9602,1460,0,0x0010
3796,2026-08-15T10:13:41.313180000-0500,16.446221000,192.168.0.178,192.168.0.148,25565,53414,2341177,9602,1460,0,0x0010
3797,2026-08-15T10:13:41.313185000-0500,16.446226000,192.168.0.148,192.168.0.178,53414,25565,9602,2342637,0,0,0x0010
3798,2026-08-15T10:13:41.313279000-0500,16.446320000,192.168.0.178,192.168.0.148,25565,53414,2342637,9602,1460,0,0x0018
3799,2026-08-15T10:13:41.313426000-0500,16.446467000,192.168.0.178,192.168.0.148,25565,53414,2344097,9602,1460,0,0x0010
3800,2026-08-15T10:13:41.313431000-0500,16.446472000,192.168.0.148,192.168.0.178,53414,25565,9602,2345557,0,0,0x0010
3801,2026-08-15T10:13:41.313509000-0500,16.446550000,192.168.0.178,192.168.0.148,25565,53414,2345557,9602,1460,0,0x0018
3802,2026-08-15T10:13:41.313673000-0500,16.446714000,192.168.0.178,192.168.0.148,25565,53414,2347017,9602,1460,0,0x0010
3803,2026-08-15T10:13:41.313678000-0500,16.446719000,192.168.0.148,192.168.0.178,53414,25565,9602,2348477,0,0,0x0010
3804,2026-08-15T10:13:41.313758000-0500,16.446799000,192.168.0.178,192.168.0.148,25565,53414,2348477,9602,1460,0,0x0018
3805,2026-08-15T10:13:41.313918000-0500,16.446959000,192.168.0.178,192.168.0.148,25565,53414,2349937,9602,1460,0,0x0010
3806,2026-08-15T10:13:41.313922000-0500,16.446963000,192.168.0.148,192.168.0.178,53414,25565,9602,2351397,0,0,0x0010
3807,2026-08-15T10:13:41.314001000-0500,16.447042000,192.168.0.178,192.168.0.148,25565,53414,2351397,9602,1460,0,0x0018
3808,2026-08-15T10:13:41.314160000-0500,16.447201000,192.168.0.178,192.168.0.148,25565,53414,2352857,9602,1460,0,0x0010
3809,2026-08-15T10:13:41.314165000-0500,16.447206000,192.168.0.148,192.168.0.178,53414,25565,9602,2354317,0,0,0x0010
3810,2026-08-15T10:13:41.314247000-0500,16.447288000,192.168.0.178,192.168.0.148,25565,53414,2354317,9602,1460,0,0x0018
3811,2026-08-15T10:13:41.314418000-0500,16.447459000,192.168.0.178,192.168.0.148,25565,53414,2355777,9602,1460,0,0x0010
3812,2026-08-15T10:13:41.314424000-0500,16.447465000,192.168.0.148,192.168.0.178,53414,25565,9602,2357237,0,0,0x0010
3813,2026-08-15T10:13:41.314503000-0500,16.447544000,192.168.0.178,192.168.0.148,25565,53414,2357237,9602,1460,0,0x0010
3814,2026-08-15T10:13:41.314663000-0500,16.447704000,192.168.0.178,192.168.0.148,25565,53414,2358697,9602,1460,0,0x0010
3815,2026-08-15T10:13:41.314667000-0500,16.447708000,192.168.0.148,192.168.0.178,53414,25565,9602,2360157,0,0,0x0010
3816,2026-08-15T10:13:41.314745000-0500,16.447786000,192.168.0.178,192.168.0.148,25565,53414,2360157,9602,1460,0,0x0018
3817,2026-08-15T10:13:41.314908000-0500,16.447949000,192.168.0.178,192.168.0.148,25565,53414,2361617,9602,1460,0,0x0010
3818,2026-08-15T10:13:41.314913000-0500,16.447954000,192.168.0.148,192.168.0.178,53414,25565,9602,2363077,0,0,0x0010
3819,2026-08-15T10:13:41.314993000-0500,16.448034000,192.168.0.178,192.168.0.148,25565,53414,2363077,9602,1460,0,0x0010
3820,2026-08-15T10:13:41.315153000-0500,16.448194000,192.168.0.178,192.168.0.148,25565,53414,2364537,9602,1460,0,0x0018
3821,2026-08-15T10:13:41.315157000-0500,16.448198000,192.168.0.148,192.168.0.178,53414,25565,9602,2365997,0,0,0x0010
3822,2026-08-15T10:13:41.315238000-0500,16.448279000,192.168.0.178,192.168.0.148,25565,53414,2365997,9602,1460,0,0x0010
3823,2026-08-15T10:13:41.315400000-0500,16.448441000,192.168.0.178,192.168.0.148,25565,53414,2367457,9602,1460,0,0x0018
3824,2026-08-15T10:13:41.315405000-0500,16.448446000,192.168.0.148,192.168.0.178,53414,25565,9602,2368917,0,0,0x0010
3825,2026-08-15T10:13:41.315521000-0500,16.448562000,192.168.0.178,192.168.0.148,25565,53414,2368917,9602,1460,0,0x0010
3826,2026-08-15T10:13:41.315652000-0500,16.448693000,192.168.0.178,192.168.0.148,25565,53414,2370377,9602,1460,0,0x0010
3827,2026-08-15T10:13:41.315656000-0500,16.448697000,192.168.0.148,192.168.0.178,53414,25565,9602,2371837,0,0,0x0010
3828,2026-08-15T10:13:41.315766000-0500,16.448807000,192.168.0.178,192.168.0.148,25565,53414,2371837,9602,1460,0,0x0010
3829,2026-08-15T10:13:41.315788000-0500,16.448829000,192.168.0.178,192.168.0.148,25565,53414,2373297,9602,648,0,0x0018
3830,2026-08-15T10:13:41.315796000-0500,16.448837000,192.168.0.148,192.168.0.178,53414,25565,9602,2373945,0,0,0x0010
3831,2026-08-15T10:13:41.321686000-0500,16.454727000,192.168.0.178,192.168.0.148,25565,53414,2373945,9602,425,0,0x0018
3832,2026-08-15T10:13:41.331500000-0500,16.464541000,192.168.0.178,192.168.0.148,25565,53414,2374370,9602,597,0,0x0018
3833,2026-08-15T10:13:41.331561000-0500,16.464602000,192.168.0.148,192.168.0.178,53414,25565,9602,2374967,0,0,0x0010
3834,2026-08-15T10:13:41.336232000-0500,16.469273000,192.168.0.178,192.168.0.148,25565,53414,2374967,9602,198,0,0x0018
3835,2026-08-15T10:13:41.341648000-0500,16.474689000,192.168.0.178,192.168.0.148,25565,53414,2375165,9602,303,0,0x0018
3836,2026-08-15T10:13:41.341674000-0500,16.474715000,192.168.0.148,192.168.0.178,53414,25565,9602,2375468,0,0,0x0010
3837,2026-08-15T10:13:41.342166000-0500,16.475207000,192.168.0.148,192.168.0.178,53414,25565,9602,2375468,28,0,0x0018
3838,2026-08-15T10:13:41.343173000-0500,16.476214000,192.168.0.148,192.168.0.178,53414,25565,9630,2375468,3,0,0x0018
3839,2026-08-15T10:13:41.343849000-0500,16.476890000,192.168.0.178,192.168.0.148,25565,53414,2375468,9633,0,0,0x0010
3840,2026-08-15T10:13:41.383877000-0500,16.516918000,192.168.0.178,192.168.0.148,25565,53414,2375468,9633,1088,0,0x0018
3841,2026-08-15T10:13:41.392188000-0500,16.525229000,192.168.0.148,192.168.0.178,53414,25565,9633,2376556,28,0,0x0018
3842,2026-08-15T10:13:41.392793000-0500,16.525834000,192.168.0.148,192.168.0.178,53414,25565,9661,2376556,3,0,0x0018
3843,2026-08-15T10:13:41.393580000-0500,16.526621000,192.168.0.178,192.168.0.148,25565,53414,2376556,9664,0,0,0x0010
3844,2026-08-15T10:13:41.430712000-0500,16.563753000,192.168.0.178,192.168.0.148,25565,53414,2376556,9664,418,0,0x0018
3845,2026-08-15T10:13:41.444210000-0500,16.577251000,192.168.0.148,192.168.0.178,53414,25565,9664,2376974,28,0,0x0018
3846,2026-08-15T10:13:41.445178000-0500,16.578219000,192.168.0.148,192.168.0.178,53414,25565,9692,2376974,3,0,0x0018
3847,2026-08-15T10:13:41.445791000-0500,16.578832000,192.168.0.178,192.168.0.148,25565,53414,2376974,9695,0,0,0x0010
3848,2026-08-15T10:13:41.484904000-0500,16.617945000,192.168.0.178,192.168.0.148,25565,53414,2376974,9695,260,0,0x0018
3849,2026-08-15T10:13:41.493367000-0500,16.626408000,192.168.0.148,192.168.0.178,53414,25565,9695,2377234,28,0,0x0018
3850,2026-08-15T10:13:41.494378000-0500,16.627419000,192.168.0.148,192.168.0.178,53414,25565,9723,2377234,3,0,0x0018
3851,2026-08-15T10:13:41.495007000-0500,16.628048000,192.168.0.178,192.168.0.148,25565,53414,2377234,9726,0,0,0x0010
3852,2026-08-15T10:13:41.535351000-0500,16.668392000,192.168.0.178,192.168.0.148,25565,53414,2377234,9726,501,0,0x0018
3853,2026-08-15T10:13:41.535633000-0500,16.668674000,192.168.0.148,192.168.0.178,53414,25565,9726,2377735,11,0,0x0018
3854,2026-08-15T10:13:41.543562000-0500,16.676603000,192.168.0.148,192.168.0.178,53414,25565,9737,2377735,28,0,0x0018
3855,2026-08-15T10:13:41.544258000-0500,16.677299000,192.168.0.178,192.168.0.148,25565,53414,2377735,9765,0,0,0x0010
3856,2026-08-15T10:13:41.544935000-0500,16.677976000,192.168.0.148,192.168.0.178,53414,25565,9765,2377735,3,0,0x0018
3857,2026-08-15T10:13:41.579942000-0500,16.712983000,192.168.0.178,192.168.0.148,25565,53414,2377735,9768,104,0,0x0018
3858,2026-08-15T10:13:41.593098000-0500,16.726139000,192.168.0.148,192.168.0.178,53414,25565,9768,2377839,28,0,0x0018
3859,2026-08-15T10:13:41.593769000-0500,16.726810000,192.168.0.148,192.168.0.178,53414,25565,9796,2377839,3,0,0x0018
3860,2026-08-15T10:13:41.594402000-0500,16.727443000,192.168.0.178,192.168.0.148,25565,53414,2377839,9799,0,0,0x0010
3861,2026-08-15T10:13:41.636342000-0500,16.769383000,192.168.0.178,192.168.0.148,25565,53414,2377839,9799,559,0,0x0018
3862,2026-08-15T10:13:41.643575000-0500,16.776616000,192.168.0.148,192.168.0.178,53414,25565,9799,2378398,28,0,0x0018
3863,2026-08-15T10:13:41.644418000-0500,16.777459000,192.168.0.148,192.168.0.178,53414,25565,9827,2378398,3,0,0x0018
3864,2026-08-15T10:13:41.645155000-0500,16.778196000,192.168.0.178,192.168.0.148,25565,53414,2378398,9830,0,0,0x0010
3865,2026-08-15T10:13:41.645723000-0500,16.778764000,192.168.0.178,192.168.0.148,25565,53414,2378398,9830,11,0,0x0018
3866,2026-08-15T10:13:41.645723000-0500,16.778764000,192.168.0.178,192.168.0.148,25565,53414,2378409,9830,11,0,0x0018
3867,2026-08-15T10:13:41.645744000-0500,16.778785000,192.168.0.148,192.168.0.178,53414,25565,9830,2378420,0,0,0x0010
3868,2026-08-15T10:13:41.645780000-0500,16.778821000,192.168.0.178,192.168.0.148,25565,53414,2378420,9830,22,0,0x0018
3869,2026-08-15T10:13:41.645924000-0500,16.778965000,192.168.0.178,192.168.0.148,25565,53414,2378442,9830,44,0,0x0018
3870,2026-08-15T10:13:41.645924000-0500,16.778965000,192.168.0.178,192.168.0.148,25565,53414,2378486,9830,11,0,0x0018
3871,2026-08-15T10:13:41.645924000-0500,16.778965000,192.168.0.178,192.168.0.148,25565,53414,2378497,9830,11,0,0x0018
3872,2026-08-15T10:13:41.645924000-0500,16.778965000,192.168.0.178,192.168.0.148,25565,53414,2378508,9830,11,0,0x0018
3873,2026-08-15T10:13:41.645941000-0500,16.778982000,192.168.0.148,192.168.0.178,53414,25565,9830,2378519,0,0,0x0010
3874,2026-08-15T10:13:41.645979000-0500,16.779020000,192.168.0.178,192.168.0.148,25565,53414,2378519,9830,11,0,0x0018
3875,2026-08-15T10:13:41.645979000-0500,16.779020000,192.168.0.178,192.168.0.148,25565,53414,2378530,9830,22,0,0x0018
3876,2026-08-15T10:13:41.645979000-0500,16.779020000,192.168.0.178,192.168.0.148,25565,53414,2378552,9830,11,0,0x0018
3877,2026-08-15T10:13:41.645985000-0500,16.779026000,192.168.0.148,192.168.0.178,53414,25565,9830,2378563,0,0,0x0010
3878,2026-08-15T10:13:41.646011000-0500,16.779052000,192.168.0.178,192.168.0.148,25565,53414,2378563,9830,22,0,0x0018
3879,2026-08-15T10:13:41.646208000-0500,16.779249000,192.168.0.178,192.168.0.148,25565,53414,2378585,9830,11,0,0x0018
3880,2026-08-15T10:13:41.646208000-0500,16.779249000,192.168.0.178,192.168.0.148,25565,53414,2378596,9830,11,0,0x0018
3881,2026-08-15T10:13:41.646208000-0500,16.779249000,192.168.0.178,192.168.0.148,25565,53414,2378607,9830,13,0,0x0018
3882,2026-08-15T10:13:41.646225000-0500,16.779266000,192.168.0.148,192.168.0.178,53414,25565,9830,2378620,0,0,0x0010
3883,2026-08-15T10:13:41.679859000-0500,16.812900000,192.168.0.178,192.168.0.148,25565,53414,2378620,9830,262,0,0x0018
3884,2026-08-15T10:13:41.692476000-0500,16.825517000,192.168.0.148,192.168.0.178,53414,25565,9830,2378882,28,0,0x0018
3885,2026-08-15T10:13:41.693181000-0500,16.826222000,192.168.0.148,192.168.0.178,53414,25565,9858,2378882,3,0,0x0018
3886,2026-08-15T10:13:41.693264000-0500,16.826305000,192.168.0.178,192.168.0.148,25565,53414,2378882,9858,46,0,0x0018
3887,2026-08-15T10:13:41.730567000-0500,16.863608000,192.168.0.178,192.168.0.148,25565,53414,2378928,9861,201,0,0x0018
3888,2026-08-15T10:13:41.730617000-0500,16.863658000,192.168.0.148,192.168.0.178,53414,25565,9861,2379129,0,0,0x0010
3889,2026-08-15T10:13:41.742432000-0500,16.875473000,192.168.0.148,192.168.0.178,53414,25565,9861,2379129,28,0,0x0018
3890,2026-08-15T10:13:41.743127000-0500,16.876168000,192.168.0.148,192.168.0.178,53414,25565,9889,2379129,3,0,0x0018
3891,2026-08-15T10:13:41.743848000-0500,16.876889000,192.168.0.178,192.168.0.148,25565,53414,2379129,9892,0,0,0x0010
3892,2026-08-15T10:13:41.779621000-0500,16.912662000,192.168.0.178,192.168.0.148,25565,53414,2379129,9892,435,0,0x0018
3893,2026-08-15T10:13:41.793796000-0500,16.926837000,192.168.0.148,192.168.0.178,53414,25565,9892,2379564,28,0,0x0018
3894,2026-08-15T10:13:41.794830000-0500,16.927871000,192.168.0.148,192.168.0.178,53414,25565,9920,2379564,3,0,0x0018
3895,2026-08-15T10:13:41.795282000-0500,16.928323000,192.168.0.178,192.168.0.148,25565,53414,2379564,9923,0,0,0x0010
3896,2026-08-15T10:13:41.831419000-0500,16.964460000,192.168.0.178,192.168.0.148,25565,53414,2379564,9923,1460,0,0x0010
3897,2026-08-15T10:13:41.831419000-0500,16.964460000,192.168.0.178,192.168.0.148,25565,53414,2381024,9923,1460,0,0x0010
3898,2026-08-15T10:13:41.831453000-0500,16.964494000,192.168.0.148,192.168.0.178,53414,25565,9923,2382484,0,0,0x0010
3899,2026-08-15T10:13:41.831504000-0500,16.964545000,192.168.0.178,192.168.0.148,25565,53414,2382484,9923,1460,0,0x0010
3900,2026-08-15T10:13:41.831756000-0500,16.964797000,192.168.0.178,192.168.0.148,25565,53414,2383944,9923,1223,0,0x0018
3901,2026-08-15T10:13:41.831777000-0500,16.964818000,192.168.0.148,192.168.0.178,53414,25565,9923,2385167,0,0,0x0010
3902,2026-08-15T10:13:41.842837000-0500,16.975878000,192.168.0.148,192.168.0.178,53414,25565,9923,2385167,28,0,0x0018
3903,2026-08-15T10:13:41.843507000-0500,16.976548000,192.168.0.148,192.168.0.178,53414,25565,9951,2385167,3,0,0x0018
3904,2026-08-15T10:13:41.844135000-0500,16.977176000,192.168.0.178,192.168.0.148,25565,53414,2385167,9954,0,0,0x0010
3905,2026-08-15T10:13:41.881289000-0500,17.014330000,192.168.0.178,192.168.0.148,25565,53414,2385167,9954,144,0,0x0018
3906,2026-08-15T10:13:41.893744000-0500,17.026785000,192.168.0.148,192.168.0.178,53414,25565,9954,2385311,28,0,0x0018
3907,2026-08-15T10:13:41.895098000-0500,17.028139000,192.168.0.148,192.168.0.178,53414,25565,9982,2385311,3,0,0x0018
3908,2026-08-15T10:13:41.895916000-0500,17.028957000,192.168.0.178,192.168.0.148,25565,53414,2385311,9985,0,0,0x0010
3909,2026-08-15T10:13:41.933051000-0500,17.066092000,192.168.0.178,192.168.0.148,25565,53414,2385311,9985,272,0,0x0018
3910,2026-08-15T10:13:41.943710000-0500,17.076751000,192.168.0.148,192.168.0.178,53414,25565,9985,2385583,28,0,0x0018
3911,2026-08-15T10:13:41.944801000-0500,17.077842000,192.168.0.178,192.168.0.148,25565,53414,2385583,10013,46,0,0x0018
3912,2026-08-15T10:13:41.944969000-0500,17.078010000,192.168.0.148,192.168.0.178,53414,25565,10013,2385629,3,0,0x0018
3913,2026-08-15T10:13:41.982218000-0500,17.115259000,192.168.0.178,192.168.0.148,25565,53414,2385629,10016,835,0,0x0018
3914,2026-08-15T10:13:41.993137000-0500,17.126178000,192.168.0.148,192.168.0.178,53414,25565,10016,2386464,28,0,0x0018
3915,2026-08-15T10:13:41.994132000-0500,17.127173000,192.168.0.148,192.168.0.178,53414,25565,10044,2386464,3,0,0x0018
3916,2026-08-15T10:13:41.994836000-0500,17.127877000,192.168.0.178,192.168.0.148,25565,53414,2386464,10047,0,0,0x0010
3917,2026-08-15T10:13:42.036964000-0500,17.170005000,192.168.0.178,192.168.0.148,25565,53414,2386464,10047,96,0,0x0018
3918,2026-08-15T10:13:42.043276000-0500,17.176317000,192.168.0.148,192.168.0.178,53414,25565,10047,2386560,28,0,0x0018
3919,2026-08-15T10:13:42.044728000-0500,17.177769000,192.168.0.148,192.168.0.178,53414,25565,10075,2386560,3,0,0x0018
3920,2026-08-15T10:13:42.045465000-0500,17.178506000,192.168.0.178,192.168.0.148,25565,53414,2386560,10078,0,0,0x0010
3921,2026-08-15T10:13:42.078807000-0500,17.211848000,192.168.0.178,192.168.0.148,25565,53414,2386560,10078,281,0,0x0018
3922,2026-08-15T10:13:42.092444000-0500,17.225485000,192.168.0.148,192.168.0.178,53414,25565,10078,2386841,28,0,0x0018
3923,2026-08-15T10:13:42.093224000-0500,17.226265000,192.168.0.148,192.168.0.178,53414,25565,10106,2386841,3,0,0x0018
3924,2026-08-15T10:13:42.093845000-0500,17.226886000,192.168.0.178,192.168.0.148,25565,53414,2386841,10109,0,0,0x0010
3925,2026-08-15T10:13:42.129319000-0500,17.262360000,192.168.0.178,192.168.0.148,25565,53414,2386841,10109,437,0,0x0018
3926,2026-08-15T10:13:42.143083000-0500,17.276124000,192.168.0.148,192.168.0.178,53414,25565,10109,2387278,28,0,0x0018
3927,2026-08-15T10:13:42.144340000-0500,17.277381000,192.168.0.148,192.168.0.178,53414,25565,10137,2387278,3,0,0x0018
3928,2026-08-15T10:13:42.144992000-0500,17.278033000,192.168.0.178,192.168.0.148,25565,53414,2387278,10140,0,0,0x0010
3929,2026-08-15T10:13:42.179933000-0500,17.312974000,192.168.0.178,192.168.0.148,25565,53414,2387278,10140,818,0,0x0018
3930,2026-08-15T10:13:42.194528000-0500,17.327569000,192.168.0.148,192.168.0.178,53414,25565,10140,2388096,28,0,0x0018
3931,2026-08-15T10:13:42.195564000-0500,17.328605000,192.168.0.148,192.168.0.178,53414,25565,10168,2388096,3,0,0x0018
3932,2026-08-15T10:13:42.196174000-0500,17.329215000,192.168.0.178,192.168.0.148,25565,53414,2388096,10171,0,0,0x0010
3933,2026-08-15T10:13:42.229141000-0500,17.362182000,192.168.0.178,192.168.0.148,25565,53414,2388096,10171,630,0,0x0018
3934,2026-08-15T10:13:42.243329000-0500,17.376370000,192.168.0.148,192.168.0.178,53414,25565,10171,2388726,28,0,0x0018
3935,2026-08-15T10:13:42.244393000-0500,17.377434000,192.168.0.148,192.168.0.178,53414,25565,10199,2388726,3,0,0x0018
3936,2026-08-15T10:13:42.245132000-0500,17.378173000,192.168.0.178,192.168.0.148,25565,53414,2388726,10202,0,0,0x0010
3937,2026-08-15T10:13:42.279797000-0500,17.412838000,192.168.0.178,192.168.0.148,25565,53414,2388726,10202,1460,0,0x0010
3938,2026-08-15T10:13:42.279797000-0500,17.412838000,192.168.0.178,192.168.0.148,25565,53414,2390186,10202,1460,0,0x0010
3939,2026-08-15T10:13:42.279854000-0500,17.412895000,192.168.0.148,192.168.0.178,53414,25565,10202,2391646,0,0,0x0010
3940,2026-08-15T10:13:42.279898000-0500,17.412939000,192.168.0.178,192.168.0.148,25565,53414,2391646,10202,1460,0,0x0010
3941,2026-08-15T10:13:42.280129000-0500,17.413170000,192.168.0.178,192.168.0.148,25565,53414,2393106,10202,1460,0,0x0010
3942,2026-08-15T10:13:42.280129000-0500,17.413170000,192.168.0.178,192.168.0.148,25565,53414,2394566,10202,1460,0,0x0010
3943,2026-08-15T10:13:42.280157000-0500,17.413198000,192.168.0.148,192.168.0.178,53414,25565,10202,2396026,0,0,0x0010
3944,2026-08-15T10:13:42.280407000-0500,17.413448000,192.168.0.178,192.168.0.148,25565,53414,2396026,10202,1460,0,0x0010
3945,2026-08-15T10:13:42.280407000-0500,17.413448000,192.168.0.178,192.168.0.148,25565,53414,2397486,10202,475,0,0x0018
3946,2026-08-15T10:13:42.280435000-0500,17.413476000,192.168.0.148,192.168.0.178,53414,25565,10202,2397961,0,0,0x0010
3947,2026-08-15T10:13:42.293361000-0500,17.426402000,192.168.0.148,192.168.0.178,53414,25565,10202,2397961,28,0,0x0018
3948,2026-08-15T10:13:42.294587000-0500,17.427628000,192.168.0.148,192.168.0.178,53414,25565,10230,2397961,3,0,0x0018
3949,2026-08-15T10:13:42.295350000-0500,17.428391000,192.168.0.178,192.168.0.148,25565,53414,2397961,10233,0,0,0x0010
3950,2026-08-15T10:13:42.330952000-0500,17.463993000,192.168.0.178,192.168.0.148,25565,53414,2397961,10233,1460,0,0x0010
3951,2026-08-15T10:13:42.330952000-0500,17.463993000,192.168.0.178,192.168.0.148,25565,53414,2399421,10233,1460,0,0x0010
3952,2026-08-15T10:13:42.331111000-0500,17.464152000,192.168.0.148,192.168.0.178,53414,25565,10233,2400881,0,0,0x0010
3953,2026-08-15T10:13:42.331203000-0500,17.464244000,192.168.0.178,192.168.0.148,25565,53414,2400881,10233,1460,0,0x0010
3954,2026-08-15T10:13:42.331203000-0500,17.464244000,192.168.0.178,192.168.0.148,25565,53414,2402341,10233,322,0,0x0018
3955,2026-08-15T10:13:42.331211000-0500,17.464252000,192.168.0.148,192.168.0.178,53414,25565,10233,2402663,0,0,0x0010
3956,2026-08-15T10:13:42.342382000-0500,17.475423000,192.168.0.148,192.168.0.178,53414,25565,10233,2402663,28,0,0x0018
3957,2026-08-15T10:13:42.343037000-0500,17.476078000,192.168.0.148,192.168.0.178,53414,25565,10261,2402663,3,0,0x0018
3958,2026-08-15T10:13:42.343775000-0500,17.476816000,192.168.0.178,192.168.0.148,25565,53414,2402663,10264,0,0,0x0010
3959,2026-08-15T10:13:42.378944000-0500,17.511985000,192.168.0.178,192.168.0.148,25565,53414,2402663,10264,1460,0,0x0010
3960,2026-08-15T10:13:42.378944000-0500,17.511985000,192.168.0.178,192.168.0.148,25565,53414,2404123,10264,1460,0,0x0010
3961,2026-08-15T10:13:42.378999000-0500,17.512040000,192.168.0.148,192.168.0.178,53414,25565,10264,2405583,0,0,0x0010
3962,2026-08-15T10:13:42.379056000-0500,17.512097000,192.168.0.178,192.168.0.148,25565,53414,2405583,10264,1460,0,0x0010
3963,2026-08-15T10:13:42.379280000-0500,17.512321000,192.168.0.178,192.168.0.148,25565,53414,2407043,10264,1460,0,0x0010
3964,2026-08-15T10:13:42.379280000-0500,17.512321000,192.168.0.178,192.168.0.148,25565,53414,2408503,10264,1460,0,0x0010
3965,2026-08-15T10:13:42.379302000-0500,17.512343000,192.168.0.148,192.168.0.178,53414,25565,10264,2409963,0,0,0x0010
3966,2026-08-15T10:13:42.379493000-0500,17.512534000,192.168.0.178,192.168.0.148,25565,53414,2409963,10264,1460,0,0x0010
3967,2026-08-15T10:13:42.379514000-0500,17.512555000,192.168.0.148,192.168.0.178,53414,25565,10264,2411423,0,0,0x0010
3968,2026-08-15T10:13:42.379551000-0500,17.512592000,192.168.0.178,192.168.0.148,25565,53414,2411423,10264,1460,0,0x0010
3969,2026-08-15T10:13:42.379767000-0500,17.512808000,192.168.0.178,192.168.0.148,25565,53414,2412883,10264,1460,0,0x0010
3970,2026-08-15T10:13:42.379767000-0500,17.512808000,192.168.0.178,192.168.0.148,25565,53414,2414343,10264,1460,0,0x0018
3971,2026-08-15T10:13:42.379791000-0500,17.512832000,192.168.0.148,192.168.0.178,53414,25565,10264,2415803,0,0,0x0010
3972,2026-08-15T10:13:42.379985000-0500,17.513026000,192.168.0.178,192.168.0.148,25565,53414,2415803,10264,1460,0,0x0010
3973,2026-08-15T10:13:42.380005000-0500,17.513046000,192.168.0.148,192.168.0.178,53414,25565,10264,2417263,0,0,0x0010
3974,2026-08-15T10:13:42.380042000-0500,17.513083000,192.168.0.178,192.168.0.148,25565,53414,2417263,10264,1460,0,0x0010
3975,2026-08-15T10:13:42.380255000-0500,17.513296000,192.168.0.178,192.168.0.148,25565,53414,2418723,10264,1460,0,0x0010
3976,2026-08-15T10:13:42.380255000-0500,17.513296000,192.168.0.178,192.168.0.148,25565,53414,2420183,10264,1127,0,0x0018
3977,2026-08-15T10:13:42.380285000-0500,17.513326000,192.168.0.148,192.168.0.178,53414,25565,10264,2421310,0,0,0x0010
3978,2026-08-15T10:13:42.393549000-0500,17.526590000,192.168.0.148,192.168.0.178,53414,25565,10264,2421310,28,0,0x0018
3979,2026-08-15T10:13:42.394588000-0500,17.527629000,192.168.0.148,192.168.0.178,53414,25565,10292,2421310,3,0,0x0018
3980,2026-08-15T10:13:42.397280000-0500,17.530321000,192.168.0.178,192.168.0.148,25565,53414,2421310,10295,0,0,0x0010
3981,2026-08-15T10:13:42.430502000-0500,17.563543000,192.168.0.178,192.168.0.148,25565,53414,2421310,10295,1460,0,0x0010
3982,2026-08-15T10:13:42.430502000-0500,17.563543000,192.168.0.178,192.168.0.148,25565,53414,2422770,10295,1460,0,0x0010
3983,2026-08-15T10:13:42.430564000-0500,17.563605000,192.168.0.148,192.168.0.178,53414,25565,10295,2424230,0,0,0x0010
3984,2026-08-15T10:13:42.430610000-0500,17.563651000,192.168.0.178,192.168.0.148,25565,53414,2424230,10295,1460,0,0x0010
3985,2026-08-15T10:13:42.430836000-0500,17.563877000,192.168.0.178,192.168.0.148,25565,53414,2425690,10295,1460,0,0x0010
3986,2026-08-15T10:13:42.430836000-0500,17.563877000,192.168.0.178,192.168.0.148,25565,53414,2427150,10295,1460,0,0x0010
3987,2026-08-15T10:13:42.430865000-0500,17.563906000,192.168.0.148,192.168.0.178,53414,25565,10295,2428610,0,0,0x0010
3988,2026-08-15T10:13:42.431089000-0500,17.564130000,192.168.0.178,192.168.0.148,25565,53414,2428610,10295,1460,0,0x0010
3989,2026-08-15T10:13:42.431089000-0500,17.564130000,192.168.0.178,192.168.0.148,25565,53414,2430070,10295,1460,0,0x0010
3990,2026-08-15T10:13:42.431125000-0500,17.564166000,192.168.0.148,192.168.0.178,53414,25565,10295,2431530,0,0,0x0010
3991,2026-08-15T10:13:42.431327000-0500,17.564368000,192.168.0.178,192.168.0.148,25565,53414,2431530,10295,1460,0,0x0010
3992,2026-08-15T10:13:42.431327000-0500,17.564368000,192.168.0.178,192.168.0.148,25565,53414,2432990,10295,1460,0,0x0018
3993,2026-08-15T10:13:42.431360000-0500,17.564401000,192.168.0.148,192.168.0.178,53414,25565,10295,2434450,0,0,0x0010
3994,2026-08-15T10:13:42.431582000-0500,17.564623000,192.168.0.178,192.168.0.148,25565,53414,2434450,10295,1460,0,0x0010
3995,2026-08-15T10:13:42.431582000-0500,17.564623000,192.168.0.178,192.168.0.148,25565,53414,2435910,10295,1460,0,0x0010
3996,2026-08-15T10:13:42.431617000-0500,17.564658000,192.168.0.148,192.168.0.178,53414,25565,10295,2437370,0,0,0x0010
3997,2026-08-15T10:13:42.431675000-0500,17.564716000,192.168.0.178,192.168.0.148,25565,53414,2437370,10295,1151,0,0x0018
3998,2026-08-15T10:13:42.431689000-0500,17.564730000,192.168.0.148,192.168.0.178,53414,25565,10295,2438521,0,0,0x0010
3999,2026-08-15T10:13:42.442820000-0500,17.575861000,192.168.0.148,192.168.0.178,53414,25565,10295,2438521,28,0,0x0018
4000,2026-08-15T10:13:42.443505000-0500,17.576546000,192.168.0.148,192.168.0.178,53414,25565,10323,2438521,3,0,0x0018
4001,2026-08-15T10:13:42.444153000-0500,17.577194000,192.168.0.178,192.168.0.148,25565,53414,2438521,10326,0,0,0x0010
4002,2026-08-15T10:13:42.480508000-0500,17.613549000,192.168.0.178,192.168.0.148,25565,53414,2438521,10326,1460,0,0x0010
4003,2026-08-15T10:13:42.480508000-0500,17.613549000,192.168.0.178,192.168.0.148,25565,53414,2439981,10326,1460,0,0x0010
4004,2026-08-15T10:13:42.480564000-0500,17.613605000,192.168.0.148,192.168.0.178,53414,25565,10326,2441441,0,0,0x0010
4005,2026-08-15T10:13:42.480613000-0500,17.613654000,192.168.0.178,192.168.0.148,25565,53414,2441441,10326,1460,0,0x0010
4006,2026-08-15T10:13:42.480840000-0500,17.613881000,192.168.0.178,192.168.0.148,25565,53414,2442901,10326,1460,0,0x0010
4007,2026-08-15T10:13:42.480840000-0500,17.613881000,192.168.0.178,192.168.0.148,25565,53414,2444361,10326,1460,0,0x0010
4008,2026-08-15T10:13:42.480865000-0500,17.613906000,192.168.0.148,192.168.0.178,53414,25565,10326,2445821,0,0,0x0010
4009,2026-08-15T10:13:42.481084000-0500,17.614125000,192.168.0.178,192.168.0.148,25565,53414,2445821,10326,1460,0,0x0010
4010,2026-08-15T10:13:42.481084000-0500,17.614125000,192.168.0.178,192.168.0.148,25565,53414,2447281,10326,1460,0,0x0010
4011,2026-08-15T10:13:42.481112000-0500,17.614153000,192.168.0.148,192.168.0.178,53414,25565,10326,2448741,0,0,0x0010
4012,2026-08-15T10:13:42.481330000-0500,17.614371000,192.168.0.178,192.168.0.148,25565,53414,2448741,10326,1460,0,0x0010
4013,2026-08-15T10:13:42.481330000-0500,17.614371000,192.168.0.178,192.168.0.148,25565,53414,2450201,10326,1460,0,0x0018
4014,2026-08-15T10:13:42.481357000-0500,17.614398000,192.168.0.148,192.168.0.178,53414,25565,10326,2451661,0,0,0x0010
4015,2026-08-15T10:13:42.481576000-0500,17.614617000,192.168.0.178,192.168.0.148,25565,53414,2451661,10326,1460,0,0x0010
4016,2026-08-15T10:13:42.481576000-0500,17.614617000,192.168.0.178,192.168.0.148,25565,53414,2453121,10326,1460,0,0x0010
4017,2026-08-15T10:13:42.481599000-0500,17.614640000,192.168.0.148,192.168.0.178,53414,25565,10326,2454581,0,0,0x0010
4018,2026-08-15T10:13:42.481815000-0500,17.614856000,192.168.0.178,192.168.0.148,25565,53414,2454581,10326,1460,0,0x0010
4019,2026-08-15T10:13:42.481837000-0500,17.614878000,192.168.0.148,192.168.0.178,53414,25565,10326,2456041,0,0,0x0010
4020,2026-08-15T10:13:42.481882000-0500,17.614923000,192.168.0.178,192.168.0.148,25565,53414,2456041,10326,1460,0,0x0010
4021,2026-08-15T10:13:42.481882000-0500,17.614923000,192.168.0.178,192.168.0.148,25565,53414,2457501,10326,459,0,0x0018
4022,2026-08-15T10:13:42.481897000-0500,17.614938000,192.168.0.148,192.168.0.178,53414,25565,10326,2457960,0,0,0x0010
4023,2026-08-15T10:13:42.493398000-0500,17.626439000,192.168.0.148,192.168.0.178,53414,25565,10326,2457960,28,0,0x0018
4024,2026-08-15T10:13:42.494239000-0500,17.627280000,192.168.0.148,192.168.0.178,53414,25565,10354,2457960,3,0,0x0018
4025,2026-08-15T10:13:42.494970000-0500,17.628011000,192.168.0.178,192.168.0.148,25565,53414,2457960,10357,0,0,0x0010
4026,2026-08-15T10:13:42.529608000-0500,17.662649000,192.168.0.178,192.168.0.148,25565,53414,2457960,10357,1460,0,0x0010
4027,2026-08-15T10:13:42.529608000-0500,17.662649000,192.168.0.178,192.168.0.148,25565,53414,2459420,10357,1460,0,0x0010
4028,2026-08-15T10:13:42.529655000-0500,17.662696000,192.168.0.148,192.168.0.178,53414,25565,10357,2460880,0,0,0x0010
4029,2026-08-15T10:13:42.529713000-0500,17.662754000,192.168.0.178,192.168.0.148,25565,53414,2460880,10357,1460,0,0x0010
4030,2026-08-15T10:13:42.529941000-0500,17.662982000,192.168.0.178,192.168.0.148,25565,53414,2462340,10357,1460,0,0x0010
4031,2026-08-15T10:13:42.529941000-0500,17.662982000,192.168.0.178,192.168.0.148,25565,53414,2463800,10357,1460,0,0x0010
4032,2026-08-15T10:13:42.529962000-0500,17.663003000,192.168.0.148,192.168.0.178,53414,25565,10357,2465260,0,0,0x0010
4033,2026-08-15T10:13:42.530152000-0500,17.663193000,192.168.0.178,192.168.0.148,25565,53414,2465260,10357,1460,0,0x0010
4034,2026-08-15T10:13:42.530171000-0500,17.663212000,192.168.0.148,192.168.0.178,53414,25565,10357,2466720,0,0,0x0010
4035,2026-08-15T10:13:42.530206000-0500,17.663247000,192.168.0.178,192.168.0.148,25565,53414,2466720,10357,1460,0,0x0010
4036,2026-08-15T10:13:42.530345000-0500,17.663386000,192.168.0.178,192.168.0.148,25565,53414,2468180,10357,1460,0,0x0010
4037,2026-08-15T10:13:42.530363000-0500,17.663404000,192.168.0.148,192.168.0.178,53414,25565,10357,2469640,0,0,0x0010
4038,2026-08-15T10:13:42.530434000-0500,17.663475000,192.168.0.178,192.168.0.148,25565,53414,2469640,10357,1460,0,0x0018
4039,2026-08-15T10:13:42.530703000-0500,17.663744000,192.168.0.178,192.168.0.148,25565,53414,2471100,10357,1460,0,0x0010
4040,2026-08-15T10:13:42.530703000-0500,17.663744000,192.168.0.178,192.168.0.148,25565,53414,2472560,10357,53,0,0x0018
4041,2026-08-15T10:13:42.530723000-0500,17.663764000,192.168.0.148,192.168.0.178,53414,25565,10357,2472613,0,0,0x0010
4042,2026-08-15T10:13:42.542822000-0500,17.675863000,192.168.0.148,192.168.0.178,53414,25565,10357,2472613,28,0,0x0018
4043,2026-08-15T10:13:42.543741000-0500,17.676782000,192.168.0.148,192.168.0.178,53414,25565,10385,2472613,3,0,0x0018
4044,2026-08-15T10:13:42.544067000-0500,17.677108000,192.168.0.178,192.168.0.148,25565,53414,2472613,10385,46,0,0x0018
4045,2026-08-15T10:13:42.544194000-0500,17.677235000,192.168.0.178,192.168.0.148,25565,53414,2472659,10388,11,0,0x0018
4046,2026-08-15T10:13:42.544194000-0500,17.677235000,192.168.0.178,192.168.0.148,25565,53414,2472670,10388,22,0,0x0018
4047,2026-08-15T10:13:42.544208000-0500,17.677249000,192.168.0.148,192.168.0.178,53414,25565,10388,2472692,0,0,0x0010
4048,2026-08-15T10:13:42.544248000-0500,17.677289000,192.168.0.178,192.168.0.148,25565,53414,2472692,10388,33,0,0x0018
4049,2026-08-15T10:13:42.544248000-0500,17.677289000,192.168.0.178,192.168.0.148,25565,53414,2472725,10388,11,0,0x0018
4050,2026-08-15T10:13:42.544248000-0500,17.677289000,192.168.0.178,192.168.0.148,25565,53414,2472736,10388,22,0,0x0018
4051,2026-08-15T10:13:42.544261000-0500,17.677302000,192.168.0.148,192.168.0.178,53414,25565,10388,2472758,0,0,0x0010
4052,2026-08-15T10:13:42.544267000-0500,17.677308000,192.168.0.178,192.168.0.148,25565,53414,2472758,10388,11,0,0x0018
4053,2026-08-15T10:13:42.545928000-0500,17.678969000,192.168.0.178,192.168.0.148,25565,53414,2472769,10388,11,0,0x0018
4054,2026-08-15T10:13:42.545944000-0500,17.678985000,192.168.0.148,192.168.0.178,53414,25565,10388,2472780,0,0,0x0010
4055,2026-08-15T10:13:42.549316000-0500,17.682357000,192.168.0.178,192.168.0.148,25565,53414,2472780,10388,11,0,0x0018
4056,2026-08-15T10:13:42.549316000-0500,17.682357000,192.168.0.178,192.168.0.148,25565,53414,2472791,10388,22,0,0x0018
4057,2026-08-15T10:13:42.549347000-0500,17.682388000,192.168.0.148,192.168.0.178,53414,25565,10388,2472813,0,0,0x0010
4058,2026-08-15T10:13:42.549389000-0500,17.682430000,192.168.0.178,192.168.0.148,25565,53414,2472813,10388,11,0,0x0018
4059,2026-08-15T10:13:42.549389000-0500,17.682430000,192.168.0.178,192.168.0.148,25565,53414,2472824,10388,11,0,0x0018
4060,2026-08-15T10:13:42.549389000-0500,17.682430000,192.168.0.178,192.168.0.148,25565,53414,2472835,10388,22,0,0x0018
4061,2026-08-15T10:13:42.549389000-0500,17.682430000,192.168.0.178,192.168.0.148,25565,53414,2472857,10388,24,0,0x0018
4062,2026-08-15T10:13:42.549397000-0500,17.682438000,192.168.0.148,192.168.0.178,53414,25565,10388,2472881,0,0,0x0010
4063,2026-08-15T10:13:42.579064000-0500,17.712105000,192.168.0.178,192.168.0.148,25565,53414,2472881,10388,461,0,0x0018
4064,2026-08-15T10:13:42.579290000-0500,17.712331000,192.168.0.148,192.168.0.178,53414,25565,10388,2473342,11,0,0x0018
4065,2026-08-15T10:13:42.593237000-0500,17.726278000,192.168.0.148,192.168.0.178,53414,25565,10399,2473342,28,0,0x0018
4066,2026-08-15T10:13:42.593949000-0500,17.726990000,192.168.0.178,192.168.0.148,25565,53414,2473342,10427,0,0,0x0010
4067,2026-08-15T10:13:42.594338000-0500,17.727379000,192.168.0.148,192.168.0.178,53414,25565,10427,2473342,3,0,0x0018
4068,2026-08-15T10:13:42.630713000-0500,17.763754000,192.168.0.178,192.168.0.148,25565,53414,2473342,10430,1037,0,0x0018
4069,2026-08-15T10:13:42.642944000-0500,17.775985000,192.168.0.148,192.168.0.178,53414,25565,10430,2474379,28,0,0x0018
4070,2026-08-15T10:13:42.643553000-0500,17.776594000,192.168.0.148,192.168.0.178,53414,25565,10458,2474379,3,0,0x0018
4071,2026-08-15T10:13:42.644254000-0500,17.777295000,192.168.0.178,192.168.0.148,25565,53414,2474379,10461,0,0,0x0010
4072,2026-08-15T10:13:42.678710000-0500,17.811751000,192.168.0.178,192.168.0.148,25565,53414,2474379,10461,690,0,0x0018
4073,2026-08-15T10:13:42.693388000-0500,17.826429000,192.168.0.148,192.168.0.178,53414,25565,10461,2475069,4,0,0x0018
4074,2026-08-15T10:13:42.693419000-0500,17.826460000,192.168.0.148,192.168.0.178,53414,25565,10465,2475069,28,0,0x0018
4075,2026-08-15T10:13:42.694482000-0500,17.827523000,192.168.0.178,192.168.0.148,25565,53414,2475069,10493,0,0,0x0010
4076,2026-08-15T10:13:42.694591000-0500,17.827632000,192.168.0.148,192.168.0.178,53414,25565,10493,2475069,3,0,0x0018
4077,2026-08-15T10:13:42.729798000-0500,17.862839000,192.168.0.178,192.168.0.148,25565,53414,2475069,10496,797,0,0x0018
4078,2026-08-15T10:13:42.744248000-0500,17.877289000,192.168.0.148,192.168.0.178,53414,25565,10496,2475866,28,0,0x0018
4079,2026-08-15T10:13:42.745611000-0500,17.878652000,192.168.0.148,192.168.0.178,53414,25565,10524,2475866,3,0,0x0018
4080,2026-08-15T10:13:42.746312000-0500,17.879353000,192.168.0.178,192.168.0.148,25565,53414,2475866,10527,0,0,0x0010
4081,2026-08-15T10:13:42.783919000-0500,17.916960000,192.168.0.178,192.168.0.148,25565,53414,2475866,10527,449,0,0x0018
4082,2026-08-15T10:13:42.792666000-0500,17.925707000,192.168.0.148,192.168.0.178,53414,25565,10527,2476315,28,0,0x0018
4083,2026-08-15T10:13:42.793304000-0500,17.926345000,192.168.0.148,192.168.0.178,53414,25565,10555,2476315,3,0,0x0018
4084,2026-08-15T10:13:42.793986000-0500,17.927027000,192.168.0.178,192.168.0.148,25565,53414,2476315,10558,0,0,0x0010
4085,2026-08-15T10:13:42.829120000-0500,17.962161000,192.168.0.178,192.168.0.148,25565,53414,2476315,10558,497,0,0x0018
4086,2026-08-15T10:13:42.842691000-0500,17.975732000,192.168.0.148,192.168.0.178,53414,25565,10558,2476812,28,0,0x0018
4087,2026-08-15T10:13:42.843801000-0500,17.976842000,192.168.0.148,192.168.0.178,53414,25565,10586,2476812,3,0,0x0018
4088,2026-08-15T10:13:42.844486000-0500,17.977527000,192.168.0.178,192.168.0.148,25565,53414,2476812,10589,0,0,0x0010
4089,2026-08-15T10:13:42.878729000-0500,18.011770000,192.168.0.178,192.168.0.148,25565,53414,2476812,10589,738,0,0x0018
4090,2026-08-15T10:13:42.892927000-0500,18.025968000,192.168.0.148,192.168.0.178,53414,25565,10589,2477550,28,0,0x0018
4091,2026-08-15T10:13:42.893936000-0500,18.026977000,192.168.0.148,192.168.0.178,53414,25565,10617,2477550,3,0,0x0018
4092,2026-08-15T10:13:42.894535000-0500,18.027576000,192.168.0.178,192.168.0.148,25565,53414,2477550,10620,0,0,0x0010
4093,2026-08-15T10:13:42.942732000-0500,18.075773000,192.168.0.148,192.168.0.178,53414,25565,10620,2477550,28,0,0x0018
4094,2026-08-15T10:13:42.943802000-0500,18.076843000,192.168.0.148,192.168.0.178,53414,25565,10648,2477550,3,0,0x0018
4095,2026-08-15T10:13:42.957311000-0500,18.090352000,192.168.0.178,192.168.0.148,25565,53414,2477550,10651,0,0,0x0010
4096,2026-08-15T10:13:42.959031000-0500,18.092072000,192.168.0.178,192.168.0.148,25565,53414,2477550,10651,238,0,0x0018
4097,2026-08-15T10:13:42.979627000-0500,18.112668000,192.168.0.178,192.168.0.148,25565,53414,2477788,10651,725,0,0x0018
4098,2026-08-15T10:13:42.979690000-0500,18.112731000,192.168.0.148,192.168.0.178,53414,25565,10651,2478513,0,0,0x0010
4099,2026-08-15T10:13:42.993640000-0500,18.126681000,192.168.0.148,192.168.0.178,53414,25565,10651,2478513,28,0,0x0018
4100,2026-08-15T10:13:42.994845000-0500,18.127886000,192.168.0.148,192.168.0.178,53414,25565,10679,2478513,3,0,0x0018
4101,2026-08-15T10:13:42.995274000-0500,18.128315000,192.168.0.178,192.168.0.148,25565,53414,2478513,10682,0,0,0x0010
4102,2026-08-15T10:13:43.030084000-0500,18.163125000,192.168.0.178,192.168.0.148,25565,53414,2478513,10682,339,0,0x0018
4103,2026-08-15T10:13:43.042504000-0500,18.175545000,192.168.0.148,192.168.0.178,53414,25565,10682,2478852,28,0,0x0018
4104,2026-08-15T10:13:43.043370000-0500,18.176411000,192.168.0.148,192.168.0.178,53414,25565,10710,2478852,3,0,0x0018
4105,2026-08-15T10:13:43.043956000-0500,18.176997000,192.168.0.178,192.168.0.148,25565,53414,2478852,10713,0,0,0x0010
4106,2026-08-15T10:13:43.080172000-0500,18.213213000,192.168.0.178,192.168.0.148,25565,53414,2478852,10713,232,0,0x0018
4107,2026-08-15T10:13:43.092739000-0500,18.225780000,192.168.0.148,192.168.0.178,53414,25565,10713,2479084,28,0,0x0018
4108,2026-08-15T10:13:43.093889000-0500,18.226930000,192.168.0.148,192.168.0.178,53414,25565,10741,2479084,3,0,0x0018
4109,2026-08-15T10:13:43.094311000-0500,18.227352000,192.168.0.178,192.168.0.148,25565,53414,2479084,10744,0,0,0x0010
4110,2026-08-15T10:13:43.137610000-0500,18.270651000,192.168.0.178,192.168.0.148,25565,53414,2479084,10744,1460,0,0x0010
4111,2026-08-15T10:13:43.137610000-0500,18.270651000,192.168.0.178,192.168.0.148,25565,53414,2480544,10744,1460,0,0x0010
4112,2026-08-15T10:13:43.137672000-0500,18.270713000,192.168.0.148,192.168.0.178,53414,25565,10744,2482004,0,0,0x0010
4113,2026-08-15T10:13:43.137720000-0500,18.270761000,192.168.0.178,192.168.0.148,25565,53414,2482004,10744,1460,0,0x0010
4114,2026-08-15T10:13:43.137936000-0500,18.270977000,192.168.0.178,192.168.0.148,25565,53414,2483464,10744,1460,0,0x0010
4115,2026-08-15T10:13:43.137936000-0500,18.270977000,192.168.0.178,192.168.0.148,25565,53414,2484924,10744,1460,0,0x0010
4116,2026-08-15T10:13:43.137966000-0500,18.271007000,192.168.0.148,192.168.0.178,53414,25565,10744,2486384,0,0,0x0010
4117,2026-08-15T10:13:43.138175000-0500,18.271216000,192.168.0.178,192.168.0.148,25565,53414,2486384,10744,1460,0,0x0010
4118,2026-08-15T10:13:43.138175000-0500,18.271216000,192.168.0.178,192.168.0.148,25565,53414,2487844,10744,1460,0,0x0010
4119,2026-08-15T10:13:43.138205000-0500,18.271246000,192.168.0.148,192.168.0.178,53414,25565,10744,2489304,0,0,0x0010
4120,2026-08-15T10:13:43.138418000-0500,18.271459000,192.168.0.178,192.168.0.148,25565,53414,2489304,10744,1460,0,0x0010
4121,2026-08-15T10:13:43.138418000-0500,18.271459000,192.168.0.178,192.168.0.148,25565,53414,2490764,10744,1460,0,0x0018
4122,2026-08-15T10:13:43.138450000-0500,18.271491000,192.168.0.148,192.168.0.178,53414,25565,10744,2492224,0,0,0x0010
4123,2026-08-15T10:13:43.138673000-0500,18.271714000,192.168.0.178,192.168.0.148,25565,53414,2492224,10744,1460,0,0x0010
4124,2026-08-15T10:13:43.138673000-0500,18.271714000,192.168.0.178,192.168.0.148,25565,53414,2493684,10744,1460,0,0x0010
4125,2026-08-15T10:13:43.138708000-0500,18.271749000,192.168.0.148,192.168.0.178,53414,25565,10744,2495144,0,0,0x0010
4126,2026-08-15T10:13:43.138957000-0500,18.271998000,192.168.0.178,192.168.0.148,25565,53414,2495144,10744,1460,0,0x0010
4127,2026-08-15T10:13:43.138957000-0500,18.271998000,192.168.0.178,192.168.0.148,25565,53414,2496604,10744,88,0,0x0018
4128,2026-08-15T10:13:43.138989000-0500,18.272030000,192.168.0.148,192.168.0.178,53414,25565,10744,2496692,0,0,0x0010
4129,2026-08-15T10:13:43.142642000-0500,18.275683000,192.168.0.148,192.168.0.178,53414,25565,10744,2496692,28,0,0x0018
4130,2026-08-15T10:13:43.143363000-0500,18.276404000,192.168.0.148,192.168.0.178,53414,25565,10772,2496692,3,0,0x0018
4131,2026-08-15T10:13:43.143944000-0500,18.276985000,192.168.0.178,192.168.0.148,25565,53414,2496692,10775,0,0,0x0010
4132,2026-08-15T10:13:43.183360000-0500,18.316401000,192.168.0.178,192.168.0.148,25565,53414,2496692,10775,1460,0,0x0010
4133,2026-08-15T10:13:43.183360000-0500,18.316401000,192.168.0.178,192.168.0.148,25565,53414,2498152,10775,1460,0,0x0010
4134,2026-08-15T10:13:43.183424000-0500,18.316465000,192.168.0.148,192.168.0.178,53414,25565,10775,2499612,0,0,0x0010
4135,2026-08-15T10:13:43.183471000-0500,18.316512000,192.168.0.178,192.168.0.148,25565,53414,2499612,10775,1460,0,0x0010
4136,2026-08-15T10:13:43.183684000-0500,18.316725000,192.168.0.178,192.168.0.148,25565,53414,2501072,10775,1460,0,0x0010
4137,2026-08-15T10:13:43.183684000-0500,18.316725000,192.168.0.178,192.168.0.148,25565,53414,2502532,10775,1460,0,0x0010
4138,2026-08-15T10:13:43.183715000-0500,18.316756000,192.168.0.148,192.168.0.178,53414,25565,10775,2503992,0,0,0x0010
4139,2026-08-15T10:13:43.183938000-0500,18.316979000,192.168.0.178,192.168.0.148,25565,53414,2503992,10775,1460,0,0x0010
4140,2026-08-15T10:13:43.183938000-0500,18.316979000,192.168.0.178,192.168.0.148,25565,53414,2505452,10775,1460,0,0x0010
4141,2026-08-15T10:13:43.183962000-0500,18.317003000,192.168.0.148,192.168.0.178,53414,25565,10775,2506912,0,0,0x0010
4142,2026-08-15T10:13:43.184147000-0500,18.317188000,192.168.0.178,192.168.0.148,25565,53414,2506912,10775,1460,0,0x0010
4143,2026-08-15T10:13:43.184176000-0500,18.317217000,192.168.0.148,192.168.0.178,53414,25565,10775,2508372,0,0,0x0010
4144,2026-08-15T10:13:43.184216000-0500,18.317257000,192.168.0.178,192.168.0.148,25565,53414,2508372,10775,1460,0,0x0018
4145,2026-08-15T10:13:43.184289000-0500,18.317330000,192.168.0.178,192.168.0.148,25565,53414,2509832,10775,1460,0,0x0010
4146,2026-08-15T10:13:43.184295000-0500,18.317336000,192.168.0.148,192.168.0.178,53414,25565,10775,2511292,0,0,0x0010
4147,2026-08-15T10:13:43.184453000-0500,18.317494000,192.168.0.178,192.168.0.148,25565,53414,2511292,10775,1460,0,0x0010
4148,2026-08-15T10:13:43.184536000-0500,18.317577000,192.168.0.178,192.168.0.148,25565,53414,2512752,10775,1460,0,0x0010
4149,2026-08-15T10:13:43.184550000-0500,18.317591000,192.168.0.148,192.168.0.178,53414,25565,10775,2514212,0,0,0x0010
4150,2026-08-15T10:13:43.184806000-0500,18.317847000,192.168.0.178,192.168.0.148,25565,53414,2514212,10775,1099,0,0x0018
4151,2026-08-15T10:13:43.192466000-0500,18.325507000,192.168.0.148,192.168.0.178,53414,25565,10775,2515311,4,0,0x0018
4152,2026-08-15T10:13:43.192481000-0500,18.325522000,192.168.0.148,192.168.0.178,53414,25565,10779,2515311,28,0,0x0018
4153,2026-08-15T10:13:43.193140000-0500,18.326181000,192.168.0.148,192.168.0.178,53414,25565,10807,2515311,3,0,0x0018
4154,2026-08-15T10:13:43.197234000-0500,18.330275000,192.168.0.178,192.168.0.148,25565,53414,2515311,10810,0,0,0x0010
4155,2026-08-15T10:13:43.230013000-0500,18.363054000,192.168.0.178,192.168.0.148,25565,53414,2515311,10810,1460,0,0x0010
4156,2026-08-15T10:13:43.230013000-0500,18.363054000,192.168.0.178,192.168.0.148,25565,53414,2516771,10810,1460,0,0x0010
4157,2026-08-15T10:13:43.230062000-0500,18.363103000,192.168.0.148,192.168.0.178,53414,25565,10810,2518231,0,0,0x0010
4158,2026-08-15T10:13:43.230119000-0500,18.363160000,192.168.0.178,192.168.0.148,25565,53414,2518231,10810,1460,0,0x0010
4159,2026-08-15T10:13:43.230355000-0500,18.363396000,192.168.0.178,192.168.0.148,25565,53414,2519691,10810,1460,0,0x0010
4160,2026-08-15T10:13:43.230355000-0500,18.363396000,192.168.0.178,192.168.0.148,25565,53414,2521151,10810,1460,0,0x0010
4161,2026-08-15T10:13:43.230375000-0500,18.363416000,192.168.0.148,192.168.0.178,53414,25565,10810,2522611,0,0,0x0010
4162,2026-08-15T10:13:43.230586000-0500,18.363627000,192.168.0.178,192.168.0.148,25565,53414,2522611,10810,1460,0,0x0010
4163,2026-08-15T10:13:43.230609000-0500,18.363650000,192.168.0.148,192.168.0.178,53414,25565,10810,2524071,0,0,0x0010
4164,2026-08-15T10:13:43.230657000-0500,18.363698000,192.168.0.178,192.168.0.148,25565,53414,2524071,10810,1460,0,0x0010
4165,2026-08-15T10:13:43.230856000-0500,18.363897000,192.168.0.178,192.168.0.148,25565,53414,2525531,10810,1460,0,0x0010
4166,2026-08-15T10:13:43.230856000-0500,18.363897000,192.168.0.178,192.168.0.148,25565,53414,2526991,10810,1296,0,0x0018
4167,2026-08-15T10:13:43.230879000-0500,18.363920000,192.168.0.148,192.168.0.178,53414,25565,10810,2528287,0,0,0x0010
4168,2026-08-15T10:13:43.242531000-0500,18.375572000,192.168.0.148,192.168.0.178,53414,25565,10810,2528287,28,0,0x0018
4169,2026-08-15T10:13:43.243362000-0500,18.376403000,192.168.0.148,192.168.0.178,53414,25565,10838,2528287,3,0,0x0018
4170,2026-08-15T10:13:43.243958000-0500,18.376999000,192.168.0.178,192.168.0.148,25565,53414,2528287,10841,0,0,0x0010
4171,2026-08-15T10:13:43.282294000-0500,18.415335000,192.168.0.178,192.168.0.148,25565,53414,2528287,10841,1460,0,0x0010
4172,2026-08-15T10:13:43.282294000-0500,18.415335000,192.168.0.178,192.168.0.148,25565,53414,2529747,10841,1460,0,0x0010
4173,2026-08-15T10:13:43.282340000-0500,18.415381000,192.168.0.148,192.168.0.178,53414,25565,10841,2531207,0,0,0x0010
4174,2026-08-15T10:13:43.282402000-0500,18.415443000,192.168.0.178,192.168.0.148,25565,53414,2531207,10841,1460,0,0x0010
4175,2026-08-15T10:13:43.282617000-0500,18.415658000,192.168.0.178,192.168.0.148,25565,53414,2532667,10841,1460,0,0x0010
4176,2026-08-15T10:13:43.282617000-0500,18.415658000,192.168.0.178,192.168.0.148,25565,53414,2534127,10841,1460,0,0x0010
4177,2026-08-15T10:13:43.282636000-0500,18.415677000,192.168.0.148,192.168.0.178,53414,25565,10841,2535587,0,0,0x0010
4178,2026-08-15T10:13:43.282842000-0500,18.415883000,192.168.0.178,192.168.0.148,25565,53414,2535587,10841,1460,0,0x0010
4179,2026-08-15T10:13:43.282860000-0500,18.415901000,192.168.0.148,192.168.0.178,53414,25565,10841,2537047,0,0,0x0010
4180,2026-08-15T10:13:43.282897000-0500,18.415938000,192.168.0.178,192.168.0.148,25565,53414,2537047,10841,1460,0,0x0010
4181,2026-08-15T10:13:43.283063000-0500,18.416104000,192.168.0.178,192.168.0.148,25565,53414,2538507,10841,1460,0,0x0010
4182,2026-08-15T10:13:43.283081000-0500,18.416122000,192.168.0.148,192.168.0.178,53414,25565,10841,2539967,0,0,0x0010
4183,2026-08-15T10:13:43.283137000-0500,18.416178000,192.168.0.178,192.168.0.148,25565,53414,2539967,10841,1460,0,0x0018
4184,2026-08-15T10:13:43.283312000-0500,18.416353000,192.168.0.178,192.168.0.148,25565,53414,2541427,10841,1460,0,0x0010
4185,2026-08-15T10:13:43.283330000-0500,18.416371000,192.168.0.148,192.168.0.178,53414,25565,10841,2542887,0,0,0x0010
4186,2026-08-15T10:13:43.283389000-0500,18.416430000,192.168.0.178,192.168.0.148,25565,53414,2542887,10841,1460,0,0x0010
4187,2026-08-15T10:13:43.283615000-0500,18.416656000,192.168.0.178,192.168.0.148,25565,53414,2544347,10841,1460,0,0x0010
4188,2026-08-15T10:13:43.283615000-0500,18.416656000,192.168.0.178,192.168.0.148,25565,53414,2545807,10841,603,0,0x0018
4189,2026-08-15T10:13:43.283639000-0500,18.416680000,192.168.0.148,192.168.0.178,53414,25565,10841,2546410,0,0,0x0010
4190,2026-08-15T10:13:43.292757000-0500,18.425798000,192.168.0.148,192.168.0.178,53414,25565,10841,2546410,28,0,0x0018
4191,2026-08-15T10:13:43.293620000-0500,18.426661000,192.168.0.148,192.168.0.178,53414,25565,10869,2546410,3,0,0x0018
4192,2026-08-15T10:13:43.294248000-0500,18.427289000,192.168.0.178,192.168.0.148,25565,53414,2546410,10872,0,0,0x0010
4193,2026-08-15T10:13:43.332776000-0500,18.465817000,192.168.0.178,192.168.0.148,25565,53414,2546410,10872,1460,0,0x0010
4194,2026-08-15T10:13:43.332776000-0500,18.465817000,192.168.0.178,192.168.0.148,25565,53414,2547870,10872,1460,0,0x0010
4195,2026-08-15T10:13:43.332825000-0500,18.465866000,192.168.0.148,192.168.0.178,53414,25565,10872,2549330,0,0,0x0010
4196,2026-08-15T10:13:43.332883000-0500,18.465924000,192.168.0.178,192.168.0.148,25565,53414,2549330,10872,1460,0,0x0010
4197,2026-08-15T10:13:43.333105000-0500,18.466146000,192.168.0.178,192.168.0.148,25565,53414,2550790,10872,1460,0,0x0010
4198,2026-08-15T10:13:43.333105000-0500,18.466146000,192.168.0.178,192.168.0.148,25565,53414,2552250,10872,1460,0,0x0010
4199,2026-08-15T10:13:43.333124000-0500,18.466165000,192.168.0.148,192.168.0.178,53414,25565,10872,2553710,0,0,0x0010
4200,2026-08-15T10:13:43.333344000-0500,18.466385000,192.168.0.178,192.168.0.148,25565,53414,2553710,10872,1460,0,0x0010
4201,2026-08-15T10:13:43.333361000-0500,18.466402000,192.168.0.148,192.168.0.178,53414,25565,10872,2555170,0,0,0x0010
4202,2026-08-15T10:13:43.333410000-0500,18.466451000,192.168.0.178,192.168.0.148,25565,53414,2555170,10872,1460,0,0x0010
4203,2026-08-15T10:13:43.333598000-0500,18.466639000,192.168.0.178,192.168.0.148,25565,53414,2556630,10872,1460,0,0x0010
4204,2026-08-15T10:13:43.333598000-0500,18.466639000,192.168.0.178,192.168.0.148,25565,53414,2558090,10872,1460,0,0x0018
4205,2026-08-15T10:13:43.333617000-0500,18.466658000,192.168.0.148,192.168.0.178,53414,25565,10872,2559550,0,0,0x0010
4206,2026-08-15T10:13:43.333810000-0500,18.466851000,192.168.0.178,192.168.0.148,25565,53414,2559550,10872,1460,0,0x0010
4207,2026-08-15T10:13:43.333828000-0500,18.466869000,192.168.0.148,192.168.0.178,53414,25565,10872,2561010,0,0,0x0010
4208,2026-08-15T10:13:43.333862000-0500,18.466903000,192.168.0.178,192.168.0.148,25565,53414,2561010,10872,1460,0,0x0010
4209,2026-08-15T10:13:43.334001000-0500,18.467042000,192.168.0.178,192.168.0.148,25565,53414,2562470,10872,1460,0,0x0010
4210,2026-08-15T10:13:43.334018000-0500,18.467059000,192.168.0.148,192.168.0.178,53414,25565,10872,2563930,0,0,0x0010
4211,2026-08-15T10:13:43.334076000-0500,18.467117000,192.168.0.178,192.168.0.148,25565,53414,2563930,10872,1266,0,0x0018
4212,2026-08-15T10:13:43.342604000-0500,18.475645000,192.168.0.148,192.168.0.178,53414,25565,10872,2565196,36,0,0x0018
4213,2026-08-15T10:13:43.343290000-0500,18.476331000,192.168.0.148,192.168.0.178,53414,25565,10908,2565196,3,0,0x0018
4214,2026-08-15T10:13:43.343990000-0500,18.477031000,192.168.0.178,192.168.0.148,25565,53414,2565196,10911,0,0,0x0010
4215,2026-08-15T10:13:43.379845000-0500,18.512886000,192.168.0.178,192.168.0.148,25565,53414,2565196,10911,1460,0,0x0010
4216,2026-08-15T10:13:43.379950000-0500,18.512991000,192.168.0.178,192.168.0.148,25565,53414,2566656,10911,1460,0,0x0010
4217,2026-08-15T10:13:43.379962000-0500,18.513003000,192.168.0.148,192.168.0.178,53414,25565,10911,2568116,0,0,0x0010
4218,2026-08-15T10:13:43.380004000-0500,18.513045000,192.168.0.178,192.168.0.148,25565,53414,2568116,10911,1460,0,0x0010
4219,2026-08-15T10:13:43.380004000-0500,18.513045000,192.168.0.178,192.168.0.148,25565,53414,2569576,10911,343,0,0x0018
4220,2026-08-15T10:13:43.380011000-0500,18.513052000,192.168.0.148,192.168.0.178,53414,25565,10911,2569919,0,0,0x0010
4221,2026-08-15T10:13:43.392381000-0500,18.525422000,192.168.0.148,192.168.0.178,53414,25565,10911,2569919,36,0,0x0018
4222,2026-08-15T10:13:43.393019000-0500,18.526060000,192.168.0.148,192.168.0.178,53414,25565,10947,2569919,3,0,0x0018
4223,2026-08-15T10:13:43.393625000-0500,18.526666000,192.168.0.178,192.168.0.148,25565,53414,2569919,10950,46,0,0x0018
4224,2026-08-15T10:13:43.429125000-0500,18.562166000,192.168.0.178,192.168.0.148,25565,53414,2569965,10950,981,0,0x0018
4225,2026-08-15T10:13:43.429178000-0500,18.562219000,192.168.0.148,192.168.0.178,53414,25565,10950,2570946,0,0,0x0010
4226,2026-08-15T10:13:43.443369000-0500,18.576410000,192.168.0.148,192.168.0.178,53414,25565,10950,2570946,36,0,0x0018
4227,2026-08-15T10:13:43.444459000-0500,18.577500000,192.168.0.148,192.168.0.178,53414,25565,10986,2570946,3,0,0x0018
4228,2026-08-15T10:13:43.445313000-0500,18.578354000,192.168.0.178,192.168.0.148,25565,53414,2570946,10989,0,0,0x0010
4229,2026-08-15T10:13:43.480715000-0500,18.613756000,192.168.0.178,192.168.0.148,25565,53414,2570946,10989,977,0,0x0018
4230,2026-08-15T10:13:43.493292000-0500,18.626333000,192.168.0.148,192.168.0.178,53414,25565,10989,2571923,36,0,0x0018
4231,2026-08-15T10:13:43.494201000-0500,18.627242000,192.168.0.148,192.168.0.178,53414,25565,11025,2571923,3,0,0x0018
4232,2026-08-15T10:13:43.494845000-0500,18.627886000,192.168.0.178,192.168.0.148,25565,53414,2571923,11028,0,0,0x0010
4233,2026-08-15T10:13:43.528881000-0500,18.661922000,192.168.0.178,192.168.0.148,25565,53414,2571923,11028,363,0,0x0018
4234,2026-08-15T10:13:43.543213000-0500,18.676254000,192.168.0.148,192.168.0.178,53414,25565,11028,2572286,36,0,0x0018
4235,2026-08-15T10:13:43.544381000-0500,18.677422000,192.168.0.148,192.168.0.178,53414,25565,11064,2572286,3,0,0x0018
4236,2026-08-15T10:13:43.544420000-0500,18.677461000,192.168.0.178,192.168.0.148,25565,53414,2572286,11064,46,0,0x0018
4237,2026-08-15T10:13:43.582083000-0500,18.715124000,192.168.0.178,192.168.0.148,25565,53414,2572332,11067,840,0,0x0018
4238,2026-08-15T10:13:43.582139000-0500,18.715180000,192.168.0.148,192.168.0.178,53414,25565,11067,2573172,0,0,0x0010
4239,2026-08-15T10:13:43.582366000-0500,18.715407000,192.168.0.148,192.168.0.178,53414,25565,11067,2573172,11,0,0x0018
4240,2026-08-15T10:13:43.593244000-0500,18.726285000,192.168.0.148,192.168.0.178,53414,25565,11078,2573172,36,0,0x0018
4241,2026-08-15T10:13:43.593888000-0500,18.726929000,192.168.0.178,192.168.0.148,25565,53414,2573172,11114,0,0,0x0010
4242,2026-08-15T10:13:43.594210000-0500,18.727251000,192.168.0.148,192.168.0.178,53414,25565,11114,2573172,3,0,0x0018
4243,2026-08-15T10:13:43.630800000-0500,18.763841000,192.168.0.178,192.168.0.148,25565,53414,2573172,11117,677,0,0x0018
4244,2026-08-15T10:13:43.642915000-0500,18.775956000,192.168.0.148,192.168.0.178,53414,25565,11117,2573849,36,0,0x0018
4245,2026-08-15T10:13:43.643852000-0500,18.776893000,192.168.0.148,192.168.0.178,53414,25565,11153,2573849,3,0,0x0018
4246,2026-08-15T10:13:43.644609000-0500,18.777650000,192.168.0.178,192.168.0.148,25565,53414,2573849,11156,0,0,0x0010
4247,2026-08-15T10:13:43.680347000-0500,18.813388000,192.168.0.178,192.168.0.148,25565,53414,2573849,11156,473,0,0x0018
4248,2026-08-15T10:13:43.692224000-0500,18.825265000,192.168.0.148,192.168.0.178,53414,25565,11156,2574322,28,0,0x0018
4249,2026-08-15T10:13:43.692895000-0500,18.825936000,192.168.0.148,192.168.0.178,53414,25565,11184,2574322,3,0,0x0018
4250,2026-08-15T10:13:43.693576000-0500,18.826617000,192.168.0.178,192.168.0.148,25565,53414,2574322,11187,0,0,0x0010
4251,2026-08-15T10:13:43.730038000-0500,18.863079000,192.168.0.178,192.168.0.148,25565,53414,2574322,11187,587,0,0x0018
4252,2026-08-15T10:13:43.743496000-0500,18.876537000,192.168.0.148,192.168.0.178,53414,25565,11187,2574909,28,0,0x0018
4253,2026-08-15T10:13:43.744815000-0500,18.877856000,192.168.0.148,192.168.0.178,53414,25565,11215,2574909,3,0,0x0018
4254,2026-08-15T10:13:43.745645000-0500,18.878686000,192.168.0.178,192.168.0.148,25565,53414,2574909,11218,0,0,0x0010
4255,2026-08-15T10:13:43.782681000-0500,18.915722000,192.168.0.178,192.168.0.148,25565,53414,2574909,11218,386,0,0x0018
4256,2026-08-15T10:13:43.793812000-0500,18.926853000,192.168.0.148,192.168.0.178,53414,25565,11218,2575295,28,0,0x0018
4257,2026-08-15T10:13:43.795137000-0500,18.928178000,192.168.0.148,192.168.0.178,53414,25565,11246,2575295,3,0,0x0018
4258,2026-08-15T10:13:43.796021000-0500,18.929062000,192.168.0.178,192.168.0.148,25565,53414,2575295,11249,0,0,0x0010
4259,2026-08-15T10:13:43.831428000-0500,18.964469000,192.168.0.178,192.168.0.148,25565,53414,2575295,11249,1460,0,0x0010
4260,2026-08-15T10:13:43.831428000-0500,18.964469000,192.168.0.178,192.168.0.148,25565,53414,2576755,11249,38,0,0x0018
4261,2026-08-15T10:13:43.831510000-0500,18.964551000,192.168.0.148,192.168.0.178,53414,25565,11249,2576793,0,0,0x0010
4262,2026-08-15T10:13:43.843368000-0500,18.976409000,192.168.0.148,192.168.0.178,53414,25565,11249,2576793,28,0,0x0018
4263,2026-08-15T10:13:43.844897000-0500,18.977938000,192.168.0.148,192.168.0.178,53414,25565,11277,2576793,3,0,0x0018
4264,2026-08-15T10:13:43.845310000-0500,18.978351000,192.168.0.178,192.168.0.148,25565,53414,2576793,11280,0,0,0x0010
4265,2026-08-15T10:13:43.880853000-0500,19.013894000,192.168.0.178,192.168.0.148,25565,53414,2576793,11280,369,0,0x0018
4266,2026-08-15T10:13:43.893590000-0500,19.026631000,192.168.0.148,192.168.0.178,53414,25565,11280,2577162,28,0,0x0018
4267,2026-08-15T10:13:43.894991000-0500,19.028032000,192.168.0.148,192.168.0.178,53414,25565,11308,2577162,3,0,0x0018
4268,2026-08-15T10:13:43.895811000-0500,19.028852000,192.168.0.178,192.168.0.148,25565,53414,2577162,11311,0,0,0x0010
4269,2026-08-15T10:13:43.931350000-0500,19.064391000,192.168.0.178,192.168.0.148,25565,53414,2577162,11311,733,0,0x0018
4270,2026-08-15T10:13:43.942831000-0500,19.075872000,192.168.0.148,192.168.0.178,53414,25565,11311,2577895,28,0,0x0018
4271,2026-08-15T10:13:43.943822000-0500,19.076863000,192.168.0.148,192.168.0.178,53414,25565,11339,2577895,3,0,0x0018
4272,2026-08-15T10:13:43.944461000-0500,19.077502000,192.168.0.178,192.168.0.148,25565,53414,2577895,11342,0,0,0x0010
4273,2026-08-15T10:13:43.980919000-0500,19.113960000,192.168.0.178,192.168.0.148,25565,53414,2577895,11342,1410,0,0x0018
4274,2026-08-15T10:13:43.993107000-0500,19.126148000,192.168.0.148,192.168.0.178,53414,25565,11342,2579305,28,0,0x0018
4275,2026-08-15T10:13:43.994013000-0500,19.127054000,192.168.0.148,192.168.0.178,53414,25565,11370,2579305,3,0,0x0018
4276,2026-08-15T10:13:43.994805000-0500,19.127846000,192.168.0.178,192.168.0.148,25565,53414,2579305,11373,0,0,0x0010
4277,2026-08-15T10:13:44.029317000-0500,19.162358000,192.168.0.178,192.168.0.148,25565,53414,2579305,11373,500,0,0x0018
4278,2026-08-15T10:13:44.043347000-0500,19.176388000,192.168.0.148,192.168.0.178,53414,25565,11373,2579805,28,0,0x0018
4279,2026-08-15T10:13:44.044814000-0500,19.177855000,192.168.0.148,192.168.0.178,53414,25565,11401,2579805,3,0,0x0018
4280,2026-08-15T10:13:44.045509000-0500,19.178550000,192.168.0.178,192.168.0.148,25565,53414,2579805,11404,0,0,0x0010
4281,2026-08-15T10:13:44.080072000-0500,19.213113000,192.168.0.178,192.168.0.148,25565,53414,2579805,11404,699,0,0x0018
4282,2026-08-15T10:13:44.093682000-0500,19.226723000,192.168.0.148,192.168.0.178,53414,25565,11404,2580504,28,0,0x0018
4283,2026-08-15T10:13:44.095183000-0500,19.228224000,192.168.0.148,192.168.0.178,53414,25565,11432,2580504,3,0,0x0018
4284,2026-08-15T10:13:44.095995000-0500,19.229036000,192.168.0.178,192.168.0.148,25565,53414,2580504,11435,0,0,0x0010
4285,2026-08-15T10:13:44.130359000-0500,19.263400000,192.168.0.178,192.168.0.148,25565,53414,2580504,11435,1053,0,0x0018
4286,2026-08-15T10:13:44.143397000-0500,19.276438000,192.168.0.148,192.168.0.178,53414,25565,11435,2581557,28,0,0x0018
4287,2026-08-15T10:13:44.144869000-0500,19.277910000,192.168.0.148,192.168.0.178,53414,25565,11463,2581557,3,0,0x0018
4288,2026-08-15T10:13:44.145569000-0500,19.278610000,192.168.0.178,192.168.0.148,25565,53414,2581557,11466,0,0,0x0010
4289,2026-08-15T10:13:44.183711000-0500,19.316752000,192.168.0.178,192.168.0.148,25565,53414,2581557,11466,577,0,0x0018
4290,2026-08-15T10:13:44.192522000-0500,19.325563000,192.168.0.148,192.168.0.178,53414,25565,11466,2582134,28,0,0x0018
4291,2026-08-15T10:13:44.193231000-0500,19.326272000,192.168.0.148,192.168.0.178,53414,25565,11494,2582134,3,0,0x0018
4292,2026-08-15T10:13:44.193846000-0500,19.326887000,192.168.0.178,192.168.0.148,25565,53414,2582134,11497,0,0,0x0010
4293,2026-08-15T10:13:44.229231000-0500,19.362272000,192.168.0.178,192.168.0.148,25565,53414,2582134,11497,369,0,0x0018
4294,2026-08-15T10:13:44.242686000-0500,19.375727000,192.168.0.148,192.168.0.178,53414,25565,11497,2582503,28,0,0x0018
4295,2026-08-15T10:13:44.243691000-0500,19.376732000,192.168.0.148,192.168.0.178,53414,25565,11525,2582503,3,0,0x0018
4296,2026-08-15T10:13:44.243981000-0500,19.377022000,192.168.0.178,192.168.0.148,25565,53414,2582503,11525,11,0,0x0018
4297,2026-08-15T10:13:44.244071000-0500,19.377112000,192.168.0.178,192.168.0.148,25565,53414,2582514,11525,11,0,0x0018
4298,2026-08-15T10:13:44.244071000-0500,19.377112000,192.168.0.178,192.168.0.148,25565,53414,2582525,11525,11,0,0x0018
4299,2026-08-15T10:13:44.244084000-0500,19.377125000,192.168.0.148,192.168.0.178,53414,25565,11528,2582536,0,0,0x0010
4300,2026-08-15T10:13:44.244319000-0500,19.377360000,192.168.0.178,192.168.0.148,25565,53414,2582536,11528,11,0,0x0018
4301,2026-08-15T10:13:44.244319000-0500,19.377360000,192.168.0.178,192.168.0.148,25565,53414,2582547,11528,11,0,0x0018
4302,2026-08-15T10:13:44.244319000-0500,19.377360000,192.168.0.178,192.168.0.148,25565,53414,2582558,11528,22,0,0x0018
4303,2026-08-15T10:13:44.244345000-0500,19.377386000,192.168.0.148,192.168.0.178,53414,25565,11528,2582580,0,0,0x0010
4304,2026-08-15T10:13:44.244619000-0500,19.377660000,192.168.0.178,192.168.0.148,25565,53414,2582580,11528,11,0,0x0018
4305,2026-08-15T10:13:44.244895000-0500,19.377936000,192.168.0.178,192.168.0.148,25565,53414,2582591,11528,11,0,0x0018
4306,2026-08-15T10:13:44.244895000-0500,19.377936000,192.168.0.178,192.168.0.148,25565,53414,2582602,11528,22,0,0x0018
4307,2026-08-15T10:13:44.244895000-0500,19.377936000,192.168.0.178,192.168.0.148,25565,53414,2582624,11528,33,0,0x0018
4308,2026-08-15T10:13:44.244895000-0500,19.377936000,192.168.0.178,192.168.0.148,25565,53414,2582657,11528,11,0,0x0018
4309,2026-08-15T10:13:44.244895000-0500,19.377936000,192.168.0.178,192.168.0.148,25565,53414,2582668,11528,22,0,0x0018
4310,2026-08-15T10:13:44.244895000-0500,19.377936000,192.168.0.178,192.168.0.148,25565,53414,2582690,11528,11,0,0x0018
4311,2026-08-15T10:13:44.244895000-0500,19.377936000,192.168.0.178,192.168.0.148,25565,53414,2582701,11528,24,0,0x0018
4312,2026-08-15T10:13:44.244922000-0500,19.377963000,192.168.0.148,192.168.0.178,53414,25565,11528,2582725,0,0,0x0010
4313,2026-08-15T10:13:44.280963000-0500,19.414004000,192.168.0.178,192.168.0.148,25565,53414,2582725,11528,1179,0,0x0018
4314,2026-08-15T10:13:44.293494000-0500,19.426535000,192.168.0.148,192.168.0.178,53414,25565,11528,2583904,28,0,0x0018
4315,2026-08-15T10:13:44.294912000-0500,19.427953000,192.168.0.148,192.168.0.178,53414,25565,11556,2583904,3,0,0x0018
4316,2026-08-15T10:13:44.295334000-0500,19.428375000,192.168.0.178,192.168.0.148,25565,53414,2583904,11559,0,0,0x0010
4317,2026-08-15T10:13:44.332569000-0500,19.465610000,192.168.0.178,192.168.0.148,25565,53414,2583904,11559,710,0,0x0018
4318,2026-08-15T10:13:44.344080000-0500,19.477121000,192.168.0.148,192.168.0.178,53414,25565,11559,2584614,28,0,0x0018
4319,2026-08-15T10:13:44.345153000-0500,19.478194000,192.168.0.148,192.168.0.178,53414,25565,11587,2584614,3,0,0x0018
4320,2026-08-15T10:13:44.345887000-0500,19.478928000,192.168.0.178,192.168.0.148,25565,53414,2584614,11590,0,0,0x0010
4321,2026-08-15T10:13:44.379564000-0500,19.512605000,192.168.0.178,192.168.0.148,25565,53414,2584614,11590,913,0,0x0018
4322,2026-08-15T10:13:44.394466000-0500,19.527507000,192.168.0.148,192.168.0.178,53414,25565,11590,2585527,28,0,0x0018
4323,2026-08-15T10:13:44.395618000-0500,19.528659000,192.168.0.148,192.168.0.178,53414,25565,11618,2585527,3,0,0x0018
4324,2026-08-15T10:13:44.396346000-0500,19.529387000,192.168.0.178,192.168.0.148,25565,53414,2585527,11621,0,0,0x0010
4325,2026-08-15T10:13:44.430287000-0500,19.563328000,192.168.0.178,192.168.0.148,25565,53414,2585527,11621,545,0,0x0018
4326,2026-08-15T10:13:44.443774000-0500,19.576815000,192.168.0.148,192.168.0.178,53414,25565,11621,2586072,28,0,0x0018
4327,2026-08-15T10:13:44.445062000-0500,19.578103000,192.168.0.148,192.168.0.178,53414,25565,11649,2586072,3,0,0x0018
4328,2026-08-15T10:13:44.445856000-0500,19.578897000,192.168.0.178,192.168.0.148,25565,53414,2586072,11652,0,0,0x0010
4329,2026-08-15T10:13:44.478550000-0500,19.611591000,192.168.0.178,192.168.0.148,25565,53414,2586072,11652,805,0,0x0018
4330,2026-08-15T10:13:44.493632000-0500,19.626673000,192.168.0.148,192.168.0.178,53414,25565,11652,2586877,28,0,0x0018
4331,2026-08-15T10:13:44.494538000-0500,19.627579000,192.168.0.148,192.168.0.178,53414,25565,11680,2586877,3,0,0x0018
4332,2026-08-15T10:13:44.495187000-0500,19.628228000,192.168.0.178,192.168.0.148,25565,53414,2586877,11683,0,0,0x0010
4333,2026-08-15T10:13:44.529219000-0500,19.662260000,192.168.0.178,192.168.0.148,25565,53414,2586877,11683,372,0,0x0018
4334,2026-08-15T10:13:44.542960000-0500,19.676001000,192.168.0.148,192.168.0.178,53414,25565,11683,2587249,28,0,0x0018
4335,2026-08-15T10:13:44.543986000-0500,19.677027000,192.168.0.148,192.168.0.178,53414,25565,11711,2587249,3,0,0x0018
4336,2026-08-15T10:13:44.544683000-0500,19.677724000,192.168.0.178,192.168.0.148,25565,53414,2587249,11714,0,0,0x0010
4337,2026-08-15T10:13:44.578372000-0500,19.711413000,192.168.0.178,192.168.0.148,25565,53414,2587249,11714,439,0,0x0018
4338,2026-08-15T10:13:44.593729000-0500,19.726770000,192.168.0.148,192.168.0.178,53414,25565,11714,2587688,28,0,0x0018
4339,2026-08-15T10:13:44.595215000-0500,19.728256000,192.168.0.148,192.168.0.178,53414,25565,11742,2587688,3,0,0x0018
4340,2026-08-15T10:13:44.597374000-0500,19.730415000,192.168.0.178,192.168.0.148,25565,53414,2587688,11745,0,0,0x0010
4341,2026-08-15T10:13:44.628137000-0500,19.761178000,192.168.0.178,192.168.0.148,25565,53414,2587688,11745,789,0,0x0018
4342,2026-08-15T10:13:44.628433000-0500,19.761474000,192.168.0.148,192.168.0.178,53414,25565,11745,2588477,11,0,0x0018
4343,2026-08-15T10:13:44.642787000-0500,19.775828000,192.168.0.148,192.168.0.178,53414,25565,11756,2588477,28,0,0x0018
4344,2026-08-15T10:13:44.643828000-0500,19.776869000,192.168.0.148,192.168.0.178,53414,25565,11784,2588477,3,0,0x0018
4345,2026-08-15T10:13:44.645198000-0500,19.778239000,192.168.0.178,192.168.0.148,25565,53414,2588477,11787,0,0,0x0010
4346,2026-08-15T10:13:44.681678000-0500,19.814719000,192.168.0.178,192.168.0.148,25565,53414,2588477,11787,270,0,0x0018
4347,2026-08-15T10:13:44.693282000-0500,19.826323000,192.168.0.148,192.168.0.178,53414,25565,11787,2588747,28,0,0x0018
4348,2026-08-15T10:13:44.694600000-0500,19.827641000,192.168.0.148,192.168.0.178,53414,25565,11815,2588747,3,0,0x0018
4349,2026-08-15T10:13:44.694604000-0500,19.827645000,192.168.0.178,192.168.0.148,25565,53414,2588747,11815,46,0,0x0018
4350,2026-08-15T10:13:44.731636000-0500,19.864677000,192.168.0.178,192.168.0.148,25565,53414,2588793,11818,1218,0,0x0018
4351,2026-08-15T10:13:44.731688000-0500,19.864729000,192.168.0.148,192.168.0.178,53414,25565,11818,2590011,0,0,0x0010
4352,2026-08-15T10:13:44.742693000-0500,19.875734000,192.168.0.148,192.168.0.178,53414,25565,11818,2590011,28,0,0x0018
4353,2026-08-15T10:13:44.743445000-0500,19.876486000,192.168.0.148,192.168.0.178,53414,25565,11846,2590011,3,0,0x0018
4354,2026-08-15T10:13:44.744117000-0500,19.877158000,192.168.0.178,192.168.0.148,25565,53414,2590011,11849,0,0,0x0010
4355,2026-08-15T10:13:44.778717000-0500,19.911758000,192.168.0.178,192.168.0.148,25565,53414,2590011,11849,368,0,0x0018
4356,2026-08-15T10:13:44.793657000-0500,19.926698000,192.168.0.148,192.168.0.178,53414,25565,11849,2590379,28,0,0x0018
4357,2026-08-15T10:13:44.795106000-0500,19.928147000,192.168.0.148,192.168.0.178,53414,25565,11877,2590379,3,0,0x0018
4358,2026-08-15T10:13:44.795831000-0500,19.928872000,192.168.0.178,192.168.0.148,25565,53414,2590379,11880,0,0,0x0010
4359,2026-08-15T10:13:44.832715000-0500,19.965756000,192.168.0.178,192.168.0.148,25565,53414,2590379,11880,370,0,0x0018
4360,2026-08-15T10:13:44.843247000-0500,19.976288000,192.168.0.148,192.168.0.178,53414,25565,11880,2590749,28,0,0x0018
4361,2026-08-15T10:13:44.844492000-0500,19.977533000,192.168.0.178,192.168.0.148,25565,53414,2590749,11908,46,0,0x0018
4362,2026-08-15T10:13:44.844612000-0500,19.977653000,192.168.0.148,192.168.0.178,53414,25565,11908,2590795,3,0,0x0018
4363,2026-08-15T10:13:44.882467000-0500,20.015508000,192.168.0.178,192.168.0.148,25565,53414,2590795,11911,1088,0,0x0018
4364,2026-08-15T10:13:44.894068000-0500,20.027109000,192.168.0.148,192.168.0.178,53414,25565,11911,2591883,28,0,0x0018
4365,2026-08-15T10:13:44.895100000-0500,20.028141000,192.168.0.148,192.168.0.178,53414,25565,11939,2591883,3,0,0x0018
4366,2026-08-15T10:13:44.895774000-0500,20.028815000,192.168.0.178,192.168.0.148,25565,53414,2591883,11942,0,0,0x0010
4367,2026-08-15T10:13:44.932706000-0500,20.065747000,192.168.0.178,192.168.0.148,25565,53414,2591883,11942,553,0,0x0018
4368,2026-08-15T10:13:44.943426000-0500,20.076467000,192.168.0.148,192.168.0.178,53414,25565,11942,2592436,28,0,0x0018
4369,2026-08-15T10:13:44.944810000-0500,20.077851000,192.168.0.148,192.168.0.178,53414,25565,11970,2592436,3,0,0x0018
4370,2026-08-15T10:13:44.945231000-0500,20.078272000,192.168.0.178,192.168.0.148,25565,53414,2592436,11973,0,0,0x0010
4371,2026-08-15T10:13:44.979492000-0500,20.112533000,192.168.0.178,192.168.0.148,25565,53414,2592436,11973,545,0,0x0018
4372,2026-08-15T10:13:44.992959000-0500,20.126000000,192.168.0.148,192.168.0.178,53414,25565,11973,2592981,28,0,0x0018
4373,2026-08-15T10:13:44.993677000-0500,20.126718000,192.168.0.148,192.168.0.178,53414,25565,12001,2592981,3,0,0x0018
4374,2026-08-15T10:13:44.994355000-0500,20.127396000,192.168.0.178,192.168.0.148,25565,53414,2592981,12004,0,0,0x0010
4375,2026-08-15T10:13:45.034354000-0500,20.167395000,192.168.0.178,192.168.0.148,25565,53414,2592981,12004,1460,0,0x0010
4376,2026-08-15T10:13:45.034354000-0500,20.167395000,192.168.0.178,192.168.0.148,25565,53414,2594441,12004,1460,0,0x0010
4377,2026-08-15T10:13:45.034408000-0500,20.167449000,192.168.0.148,192.168.0.178,53414,25565,12004,2595901,0,0,0x0010
4378,2026-08-15T10:13:45.034454000-0500,20.167495000,192.168.0.178,192.168.0.148,25565,53414,2595901,12004,1460,0,0x0010
4379,2026-08-15T10:13:45.034677000-0500,20.167718000,192.168.0.178,192.168.0.148,25565,53414,2597361,12004,1460,0,0x0010
4380,2026-08-15T10:13:45.034677000-0500,20.167718000,192.168.0.178,192.168.0.148,25565,53414,2598821,12004,1460,0,0x0010
4381,2026-08-15T10:13:45.034700000-0500,20.167741000,192.168.0.148,192.168.0.178,53414,25565,12004,2600281,0,0,0x0010
4382,2026-08-15T10:13:45.034918000-0500,20.167959000,192.168.0.178,192.168.0.148,25565,53414,2600281,12004,1460,0,0x0010
4383,2026-08-15T10:13:45.034918000-0500,20.167959000,192.168.0.178,192.168.0.148,25565,53414,2601741,12004,1460,0,0x0010
4384,2026-08-15T10:13:45.034941000-0500,20.167982000,192.168.0.148,192.168.0.178,53414,25565,12004,2603201,0,0,0x0010
4385,2026-08-15T10:13:45.035149000-0500,20.168190000,192.168.0.178,192.168.0.148,25565,53414,2603201,12004,1460,0,0x0010
4386,2026-08-15T10:13:45.035171000-0500,20.168212000,192.168.0.148,192.168.0.178,53414,25565,12004,2604661,0,0,0x0010
4387,2026-08-15T10:13:45.035206000-0500,20.168247000,192.168.0.178,192.168.0.148,25565,53414,2604661,12004,1460,0,0x0018
4388,2026-08-15T10:13:45.035416000-0500,20.168457000,192.168.0.178,192.168.0.148,25565,53414,2606121,12004,1460,0,0x0010
4389,2026-08-15T10:13:45.035416000-0500,20.168457000,192.168.0.178,192.168.0.148,25565,53414,2607581,12004,1460,0,0x0010
4390,2026-08-15T10:13:45.035443000-0500,20.168484000,192.168.0.148,192.168.0.178,53414,25565,12004,2609041,0,0,0x0010
4391,2026-08-15T10:13:45.035479000-0500,20.168520000,192.168.0.178,192.168.0.148,25565,53414,2609041,12004,478,0,0x0018
4392,2026-08-15T10:13:45.035484000-0500,20.168525000,192.168.0.148,192.168.0.178,53414,25565,12004,2609519,0,0,0x0010
4393,2026-08-15T10:13:45.042895000-0500,20.175936000,192.168.0.148,192.168.0.178,53414,25565,12004,2609519,28,0,0x0018
4394,2026-08-15T10:13:45.043721000-0500,20.176762000,192.168.0.148,192.168.0.178,53414,25565,12032,2609519,3,0,0x0018
4395,2026-08-15T10:13:45.044318000-0500,20.177359000,192.168.0.178,192.168.0.148,25565,53414,2609519,12035,0,0,0x0010
4396,2026-08-15T10:13:45.079257000-0500,20.212298000,192.168.0.178,192.168.0.148,25565,53414,2609519,12035,1460,0,0x0010
4397,2026-08-15T10:13:45.079257000-0500,20.212298000,192.168.0.178,192.168.0.148,25565,53414,2610979,12035,1460,0,0x0010
4398,2026-08-15T10:13:45.079325000-0500,20.212366000,192.168.0.148,192.168.0.178,53414,25565,12035,2612439,0,0,0x0010
4399,2026-08-15T10:13:45.079374000-0500,20.212415000,192.168.0.178,192.168.0.148,25565,53414,2612439,12035,1460,0,0x0010
4400,2026-08-15T10:13:45.079583000-0500,20.212624000,192.168.0.178,192.168.0.148,25565,53414,2613899,12035,1460,0,0x0010
4401,2026-08-15T10:13:45.079583000-0500,20.212624000,192.168.0.178,192.168.0.148,25565,53414,2615359,12035,1460,0,0x0010
4402,2026-08-15T10:13:45.079604000-0500,20.212645000,192.168.0.148,192.168.0.178,53414,25565,12035,2616819,0,0,0x0010
4403,2026-08-15T10:13:45.079814000-0500,20.212855000,192.168.0.178,192.168.0.148,25565,53414,2616819,12035,1460,0,0x0010
4404,2026-08-15T10:13:45.079838000-0500,20.212879000,192.168.0.148,192.168.0.178,53414,25565,12035,2618279,0,0,0x0010
4405,2026-08-15T10:13:45.079889000-0500,20.212930000,192.168.0.178,192.168.0.148,25565,53414,2618279,12035,1460,0,0x0010
4406,2026-08-15T10:13:45.080075000-0500,20.213116000,192.168.0.178,192.168.0.148,25565,53414,2619739,12035,1460,0,0x0010
4407,2026-08-15T10:13:45.080075000-0500,20.213116000,192.168.0.178,192.168.0.148,25565,53414,2621199,12035,1460,0,0x0018
4408,2026-08-15T10:13:45.080095000-0500,20.213136000,192.168.0.148,192.168.0.178,53414,25565,12035,2622659,0,0,0x0010
4409,2026-08-15T10:13:45.080317000-0500,20.213358000,192.168.0.178,192.168.0.148,25565,53414,2622659,12035,1460,0,0x0010
4410,2026-08-15T10:13:45.080317000-0500,20.213358000,192.168.0.178,192.168.0.148,25565,53414,2624119,12035,1460,0,0x0010
4411,2026-08-15T10:13:45.080341000-0500,20.213382000,192.168.0.148,192.168.0.178,53414,25565,12035,2625579,0,0,0x0010
4412,2026-08-15T10:13:45.080563000-0500,20.213604000,192.168.0.178,192.168.0.148,25565,53414,2625579,12035,1460,0,0x0010
4413,2026-08-15T10:13:45.080563000-0500,20.213604000,192.168.0.178,192.168.0.148,25565,53414,2627039,12035,1460,0,0x0010
4414,2026-08-15T10:13:45.080584000-0500,20.213625000,192.168.0.148,192.168.0.178,53414,25565,12035,2628499,0,0,0x0010
4415,2026-08-15T10:13:45.080804000-0500,20.213845000,192.168.0.178,192.168.0.148,25565,53414,2628499,12035,1460,0,0x0010
4416,2026-08-15T10:13:45.080823000-0500,20.213864000,192.168.0.148,192.168.0.178,53414,25565,12035,2629959,0,0,0x0010
4417,2026-08-15T10:13:45.080905000-0500,20.213946000,192.168.0.178,192.168.0.148,25565,53414,2629959,12035,1454,0,0x0018
4418,2026-08-15T10:13:45.092826000-0500,20.225867000,192.168.0.148,192.168.0.178,53414,25565,12035,2631413,36,0,0x0018
4419,2026-08-15T10:13:45.093537000-0500,20.226578000,192.168.0.148,192.168.0.178,53414,25565,12071,2631413,3,0,0x0018
4420,2026-08-15T10:13:45.094154000-0500,20.227195000,192.168.0.178,192.168.0.148,25565,53414,2631413,12074,0,0,0x0010
4421,2026-08-15T10:13:45.130541000-0500,20.263582000,192.168.0.178,192.168.0.148,25565,53414,2631413,12074,1460,0,0x0010
4422,2026-08-15T10:13:45.130541000-0500,20.263582000,192.168.0.178,192.168.0.148,25565,53414,2632873,12074,1460,0,0x0010
4423,2026-08-15T10:13:45.130602000-0500,20.263643000,192.168.0.148,192.168.0.178,53414,25565,12074,2634333,0,0,0x0010
4424,2026-08-15T10:13:45.130649000-0500,20.263690000,192.168.0.178,192.168.0.148,25565,53414,2634333,12074,1460,0,0x0010
4425,2026-08-15T10:13:45.130873000-0500,20.263914000,192.168.0.178,192.168.0.148,25565,53414,2635793,12074,1460,0,0x0010
4426,2026-08-15T10:13:45.130873000-0500,20.263914000,192.168.0.178,192.168.0.148,25565,53414,2637253,12074,1460,0,0x0010
4427,2026-08-15T10:13:45.130901000-0500,20.263942000,192.168.0.148,192.168.0.178,53414,25565,12074,2638713,0,0,0x0010
4428,2026-08-15T10:13:45.131120000-0500,20.264161000,192.168.0.178,192.168.0.148,25565,53414,2638713,12074,1460,0,0x0010
4429,2026-08-15T10:13:45.131120000-0500,20.264161000,192.168.0.178,192.168.0.148,25565,53414,2640173,12074,1460,0,0x0010
4430,2026-08-15T10:13:45.131157000-0500,20.264198000,192.168.0.148,192.168.0.178,53414,25565,12074,2641633,0,0,0x0010
4431,2026-08-15T10:13:45.131363000-0500,20.264404000,192.168.0.178,192.168.0.148,25565,53414,2641633,12074,1460,0,0x0010
4432,2026-08-15T10:13:45.131363000-0500,20.264404000,192.168.0.178,192.168.0.148,25565,53414,2643093,12074,1460,0,0x0018
4433,2026-08-15T10:13:45.131383000-0500,20.264424000,192.168.0.148,192.168.0.178,53414,25565,12074,2644553,0,0,0x0010
4434,2026-08-15T10:13:45.131601000-0500,20.264642000,192.168.0.178,192.168.0.148,25565,53414,2644553,12074,1460,0,0x0010
4435,2026-08-15T10:13:45.131620000-0500,20.264661000,192.168.0.148,192.168.0.178,53414,25565,12074,2646013,0,0,0x0010
4436,2026-08-15T10:13:45.131669000-0500,20.264710000,192.168.0.178,192.168.0.148,25565,53414,2646013,12074,1460,0,0x0010
4437,2026-08-15T10:13:45.131830000-0500,20.264871000,192.168.0.178,192.168.0.148,25565,53414,2647473,12074,1460,0,0x0010
4438,2026-08-15T10:13:45.131830000-0500,20.264871000,192.168.0.178,192.168.0.148,25565,53414,2648933,12074,1143,0,0x0018
4439,2026-08-15T10:13:45.131854000-0500,20.264895000,192.168.0.148,192.168.0.178,53414,25565,12074,2650076,0,0,0x0010
4440,2026-08-15T10:13:45.143242000-0500,20.276283000,192.168.0.148,192.168.0.178,53414,25565,12074,2650076,28,0,0x0018
4441,2026-08-15T10:13:45.144324000-0500,20.277365000,192.168.0.148,192.168.0.178,53414,25565,12102,2650076,3,0,0x0018
4442,2026-08-15T10:13:45.145028000-0500,20.278069000,192.168.0.178,192.168.0.148,25565,53414,2650076,12105,0,0,0x0010
4443,2026-08-15T10:13:45.179840000-0500,20.312881000,192.168.0.178,192.168.0.148,25565,53414,2650076,12105,1460,0,0x0010
4444,2026-08-15T10:13:45.179840000-0500,20.312881000,192.168.0.178,192.168.0.148,25565,53414,2651536,12105,1460,0,0x0010
4445,2026-08-15T10:13:45.179913000-0500,20.312954000,192.168.0.148,192.168.0.178,53414,25565,12105,2652996,0,0,0x0010
4446,2026-08-15T10:13:45.179958000-0500,20.312999000,192.168.0.178,192.168.0.148,25565,53414,2652996,12105,1460,0,0x0010
4447,2026-08-15T10:13:45.180184000-0500,20.313225000,192.168.0.178,192.168.0.148,25565,53414,2654456,12105,1460,0,0x0010
4448,2026-08-15T10:13:45.180184000-0500,20.313225000,192.168.0.178,192.168.0.148,25565,53414,2655916,12105,1460,0,0x0010
4449,2026-08-15T10:13:45.180232000-0500,20.313273000,192.168.0.148,192.168.0.178,53414,25565,12105,2657376,0,0,0x0010
4450,2026-08-15T10:13:45.180289000-0500,20.313330000,192.168.0.178,192.168.0.148,25565,53414,2657376,12105,1460,0,0x0010
4451,2026-08-15T10:13:45.180302000-0500,20.313343000,192.168.0.148,192.168.0.178,53414,25565,12105,2658836,0,0,0x0010
4452,2026-08-15T10:13:45.180511000-0500,20.313552000,192.168.0.178,192.168.0.148,25565,53414,2658836,12105,1460,0,0x0010
4453,2026-08-15T10:13:45.180563000-0500,20.313604000,192.168.0.178,192.168.0.148,25565,53414,2660296,12105,1460,0,0x0010
4454,2026-08-15T10:13:45.180569000-0500,20.313610000,192.168.0.148,192.168.0.178,53414,25565,12105,2661756,0,0,0x0010
4455,2026-08-15T10:13:45.180784000-0500,20.313825000,192.168.0.178,192.168.0.148,25565,53414,2661756,12105,1460,0,0x0018
4456,2026-08-15T10:13:45.180784000-0500,20.313825000,192.168.0.178,192.168.0.148,25565,53414,2663216,12105,1092,0,0x0018
4457,2026-08-15T10:13:45.180809000-0500,20.313850000,192.168.0.148,192.168.0.178,53414,25565,12105,2664308,0,0,0x0010
4458,2026-08-15T10:13:45.192722000-0500,20.325763000,192.168.0.148,192.168.0.178,53414,25565,12105,2664308,28,0,0x0018
4459,2026-08-15T10:13:45.193414000-0500,20.326455000,192.168.0.148,192.168.0.178,53414,25565,12133,2664308,3,0,0x0018
4460,2026-08-15T10:13:45.195364000-0500,20.328405000,192.168.0.178,192.168.0.148,25565,53414,2664308,12136,0,0,0x0010
4461,2026-08-15T10:13:45.230197000-0500,20.363238000,192.168.0.178,192.168.0.148,25565,53414,2664308,12136,1460,0,0x0010
4462,2026-08-15T10:13:45.230197000-0500,20.363238000,192.168.0.178,192.168.0.148,25565,53414,2665768,12136,1460,0,0x0010
4463,2026-08-15T10:13:45.230236000-0500,20.363277000,192.168.0.148,192.168.0.178,53414,25565,12136,2667228,0,0,0x0010
4464,2026-08-15T10:13:45.230290000-0500,20.363331000,192.168.0.178,192.168.0.148,25565,53414,2667228,12136,1460,0,0x0010
4465,2026-08-15T10:13:45.230539000-0500,20.363580000,192.168.0.178,192.168.0.148,25565,53414,2668688,12136,1460,0,0x0010
4466,2026-08-15T10:13:45.230539000-0500,20.363580000,192.168.0.178,192.168.0.148,25565,53414,2670148,12136,1460,0,0x0010
4467,2026-08-15T10:13:45.230562000-0500,20.363603000,192.168.0.148,192.168.0.178,53414,25565,12136,2671608,0,0,0x0010
4468,2026-08-15T10:13:45.230777000-0500,20.363818000,192.168.0.178,192.168.0.148,25565,53414,2671608,12136,1460,0,0x0010
4469,2026-08-15T10:13:45.230799000-0500,20.363840000,192.168.0.148,192.168.0.178,53414,25565,12136,2673068,0,0,0x0010
4470,2026-08-15T10:13:45.230850000-0500,20.363891000,192.168.0.178,192.168.0.148,25565,53414,2673068,12136,1460,0,0x0010
4471,2026-08-15T10:13:45.230949000-0500,20.363990000,192.168.0.178,192.168.0.148,25565,53414,2674528,12136,1460,0,0x0010
4472,2026-08-15T10:13:45.230956000-0500,20.363997000,192.168.0.148,192.168.0.178,53414,25565,12136,2675988,0,0,0x0010
4473,2026-08-15T10:13:45.231178000-0500,20.364219000,192.168.0.178,192.168.0.148,25565,53414,2675988,12136,1460,0,0x0018
4474,2026-08-15T10:13:45.231178000-0500,20.364219000,192.168.0.178,192.168.0.148,25565,53414,2677448,12136,1460,0,0x0010
4475,2026-08-15T10:13:45.231201000-0500,20.364242000,192.168.0.148,192.168.0.178,53414,25565,12136,2678908,0,0,0x0010
4476,2026-08-15T10:13:45.231238000-0500,20.364279000,192.168.0.178,192.168.0.148,25565,53414,2678908,12136,535,0,0x0018
4477,2026-08-15T10:13:45.243055000-0500,20.376096000,192.168.0.148,192.168.0.178,53414,25565,12136,2679443,28,0,0x0018
4478,2026-08-15T10:13:45.244079000-0500,20.377120000,192.168.0.148,192.168.0.178,53414,25565,12164,2679443,3,0,0x0018
4479,2026-08-15T10:13:45.244650000-0500,20.377691000,192.168.0.178,192.168.0.148,25565,53414,2679443,12167,0,0,0x0010
4480,2026-08-15T10:13:45.286570000-0500,20.419611000,192.168.0.178,192.168.0.148,25565,53414,2679443,12167,1460,0,0x0010
4481,2026-08-15T10:13:45.286570000-0500,20.419611000,192.168.0.178,192.168.0.148,25565,53414,2680903,12167,1460,0,0x0010
4482,2026-08-15T10:13:45.286634000-0500,20.419675000,192.168.0.148,192.168.0.178,53414,25565,12167,2682363,0,0,0x0010
4483,2026-08-15T10:13:45.286673000-0500,20.419714000,192.168.0.178,192.168.0.148,25565,53414,2682363,12167,1291,0,0x0018
4484,2026-08-15T10:13:45.293778000-0500,20.426819000,192.168.0.148,192.168.0.178,53414,25565,12167,2683654,28,0,0x0018
4485,2026-08-15T10:13:45.295147000-0500,20.428188000,192.168.0.148,192.168.0.178,53414,25565,12195,2683654,3,0,0x0018
4486,2026-08-15T10:13:45.295817000-0500,20.428858000,192.168.0.178,192.168.0.148,25565,53414,2683654,12198,0,0,0x0010
4487,2026-08-15T10:13:45.330629000-0500,20.463670000,192.168.0.178,192.168.0.148,25565,53414,2683654,12198,1460,0,0x0010
4488,2026-08-15T10:13:45.330629000-0500,20.463670000,192.168.0.178,192.168.0.148,25565,53414,2685114,12198,1460,0,0x0010
4489,2026-08-15T10:13:45.330629000-0500,20.463670000,192.168.0.178,192.168.0.148,25565,53414,2686574,12198,476,0,0x0018
4490,2026-08-15T10:13:45.330684000-0500,20.463725000,192.168.0.148,192.168.0.178,53414,25565,12198,2687050,0,0,0x0010
4491,2026-08-15T10:13:45.343099000-0500,20.476140000,192.168.0.148,192.168.0.178,53414,25565,12198,2687050,28,0,0x0018
4492,2026-08-15T10:13:45.344135000-0500,20.477176000,192.168.0.148,192.168.0.178,53414,25565,12226,2687050,3,0,0x0018
4493,2026-08-15T10:13:45.344760000-0500,20.477801000,192.168.0.178,192.168.0.148,25565,53414,2687050,12229,0,0,0x0010
4494,2026-08-15T10:13:45.382026000-0500,20.515067000,192.168.0.178,192.168.0.148,25565,53414,2687050,12229,495,0,0x0018
4495,2026-08-15T10:13:45.392859000-0500,20.525900000,192.168.0.148,192.168.0.178,53414,25565,12229,2687545,28,0,0x0018
4496,2026-08-15T10:13:45.393735000-0500,20.526776000,192.168.0.148,192.168.0.178,53414,25565,12257,2687545,3,0,0x0018
4497,2026-08-15T10:13:45.394353000-0500,20.527394000,192.168.0.178,192.168.0.148,25565,53414,2687545,12260,0,0,0x0010
4498,2026-08-15T10:13:45.433543000-0500,20.566584000,192.168.0.178,192.168.0.148,25565,53414,2687545,12260,872,0,0x0018
4499,2026-08-15T10:13:45.442415000-0500,20.575456000,192.168.0.148,192.168.0.178,53414,25565,12260,2688417,28,0,0x0018
4500,2026-08-15T10:13:45.443252000-0500,20.576293000,192.168.0.148,192.168.0.178,53414,25565,12288,2688417,3,0,0x0018
4501,2026-08-15T10:13:45.443968000-0500,20.577009000,192.168.0.178,192.168.0.148,25565,53414,2688417,12291,0,0,0x0010
4502,2026-08-15T10:13:45.481077000-0500,20.614118000,192.168.0.178,192.168.0.148,25565,53414,2688417,12291,1080,0,0x0018
4503,2026-08-15T10:13:45.493138000-0500,20.626179000,192.168.0.148,192.168.0.178,53414,25565,12291,2689497,28,0,0x0018
4504,2026-08-15T10:13:45.494082000-0500,20.627123000,192.168.0.148,192.168.0.178,53414,25565,12319,2689497,3,0,0x0018
4505,2026-08-15T10:13:45.494921000-0500,20.627962000,192.168.0.178,192.168.0.148,25565,53414,2689497,12322,0,0,0x0010
4506,2026-08-15T10:13:45.531363000-0500,20.664404000,192.168.0.178,192.168.0.148,25565,53414,2689497,12322,289,0,0x0018
4507,2026-08-15T10:13:45.543481000-0500,20.676522000,192.168.0.148,192.168.0.178,53414,25565,12322,2689786,28,0,0x0018
4508,2026-08-15T10:13:45.544690000-0500,20.677731000,192.168.0.148,192.168.0.178,53414,25565,12350,2689786,3,0,0x0018
4509,2026-08-15T10:13:45.545468000-0500,20.678509000,192.168.0.178,192.168.0.148,25565,53414,2689786,12353,0,0,0x0010
4510,2026-08-15T10:13:45.580312000-0500,20.713353000,192.168.0.178,192.168.0.148,25565,53414,2689786,12353,902,0,0x0018
4511,2026-08-15T10:13:45.593087000-0500,20.726128000,192.168.0.148,192.168.0.178,53414,25565,12353,2690688,36,0,0x0018
4512,2026-08-15T10:13:45.594032000-0500,20.727073000,192.168.0.148,192.168.0.178,53414,25565,12389,2690688,3,0,0x0018
4513,2026-08-15T10:13:45.594833000-0500,20.727874000,192.168.0.178,192.168.0.148,25565,53414,2690688,12392,0,0,0x0010
4514,2026-08-15T10:13:45.631402000-0500,20.764443000,192.168.0.178,192.168.0.148,25565,53414,2690688,12392,593,0,0x0018
4515,2026-08-15T10:13:45.631580000-0500,20.764621000,192.168.0.148,192.168.0.178,53414,25565,12392,2691281,11,0,0x0018
4516,2026-08-15T10:13:45.642738000-0500,20.775779000,192.168.0.148,192.168.0.178,53414,25565,12403,2691281,36,0,0x0018
4517,2026-08-15T10:13:45.643664000-0500,20.776705000,192.168.0.178,192.168.0.148,25565,53414,2691281,12439,0,0,0x0010
4518,2026-08-15T10:13:45.643792000-0500,20.776833000,192.168.0.148,192.168.0.178,53414,25565,12439,2691281,3,0,0x0018
4519,2026-08-15T10:13:45.678897000-0500,20.811938000,192.168.0.178,192.168.0.148,25565,53414,2691281,12442,956,0,0x0018
4520,2026-08-15T10:13:45.693996000-0500,20.827037000,192.168.0.148,192.168.0.178,53414,25565,12442,2692237,36,0,0x0018
4521,2026-08-15T10:13:45.694753000-0500,20.827794000,192.168.0.148,192.168.0.178,53414,25565,12478,2692237,3,0,0x0018
4522,2026-08-15T10:13:45.695522000-0500,20.828563000,192.168.0.178,192.168.0.148,25565,53414,2692237,12481,0,0,0x0010
4523,2026-08-15T10:13:45.731213000-0500,20.864254000,192.168.0.178,192.168.0.148,25565,53414,2692237,12481,273,0,0x0018
4524,2026-08-15T10:13:45.743234000-0500,20.876275000,192.168.0.148,192.168.0.178,53414,25565,12481,2692510,28,0,0x0018
4525,2026-08-15T10:13:45.744124000-0500,20.877165000,192.168.0.148,192.168.0.178,53414,25565,12509,2692510,3,0,0x0018
4526,2026-08-15T10:13:45.744672000-0500,20.877713000,192.168.0.178,192.168.0.148,25565,53414,2692510,12512,0,0,0x0010
4527,2026-08-15T10:13:45.744672000-0500,20.877713000,192.168.0.178,192.168.0.148,25565,53414,2692510,12512,11,0,0x0018
4528,2026-08-15T10:13:45.744773000-0500,20.877814000,192.168.0.178,192.168.0.148,25565,53414,2692521,12512,11,0,0x0018
4529,2026-08-15T10:13:45.744773000-0500,20.877814000,192.168.0.178,192.168.0.148,25565,53414,2692532,12512,11,0,0x0018
4530,2026-08-15T10:13:45.744783000-0500,20.877824000,192.168.0.148,192.168.0.178,53414,25565,12512,2692543,0,0,0x0010
4531,2026-08-15T10:13:45.744832000-0500,20.877873000,192.168.0.178,192.168.0.148,25565,53414,2692543,12512,11,0,0x0018
4532,2026-08-15T10:13:45.744832000-0500,20.877873000,192.168.0.178,192.168.0.148,25565,53414,2692554,12512,11,0,0x0018
4533,2026-08-15T10:13:45.744836000-0500,20.877877000,192.168.0.148,192.168.0.178,53414,25565,12512,2692565,0,0,0x0010
4534,2026-08-15T10:13:45.745017000-0500,20.878058000,192.168.0.178,192.168.0.148,25565,53414,2692565,12512,11,0,0x0018
4535,2026-08-15T10:13:45.745017000-0500,20.878058000,192.168.0.178,192.168.0.148,25565,53414,2692576,12512,11,0,0x0018
4536,2026-08-15T10:13:45.745017000-0500,20.878058000,192.168.0.178,192.168.0.148,25565,53414,2692587,12512,22,0,0x0018
4537,2026-08-15T10:13:45.745038000-0500,20.878079000,192.168.0.148,192.168.0.178,53414,25565,12512,2692609,0,0,0x0010
4538,2026-08-15T10:13:45.745094000-0500,20.878135000,192.168.0.178,192.168.0.148,25565,53414,2692609,12512,123,0,0x0018
4539,2026-08-15T10:13:45.779545000-0500,20.912586000,192.168.0.178,192.168.0.148,25565,53414,2692732,12512,857,0,0x0018
4540,2026-08-15T10:13:45.779606000-0500,20.912647000,192.168.0.148,192.168.0.178,53414,25565,12512,2693589,0,0,0x0010
4541,2026-08-15T10:13:45.793372000-0500,20.926413000,192.168.0.148,192.168.0.178,53414,25565,12512,2693589,28,0,0x0018
4542,2026-08-15T10:13:45.794696000-0500,20.927737000,192.168.0.148,192.168.0.178,53414,25565,12540,2693589,3,0,0x0018
4543,2026-08-15T10:13:45.795338000-0500,20.928379000,192.168.0.178,192.168.0.148,25565,53414,2693589,12543,0,0,0x0010
4544,2026-08-15T10:13:45.832835000-0500,20.965876000,192.168.0.178,192.168.0.148,25565,53414,2693589,12543,522,0,0x0018
4545,2026-08-15T10:13:45.843430000-0500,20.976471000,192.168.0.148,192.168.0.178,53414,25565,12543,2694111,28,0,0x0018
4546,2026-08-15T10:13:45.844345000-0500,20.977386000,192.168.0.148,192.168.0.178,53414,25565,12571,2694111,3,0,0x0018
4547,2026-08-15T10:13:45.844973000-0500,20.978014000,192.168.0.178,192.168.0.148,25565,53414,2694111,12574,0,0,0x0010
4548,2026-08-15T10:13:45.879634000-0500,21.012675000,192.168.0.178,192.168.0.148,25565,53414,2694111,12574,847,0,0x0018
4549,2026-08-15T10:13:45.893140000-0500,21.026181000,192.168.0.148,192.168.0.178,53414,25565,12574,2694958,28,0,0x0018
4550,2026-08-15T10:13:45.894191000-0500,21.027232000,192.168.0.148,192.168.0.178,53414,25565,12602,2694958,3,0,0x0018
4551,2026-08-15T10:13:45.894270000-0500,21.027311000,192.168.0.178,192.168.0.148,25565,53414,2694958,12602,46,0,0x0018
4552,2026-08-15T10:13:45.928544000-0500,21.061585000,192.168.0.178,192.168.0.148,25565,53414,2695004,12605,431,0,0x0018
4553,2026-08-15T10:13:45.928610000-0500,21.061651000,192.168.0.148,192.168.0.178,53414,25565,12605,2695435,0,0,0x0010
4554,2026-08-15T10:13:45.943185000-0500,21.076226000,192.168.0.148,192.168.0.178,53414,25565,12605,2695435,28,0,0x0018
4555,2026-08-15T10:13:45.944468000-0500,21.077509000,192.168.0.148,192.168.0.178,53414,25565,12633,2695435,3,0,0x0018
4556,2026-08-15T10:13:45.945308000-0500,21.078349000,192.168.0.178,192.168.0.148,25565,53414,2695435,12636,0,0,0x0010
4557,2026-08-15T10:13:45.979252000-0500,21.112293000,192.168.0.178,192.168.0.148,25565,53414,2695435,12636,372,0,0x0018
4558,2026-08-15T10:13:45.992502000-0500,21.125543000,192.168.0.148,192.168.0.178,53414,25565,12636,2695807,4,0,0x0018
4559,2026-08-15T10:13:45.992541000-0500,21.125582000,192.168.0.148,192.168.0.178,53414,25565,12640,2695807,28,0,0x0018
4560,2026-08-15T10:13:45.993342000-0500,21.126383000,192.168.0.178,192.168.0.148,25565,53414,2695807,12668,0,0,0x0010
4561,2026-08-15T10:13:45.993365000-0500,21.126406000,192.168.0.148,192.168.0.178,53414,25565,12668,2695807,3,0,0x0018
4562,2026-08-15T10:13:46.028233000-0500,21.161274000,192.168.0.178,192.168.0.148,25565,53414,2695807,12671,252,0,0x0018
4563,2026-08-15T10:13:46.043004000-0500,21.176045000,192.168.0.148,192.168.0.178,53414,25565,12671,2696059,36,0,0x0018
4564,2026-08-15T10:13:46.044100000-0500,21.177141000,192.168.0.148,192.168.0.178,53414,25565,12707,2696059,3,0,0x0018
4565,2026-08-15T10:13:46.044827000-0500,21.177868000,192.168.0.178,192.168.0.148,25565,53414,2696059,12710,0,0,0x0010
4566,2026-08-15T10:13:46.078570000-0500,21.211611000,192.168.0.178,192.168.0.148,25565,53414,2696059,12710,560,0,0x0018
4567,2026-08-15T10:13:46.094227000-0500,21.227268000,192.168.0.148,192.168.0.178,53414,25565,12710,2696619,28,0,0x0018
4568,2026-08-15T10:13:46.095323000-0500,21.228364000,192.168.0.148,192.168.0.178,53414,25565,12738,2696619,3,0,0x0018
4569,2026-08-15T10:13:46.096020000-0500,21.229061000,192.168.0.178,192.168.0.148,25565,53414,2696619,12741,0,0,0x0010
4570,2026-08-15T10:13:46.128991000-0500,21.262032000,192.168.0.178,192.168.0.148,25565,53414,2696619,12741,1196,0,0x0018
4571,2026-08-15T10:13:46.143238000-0500,21.276279000,192.168.0.148,192.168.0.178,53414,25565,12741,2697815,28,0,0x0018
4572,2026-08-15T10:13:46.144738000-0500,21.277779000,192.168.0.148,192.168.0.178,53414,25565,12769,2697815,3,0,0x0018
4573,2026-08-15T10:13:46.145537000-0500,21.278578000,192.168.0.178,192.168.0.148,25565,53414,2697815,12772,0,0,0x0010
4574,2026-08-15T10:13:46.181058000-0500,21.314099000,192.168.0.178,192.168.0.148,25565,53414,2697815,12772,481,0,0x0018
4575,2026-08-15T10:13:46.192033000-0500,21.325074000,192.168.0.148,192.168.0.178,53414,25565,12772,2698296,28,0,0x0018
4576,2026-08-15T10:13:46.192691000-0500,21.325732000,192.168.0.148,192.168.0.178,53414,25565,12800,2698296,3,0,0x0018
4577,2026-08-15T10:13:46.193331000-0500,21.326372000,192.168.0.178,192.168.0.148,25565,53414,2698296,12803,0,0,0x0010
4578,2026-08-15T10:13:46.230882000-0500,21.363923000,192.168.0.178,192.168.0.148,25565,53414,2698296,12803,1460,0,0x0010
4579,2026-08-15T10:13:46.230882000-0500,21.363923000,192.168.0.178,192.168.0.148,25565,53414,2699756,12803,641,0,0x0018
4580,2026-08-15T10:13:46.230934000-0500,21.363975000,192.168.0.148,192.168.0.178,53414,25565,12803,2700397,0,0,0x0010
4581,2026-08-15T10:13:46.243187000-0500,21.376228000,192.168.0.148,192.168.0.178,53414,25565,12803,2700397,28,0,0x0018
4582,2026-08-15T10:13:46.243538000-0500,21.376579000,192.168.0.148,192.168.0.178,53414,25565,12831,2700397,3,0,0x0018
4583,2026-08-15T10:13:46.245221000-0500,21.378262000,192.168.0.178,192.168.0.148,25565,53414,2700397,12834,0,0,0x0010
4584,2026-08-15T10:13:46.285691000-0500,21.418732000,192.168.0.178,192.168.0.148,25565,53414,2700397,12834,271,0,0x0018
4585,2026-08-15T10:13:46.293200000-0500,21.426241000,192.168.0.148,192.168.0.178,53414,25565,12834,2700668,28,0,0x0018
4586,2026-08-15T10:13:46.294294000-0500,21.427335000,192.168.0.148,192.168.0.178,53414,25565,12862,2700668,3,0,0x0018
4587,2026-08-15T10:13:46.295346000-0500,21.428387000,192.168.0.178,192.168.0.148,25565,53414,2700668,12865,0,0,0x0010
4588,2026-08-15T10:13:46.331686000-0500,21.464727000,192.168.0.178,192.168.0.148,25565,53414,2700668,12865,609,0,0x0018
4589,2026-08-15T10:13:46.342248000-0500,21.475289000,192.168.0.148,192.168.0.178,53414,25565,12865,2701277,28,0,0x0018
4590,2026-08-15T10:13:46.342946000-0500,21.475987000,192.168.0.148,192.168.0.178,53414,25565,12893,2701277,3,0,0x0018
4591,2026-08-15T10:13:46.343670000-0500,21.476711000,192.168.0.178,192.168.0.148,25565,53414,2701277,12896,0,0,0x0010
4592,2026-08-15T10:13:46.380524000-0500,21.513565000,192.168.0.178,192.168.0.148,25565,53414,2701277,12896,1368,0,0x0018
4593,2026-08-15T10:13:46.392545000-0500,21.525586000,192.168.0.148,192.168.0.178,53414,25565,12896,2702645,4,0,0x0018
4594,2026-08-15T10:13:46.392566000-0500,21.525607000,192.168.0.148,192.168.0.178,53414,25565,12900,2702645,28,0,0x0018
4595,2026-08-15T10:13:46.393220000-0500,21.526261000,192.168.0.148,192.168.0.178,53414,25565,12928,2702645,3,0,0x0018
4596,2026-08-15T10:13:46.393321000-0500,21.526362000,192.168.0.178,192.168.0.148,25565,53414,2702645,12928,0,0,0x0010
4597,2026-08-15T10:13:46.393849000-0500,21.526890000,192.168.0.178,192.168.0.148,25565,53414,2702645,12931,46,0,0x0018
4598,2026-08-15T10:13:46.429030000-0500,21.562071000,192.168.0.178,192.168.0.148,25565,53414,2702691,12931,297,0,0x0018
4599,2026-08-15T10:13:46.429085000-0500,21.562126000,192.168.0.148,192.168.0.178,53414,25565,12931,2702988,0,0,0x0010
4600,2026-08-15T10:13:46.443372000-0500,21.576413000,192.168.0.148,192.168.0.178,53414,25565,12931,2702988,28,0,0x0018
4601,2026-08-15T10:13:46.444867000-0500,21.577908000,192.168.0.148,192.168.0.178,53414,25565,12959,2702988,3,0,0x0018
4602,2026-08-15T10:13:46.445589000-0500,21.578630000,192.168.0.178,192.168.0.148,25565,53414,2702988,12962,0,0,0x0010
4603,2026-08-15T10:13:46.479151000-0500,21.612192000,192.168.0.178,192.168.0.148,25565,53414,2702988,12962,279,0,0x0018
4604,2026-08-15T10:13:46.492623000-0500,21.625664000,192.168.0.148,192.168.0.178,53414,25565,12962,2703267,28,0,0x0018
4605,2026-08-15T10:13:46.493335000-0500,21.626376000,192.168.0.148,192.168.0.178,53414,25565,12990,2703267,3,0,0x0018
4606,2026-08-15T10:13:46.494065000-0500,21.627106000,192.168.0.178,192.168.0.148,25565,53414,2703267,12993,0,0,0x0010
4607,2026-08-15T10:13:46.529213000-0500,21.662254000,192.168.0.178,192.168.0.148,25565,53414,2703267,12993,292,0,0x0018
4608,2026-08-15T10:13:46.542239000-0500,21.675280000,192.168.0.148,192.168.0.178,53414,25565,12993,2703559,28,0,0x0018
4609,2026-08-15T10:13:46.543536000-0500,21.676577000,192.168.0.148,192.168.0.178,53414,25565,13021,2703559,3,0,0x0018
4610,2026-08-15T10:13:46.544355000-0500,21.677396000,192.168.0.178,192.168.0.148,25565,53414,2703559,13024,0,0,0x0010
4611,2026-08-15T10:13:46.580156000-0500,21.713197000,192.168.0.178,192.168.0.148,25565,53414,2703559,13024,487,0,0x0018
4612,2026-08-15T10:13:46.593357000-0500,21.726398000,192.168.0.148,192.168.0.178,53414,25565,13024,2704046,28,0,0x0018
4613,2026-08-15T10:13:46.594303000-0500,21.727344000,192.168.0.148,192.168.0.178,53414,25565,13052,2704046,3,0,0x0018
4614,2026-08-15T10:13:46.595148000-0500,21.728189000,192.168.0.178,192.168.0.148,25565,53414,2704046,13055,0,0,0x0010
4615,2026-08-15T10:13:46.629858000-0500,21.762899000,192.168.0.178,192.168.0.148,25565,53414,2704046,13055,1460,0,0x0010
4616,2026-08-15T10:13:46.629858000-0500,21.762899000,192.168.0.178,192.168.0.148,25565,53414,2705506,13055,891,0,0x0018
4617,2026-08-15T10:13:46.629913000-0500,21.762954000,192.168.0.148,192.168.0.178,53414,25565,13055,2706397,0,0,0x0010
4618,2026-08-15T10:13:46.642108000-0500,21.775149000,192.168.0.148,192.168.0.178,53414,25565,13055,2706397,28,0,0x0018
4619,2026-08-15T10:13:46.642816000-0500,21.775857000,192.168.0.148,192.168.0.178,53414,25565,13083,2706397,3,0,0x0018
4620,2026-08-15T10:13:46.643545000-0500,21.776586000,192.168.0.178,192.168.0.148,25565,53414,2706397,13086,0,0,0x0010
4621,2026-08-15T10:13:46.682406000-0500,21.815447000,192.168.0.178,192.168.0.148,25565,53414,2706397,13086,1460,0,0x0010
4622,2026-08-15T10:13:46.682406000-0500,21.815447000,192.168.0.178,192.168.0.148,25565,53414,2707857,13086,1460,0,0x0010
4623,2026-08-15T10:13:46.682463000-0500,21.815504000,192.168.0.148,192.168.0.178,53414,25565,13086,2709317,0,0,0x0010
4624,2026-08-15T10:13:46.682516000-0500,21.815557000,192.168.0.178,192.168.0.148,25565,53414,2709317,13086,1460,0,0x0010
4625,2026-08-15T10:13:46.682745000-0500,21.815786000,192.168.0.178,192.168.0.148,25565,53414,2710777,13086,1460,0,0x0010
4626,2026-08-15T10:13:46.682745000-0500,21.815786000,192.168.0.178,192.168.0.148,25565,53414,2712237,13086,1460,0,0x0010
4627,2026-08-15T10:13:46.682777000-0500,21.815818000,192.168.0.148,192.168.0.178,53414,25565,13086,2713697,0,0,0x0010
4628,2026-08-15T10:13:46.682988000-0500,21.816029000,192.168.0.178,192.168.0.148,25565,53414,2713697,13086,1460,0,0x0010
4629,2026-08-15T10:13:46.682988000-0500,21.816029000,192.168.0.178,192.168.0.148,25565,53414,2715157,13086,1460,0,0x0010
4630,2026-08-15T10:13:46.683021000-0500,21.816062000,192.168.0.148,192.168.0.178,53414,25565,13086,2716617,0,0,0x0010
4631,2026-08-15T10:13:46.683234000-0500,21.816275000,192.168.0.178,192.168.0.148,25565,53414,2716617,13086,1460,0,0x0010
4632,2026-08-15T10:13:46.683234000-0500,21.816275000,192.168.0.178,192.168.0.148,25565,53414,2718077,13086,1460,0,0x0018
4633,2026-08-15T10:13:46.683272000-0500,21.816313000,192.168.0.148,192.168.0.178,53414,25565,13086,2719537,0,0,0x0010
4634,2026-08-15T10:13:46.683484000-0500,21.816525000,192.168.0.178,192.168.0.148,25565,53414,2719537,13086,1460,0,0x0010
4635,2026-08-15T10:13:46.683484000-0500,21.816525000,192.168.0.178,192.168.0.148,25565,53414,2720997,13086,1460,0,0x0010
4636,2026-08-15T10:13:46.683518000-0500,21.816559000,192.168.0.148,192.168.0.178,53414,25565,13086,2722457,0,0,0x0010
4637,2026-08-15T10:13:46.683761000-0500,21.816802000,192.168.0.178,192.168.0.148,25565,53414,2722457,13086,1460,0,0x0010
4638,2026-08-15T10:13:46.683761000-0500,21.816802000,192.168.0.178,192.168.0.148,25565,53414,2723917,13086,1460,0,0x0010
4639,2026-08-15T10:13:46.683761000-0500,21.816802000,192.168.0.178,192.168.0.148,25565,53414,2725377,13086,252,0,0x0018
4640,2026-08-15T10:13:46.683800000-0500,21.816841000,192.168.0.148,192.168.0.178,53414,25565,13086,2725629,0,0,0x0010
4641,2026-08-15T10:13:46.684032000-0500,21.817073000,192.168.0.148,192.168.0.178,53414,25565,13086,2725629,11,0,0x0018
4642,2026-08-15T10:13:46.692519000-0500,21.825560000,192.168.0.148,192.168.0.178,53414,25565,13097,2725629,28,0,0x0018
4643,2026-08-15T10:13:46.693133000-0500,21.826174000,192.168.0.178,192.168.0.148,25565,53414,2725629,13125,0,0,0x0010
4644,2026-08-15T10:13:46.693164000-0500,21.826205000,192.168.0.148,192.168.0.178,53414,25565,13125,2725629,3,0,0x0018
4645,2026-08-15T10:13:46.732516000-0500,21.865557000,192.168.0.178,192.168.0.148,25565,53414,2725629,13128,1460,0,0x0010
4646,2026-08-15T10:13:46.732516000-0500,21.865557000,192.168.0.178,192.168.0.148,25565,53414,2727089,13128,1460,0,0x0010
4647,2026-08-15T10:13:46.732572000-0500,21.865613000,192.168.0.148,192.168.0.178,53414,25565,13128,2728549,0,0,0x0010
4648,2026-08-15T10:13:46.732617000-0500,21.865658000,192.168.0.178,192.168.0.148,25565,53414,2728549,13128,1460,0,0x0010
4649,2026-08-15T10:13:46.732842000-0500,21.865883000,192.168.0.178,192.168.0.148,25565,53414,2730009,13128,1460,0,0x0010
4650,2026-08-15T10:13:46.732842000-0500,21.865883000,192.168.0.178,192.168.0.148,25565,53414,2731469,13128,1460,0,0x0010
4651,2026-08-15T10:13:46.732870000-0500,21.865911000,192.168.0.148,192.168.0.178,53414,25565,13128,2732929,0,0,0x0010
4652,2026-08-15T10:13:46.733089000-0500,21.866130000,192.168.0.178,192.168.0.148,25565,53414,2732929,13128,1460,0,0x0010
4653,2026-08-15T10:13:46.733089000-0500,21.866130000,192.168.0.178,192.168.0.148,25565,53414,2734389,13128,1460,0,0x0010
4654,2026-08-15T10:13:46.733124000-0500,21.866165000,192.168.0.148,192.168.0.178,53414,25565,13128,2735849,0,0,0x0010
4655,2026-08-15T10:13:46.733334000-0500,21.866375000,192.168.0.178,192.168.0.148,25565,53414,2735849,13128,1460,0,0x0010
4656,2026-08-15T10:13:46.733334000-0500,21.866375000,192.168.0.178,192.168.0.148,25565,53414,2737309,13128,1460,0,0x0018
4657,2026-08-15T10:13:46.733364000-0500,21.866405000,192.168.0.148,192.168.0.178,53414,25565,13128,2738769,0,0,0x0010
4658,2026-08-15T10:13:46.733582000-0500,21.866623000,192.168.0.178,192.168.0.148,25565,53414,2738769,13128,1460,0,0x0010
4659,2026-08-15T10:13:46.733582000-0500,21.866623000,192.168.0.178,192.168.0.148,25565,53414,2740229,13128,1460,0,0x0010
4660,2026-08-15T10:13:46.733611000-0500,21.866652000,192.168.0.148,192.168.0.178,53414,25565,13128,2741689,0,0,0x0010
4661,2026-08-15T10:13:46.733827000-0500,21.866868000,192.168.0.178,192.168.0.148,25565,53414,2741689,13128,1460,0,0x0010
4662,2026-08-15T10:13:46.733827000-0500,21.866868000,192.168.0.178,192.168.0.148,25565,53414,2743149,13128,1447,0,0x0018
4663,2026-08-15T10:13:46.733857000-0500,21.866898000,192.168.0.148,192.168.0.178,53414,25565,13128,2744596,0,0,0x0010
4664,2026-08-15T10:13:46.743251000-0500,21.876292000,192.168.0.148,192.168.0.178,53414,25565,13128,2744596,28,0,0x0018
4665,2026-08-15T10:13:46.744292000-0500,21.877333000,192.168.0.148,192.168.0.178,53414,25565,13156,2744596,3,0,0x0018
4666,2026-08-15T10:13:46.745093000-0500,21.878134000,192.168.0.178,192.168.0.148,25565,53414,2744596,13159,0,0,0x0010
4667,2026-08-15T10:13:46.781012000-0500,21.914053000,192.168.0.178,192.168.0.148,25565,53414,2744596,13159,1460,0,0x0010
4668,2026-08-15T10:13:46.781012000-0500,21.914053000,192.168.0.178,192.168.0.148,25565,53414,2746056,13159,1460,0,0x0010
4669,2026-08-15T10:13:46.781088000-0500,21.914129000,192.168.0.148,192.168.0.178,53414,25565,13159,2747516,0,0,0x0010
4670,2026-08-15T10:13:46.781149000-0500,21.914190000,192.168.0.178,192.168.0.148,25565,53414,2747516,13159,1460,0,0x0010
4671,2026-08-15T10:13:46.781216000-0500,21.914257000,192.168.0.178,192.168.0.148,25565,53414,2748976,13159,1460,0,0x0010
4672,2026-08-15T10:13:46.781228000-0500,21.914269000,192.168.0.148,192.168.0.178,53414,25565,13159,2750436,0,0,0x0010
4673,2026-08-15T10:13:46.781464000-0500,21.914505000,192.168.0.178,192.168.0.148,25565,53414,2750436,13159,1460,0,0x0010
4674,2026-08-15T10:13:46.781464000-0500,21.914505000,192.168.0.178,192.168.0.148,25565,53414,2751896,13159,1460,0,0x0010
4675,2026-08-15T10:13:46.781514000-0500,21.914555000,192.168.0.148,192.168.0.178,53414,25565,13159,2753356,0,0,0x0010
4676,2026-08-15T10:13:46.781576000-0500,21.914617000,192.168.0.178,192.168.0.148,25565,53414,2753356,13159,1460,0,0x0010
4677,2026-08-15T10:13:46.781817000-0500,21.914858000,192.168.0.178,192.168.0.148,25565,53414,2754816,13159,1460,0,0x0010
4678,2026-08-15T10:13:46.781817000-0500,21.914858000,192.168.0.178,192.168.0.148,25565,53414,2756276,13159,1460,0,0x0018
4679,2026-08-15T10:13:46.781859000-0500,21.914900000,192.168.0.148,192.168.0.178,53414,25565,13159,2757736,0,0,0x0010
4680,2026-08-15T10:13:46.782072000-0500,21.915113000,192.168.0.178,192.168.0.148,25565,53414,2757736,13159,1460,0,0x0010
4681,2026-08-15T10:13:46.782072000-0500,21.915113000,192.168.0.178,192.168.0.148,25565,53414,2759196,13159,1460,0,0x0010
4682,2026-08-15T10:13:46.782099000-0500,21.915140000,192.168.0.148,192.168.0.178,53414,25565,13159,2760656,0,0,0x0010
4683,2026-08-15T10:13:46.782293000-0500,21.915334000,192.168.0.178,192.168.0.148,25565,53414,2760656,13159,1460,0,0x0010
4684,2026-08-15T10:13:46.782293000-0500,21.915334000,192.168.0.178,192.168.0.148,25565,53414,2762116,13159,1118,0,0x0018
4685,2026-08-15T10:13:46.782326000-0500,21.915367000,192.168.0.148,192.168.0.178,53414,25565,13159,2763234,0,0,0x0010
4686,2026-08-15T10:13:46.793721000-0500,21.926762000,192.168.0.148,192.168.0.178,53414,25565,13159,2763234,28,0,0x0018
4687,2026-08-15T10:13:46.794664000-0500,21.927705000,192.168.0.148,192.168.0.178,53414,25565,13187,2763234,3,0,0x0018
4688,2026-08-15T10:13:46.796399000-0500,21.929440000,192.168.0.178,192.168.0.148,25565,53414,2763234,13190,0,0,0x0010
4689,2026-08-15T10:13:46.831048000-0500,21.964089000,192.168.0.178,192.168.0.148,25565,53414,2763234,13190,1460,0,0x0010
4690,2026-08-15T10:13:46.831048000-0500,21.964089000,192.168.0.178,192.168.0.148,25565,53414,2764694,13190,1460,0,0x0010
4691,2026-08-15T10:13:46.831102000-0500,21.964143000,192.168.0.148,192.168.0.178,53414,25565,13190,2766154,0,0,0x0010
4692,2026-08-15T10:13:46.831149000-0500,21.964190000,192.168.0.178,192.168.0.148,25565,53414,2766154,13190,1460,0,0x0010
4693,2026-08-15T10:13:46.831372000-0500,21.964413000,192.168.0.178,192.168.0.148,25565,53414,2767614,13190,1460,0,0x0010
4694,2026-08-15T10:13:46.831372000-0500,21.964413000,192.168.0.178,192.168.0.148,25565,53414,2769074,13190,1460,0,0x0010
4695,2026-08-15T10:13:46.831401000-0500,21.964442000,192.168.0.148,192.168.0.178,53414,25565,13190,2770534,0,0,0x0010
4696,2026-08-15T10:13:46.831618000-0500,21.964659000,192.168.0.178,192.168.0.148,25565,53414,2770534,13190,1460,0,0x0010
4697,2026-08-15T10:13:46.831618000-0500,21.964659000,192.168.0.178,192.168.0.148,25565,53414,2771994,13190,1460,0,0x0010
4698,2026-08-15T10:13:46.831645000-0500,21.964686000,192.168.0.148,192.168.0.178,53414,25565,13190,2773454,0,0,0x0010
4699,2026-08-15T10:13:46.831681000-0500,21.964722000,192.168.0.178,192.168.0.148,25565,53414,2773454,13190,296,0,0x0018
4700,2026-08-15T10:13:46.831687000-0500,21.964728000,192.168.0.148,192.168.0.178,53414,25565,13190,2773750,0,0,0x0010
4701,2026-08-15T10:13:46.842475000-0500,21.975516000,192.168.0.148,192.168.0.178,53414,25565,13190,2773750,28,0,0x0018
4702,2026-08-15T10:13:46.843302000-0500,21.976343000,192.168.0.148,192.168.0.178,53414,25565,13218,2773750,3,0,0x0018
4703,2026-08-15T10:13:46.843967000-0500,21.977008000,192.168.0.178,192.168.0.148,25565,53414,2773750,13221,0,0,0x0010
4704,2026-08-15T10:13:46.882230000-0500,22.015271000,192.168.0.178,192.168.0.148,25565,53414,2773750,13221,1460,0,0x0010
4705,2026-08-15T10:13:46.882230000-0500,22.015271000,192.168.0.178,192.168.0.148,25565,53414,2775210,13221,1460,0,0x0010
4706,2026-08-15T10:13:46.882282000-0500,22.015323000,192.168.0.148,192.168.0.178,53414,25565,13221,2776670,0,0,0x0010
4707,2026-08-15T10:13:46.882336000-0500,22.015377000,192.168.0.178,192.168.0.148,25565,53414,2776670,13221,1460,0,0x0010
4708,2026-08-15T10:13:46.882597000-0500,22.015638000,192.168.0.178,192.168.0.148,25565,53414,2778130,13221,1460,0,0x0010
4709,2026-08-15T10:13:46.882597000-0500,22.015638000,192.168.0.178,192.168.0.148,25565,53414,2779590,13221,1460,0,0x0010
4710,2026-08-15T10:13:46.882623000-0500,22.015664000,192.168.0.148,192.168.0.178,53414,25565,13221,2781050,0,0,0x0010
4711,2026-08-15T10:13:46.882814000-0500,22.015855000,192.168.0.178,192.168.0.148,25565,53414,2781050,13221,1460,0,0x0010
4712,2026-08-15T10:13:46.882814000-0500,22.015855000,192.168.0.178,192.168.0.148,25565,53414,2782510,13221,1460,0,0x0010
4713,2026-08-15T10:13:46.882841000-0500,22.015882000,192.168.0.148,192.168.0.178,53414,25565,13221,2783970,0,0,0x0010
4714,2026-08-15T10:13:46.883053000-0500,22.016094000,192.168.0.178,192.168.0.148,25565,53414,2783970,13221,1460,0,0x0010
4715,2026-08-15T10:13:46.883053000-0500,22.016094000,192.168.0.178,192.168.0.148,25565,53414,2785430,13221,1460,0,0x0018
4716,2026-08-15T10:13:46.883085000-0500,22.016126000,192.168.0.148,192.168.0.178,53414,25565,13221,2786890,0,0,0x0010
4717,2026-08-15T10:13:46.883275000-0500,22.016316000,192.168.0.178,192.168.0.148,25565,53414,2786890,13221,1460,0,0x0010
4718,2026-08-15T10:13:46.883302000-0500,22.016343000,192.168.0.148,192.168.0.178,53414,25565,13221,2788350,0,0,0x0010
4719,2026-08-15T10:13:46.883340000-0500,22.016381000,192.168.0.178,192.168.0.148,25565,53414,2788350,13221,1460,0,0x0010
4720,2026-08-15T10:13:46.883415000-0500,22.016456000,192.168.0.178,192.168.0.148,25565,53414,2789810,13221,1460,0,0x0010
4721,2026-08-15T10:13:46.883420000-0500,22.016461000,192.168.0.148,192.168.0.178,53414,25565,13221,2791270,0,0,0x0010
4722,2026-08-15T10:13:46.883575000-0500,22.016616000,192.168.0.178,192.168.0.148,25565,53414,2791270,13221,1460,0,0x0010
4723,2026-08-15T10:13:46.883665000-0500,22.016706000,192.168.0.178,192.168.0.148,25565,53414,2792730,13221,1460,0,0x0010
4724,2026-08-15T10:13:46.883674000-0500,22.016715000,192.168.0.148,192.168.0.178,53414,25565,13221,2794190,0,0,0x0010
4725,2026-08-15T10:13:46.883965000-0500,22.017006000,192.168.0.178,192.168.0.148,25565,53414,2794190,13221,1267,0,0x0018
4726,2026-08-15T10:13:46.893318000-0500,22.026359000,192.168.0.148,192.168.0.178,53414,25565,13221,2795457,28,0,0x0018
4727,2026-08-15T10:13:46.894262000-0500,22.027303000,192.168.0.148,192.168.0.178,53414,25565,13249,2795457,3,0,0x0018
4728,2026-08-15T10:13:46.894749000-0500,22.027790000,192.168.0.178,192.168.0.148,25565,53414,2795457,13252,0,0,0x0010
4729,2026-08-15T10:13:46.931860000-0500,22.064901000,192.168.0.178,192.168.0.148,25565,53414,2795457,13252,905,0,0x0018
4730,2026-08-15T10:13:46.943187000-0500,22.076228000,192.168.0.148,192.168.0.178,53414,25565,13252,2796362,28,0,0x0018
4731,2026-08-15T10:13:46.944523000-0500,22.077564000,192.168.0.148,192.168.0.178,53414,25565,13280,2796362,3,0,0x0018
4732,2026-08-15T10:13:46.945245000-0500,22.078286000,192.168.0.178,192.168.0.148,25565,53414,2796362,13283,0,0,0x0010
4733,2026-08-15T10:13:46.979711000-0500,22.112752000,192.168.0.178,192.168.0.148,25565,53414,2796362,13283,1109,0,0x0018
4734,2026-08-15T10:13:46.993224000-0500,22.126265000,192.168.0.148,192.168.0.178,53414,25565,13283,2797471,28,0,0x0018
4735,2026-08-15T10:13:46.994112000-0500,22.127153000,192.168.0.178,192.168.0.148,25565,53414,2797471,13311,46,0,0x0018
4736,2026-08-15T10:13:46.994428000-0500,22.127469000,192.168.0.148,192.168.0.178,53414,25565,13311,2797517,3,0,0x0018
4737,2026-08-15T10:13:47.030395000-0500,22.163436000,192.168.0.178,192.168.0.148,25565,53414,2797517,13314,410,0,0x0018
4738,2026-08-15T10:13:47.043610000-0500,22.176651000,192.168.0.148,192.168.0.178,53414,25565,13314,2797927,28,0,0x0018
4739,2026-08-15T10:13:47.044745000-0500,22.177786000,192.168.0.148,192.168.0.178,53414,25565,13342,2797927,3,0,0x0018
4740,2026-08-15T10:13:47.045395000-0500,22.178436000,192.168.0.178,192.168.0.148,25565,53414,2797927,13345,0,0,0x0010
4741,2026-08-15T10:13:47.092453000-0500,22.225494000,192.168.0.148,192.168.0.178,53414,25565,13345,2797927,28,0,0x0018
4742,2026-08-15T10:13:47.093252000-0500,22.226293000,192.168.0.148,192.168.0.178,53414,25565,13373,2797927,3,0,0x0018
4743,2026-08-15T10:13:47.094020000-0500,22.227061000,192.168.0.178,192.168.0.148,25565,53414,2797927,13376,0,0,0x0010
4744,2026-08-15T10:13:47.103778000-0500,22.236819000,192.168.0.178,192.168.0.148,25565,53414,2797927,13376,432,0,0x0018
4745,2026-08-15T10:13:47.132670000-0500,22.265711000,192.168.0.178,192.168.0.148,25565,53414,2798359,13376,1086,0,0x0018
4746,2026-08-15T10:13:47.132724000-0500,22.265765000,192.168.0.148,192.168.0.178,53414,25565,13376,2799445,0,0,0x0010
4747,2026-08-15T10:13:47.142008000-0500,22.275049000,192.168.0.148,192.168.0.178,53414,25565,13376,2799445,28,0,0x0018
4748,2026-08-15T10:13:47.142583000-0500,22.275624000,192.168.0.148,192.168.0.178,53414,25565,13404,2799445,3,0,0x0018
4749,2026-08-15T10:13:47.143320000-0500,22.276361000,192.168.0.178,192.168.0.148,25565,53414,2799445,13407,0,0,0x0010
4750,2026-08-15T10:13:47.182055000-0500,22.315096000,192.168.0.178,192.168.0.148,25565,53414,2799445,13407,894,0,0x0018
4751,2026-08-15T10:13:47.193364000-0500,22.326405000,192.168.0.148,192.168.0.178,53414,25565,13407,2800339,28,0,0x0018
4752,2026-08-15T10:13:47.194428000-0500,22.327469000,192.168.0.148,192.168.0.178,53414,25565,13435,2800339,3,0,0x0018
4753,2026-08-15T10:13:47.195063000-0500,22.328104000,192.168.0.178,192.168.0.148,25565,53414,2800339,13438,0,0,0x0010
4754,2026-08-15T10:13:47.232297000-0500,22.365338000,192.168.0.178,192.168.0.148,25565,53414,2800339,13438,697,0,0x0018
4755,2026-08-15T10:13:47.242916000-0500,22.375957000,192.168.0.148,192.168.0.178,53414,25565,13438,2801036,4,0,0x0018
4756,2026-08-15T10:13:47.242944000-0500,22.375985000,192.168.0.148,192.168.0.178,53414,25565,13442,2801036,28,0,0x0018
4757,2026-08-15T10:13:47.243634000-0500,22.376675000,192.168.0.178,192.168.0.148,25565,53414,2801036,13470,0,0,0x0010
4758,2026-08-15T10:13:47.244140000-0500,22.377181000,192.168.0.148,192.168.0.178,53414,25565,13470,2801036,3,0,0x0018
4759,2026-08-15T10:13:47.244206000-0500,22.377247000,192.168.0.178,192.168.0.148,25565,53414,2801036,13470,11,0,0x0018
4760,2026-08-15T10:13:47.244206000-0500,22.377247000,192.168.0.178,192.168.0.148,25565,53414,2801047,13470,22,0,0x0018
4761,2026-08-15T10:13:47.244206000-0500,22.377247000,192.168.0.178,192.168.0.148,25565,53414,2801069,13470,33,0,0x0018
4762,2026-08-15T10:13:47.244206000-0500,22.377247000,192.168.0.178,192.168.0.148,25565,53414,2801102,13470,44,0,0x0018
4763,2026-08-15T10:13:47.244206000-0500,22.377247000,192.168.0.178,192.168.0.148,25565,53414,2801146,13470,11,0,0x0018
4764,2026-08-15T10:13:47.244206000-0500,22.377247000,192.168.0.178,192.168.0.148,25565,53414,2801157,13470,22,0,0x0018
4765,2026-08-15T10:13:47.244245000-0500,22.377286000,192.168.0.148,192.168.0.178,53414,25565,13473,2801179,0,0,0x0010
4766,2026-08-15T10:13:47.244272000-0500,22.377313000,192.168.0.178,192.168.0.148,25565,53414,2801179,13470,33,0,0x0018
4767,2026-08-15T10:13:47.244300000-0500,22.377341000,192.168.0.178,192.168.0.148,25565,53414,2801212,13470,46,0,0x0018
4768,2026-08-15T10:13:47.244308000-0500,22.377349000,192.168.0.148,192.168.0.178,53414,25565,13473,2801258,0,0,0x0010
4769,2026-08-15T10:13:47.285227000-0500,22.418268000,192.168.0.178,192.168.0.148,25565,53414,2801258,13473,0,0,0x0010
4770,2026-08-15T10:13:47.290845000-0500,22.423886000,192.168.0.178,192.168.0.148,25565,53414,2801258,13473,247,0,0x0018
4771,2026-08-15T10:13:47.292830000-0500,22.425871000,192.168.0.148,192.168.0.178,53414,25565,13473,2801505,36,0,0x0018
4772,2026-08-15T10:13:47.293207000-0500,22.426248000,192.168.0.178,192.168.0.148,25565,53414,2801505,13509,0,0,0x0010
4773,2026-08-15T10:13:47.293949000-0500,22.426990000,192.168.0.148,192.168.0.178,53414,25565,13509,2801505,3,0,0x0018
4774,2026-08-15T10:13:47.294455000-0500,22.427496000,192.168.0.178,192.168.0.148,25565,53414,2801505,13512,0,0,0x0010
4775,2026-08-15T10:13:47.331914000-0500,22.464955000,192.168.0.178,192.168.0.148,25565,53414,2801505,13512,290,0,0x0018
4776,2026-08-15T10:13:47.343409000-0500,22.476450000,192.168.0.148,192.168.0.178,53414,25565,13512,2801795,28,0,0x0018
4777,2026-08-15T10:13:47.344767000-0500,22.477808000,192.168.0.148,192.168.0.178,53414,25565,13540,2801795,3,0,0x0018
4778,2026-08-15T10:13:47.345177000-0500,22.478218000,192.168.0.178,192.168.0.148,25565,53414,2801795,13543,0,0,0x0010
4779,2026-08-15T10:13:47.382209000-0500,22.515250000,192.168.0.178,192.168.0.148,25565,53414,2801795,13543,1460,0,0x0010
4780,2026-08-15T10:13:47.382209000-0500,22.515250000,192.168.0.178,192.168.0.148,25565,53414,2803255,13543,201,0,0x0018
4781,2026-08-15T10:13:47.382258000-0500,22.515299000,192.168.0.148,192.168.0.178,53414,25565,13543,2803456,0,0,0x0010
4782,2026-08-15T10:13:47.393416000-0500,22.526457000,192.168.0.148,192.168.0.178,53414,25565,13543,2803456,36,0,0x0018
4783,2026-08-15T10:13:47.394584000-0500,22.527625000,192.168.0.148,192.168.0.178,53414,25565,13579,2803456,3,0,0x0018
4784,2026-08-15T10:13:47.395109000-0500,22.528150000,192.168.0.178,192.168.0.148,25565,53414,2803456,13582,0,0,0x0010
4785,2026-08-15T10:13:47.436006000-0500,22.569047000,192.168.0.178,192.168.0.148,25565,53414,2803456,13582,865,0,0x0018
4786,2026-08-15T10:13:47.443187000-0500,22.576228000,192.168.0.148,192.168.0.178,53414,25565,13582,2804321,28,0,0x0018
4787,2026-08-15T10:13:47.443950000-0500,22.576991000,192.168.0.148,192.168.0.178,53414,25565,13610,2804321,3,0,0x0018
4788,2026-08-15T10:13:47.444576000-0500,22.577617000,192.168.0.178,192.168.0.148,25565,53414,2804321,13613,0,0,0x0010
4789,2026-08-15T10:13:47.480534000-0500,22.613575000,192.168.0.178,192.168.0.148,25565,53414,2804321,13613,436,0,0x0018
4790,2026-08-15T10:13:47.494012000-0500,22.627053000,192.168.0.148,192.168.0.178,53414,25565,13613,2804757,28,0,0x0018
4791,2026-08-15T10:13:47.495156000-0500,22.628197000,192.168.0.148,192.168.0.178,53414,25565,13641,2804757,3,0,0x0018
4792,2026-08-15T10:13:47.495906000-0500,22.628947000,192.168.0.178,192.168.0.148,25565,53414,2804757,13644,0,0,0x0010
4793,2026-08-15T10:13:47.531031000-0500,22.664072000,192.168.0.178,192.168.0.148,25565,53414,2804757,13644,756,0,0x0018
4794,2026-08-15T10:13:47.542921000-0500,22.675962000,192.168.0.148,192.168.0.178,53414,25565,13644,2805513,28,0,0x0018
4795,2026-08-15T10:13:47.544063000-0500,22.677104000,192.168.0.148,192.168.0.178,53414,25565,13672,2805513,3,0,0x0018
4796,2026-08-15T10:13:47.544687000-0500,22.677728000,192.168.0.178,192.168.0.148,25565,53414,2805513,13675,0,0,0x0010
4797,2026-08-15T10:13:47.580586000-0500,22.713627000,192.168.0.178,192.168.0.148,25565,53414,2805513,13675,271,0,0x0018
4798,2026-08-15T10:13:47.593662000-0500,22.726703000,192.168.0.148,192.168.0.178,53414,25565,13675,2805784,28,0,0x0018
4799,2026-08-15T10:13:47.595066000-0500,22.728107000,192.168.0.148,192.168.0.178,53414,25565,13703,2805784,3,0,0x0018
4800,2026-08-15T10:13:47.595851000-0500,22.728892000,192.168.0.178,192.168.0.148,25565,53414,2805784,13706,0,0,0x0010
4801,2026-08-15T10:13:47.630244000-0500,22.763285000,192.168.0.178,192.168.0.148,25565,53414,2805784,13706,1050,0,0x0018
4802,2026-08-15T10:13:47.643165000-0500,22.776206000,192.168.0.148,192.168.0.178,53414,25565,13706,2806834,28,0,0x0018
4803,2026-08-15T10:13:47.644291000-0500,22.777332000,192.168.0.148,192.168.0.178,53414,25565,13734,2806834,3,0,0x0018
4804,2026-08-15T10:13:47.645051000-0500,22.778092000,192.168.0.178,192.168.0.148,25565,53414,2806834,13737,0,0,0x0010
4805,2026-08-15T10:13:47.680236000-0500,22.813277000,192.168.0.178,192.168.0.148,25565,53414,2806834,13737,1077,0,0x0018
4806,2026-08-15T10:13:47.692794000-0500,22.825835000,192.168.0.148,192.168.0.178,53414,25565,13737,2807911,28,0,0x0018
4807,2026-08-15T10:13:47.693893000-0500,22.826934000,192.168.0.148,192.168.0.178,53414,25565,13765,2807911,3,0,0x0018
4808,2026-08-15T10:13:47.694589000-0500,22.827630000,192.168.0.178,192.168.0.148,25565,53414,2807911,13768,0,0,0x0010
4809,2026-08-15T10:13:47.731360000-0500,22.864401000,192.168.0.178,192.168.0.148,25565,53414,2807911,13768,1460,0,0x0010
4810,2026-08-15T10:13:47.731360000-0500,22.864401000,192.168.0.178,192.168.0.148,25565,53414,2809371,13768,311,0,0x0018
4811,2026-08-15T10:13:47.731420000-0500,22.864461000,192.168.0.148,192.168.0.178,53414,25565,13768,2809682,0,0,0x0010
4812,2026-08-15T10:13:47.731681000-0500,22.864722000,192.168.0.148,192.168.0.178,53414,25565,13768,2809682,11,0,0x0018
4813,2026-08-15T10:13:47.743741000-0500,22.876782000,192.168.0.148,192.168.0.178,53414,25565,13779,2809682,28,0,0x0018
4814,2026-08-15T10:13:47.744669000-0500,22.877710000,192.168.0.178,192.168.0.148,25565,53414,2809682,13807,0,0,0x0010
4815,2026-08-15T10:13:47.745081000-0500,22.878122000,192.168.0.148,192.168.0.178,53414,25565,13807,2809682,3,0,0x0018
4816,2026-08-15T10:13:47.783389000-0500,22.916430000,192.168.0.178,192.168.0.148,25565,53414,2809682,13810,972,0,0x0018
4817,2026-08-15T10:13:47.794434000-0500,22.927475000,192.168.0.148,192.168.0.178,53414,25565,13810,2810654,28,0,0x0018
4818,2026-08-15T10:13:47.795647000-0500,22.928688000,192.168.0.148,192.168.0.178,53414,25565,13838,2810654,3,0,0x0018
4819,2026-08-15T10:13:47.796344000-0500,22.929385000,192.168.0.178,192.168.0.148,25565,53414,2810654,13841,0,0,0x0010
4820,2026-08-15T10:13:47.828046000-0500,22.961087000,192.168.0.178,192.168.0.148,25565,53414,2810654,13841,457,0,0x0018
4821,2026-08-15T10:13:47.843461000-0500,22.976502000,192.168.0.148,192.168.0.178,53414,25565,13841,2811111,28,0,0x0018
4822,2026-08-15T10:13:47.844762000-0500,22.977803000,192.168.0.148,192.168.0.178,53414,25565,13869,2811111,3,0,0x0018
4823,2026-08-15T10:13:47.845439000-0500,22.978480000,192.168.0.178,192.168.0.148,25565,53414,2811111,13872,0,0,0x0010
4824,2026-08-15T10:13:47.879245000-0500,23.012286000,192.168.0.178,192.168.0.148,25565,53414,2811111,13872,1460,0,0x0010
4825,2026-08-15T10:13:47.879245000-0500,23.012286000,192.168.0.178,192.168.0.148,25565,53414,2812571,13872,150,0,0x0018
4826,2026-08-15T10:13:47.879293000-0500,23.012334000,192.168.0.148,192.168.0.178,53414,25565,13872,2812721,0,0,0x0010
4827,2026-08-15T10:13:47.892401000-0500,23.025442000,192.168.0.148,192.168.0.178,53414,25565,13872,2812721,28,0,0x0018
4828,2026-08-15T10:13:47.893024000-0500,23.026065000,192.168.0.148,192.168.0.178,53414,25565,13900,2812721,3,0,0x0018
4829,2026-08-15T10:13:47.893682000-0500,23.026723000,192.168.0.178,192.168.0.148,25565,53414,2812721,13903,0,0,0x0010
4830,2026-08-15T10:13:47.929568000-0500,23.062609000,192.168.0.178,192.168.0.148,25565,53414,2812721,13903,358,0,0x0018
4831,2026-08-15T10:13:47.942554000-0500,23.075595000,192.168.0.148,192.168.0.178,53414,25565,13903,2813079,28,0,0x0018
4832,2026-08-15T10:13:47.943406000-0500,23.076447000,192.168.0.148,192.168.0.178,53414,25565,13931,2813079,3,0,0x0018
4833,2026-08-15T10:13:47.944193000-0500,23.077234000,192.168.0.178,192.168.0.148,25565,53414,2813079,13934,0,0,0x0010
4834,2026-08-15T10:13:47.980505000-0500,23.113546000,192.168.0.178,192.168.0.148,25565,53414,2813079,13934,537,0,0x0018
4835,2026-08-15T10:13:47.993515000-0500,23.126556000,192.168.0.148,192.168.0.178,53414,25565,13934,2813616,28,0,0x0018
4836,2026-08-15T10:13:47.994784000-0500,23.127825000,192.168.0.148,192.168.0.178,53414,25565,13962,2813616,3,0,0x0018
4837,2026-08-15T10:13:47.995466000-0500,23.128507000,192.168.0.178,192.168.0.148,25565,53414,2813616,13965,0,0,0x0010
4838,2026-08-15T10:13:48.030549000-0500,23.163590000,192.168.0.178,192.168.0.148,25565,53414,2813616,13965,493,0,0x0018
4839,2026-08-15T10:13:48.043636000-0500,23.176677000,192.168.0.148,192.168.0.178,53414,25565,13965,2814109,28,0,0x0018
4840,2026-08-15T10:13:48.045017000-0500,23.178058000,192.168.0.148,192.168.0.178,53414,25565,13993,2814109,3,0,0x0018
4841,2026-08-15T10:13:48.045726000-0500,23.178767000,192.168.0.178,192.168.0.148,25565,53414,2814109,13996,0,0,0x0010
4842,2026-08-15T10:13:48.083206000-0500,23.216247000,192.168.0.178,192.168.0.148,25565,53414,2814109,13996,608,0,0x0018
4843,2026-08-15T10:13:48.093754000-0500,23.226795000,192.168.0.148,192.168.0.178,53414,25565,13996,2814717,4,0,0x0018
4844,2026-08-15T10:13:48.093789000-0500,23.226830000,192.168.0.148,192.168.0.178,53414,25565,14000,2814717,28,0,0x0018
4845,2026-08-15T10:13:48.094547000-0500,23.227588000,192.168.0.178,192.168.0.148,25565,53414,2814717,14028,0,0,0x0010
4846,2026-08-15T10:13:48.095209000-0500,23.228250000,192.168.0.148,192.168.0.178,53414,25565,14028,2814717,3,0,0x0018
4847,2026-08-15T10:13:48.137208000-0500,23.270249000,192.168.0.178,192.168.0.148,25565,53414,2814717,14031,0,0,0x0010
4848,2026-08-15T10:13:48.137770000-0500,23.270811000,192.168.0.178,192.168.0.148,25565,53414,2814717,14031,1460,0,0x0010
4849,2026-08-15T10:13:48.137770000-0500,23.270811000,192.168.0.178,192.168.0.148,25565,53414,2816177,14031,1460,0,0x0010
4850,2026-08-15T10:13:48.137828000-0500,23.270869000,192.168.0.148,192.168.0.178,53414,25565,14031,2817637,0,0,0x0010
4851,2026-08-15T10:13:48.137892000-0500,23.270933000,192.168.0.178,192.168.0.148,25565,53414,2817637,14031,1460,0,0x0010
4852,2026-08-15T10:13:48.138138000-0500,23.271179000,192.168.0.178,192.168.0.148,25565,53414,2819097,14031,1460,0,0x0010
4853,2026-08-15T10:13:48.138138000-0500,23.271179000,192.168.0.178,192.168.0.148,25565,53414,2820557,14031,1460,0,0x0010
4854,2026-08-15T10:13:48.138179000-0500,23.271220000,192.168.0.148,192.168.0.178,53414,25565,14031,2822017,0,0,0x0010
4855,2026-08-15T10:13:48.138245000-0500,23.271286000,192.168.0.178,192.168.0.148,25565,53414,2822017,14031,1460,0,0x0010
4856,2026-08-15T10:13:48.138254000-0500,23.271295000,192.168.0.148,192.168.0.178,53414,25565,14031,2823477,0,0,0x0010
4857,2026-08-15T10:13:48.138502000-0500,23.271543000,192.168.0.178,192.168.0.148,25565,53414,2823477,14031,1460,0,0x0010
4858,2026-08-15T10:13:48.138502000-0500,23.271543000,192.168.0.178,192.168.0.148,25565,53414,2824937,14031,1460,0,0x0010
4859,2026-08-15T10:13:48.138547000-0500,23.271588000,192.168.0.148,192.168.0.178,53414,25565,14031,2826397,0,0,0x0010
4860,2026-08-15T10:13:48.138619000-0500,23.271660000,192.168.0.178,192.168.0.148,25565,53414,2826397,14031,1460,0,0x0018
4861,2026-08-15T10:13:48.138883000-0500,23.271924000,192.168.0.178,192.168.0.148,25565,53414,2827857,14031,1460,0,0x0010
4862,2026-08-15T10:13:48.138883000-0500,23.271924000,192.168.0.178,192.168.0.148,25565,53414,2829317,14031,1460,0,0x0010
4863,2026-08-15T10:13:48.138929000-0500,23.271970000,192.168.0.148,192.168.0.178,53414,25565,14031,2830777,0,0,0x0010
4864,2026-08-15T10:13:48.139003000-0500,23.272044000,192.168.0.178,192.168.0.148,25565,53414,2830777,14031,1460,0,0x0010
4865,2026-08-15T10:13:48.139017000-0500,23.272058000,192.168.0.148,192.168.0.178,53414,25565,14031,2832237,0,0,0x0010
4866,2026-08-15T10:13:48.139215000-0500,23.272256000,192.168.0.178,192.168.0.148,25565,53414,2832237,14031,1460,0,0x0010
4867,2026-08-15T10:13:48.139354000-0500,23.272395000,192.168.0.178,192.168.0.148,25565,53414,2833697,14031,1460,0,0x0010
4868,2026-08-15T10:13:48.139354000-0500,23.272395000,192.168.0.178,192.168.0.148,25565,53414,2835157,14031,98,0,0x0018
4869,2026-08-15T10:13:48.139376000-0500,23.272417000,192.168.0.148,192.168.0.178,53414,25565,14031,2835255,0,0,0x0010
4870,2026-08-15T10:13:48.143155000-0500,23.276196000,192.168.0.148,192.168.0.178,53414,25565,14031,2835255,28,0,0x0018
4871,2026-08-15T10:13:48.143752000-0500,23.276793000,192.168.0.178,192.168.0.148,25565,53414,2835255,14059,0,0,0x0010
4872,2026-08-15T10:13:48.144090000-0500,23.277131000,192.168.0.148,192.168.0.178,53414,25565,14059,2835255,3,0,0x0018
4873,2026-08-15T10:13:48.144656000-0500,23.277697000,192.168.0.178,192.168.0.148,25565,53414,2835255,14062,0,0,0x0010
4874,2026-08-15T10:13:48.182020000-0500,23.315061000,192.168.0.178,192.168.0.148,25565,53414,2835255,14062,1460,0,0x0010
4875,2026-08-15T10:13:48.182020000-0500,23.315061000,192.168.0.178,192.168.0.148,25565,53414,2836715,14062,1460,0,0x0010
4876,2026-08-15T10:13:48.182073000-0500,23.315114000,192.168.0.148,192.168.0.178,53414,25565,14062,2838175,0,0,0x0010
4877,2026-08-15T10:13:48.182128000-0500,23.315169000,192.168.0.178,192.168.0.148,25565,53414,2838175,14062,1460,0,0x0010
4878,2026-08-15T10:13:48.182355000-0500,23.315396000,192.168.0.178,192.168.0.148,25565,53414,2839635,14062,1460,0,0x0010
4879,2026-08-15T10:13:48.182355000-0500,23.315396000,192.168.0.178,192.168.0.148,25565,53414,2841095,14062,1460,0,0x0010
4880,2026-08-15T10:13:48.182384000-0500,23.315425000,192.168.0.148,192.168.0.178,53414,25565,14062,2842555,0,0,0x0010
4881,2026-08-15T10:13:48.182603000-0500,23.315644000,192.168.0.178,192.168.0.148,25565,53414,2842555,14062,1460,0,0x0010
4882,2026-08-15T10:13:48.182603000-0500,23.315644000,192.168.0.178,192.168.0.148,25565,53414,2844015,14062,1460,0,0x0010
4883,2026-08-15T10:13:48.182630000-0500,23.315671000,192.168.0.148,192.168.0.178,53414,25565,14062,2845475,0,0,0x0010
4884,2026-08-15T10:13:48.182832000-0500,23.315873000,192.168.0.178,192.168.0.148,25565,53414,2845475,14062,1460,0,0x0010
4885,2026-08-15T10:13:48.182861000-0500,23.315902000,192.168.0.148,192.168.0.178,53414,25565,14062,2846935,0,0,0x0010
4886,2026-08-15T10:13:48.182913000-0500,23.315954000,192.168.0.178,192.168.0.148,25565,53414,2846935,14062,1460,0,0x0018
4887,2026-08-15T10:13:48.183158000-0500,23.316199000,192.168.0.178,192.168.0.148,25565,53414,2848395,14062,1460,0,0x0010
4888,2026-08-15T10:13:48.183158000-0500,23.316199000,192.168.0.178,192.168.0.148,25565,53414,2849855,14062,1460,0,0x0010
4889,2026-08-15T10:13:48.183183000-0500,23.316224000,192.168.0.148,192.168.0.178,53414,25565,14062,2851315,0,0,0x0010
4890,2026-08-15T10:13:48.183400000-0500,23.316441000,192.168.0.178,192.168.0.148,25565,53414,2851315,14062,1460,0,0x0010
4891,2026-08-15T10:13:48.183400000-0500,23.316441000,192.168.0.178,192.168.0.148,25565,53414,2852775,14062,1460,0,0x0010
4892,2026-08-15T10:13:48.183424000-0500,23.316465000,192.168.0.148,192.168.0.178,53414,25565,14062,2854235,0,0,0x0010
4893,2026-08-15T10:13:48.183463000-0500,23.316504000,192.168.0.178,192.168.0.148,25565,53414,2854235,14062,274,0,0x0018
4894,2026-08-15T10:13:48.183469000-0500,23.316510000,192.168.0.148,192.168.0.178,53414,25565,14062,2854509,0,0,0x0010
4895,2026-08-15T10:13:48.193221000-0500,23.326262000,192.168.0.148,192.168.0.178,53414,25565,14062,2854509,28,0,0x0018
4896,2026-08-15T10:13:48.194170000-0500,23.327211000,192.168.0.148,192.168.0.178,53414,25565,14090,2854509,3,0,0x0018
4897,2026-08-15T10:13:48.194686000-0500,23.327727000,192.168.0.178,192.168.0.148,25565,53414,2854509,14093,0,0,0x0010
4898,2026-08-15T10:13:48.229751000-0500,23.362792000,192.168.0.178,192.168.0.148,25565,53414,2854509,14093,1460,0,0x0010
4899,2026-08-15T10:13:48.229751000-0500,23.362792000,192.168.0.178,192.168.0.148,25565,53414,2855969,14093,1460,0,0x0010
4900,2026-08-15T10:13:48.229810000-0500,23.362851000,192.168.0.148,192.168.0.178,53414,25565,14093,2857429,0,0,0x0010
4901,2026-08-15T10:13:48.229860000-0500,23.362901000,192.168.0.178,192.168.0.148,25565,53414,2857429,14093,1460,0,0x0010
4902,2026-08-15T10:13:48.230085000-0500,23.363126000,192.168.0.178,192.168.0.148,25565,53414,2858889,14093,1460,0,0x0010
4903,2026-08-15T10:13:48.230085000-0500,23.363126000,192.168.0.178,192.168.0.148,25565,53414,2860349,14093,1460,0,0x0010
4904,2026-08-15T10:13:48.230115000-0500,23.363156000,192.168.0.148,192.168.0.178,53414,25565,14093,2861809,0,0,0x0010
4905,2026-08-15T10:13:48.230322000-0500,23.363363000,192.168.0.178,192.168.0.148,25565,53414,2861809,14093,1460,0,0x0010
4906,2026-08-15T10:13:48.230348000-0500,23.363389000,192.168.0.148,192.168.0.178,53414,25565,14093,2863269,0,0,0x0010
4907,2026-08-15T10:13:48.230403000-0500,23.363444000,192.168.0.178,192.168.0.148,25565,53414,2863269,14093,1460,0,0x0010
4908,2026-08-15T10:13:48.230450000-0500,23.363491000,192.168.0.178,192.168.0.148,25565,53414,2864729,14093,1460,0,0x0010
4909,2026-08-15T10:13:48.230455000-0500,23.363496000,192.168.0.148,192.168.0.178,53414,25565,14093,2866189,0,0,0x0010
4910,2026-08-15T10:13:48.230610000-0500,23.363651000,192.168.0.178,192.168.0.148,25565,53414,2866189,14093,1460,0,0x0018
4911,2026-08-15T10:13:48.230610000-0500,23.363651000,192.168.0.178,192.168.0.148,25565,53414,2867649,14093,145,0,0x0018
4912,2026-08-15T10:13:48.230638000-0500,23.363679000,192.168.0.148,192.168.0.178,53414,25565,14093,2867794,0,0,0x0010
4913,2026-08-15T10:13:48.243126000-0500,23.376167000,192.168.0.148,192.168.0.178,53414,25565,14093,2867794,28,0,0x0018
4914,2026-08-15T10:13:48.244366000-0500,23.377407000,192.168.0.148,192.168.0.178,53414,25565,14121,2867794,3,0,0x0018
4915,2026-08-15T10:13:48.245033000-0500,23.378074000,192.168.0.178,192.168.0.148,25565,53414,2867794,14124,0,0,0x0010
4916,2026-08-15T10:13:48.283328000-0500,23.416369000,192.168.0.178,192.168.0.148,25565,53414,2867794,14124,1460,0,0x0010
4917,2026-08-15T10:13:48.283328000-0500,23.416369000,192.168.0.178,192.168.0.148,25565,53414,2869254,14124,1460,0,0x0010
4918,2026-08-15T10:13:48.283378000-0500,23.416419000,192.168.0.148,192.168.0.178,53414,25565,14124,2870714,0,0,0x0010
4919,2026-08-15T10:13:48.283431000-0500,23.416472000,192.168.0.178,192.168.0.148,25565,53414,2870714,14124,1460,0,0x0010
4920,2026-08-15T10:13:48.283660000-0500,23.416701000,192.168.0.178,192.168.0.148,25565,53414,2872174,14124,1460,0,0x0010
4921,2026-08-15T10:13:48.283660000-0500,23.416701000,192.168.0.178,192.168.0.148,25565,53414,2873634,14124,1460,0,0x0010
4922,2026-08-15T10:13:48.283685000-0500,23.416726000,192.168.0.148,192.168.0.178,53414,25565,14124,2875094,0,0,0x0010
4923,2026-08-15T10:13:48.283906000-0500,23.416947000,192.168.0.178,192.168.0.148,25565,53414,2875094,14124,1460,0,0x0010
4924,2026-08-15T10:13:48.283906000-0500,23.416947000,192.168.0.178,192.168.0.148,25565,53414,2876554,14124,1460,0,0x0010
4925,2026-08-15T10:13:48.283932000-0500,23.416973000,192.168.0.148,192.168.0.178,53414,25565,14124,2878014,0,0,0x0010
4926,2026-08-15T10:13:48.284148000-0500,23.417189000,192.168.0.178,192.168.0.148,25565,53414,2878014,14124,1460,0,0x0010
4927,2026-08-15T10:13:48.284148000-0500,23.417189000,192.168.0.178,192.168.0.148,25565,53414,2879474,14124,1460,0,0x0018
4928,2026-08-15T10:13:48.284172000-0500,23.417213000,192.168.0.148,192.168.0.178,53414,25565,14124,2880934,0,0,0x0010
4929,2026-08-15T10:13:48.284393000-0500,23.417434000,192.168.0.178,192.168.0.148,25565,53414,2880934,14124,1460,0,0x0010
4930,2026-08-15T10:13:48.284393000-0500,23.417434000,192.168.0.178,192.168.0.148,25565,53414,2882394,14124,1460,0,0x0010
4931,2026-08-15T10:13:48.284416000-0500,23.417457000,192.168.0.148,192.168.0.178,53414,25565,14124,2883854,0,0,0x0010
4932,2026-08-15T10:13:48.284454000-0500,23.417495000,192.168.0.178,192.168.0.148,25565,53414,2883854,14124,215,0,0x0018
4933,2026-08-15T10:13:48.284460000-0500,23.417501000,192.168.0.148,192.168.0.178,53414,25565,14124,2884069,0,0,0x0010
4934,2026-08-15T10:13:48.292387000-0500,23.425428000,192.168.0.148,192.168.0.178,53414,25565,14124,2884069,28,0,0x0018
4935,2026-08-15T10:13:48.293126000-0500,23.426167000,192.168.0.148,192.168.0.178,53414,25565,14152,2884069,3,0,0x0018
4936,2026-08-15T10:13:48.293765000-0500,23.426806000,192.168.0.178,192.168.0.148,25565,53414,2884069,14155,0,0,0x0010
4937,2026-08-15T10:13:48.329976000-0500,23.463017000,192.168.0.178,192.168.0.148,25565,53414,2884069,14155,1460,0,0x0010
4938,2026-08-15T10:13:48.329976000-0500,23.463017000,192.168.0.178,192.168.0.148,25565,53414,2885529,14155,1460,0,0x0010
4939,2026-08-15T10:13:48.330032000-0500,23.463073000,192.168.0.148,192.168.0.178,53414,25565,14155,2886989,0,0,0x0010
4940,2026-08-15T10:13:48.330080000-0500,23.463121000,192.168.0.178,192.168.0.148,25565,53414,2886989,14155,1460,0,0x0010
4941,2026-08-15T10:13:48.330273000-0500,23.463314000,192.168.0.178,192.168.0.148,25565,53414,2888449,14155,1460,0,0x0010
4942,2026-08-15T10:13:48.330296000-0500,23.463337000,192.168.0.148,192.168.0.178,53414,25565,14155,2889909,0,0,0x0010
4943,2026-08-15T10:13:48.330336000-0500,23.463377000,192.168.0.178,192.168.0.148,25565,53414,2889909,14155,1460,0,0x0010
4944,2026-08-15T10:13:48.330554000-0500,23.463595000,192.168.0.178,192.168.0.148,25565,53414,2891369,14155,1460,0,0x0010
4945,2026-08-15T10:13:48.330554000-0500,23.463595000,192.168.0.178,192.168.0.148,25565,53414,2892829,14155,1460,0,0x0010
4946,2026-08-15T10:13:48.330579000-0500,23.463620000,192.168.0.148,192.168.0.178,53414,25565,14155,2894289,0,0,0x0010
4947,2026-08-15T10:13:48.330798000-0500,23.463839000,192.168.0.178,192.168.0.148,25565,53414,2894289,14155,1460,0,0x0010
4948,2026-08-15T10:13:48.330798000-0500,23.463839000,192.168.0.178,192.168.0.148,25565,53414,2895749,14155,1460,0,0x0018
4949,2026-08-15T10:13:48.330824000-0500,23.463865000,192.168.0.148,192.168.0.178,53414,25565,14155,2897209,0,0,0x0010
4950,2026-08-15T10:13:48.331043000-0500,23.464084000,192.168.0.178,192.168.0.148,25565,53414,2897209,14155,1460,0,0x0010
4951,2026-08-15T10:13:48.331043000-0500,23.464084000,192.168.0.178,192.168.0.148,25565,53414,2898669,14155,1460,0,0x0010
4952,2026-08-15T10:13:48.331067000-0500,23.464108000,192.168.0.148,192.168.0.178,53414,25565,14155,2900129,0,0,0x0010
4953,2026-08-15T10:13:48.331289000-0500,23.464330000,192.168.0.178,192.168.0.148,25565,53414,2900129,14155,1460,0,0x0010
4954,2026-08-15T10:13:48.331289000-0500,23.464330000,192.168.0.178,192.168.0.148,25565,53414,2901589,14155,1460,0,0x0010
4955,2026-08-15T10:13:48.331316000-0500,23.464357000,192.168.0.148,192.168.0.178,53414,25565,14155,2903049,0,0,0x0010
4956,2026-08-15T10:13:48.331502000-0500,23.464543000,192.168.0.178,192.168.0.148,25565,53414,2903049,14155,1460,0,0x0010
4957,2026-08-15T10:13:48.331502000-0500,23.464543000,192.168.0.178,192.168.0.148,25565,53414,2904509,14155,599,0,0x0018
4958,2026-08-15T10:13:48.331530000-0500,23.464571000,192.168.0.148,192.168.0.178,53414,25565,14155,2905108,0,0,0x0010
4959,2026-08-15T10:13:48.343240000-0500,23.476281000,192.168.0.148,192.168.0.178,53414,25565,14155,2905108,28,0,0x0018
4960,2026-08-15T10:13:48.344422000-0500,23.477463000,192.168.0.148,192.168.0.178,53414,25565,14183,2905108,3,0,0x0018
4961,2026-08-15T10:13:48.345148000-0500,23.478189000,192.168.0.178,192.168.0.148,25565,53414,2905108,14186,0,0,0x0010
4962,2026-08-15T10:13:48.381390000-0500,23.514431000,192.168.0.178,192.168.0.148,25565,53414,2905108,14186,698,0,0x0018
4963,2026-08-15T10:13:48.393729000-0500,23.526770000,192.168.0.148,192.168.0.178,53414,25565,14186,2905806,28,0,0x0018
4964,2026-08-15T10:13:48.394825000-0500,23.527866000,192.168.0.178,192.168.0.148,25565,53414,2905806,14214,46,0,0x0018
4965,2026-08-15T10:13:48.394940000-0500,23.527981000,192.168.0.148,192.168.0.178,53414,25565,14214,2905852,3,0,0x0018
4966,2026-08-15T10:13:48.437959000-0500,23.571000000,192.168.0.178,192.168.0.148,25565,53414,2905852,14217,692,0,0x0018
4967,2026-08-15T10:13:48.443425000-0500,23.576466000,192.168.0.148,192.168.0.178,53414,25565,14217,2906544,28,0,0x0018
4968,2026-08-15T10:13:48.444747000-0500,23.577788000,192.168.0.148,192.168.0.178,53414,25565,14245,2906544,3,0,0x0018
4969,2026-08-15T10:13:48.445836000-0500,23.578877000,192.168.0.178,192.168.0.148,25565,53414,2906544,14248,0,0,0x0010
4970,2026-08-15T10:13:48.479772000-0500,23.612813000,192.168.0.178,192.168.0.148,25565,53414,2906544,14248,1077,0,0x0018
4971,2026-08-15T10:13:48.492620000-0500,23.625661000,192.168.0.148,192.168.0.178,53414,25565,14248,2907621,4,0,0x0018
4972,2026-08-15T10:13:48.492640000-0500,23.625681000,192.168.0.148,192.168.0.178,53414,25565,14252,2907621,28,0,0x0018
4973,2026-08-15T10:13:48.493499000-0500,23.626540000,192.168.0.148,192.168.0.178,53414,25565,14280,2907621,3,0,0x0018
4974,2026-08-15T10:13:48.493569000-0500,23.626610000,192.168.0.178,192.168.0.148,25565,53414,2907621,14280,0,0,0x0010
4975,2026-08-15T10:13:48.531309000-0500,23.664350000,192.168.0.178,192.168.0.148,25565,53414,2907621,14283,359,0,0x0018
4976,2026-08-15T10:13:48.543350000-0500,23.676391000,192.168.0.148,192.168.0.178,53414,25565,14283,2907980,28,0,0x0018
4977,2026-08-15T10:13:48.544621000-0500,23.677662000,192.168.0.148,192.168.0.178,53414,25565,14311,2907980,3,0,0x0018
4978,2026-08-15T10:13:48.545419000-0500,23.678460000,192.168.0.178,192.168.0.148,25565,53414,2907980,14314,0,0,0x0010
4979,2026-08-15T10:13:48.580523000-0500,23.713564000,192.168.0.178,192.168.0.148,25565,53414,2907980,14314,1132,0,0x0018
4980,2026-08-15T10:13:48.593013000-0500,23.726054000,192.168.0.148,192.168.0.178,53414,25565,14314,2909112,28,0,0x0018
4981,2026-08-15T10:13:48.593966000-0500,23.727007000,192.168.0.148,192.168.0.178,53414,25565,14342,2909112,3,0,0x0018
4982,2026-08-15T10:13:48.594914000-0500,23.727955000,192.168.0.178,192.168.0.148,25565,53414,2909112,14345,0,0,0x0010
4983,2026-08-15T10:13:48.632246000-0500,23.765287000,192.168.0.178,192.168.0.148,25565,53414,2909112,14345,270,0,0x0018
4984,2026-08-15T10:13:48.642063000-0500,23.775104000,192.168.0.148,192.168.0.178,53414,25565,14345,2909382,28,0,0x0018
4985,2026-08-15T10:13:48.642823000-0500,23.775864000,192.168.0.148,192.168.0.178,53414,25565,14373,2909382,3,0,0x0018
4986,2026-08-15T10:13:48.643675000-0500,23.776716000,192.168.0.178,192.168.0.148,25565,53414,2909382,14376,0,0,0x0010
4987,2026-08-15T10:13:48.681838000-0500,23.814879000,192.168.0.178,192.168.0.148,25565,53414,2909382,14376,705,0,0x0018
4988,2026-08-15T10:13:48.692397000-0500,23.825438000,192.168.0.148,192.168.0.178,53414,25565,14376,2910087,4,0,0x0018
4989,2026-08-15T10:13:48.692419000-0500,23.825460000,192.168.0.148,192.168.0.178,53414,25565,14380,2910087,28,0,0x0018
4990,2026-08-15T10:13:48.693313000-0500,23.826354000,192.168.0.148,192.168.0.178,53414,25565,14408,2910087,3,0,0x0018
4991,2026-08-15T10:13:48.693369000-0500,23.826410000,192.168.0.178,192.168.0.148,25565,53414,2910087,14408,0,0,0x0010
4992,2026-08-15T10:13:48.732968000-0500,23.866009000,192.168.0.178,192.168.0.148,25565,53414,2910087,14411,361,0,0x0018
4993,2026-08-15T10:13:48.733194000-0500,23.866235000,192.168.0.148,192.168.0.178,53414,25565,14411,2910448,11,0,0x0018
4994,2026-08-15T10:13:48.743351000-0500,23.876392000,192.168.0.148,192.168.0.178,53414,25565,14422,2910448,36,0,0x0018
4995,2026-08-15T10:13:48.744216000-0500,23.877257000,192.168.0.178,192.168.0.148,25565,53414,2910448,14458,0,0,0x0010
4996,2026-08-15T10:13:48.744628000-0500,23.877669000,192.168.0.148,192.168.0.178,53414,25565,14458,2910448,3,0,0x0018
4997,2026-08-15T10:13:48.745006000-0500,23.878047000,192.168.0.178,192.168.0.148,25565,53414,2910448,14458,11,0,0x0018
4998,2026-08-15T10:13:48.745006000-0500,23.878047000,192.168.0.178,192.168.0.148,25565,53414,2910459,14458,22,0,0x0018
4999,2026-08-15T10:13:48.745039000-0500,23.878080000,192.168.0.148,192.168.0.178,53414,25565,14461,2910481,0,0,0x0010
5000,2026-08-15T10:13:48.745171000-0500,23.878212000,192.168.0.178,192.168.0.148,25565,53414,2910481,14461,189,0,0x0018
5001,2026-08-15T10:13:48.781710000-0500,23.914751000,192.168.0.178,192.168.0.148,25565,53414,2910670,14461,874,0,0x0018
5002,2026-08-15T10:13:48.781762000-0500,23.914803000,192.168.0.148,192.168.0.178,53414,25565,14461,2911544,0,0,0x0010
5003,2026-08-15T10:13:48.793526000-0500,23.926567000,192.168.0.148,192.168.0.178,53414,25565,14461,2911544,36,0,0x0018
5004,2026-08-15T10:13:48.796228000-0500,23.929269000,192.168.0.148,192.168.0.178,53414,25565,14497,2911544,3,0,0x0018
5005,2026-08-15T10:13:48.797187000-0500,23.930228000,192.168.0.178,192.168.0.148,25565,53414,2911544,14500,0,0,0x0010
5006,2026-08-15T10:13:48.829505000-0500,23.962546000,192.168.0.178,192.168.0.148,25565,53414,2911544,14500,400,0,0x0018
5007,2026-08-15T10:13:48.843432000-0500,23.976473000,192.168.0.148,192.168.0.178,53414,25565,14500,2911944,28,0,0x0018
5008,2026-08-15T10:13:48.844934000-0500,23.977975000,192.168.0.148,192.168.0.178,53414,25565,14528,2911944,3,0,0x0018
5009,2026-08-15T10:13:48.845435000-0500,23.978476000,192.168.0.178,192.168.0.148,25565,53414,2911944,14531,0,0,0x0010
5010,2026-08-15T10:13:48.879239000-0500,24.012280000,192.168.0.178,192.168.0.148,25565,53414,2911944,14531,1460,0,0x0010
5011,2026-08-15T10:13:48.879239000-0500,24.012280000,192.168.0.178,192.168.0.148,25565,53414,2913404,14531,1460,0,0x0010
5012,2026-08-15T10:13:48.879294000-0500,24.012335000,192.168.0.148,192.168.0.178,53414,25565,14531,2914864,0,0,0x0010
5013,2026-08-15T10:13:48.879354000-0500,24.012395000,192.168.0.178,192.168.0.148,25565,53414,2914864,14531,1460,0,0x0010
5014,2026-08-15T10:13:48.879572000-0500,24.012613000,192.168.0.178,192.168.0.148,25565,53414,2916324,14531,1460,0,0x0010
5015,2026-08-15T10:13:48.879572000-0500,24.012613000,192.168.0.178,192.168.0.148,25565,53414,2917784,14531,1460,0,0x0010
5016,2026-08-15T10:13:48.879591000-0500,24.012632000,192.168.0.148,192.168.0.178,53414,25565,14531,2919244,0,0,0x0010
5017,2026-08-15T10:13:48.879795000-0500,24.012836000,192.168.0.178,192.168.0.148,25565,53414,2919244,14531,1460,0,0x0010
5018,2026-08-15T10:13:48.879814000-0500,24.012855000,192.168.0.148,192.168.0.178,53414,25565,14531,2920704,0,0,0x0010
5019,2026-08-15T10:13:48.879847000-0500,24.012888000,192.168.0.178,192.168.0.148,25565,53414,2920704,14531,1460,0,0x0010
5020,2026-08-15T10:13:48.879981000-0500,24.013022000,192.168.0.178,192.168.0.148,25565,53414,2922164,14531,1460,0,0x0010
5021,2026-08-15T10:13:48.880000000-0500,24.013041000,192.168.0.148,192.168.0.178,53414,25565,14531,2923624,0,0,0x0010
5022,2026-08-15T10:13:48.880066000-0500,24.013107000,192.168.0.178,192.168.0.148,25565,53414,2923624,14531,1460,0,0x0018
5023,2026-08-15T10:13:48.880314000-0500,24.013355000,192.168.0.178,192.168.0.148,25565,53414,2925084,14531,1460,0,0x0010
5024,2026-08-15T10:13:48.880314000-0500,24.013355000,192.168.0.178,192.168.0.148,25565,53414,2926544,14531,1460,0,0x0010
5025,2026-08-15T10:13:48.880336000-0500,24.013377000,192.168.0.148,192.168.0.178,53414,25565,14531,2928004,0,0,0x0010
5026,2026-08-15T10:13:48.880549000-0500,24.013590000,192.168.0.178,192.168.0.148,25565,53414,2928004,14531,1460,0,0x0010
5027,2026-08-15T10:13:48.880570000-0500,24.013611000,192.168.0.148,192.168.0.178,53414,25565,14531,2929464,0,0,0x0010
5028,2026-08-15T10:13:48.880618000-0500,24.013659000,192.168.0.178,192.168.0.148,25565,53414,2929464,14531,1460,0,0x0010
5029,2026-08-15T10:13:48.880808000-0500,24.013849000,192.168.0.178,192.168.0.148,25565,53414,2930924,14531,1381,0,0x0018
5030,2026-08-15T10:13:48.880829000-0500,24.013870000,192.168.0.148,192.168.0.178,53414,25565,14531,2932305,0,0,0x0010
5031,2026-08-15T10:13:48.892619000-0500,24.025660000,192.168.0.148,192.168.0.178,53414,25565,14531,2932305,28,0,0x0018
5032,2026-08-15T10:13:48.893431000-0500,24.026472000,192.168.0.148,192.168.0.178,53414,25565,14559,2932305,3,0,0x0018
5033,2026-08-15T10:13:48.894018000-0500,24.027059000,192.168.0.178,192.168.0.148,25565,53414,2932305,14562,0,0,0x0010
5034,2026-08-15T10:13:48.930350000-0500,24.063391000,192.168.0.178,192.168.0.148,25565,53414,2932305,14562,1460,0,0x0010
5035,2026-08-15T10:13:48.930350000-0500,24.063391000,192.168.0.178,192.168.0.148,25565,53414,2933765,14562,1460,0,0x0010
5036,2026-08-15T10:13:48.930418000-0500,24.063459000,192.168.0.148,192.168.0.178,53414,25565,14562,2935225,0,0,0x0010
5037,2026-08-15T10:13:48.930468000-0500,24.063509000,192.168.0.178,192.168.0.148,25565,53414,2935225,14562,1460,0,0x0010
5038,2026-08-15T10:13:48.930676000-0500,24.063717000,192.168.0.178,192.168.0.148,25565,53414,2936685,14562,1460,0,0x0010
5039,2026-08-15T10:13:48.930676000-0500,24.063717000,192.168.0.178,192.168.0.148,25565,53414,2938145,14562,1460,0,0x0010
5040,2026-08-15T10:13:48.930715000-0500,24.063756000,192.168.0.148,192.168.0.178,53414,25565,14562,2939605,0,0,0x0010
5041,2026-08-15T10:13:48.930886000-0500,24.063927000,192.168.0.178,192.168.0.148,25565,53414,2939605,14562,1460,0,0x0010
5042,2026-08-15T10:13:48.930905000-0500,24.063946000,192.168.0.148,192.168.0.178,53414,25565,14562,2941065,0,0,0x0010
5043,2026-08-15T10:13:48.930947000-0500,24.063988000,192.168.0.178,192.168.0.148,25565,53414,2941065,14562,1460,0,0x0010
5044,2026-08-15T10:13:48.931167000-0500,24.064208000,192.168.0.178,192.168.0.148,25565,53414,2942525,14562,1460,0,0x0010
5045,2026-08-15T10:13:48.931167000-0500,24.064208000,192.168.0.178,192.168.0.148,25565,53414,2943985,14562,1460,0,0x0018
5046,2026-08-15T10:13:48.931208000-0500,24.064249000,192.168.0.148,192.168.0.178,53414,25565,14562,2945445,0,0,0x0010
5047,2026-08-15T10:13:48.931290000-0500,24.064331000,192.168.0.178,192.168.0.148,25565,53414,2945445,14562,1460,0,0x0010
5048,2026-08-15T10:13:48.931300000-0500,24.064341000,192.168.0.148,192.168.0.178,53414,25565,14562,2946905,0,0,0x0010
5049,2026-08-15T10:13:48.931540000-0500,24.064581000,192.168.0.178,192.168.0.148,25565,53414,2946905,14562,1460,0,0x0010
5050,2026-08-15T10:13:48.931540000-0500,24.064581000,192.168.0.178,192.168.0.148,25565,53414,2948365,14562,1460,0,0x0010
5051,2026-08-15T10:13:48.931579000-0500,24.064620000,192.168.0.148,192.168.0.178,53414,25565,14562,2949825,0,0,0x0010
5052,2026-08-15T10:13:48.931619000-0500,24.064660000,192.168.0.178,192.168.0.148,25565,53414,2949825,14562,542,0,0x0018
5053,2026-08-15T10:13:48.943914000-0500,24.076955000,192.168.0.148,192.168.0.178,53414,25565,14562,2950367,28,0,0x0018
5054,2026-08-15T10:13:48.945159000-0500,24.078200000,192.168.0.148,192.168.0.178,53414,25565,14590,2950367,3,0,0x0018
5055,2026-08-15T10:13:48.945912000-0500,24.078953000,192.168.0.178,192.168.0.148,25565,53414,2950367,14593,0,0,0x0010
5056,2026-08-15T10:13:48.979433000-0500,24.112474000,192.168.0.178,192.168.0.148,25565,53414,2950367,14593,1460,0,0x0010
5057,2026-08-15T10:13:48.979433000-0500,24.112474000,192.168.0.178,192.168.0.148,25565,53414,2951827,14593,1460,0,0x0010
5058,2026-08-15T10:13:48.979487000-0500,24.112528000,192.168.0.148,192.168.0.178,53414,25565,14593,2953287,0,0,0x0010
5059,2026-08-15T10:13:48.979520000-0500,24.112561000,192.168.0.178,192.168.0.148,25565,53414,2953287,14593,1460,0,0x0010
5060,2026-08-15T10:13:48.979775000-0500,24.112816000,192.168.0.178,192.168.0.148,25565,53414,2954747,14593,1460,0,0x0010
5061,2026-08-15T10:13:48.979775000-0500,24.112816000,192.168.0.178,192.168.0.148,25565,53414,2956207,14593,1460,0,0x0010
5062,2026-08-15T10:13:48.979802000-0500,24.112843000,192.168.0.148,192.168.0.178,53414,25565,14593,2957667,0,0,0x0010
5063,2026-08-15T10:13:48.980005000-0500,24.113046000,192.168.0.178,192.168.0.148,25565,53414,2957667,14593,1460,0,0x0010
5064,2026-08-15T10:13:48.980033000-0500,24.113074000,192.168.0.148,192.168.0.178,53414,25565,14593,2959127,0,0,0x0010
5065,2026-08-15T10:13:48.980087000-0500,24.113128000,192.168.0.178,192.168.0.148,25565,53414,2959127,14593,1460,0,0x0010
5066,2026-08-15T10:13:48.980143000-0500,24.113184000,192.168.0.178,192.168.0.148,25565,53414,2960587,14593,1460,0,0x0010
5067,2026-08-15T10:13:48.980148000-0500,24.113189000,192.168.0.148,192.168.0.178,53414,25565,14593,2962047,0,0,0x0010
5068,2026-08-15T10:13:48.980352000-0500,24.113393000,192.168.0.178,192.168.0.148,25565,53414,2962047,14593,1460,0,0x0018
5069,2026-08-15T10:13:48.980415000-0500,24.113456000,192.168.0.178,192.168.0.148,25565,53414,2963507,14593,1460,0,0x0010
5070,2026-08-15T10:13:48.980427000-0500,24.113468000,192.168.0.148,192.168.0.178,53414,25565,14593,2964967,0,0,0x0010
5071,2026-08-15T10:13:48.980633000-0500,24.113674000,192.168.0.178,192.168.0.148,25565,53414,2964967,14593,1460,0,0x0010
5072,2026-08-15T10:13:48.980633000-0500,24.113674000,192.168.0.178,192.168.0.148,25565,53414,2966427,14593,1460,0,0x0010
5073,2026-08-15T10:13:48.980664000-0500,24.113705000,192.168.0.148,192.168.0.178,53414,25565,14593,2967887,0,0,0x0010
5074,2026-08-15T10:13:48.980707000-0500,24.113748000,192.168.0.178,192.168.0.148,25565,53414,2967887,14593,592,0,0x0018
5075,2026-08-15T10:13:48.992904000-0500,24.125945000,192.168.0.148,192.168.0.178,53414,25565,14593,2968479,28,0,0x0018
5076,2026-08-15T10:13:48.993548000-0500,24.126589000,192.168.0.148,192.168.0.178,53414,25565,14621,2968479,3,0,0x0018
5077,2026-08-15T10:13:48.994155000-0500,24.127196000,192.168.0.178,192.168.0.148,25565,53414,2968479,14624,0,0,0x0010
5078,2026-08-15T10:13:49.028677000-0500,24.161718000,192.168.0.178,192.168.0.148,25565,53414,2968479,14624,1460,0,0x0010
5079,2026-08-15T10:13:49.028677000-0500,24.161718000,192.168.0.178,192.168.0.148,25565,53414,2969939,14624,1460,0,0x0010
5080,2026-08-15T10:13:49.028677000-0500,24.161718000,192.168.0.178,192.168.0.148,25565,53414,2971399,14624,1460,0,0x0010
5081,2026-08-15T10:13:49.028745000-0500,24.161786000,192.168.0.148,192.168.0.178,53414,25565,14624,2972859,0,0,0x0010
5082,2026-08-15T10:13:49.028813000-0500,24.161854000,192.168.0.178,192.168.0.148,25565,53414,2972859,14624,1460,0,0x0010
5083,2026-08-15T10:13:49.028819000-0500,24.161860000,192.168.0.148,192.168.0.178,53414,25565,14624,2974319,0,0,0x0010
5084,2026-08-15T10:13:49.028991000-0500,24.162032000,192.168.0.178,192.168.0.148,25565,53414,2974319,14624,1460,0,0x0010
5085,2026-08-15T10:13:49.029047000-0500,24.162088000,192.168.0.178,192.168.0.148,25565,53414,2975779,14624,1460,0,0x0010
5086,2026-08-15T10:13:49.029053000-0500,24.162094000,192.168.0.148,192.168.0.178,53414,25565,14624,2977239,0,0,0x0010
5087,2026-08-15T10:13:49.029337000-0500,24.162378000,192.168.0.178,192.168.0.148,25565,53414,2977239,14624,1460,0,0x0010
5088,2026-08-15T10:13:49.029337000-0500,24.162378000,192.168.0.178,192.168.0.148,25565,53414,2978699,14624,1460,0,0x0010
5089,2026-08-15T10:13:49.029363000-0500,24.162404000,192.168.0.148,192.168.0.178,53414,25565,14624,2980159,0,0,0x0010
5090,2026-08-15T10:13:49.029430000-0500,24.162471000,192.168.0.178,192.168.0.148,25565,53414,2980159,14624,1460,0,0x0018
5091,2026-08-15T10:13:49.029588000-0500,24.162629000,192.168.0.178,192.168.0.148,25565,53414,2981619,14624,618,0,0x0018
5092,2026-08-15T10:13:49.029600000-0500,24.162641000,192.168.0.148,192.168.0.178,53414,25565,14624,2982237,0,0,0x0010
5093,2026-08-15T10:13:49.042556000-0500,24.175597000,192.168.0.148,192.168.0.178,53414,25565,14624,2982237,28,0,0x0018
5094,2026-08-15T10:13:49.043633000-0500,24.176674000,192.168.0.148,192.168.0.178,53414,25565,14652,2982237,3,0,0x0018
5095,2026-08-15T10:13:49.055637000-0500,24.188678000,192.168.0.178,192.168.0.148,25565,53414,2982237,14655,0,0,0x0010
5096,2026-08-15T10:13:49.080985000-0500,24.214026000,192.168.0.178,192.168.0.148,25565,53414,2982237,14655,1460,0,0x0010
5097,2026-08-15T10:13:49.080985000-0500,24.214026000,192.168.0.178,192.168.0.148,25565,53414,2983697,14655,1460,0,0x0010
5098,2026-08-15T10:13:49.081031000-0500,24.214072000,192.168.0.148,192.168.0.178,53414,25565,14655,2985157,0,0,0x0010
5099,2026-08-15T10:13:49.081089000-0500,24.214130000,192.168.0.178,192.168.0.148,25565,53414,2985157,14655,1460,0,0x0010
5100,2026-08-15T10:13:49.081230000-0500,24.214271000,192.168.0.178,192.168.0.148,25565,53414,2986617,14655,1460,0,0x0010
5101,2026-08-15T10:13:49.081248000-0500,24.214289000,192.168.0.148,192.168.0.178,53414,25565,14655,2988077,0,0,0x0010
5102,2026-08-15T10:13:49.081445000-0500,24.214486000,192.168.0.178,192.168.0.148,25565,53414,2988077,14655,1460,0,0x0010
5103,2026-08-15T10:13:49.081445000-0500,24.214486000,192.168.0.178,192.168.0.148,25565,53414,2989537,14655,1460,0,0x0010
5104,2026-08-15T10:13:49.081464000-0500,24.214505000,192.168.0.148,192.168.0.178,53414,25565,14655,2990997,0,0,0x0010
5105,2026-08-15T10:13:49.081654000-0500,24.214695000,192.168.0.178,192.168.0.148,25565,53414,2990997,14655,1460,0,0x0010
5106,2026-08-15T10:13:49.081713000-0500,24.214754000,192.168.0.178,192.168.0.148,25565,53414,2992457,14655,1460,0,0x0010
5107,2026-08-15T10:13:49.081720000-0500,24.214761000,192.168.0.148,192.168.0.178,53414,25565,14655,2993917,0,0,0x0010
5108,2026-08-15T10:13:49.081920000-0500,24.214961000,192.168.0.178,192.168.0.148,25565,53414,2993917,14655,1460,0,0x0018
5109,2026-08-15T10:13:49.081982000-0500,24.215023000,192.168.0.178,192.168.0.148,25565,53414,2995377,14655,1460,0,0x0010
5110,2026-08-15T10:13:49.081989000-0500,24.215030000,192.168.0.148,192.168.0.178,53414,25565,14655,2996837,0,0,0x0010
5111,2026-08-15T10:13:49.082186000-0500,24.215227000,192.168.0.178,192.168.0.148,25565,53414,2996837,14655,1460,0,0x0010
5112,2026-08-15T10:13:49.082186000-0500,24.215227000,192.168.0.178,192.168.0.148,25565,53414,2998297,14655,1460,0,0x0010
5113,2026-08-15T10:13:49.082186000-0500,24.215227000,192.168.0.178,192.168.0.148,25565,53414,2999757,14655,66,0,0x0018
5114,2026-08-15T10:13:49.082206000-0500,24.215247000,192.168.0.148,192.168.0.178,53414,25565,14655,2999823,0,0,0x0010
5115,2026-08-15T10:13:49.092488000-0500,24.225529000,192.168.0.148,192.168.0.178,53414,25565,14655,2999823,28,0,0x0018
5116,2026-08-15T10:13:49.093224000-0500,24.226265000,192.168.0.148,192.168.0.178,53414,25565,14683,2999823,3,0,0x0018
5117,2026-08-15T10:13:49.093740000-0500,24.226781000,192.168.0.178,192.168.0.148,25565,53414,2999823,14686,0,0,0x0010
5118,2026-08-15T10:13:49.093740000-0500,24.226781000,192.168.0.178,192.168.0.148,25565,53414,2999823,14686,11,0,0x0018
5119,2026-08-15T10:13:49.093740000-0500,24.226781000,192.168.0.178,192.168.0.148,25565,53414,2999834,14686,22,0,0x0018
5120,2026-08-15T10:13:49.093765000-0500,24.226806000,192.168.0.148,192.168.0.178,53414,25565,14686,2999856,0,0,0x0010
5121,2026-08-15T10:13:49.094092000-0500,24.227133000,192.168.0.178,192.168.0.148,25565,53414,2999856,14686,189,0,0x0018
5122,2026-08-15T10:13:49.130551000-0500,24.263592000,192.168.0.178,192.168.0.148,25565,53414,3000045,14686,771,0,0x0018
5123,2026-08-15T10:13:49.130606000-0500,24.263647000,192.168.0.148,192.168.0.178,53414,25565,14686,3000816,0,0,0x0010
5124,2026-08-15T10:13:49.143114000-0500,24.276155000,192.168.0.148,192.168.0.178,53414,25565,14686,3000816,28,0,0x0018
5125,2026-08-15T10:13:49.144230000-0500,24.277271000,192.168.0.148,192.168.0.178,53414,25565,14714,3000816,3,0,0x0018
5126,2026-08-15T10:13:49.145098000-0500,24.278139000,192.168.0.178,192.168.0.148,25565,53414,3000816,14717,0,0,0x0010
5127,2026-08-15T10:13:49.182700000-0500,24.315741000,192.168.0.178,192.168.0.148,25565,53414,3000816,14717,889,0,0x0018
5128,2026-08-15T10:13:49.193480000-0500,24.326521000,192.168.0.148,192.168.0.178,53414,25565,14717,3001705,28,0,0x0018
5129,2026-08-15T10:13:49.194745000-0500,24.327786000,192.168.0.148,192.168.0.178,53414,25565,14745,3001705,3,0,0x0018
5130,2026-08-15T10:13:49.195592000-0500,24.328633000,192.168.0.178,192.168.0.148,25565,53414,3001705,14748,0,0,0x0010
5131,2026-08-15T10:13:49.230354000-0500,24.363395000,192.168.0.178,192.168.0.148,25565,53414,3001705,14748,1460,0,0x0010
5132,2026-08-15T10:13:49.230354000-0500,24.363395000,192.168.0.178,192.168.0.148,25565,53414,3003165,14748,158,0,0x0018
5133,2026-08-15T10:13:49.230420000-0500,24.363461000,192.168.0.148,192.168.0.178,53414,25565,14748,3003323,0,0,0x0010
5134,2026-08-15T10:13:49.242581000-0500,24.375622000,192.168.0.148,192.168.0.178,53414,25565,14748,3003323,28,0,0x0018
5135,2026-08-15T10:13:49.243345000-0500,24.376386000,192.168.0.148,192.168.0.178,53414,25565,14776,3003323,3,0,0x0018
5136,2026-08-15T10:13:49.244155000-0500,24.377196000,192.168.0.178,192.168.0.148,25565,53414,3003323,14779,0,0,0x0010
5137,2026-08-15T10:13:49.279068000-0500,24.412109000,192.168.0.178,192.168.0.148,25565,53414,3003323,14779,478,0,0x0018
5138,2026-08-15T10:13:49.293442000-0500,24.426483000,192.168.0.148,192.168.0.178,53414,25565,14779,3003801,28,0,0x0018
5139,2026-08-15T10:13:49.295198000-0500,24.428239000,192.168.0.148,192.168.0.178,53414,25565,14807,3003801,3,0,0x0018
5140,2026-08-15T10:13:49.295898000-0500,24.428939000,192.168.0.178,192.168.0.148,25565,53414,3003801,14810,0,0,0x0010
5141,2026-08-15T10:13:49.328076000-0500,24.461117000,192.168.0.178,192.168.0.148,25565,53414,3003801,14810,282,0,0x0018
5142,2026-08-15T10:13:49.343375000-0500,24.476416000,192.168.0.148,192.168.0.178,53414,25565,14810,3004083,28,0,0x0018
5143,2026-08-15T10:13:49.344810000-0500,24.477851000,192.168.0.148,192.168.0.178,53414,25565,14838,3004083,3,0,0x0018
5144,2026-08-15T10:13:49.345444000-0500,24.478485000,192.168.0.178,192.168.0.148,25565,53414,3004083,14841,0,0,0x0010
5145,2026-08-15T10:13:49.378043000-0500,24.511084000,192.168.0.178,192.168.0.148,25565,53414,3004083,14841,649,0,0x0018
5146,2026-08-15T10:13:49.393129000-0500,24.526170000,192.168.0.148,192.168.0.178,53414,25565,14841,3004732,28,0,0x0018
5147,2026-08-15T10:13:49.393991000-0500,24.527032000,192.168.0.148,192.168.0.178,53414,25565,14869,3004732,3,0,0x0018
5148,2026-08-15T10:13:49.394824000-0500,24.527865000,192.168.0.178,192.168.0.148,25565,53414,3004732,14872,0,0,0x0010
5149,2026-08-15T10:13:49.430221000-0500,24.563262000,192.168.0.178,192.168.0.148,25565,53414,3004732,14872,595,0,0x0018
5150,2026-08-15T10:13:49.443558000-0500,24.576599000,192.168.0.148,192.168.0.178,53414,25565,14872,3005327,28,0,0x0018
5151,2026-08-15T10:13:49.444964000-0500,24.578005000,192.168.0.148,192.168.0.178,53414,25565,14900,3005327,3,0,0x0018
5152,2026-08-15T10:13:49.445836000-0500,24.578877000,192.168.0.178,192.168.0.148,25565,53414,3005327,14903,0,0,0x0010
5153,2026-08-15T10:13:49.481551000-0500,24.614592000,192.168.0.178,192.168.0.148,25565,53414,3005327,14903,592,0,0x0018
5154,2026-08-15T10:13:49.492450000-0500,24.625491000,192.168.0.148,192.168.0.178,53414,25565,14903,3005919,28,0,0x0018
5155,2026-08-15T10:13:49.493139000-0500,24.626180000,192.168.0.148,192.168.0.178,53414,25565,14931,3005919,3,0,0x0018
5156,2026-08-15T10:13:49.493961000-0500,24.627002000,192.168.0.178,192.168.0.148,25565,53414,3005919,14934,0,0,0x0010
5157,2026-08-15T10:13:49.530576000-0500,24.663617000,192.168.0.178,192.168.0.148,25565,53414,3005919,14934,595,0,0x0018
5158,2026-08-15T10:13:49.543306000-0500,24.676347000,192.168.0.148,192.168.0.178,53414,25565,14934,3006514,28,0,0x0018
5159,2026-08-15T10:13:49.544621000-0500,24.677662000,192.168.0.148,192.168.0.178,53414,25565,14962,3006514,3,0,0x0018
5160,2026-08-15T10:13:49.545276000-0500,24.678317000,192.168.0.178,192.168.0.148,25565,53414,3006514,14965,0,0,0x0010
5161,2026-08-15T10:13:49.579611000-0500,24.712652000,192.168.0.178,192.168.0.148,25565,53414,3006514,14965,1244,0,0x0018
5162,2026-08-15T10:13:49.594046000-0500,24.727087000,192.168.0.148,192.168.0.178,53414,25565,14965,3007758,36,0,0x0018
5163,2026-08-15T10:13:49.595307000-0500,24.728348000,192.168.0.148,192.168.0.178,53414,25565,15001,3007758,3,0,0x0018
5164,2026-08-15T10:13:49.595946000-0500,24.728987000,192.168.0.178,192.168.0.148,25565,53414,3007758,15004,0,0,0x0010
5165,2026-08-15T10:13:49.627912000-0500,24.760953000,192.168.0.178,192.168.0.148,25565,53414,3007758,15004,175,0,0x0018
5166,2026-08-15T10:13:49.642488000-0500,24.775529000,192.168.0.148,192.168.0.178,53414,25565,15004,3007933,36,0,0x0018
5167,2026-08-15T10:13:49.643155000-0500,24.776196000,192.168.0.148,192.168.0.178,53414,25565,15040,3007933,3,0,0x0018
5168,2026-08-15T10:13:49.643778000-0500,24.776819000,192.168.0.178,192.168.0.148,25565,53414,3007933,15043,0,0,0x0010
5169,2026-08-15T10:13:49.678988000-0500,24.812029000,192.168.0.178,192.168.0.148,25565,53414,3007933,15043,267,0,0x0018
5170,2026-08-15T10:13:49.692984000-0500,24.826025000,192.168.0.148,192.168.0.178,53414,25565,15043,3008200,36,0,0x0018
5171,2026-08-15T10:13:49.693924000-0500,24.826965000,192.168.0.148,192.168.0.178,53414,25565,15079,3008200,3,0,0x0018
5172,2026-08-15T10:13:49.694457000-0500,24.827498000,192.168.0.178,192.168.0.148,25565,53414,3008200,15082,0,0,0x0010
5173,2026-08-15T10:13:49.728558000-0500,24.861599000,192.168.0.178,192.168.0.148,25565,53414,3008200,15082,884,0,0x0018
5174,2026-08-15T10:13:49.743481000-0500,24.876522000,192.168.0.148,192.168.0.178,53414,25565,15082,3009084,36,0,0x0018
5175,2026-08-15T10:13:49.744718000-0500,24.877759000,192.168.0.148,192.168.0.178,53414,25565,15118,3009084,3,0,0x0018
5176,2026-08-15T10:13:49.745337000-0500,24.878378000,192.168.0.178,192.168.0.148,25565,53414,3009084,15121,0,0,0x0010
5177,2026-08-15T10:13:49.778975000-0500,24.912016000,192.168.0.178,192.168.0.148,25565,53414,3009084,15121,373,0,0x0018
5178,2026-08-15T10:13:49.779214000-0500,24.912255000,192.168.0.148,192.168.0.178,53414,25565,15121,3009457,11,0,0x0018
5179,2026-08-15T10:13:49.794643000-0500,24.927684000,192.168.0.148,192.168.0.178,53414,25565,15132,3009457,36,0,0x0018
5180,2026-08-15T10:13:49.795366000-0500,24.928407000,192.168.0.178,192.168.0.148,25565,53414,3009457,15168,0,0,0x0010
5181,2026-08-15T10:13:49.795452000-0500,24.928493000,192.168.0.178,192.168.0.148,25565,53414,3009457,15168,46,0,0x0018
5182,2026-08-15T10:13:49.795510000-0500,24.928551000,192.168.0.178,192.168.0.148,25565,53414,3009503,15168,46,0,0x0018
5183,2026-08-15T10:13:49.795522000-0500,24.928563000,192.168.0.148,192.168.0.178,53414,25565,15168,3009549,0,0,0x0010
5184,2026-08-15T10:13:49.795769000-0500,24.928810000,192.168.0.148,192.168.0.178,53414,25565,15168,3009549,3,0,0x0018
5185,2026-08-15T10:13:49.829175000-0500,24.962216000,192.168.0.178,192.168.0.148,25565,53414,3009549,15171,1100,0,0x0018
5186,2026-08-15T10:13:49.843416000-0500,24.976457000,192.168.0.148,192.168.0.178,53414,25565,15171,3010649,36,0,0x0018
5187,2026-08-15T10:13:49.844758000-0500,24.977799000,192.168.0.148,192.168.0.178,53414,25565,15207,3010649,3,0,0x0018
5188,2026-08-15T10:13:49.848292000-0500,24.981333000,192.168.0.178,192.168.0.148,25565,53414,3010649,15210,0,0,0x0010
5189,2026-08-15T10:13:49.879619000-0500,25.012660000,192.168.0.178,192.168.0.148,25565,53414,3010649,15210,1086,0,0x0018
5190,2026-08-15T10:13:49.892784000-0500,25.025825000,192.168.0.148,192.168.0.178,53414,25565,15210,3011735,36,0,0x0018
5191,2026-08-15T10:13:49.893671000-0500,25.026712000,192.168.0.148,192.168.0.178,53414,25565,15246,3011735,3,0,0x0018
5192,2026-08-15T10:13:49.894526000-0500,25.027567000,192.168.0.178,192.168.0.148,25565,53414,3011735,15249,0,0,0x0010
5193,2026-08-15T10:13:49.934763000-0500,25.067804000,192.168.0.178,192.168.0.148,25565,53414,3011735,15249,1460,0,0x0010
5194,2026-08-15T10:13:49.934763000-0500,25.067804000,192.168.0.178,192.168.0.148,25565,53414,3013195,15249,1460,0,0x0010
5195,2026-08-15T10:13:49.934843000-0500,25.067884000,192.168.0.148,192.168.0.178,53414,25565,15249,3014655,0,0,0x0010
5196,2026-08-15T10:13:49.934903000-0500,25.067944000,192.168.0.178,192.168.0.148,25565,53414,3014655,15249,1460,0,0x0010
5197,2026-08-15T10:13:49.934931000-0500,25.067972000,192.168.0.178,192.168.0.148,25565,53414,3016115,15249,1023,0,0x0018
5198,2026-08-15T10:13:49.934943000-0500,25.067984000,192.168.0.148,192.168.0.178,53414,25565,15249,3017138,0,0,0x0010
5199,2026-08-15T10:13:49.943702000-0500,25.076743000,192.168.0.148,192.168.0.178,53414,25565,15249,3017138,4,0,0x0018
5200,2026-08-15T10:13:49.943734000-0500,25.076775000,192.168.0.148,192.168.0.178,53414,25565,15253,3017138,28,0,0x0018
5201,2026-08-15T10:13:49.944598000-0500,25.077639000,192.168.0.178,192.168.0.148,25565,53414,3017138,15281,0,0,0x0010
5202,2026-08-15T10:13:49.945040000-0500,25.078081000,192.168.0.148,192.168.0.178,53414,25565,15281,3017138,3,0,0x0018
5203,2026-08-15T10:13:49.986218000-0500,25.119259000,192.168.0.178,192.168.0.148,25565,53414,3017138,15284,659,0,0x0018
5204,2026-08-15T10:13:49.993434000-0500,25.126475000,192.168.0.148,192.168.0.178,53414,25565,15284,3017797,28,0,0x0018
5205,2026-08-15T10:13:49.994962000-0500,25.128003000,192.168.0.148,192.168.0.178,53414,25565,15312,3017797,3,0,0x0018
5206,2026-08-15T10:13:49.995859000-0500,25.128900000,192.168.0.178,192.168.0.148,25565,53414,3017797,15315,0,0,0x0010
5207,2026-08-15T10:13:50.031745000-0500,25.164786000,192.168.0.178,192.168.0.148,25565,53414,3017797,15315,1460,0,0x0010
5208,2026-08-15T10:13:50.031745000-0500,25.164786000,192.168.0.178,192.168.0.148,25565,53414,3019257,15315,1460,0,0x0010
5209,2026-08-15T10:13:50.031787000-0500,25.164828000,192.168.0.148,192.168.0.178,53414,25565,15315,3020717,0,0,0x0010
5210,2026-08-15T10:13:50.031855000-0500,25.164896000,192.168.0.178,192.168.0.148,25565,53414,3020717,15315,1460,0,0x0010
5211,2026-08-15T10:13:50.032079000-0500,25.165120000,192.168.0.178,192.168.0.148,25565,53414,3022177,15315,1460,0,0x0010
5212,2026-08-15T10:13:50.032079000-0500,25.165120000,192.168.0.178,192.168.0.148,25565,53414,3023637,15315,1460,0,0x0010
5213,2026-08-15T10:13:50.032101000-0500,25.165142000,192.168.0.148,192.168.0.178,53414,25565,15315,3025097,0,0,0x0010
5214,2026-08-15T10:13:50.032308000-0500,25.165349000,192.168.0.178,192.168.0.148,25565,53414,3025097,15315,1460,0,0x0010
5215,2026-08-15T10:13:50.032308000-0500,25.165349000,192.168.0.178,192.168.0.148,25565,53414,3026557,15315,1093,0,0x0018
5216,2026-08-15T10:13:50.032332000-0500,25.165373000,192.168.0.148,192.168.0.178,53414,25565,15315,3027650,0,0,0x0010
5217,2026-08-15T10:13:50.042253000-0500,25.175294000,192.168.0.148,192.168.0.178,53414,25565,15315,3027650,4,0,0x0018
5218,2026-08-15T10:13:50.042269000-0500,25.175310000,192.168.0.148,192.168.0.178,53414,25565,15319,3027650,28,0,0x0018
5219,2026-08-15T10:13:50.042983000-0500,25.176024000,192.168.0.148,192.168.0.178,53414,25565,15347,3027650,3,0,0x0018
5220,2026-08-15T10:13:50.043011000-0500,25.176052000,192.168.0.178,192.168.0.148,25565,53414,3027650,15347,0,0,0x0010
5221,2026-08-15T10:13:50.083113000-0500,25.216154000,192.168.0.178,192.168.0.148,25565,53414,3027650,15350,1460,0,0x0010
5222,2026-08-15T10:13:50.083113000-0500,25.216154000,192.168.0.178,192.168.0.148,25565,53414,3029110,15350,1460,0,0x0010
5223,2026-08-15T10:13:50.083164000-0500,25.216205000,192.168.0.148,192.168.0.178,53414,25565,15350,3030570,0,0,0x0010
5224,2026-08-15T10:13:50.083214000-0500,25.216255000,192.168.0.178,192.168.0.148,25565,53414,3030570,15350,1460,0,0x0010
5225,2026-08-15T10:13:50.083439000-0500,25.216480000,192.168.0.178,192.168.0.148,25565,53414,3032030,15350,1460,0,0x0010
5226,2026-08-15T10:13:50.083439000-0500,25.216480000,192.168.0.178,192.168.0.148,25565,53414,3033490,15350,1460,0,0x0010
5227,2026-08-15T10:13:50.083459000-0500,25.216500000,192.168.0.148,192.168.0.178,53414,25565,15350,3034950,0,0,0x0010
5228,2026-08-15T10:13:50.083655000-0500,25.216696000,192.168.0.178,192.168.0.148,25565,53414,3034950,15350,1460,0,0x0010
5229,2026-08-15T10:13:50.083674000-0500,25.216715000,192.168.0.148,192.168.0.178,53414,25565,15350,3036410,0,0,0x0010
5230,2026-08-15T10:13:50.083709000-0500,25.216750000,192.168.0.178,192.168.0.148,25565,53414,3036410,15350,1460,0,0x0010
5231,2026-08-15T10:13:50.083930000-0500,25.216971000,192.168.0.178,192.168.0.148,25565,53414,3037870,15350,1460,0,0x0010
5232,2026-08-15T10:13:50.083930000-0500,25.216971000,192.168.0.178,192.168.0.148,25565,53414,3039330,15350,1460,0,0x0018
5233,2026-08-15T10:13:50.083953000-0500,25.216994000,192.168.0.148,192.168.0.178,53414,25565,15350,3040790,0,0,0x0010
5234,2026-08-15T10:13:50.084148000-0500,25.217189000,192.168.0.178,192.168.0.148,25565,53414,3040790,15350,1460,0,0x0010
5235,2026-08-15T10:13:50.084168000-0500,25.217209000,192.168.0.148,192.168.0.178,53414,25565,15350,3042250,0,0,0x0010
5236,2026-08-15T10:13:50.084202000-0500,25.217243000,192.168.0.178,192.168.0.148,25565,53414,3042250,15350,1460,0,0x0010
5237,2026-08-15T10:13:50.084334000-0500,25.217375000,192.168.0.178,192.168.0.148,25565,53414,3043710,15350,1460,0,0x0010
5238,2026-08-15T10:13:50.084353000-0500,25.217394000,192.168.0.148,192.168.0.178,53414,25565,15350,3045170,0,0,0x0010
5239,2026-08-15T10:13:50.084409000-0500,25.217450000,192.168.0.178,192.168.0.148,25565,53414,3045170,15350,1300,0,0x0018
5240,2026-08-15T10:13:50.092850000-0500,25.225891000,192.168.0.148,192.168.0.178,53414,25565,15350,3046470,36,0,0x0018
5241,2026-08-15T10:13:50.093781000-0500,25.226822000,192.168.0.148,192.168.0.178,53414,25565,15386,3046470,3,0,0x0018
5242,2026-08-15T10:13:50.094419000-0500,25.227460000,192.168.0.178,192.168.0.148,25565,53414,3046470,15389,0,0,0x0010
5243,2026-08-15T10:13:50.131149000-0500,25.264190000,192.168.0.178,192.168.0.148,25565,53414,3046470,15389,1460,0,0x0010
5244,2026-08-15T10:13:50.131149000-0500,25.264190000,192.168.0.178,192.168.0.148,25565,53414,3047930,15389,1460,0,0x0010
5245,2026-08-15T10:13:50.131212000-0500,25.264253000,192.168.0.148,192.168.0.178,53414,25565,15389,3049390,0,0,0x0010
5246,2026-08-15T10:13:50.131260000-0500,25.264301000,192.168.0.178,192.168.0.148,25565,53414,3049390,15389,1460,0,0x0010
5247,2026-08-15T10:13:50.131503000-0500,25.264544000,192.168.0.178,192.168.0.148,25565,53414,3050850,15389,1460,0,0x0010
5248,2026-08-15T10:13:50.131503000-0500,25.264544000,192.168.0.178,192.168.0.148,25565,53414,3052310,15389,1460,0,0x0010
5249,2026-08-15T10:13:50.131540000-0500,25.264581000,192.168.0.148,192.168.0.178,53414,25565,15389,3053770,0,0,0x0010
5250,2026-08-15T10:13:50.131603000-0500,25.264644000,192.168.0.178,192.168.0.148,25565,53414,3053770,15389,1460,0,0x0010
5251,2026-08-15T10:13:50.131615000-0500,25.264656000,192.168.0.148,192.168.0.178,53414,25565,15389,3055230,0,0,0x0010
5252,2026-08-15T10:13:50.131828000-0500,25.264869000,192.168.0.178,192.168.0.148,25565,53414,3055230,15389,1460,0,0x0010
5253,2026-08-15T10:13:50.131891000-0500,25.264932000,192.168.0.178,192.168.0.148,25565,53414,3056690,15389,1460,0,0x0010
5254,2026-08-15T10:13:50.131906000-0500,25.264947000,192.168.0.148,192.168.0.178,53414,25565,15389,3058150,0,0,0x0010
5255,2026-08-15T10:13:50.131987000-0500,25.265028000,192.168.0.178,192.168.0.148,25565,53414,3058150,15389,1460,0,0x0018
5256,2026-08-15T10:13:50.132228000-0500,25.265269000,192.168.0.178,192.168.0.148,25565,53414,3059610,15389,1460,0,0x0010
5257,2026-08-15T10:13:50.132228000-0500,25.265269000,192.168.0.178,192.168.0.148,25565,53414,3061070,15389,1460,0,0x0010
5258,2026-08-15T10:13:50.132267000-0500,25.265308000,192.168.0.148,192.168.0.178,53414,25565,15389,3062530,0,0,0x0010
5259,2026-08-15T10:13:50.132391000-0500,25.265432000,192.168.0.178,192.168.0.148,25565,53414,3062530,15389,1460,0,0x0010
5260,2026-08-15T10:13:50.132405000-0500,25.265446000,192.168.0.148,192.168.0.178,53414,25565,15389,3063990,0,0,0x0010
5261,2026-08-15T10:13:50.132460000-0500,25.265501000,192.168.0.178,192.168.0.148,25565,53414,3063990,15389,1460,0,0x0010
5262,2026-08-15T10:13:50.132491000-0500,25.265532000,192.168.0.178,192.168.0.148,25565,53414,3065450,15389,193,0,0x0018
5263,2026-08-15T10:13:50.132497000-0500,25.265538000,192.168.0.148,192.168.0.178,53414,25565,15389,3065643,0,0,0x0010
5264,2026-08-15T10:13:50.143974000-0500,25.277015000,192.168.0.148,192.168.0.178,53414,25565,15389,3065643,28,0,0x0018
5265,2026-08-15T10:13:50.145367000-0500,25.278408000,192.168.0.148,192.168.0.178,53414,25565,15417,3065643,3,0,0x0018
5266,2026-08-15T10:13:50.145807000-0500,25.278848000,192.168.0.178,192.168.0.148,25565,53414,3065643,15420,0,0,0x0010
5267,2026-08-15T10:13:50.182504000-0500,25.315545000,192.168.0.178,192.168.0.148,25565,53414,3065643,15420,1460,0,0x0010
5268,2026-08-15T10:13:50.182504000-0500,25.315545000,192.168.0.178,192.168.0.148,25565,53414,3067103,15420,1460,0,0x0010
5269,2026-08-15T10:13:50.182559000-0500,25.315600000,192.168.0.148,192.168.0.178,53414,25565,15420,3068563,0,0,0x0010
5270,2026-08-15T10:13:50.182619000-0500,25.315660000,192.168.0.178,192.168.0.148,25565,53414,3068563,15420,1460,0,0x0010
5271,2026-08-15T10:13:50.182843000-0500,25.315884000,192.168.0.178,192.168.0.148,25565,53414,3070023,15420,1460,0,0x0010
5272,2026-08-15T10:13:50.182843000-0500,25.315884000,192.168.0.178,192.168.0.148,25565,53414,3071483,15420,1460,0,0x0010
5273,2026-08-15T10:13:50.182877000-0500,25.315918000,192.168.0.148,192.168.0.178,53414,25565,15420,3072943,0,0,0x0010
5274,2026-08-15T10:13:50.183097000-0500,25.316138000,192.168.0.178,192.168.0.148,25565,53414,3072943,15420,1460,0,0x0010
5275,2026-08-15T10:13:50.183097000-0500,25.316138000,192.168.0.178,192.168.0.148,25565,53414,3074403,15420,1460,0,0x0010
5276,2026-08-15T10:13:50.183128000-0500,25.316169000,192.168.0.148,192.168.0.178,53414,25565,15420,3075863,0,0,0x0010
5277,2026-08-15T10:13:50.183336000-0500,25.316377000,192.168.0.178,192.168.0.148,25565,53414,3075863,15420,1460,0,0x0010
5278,2026-08-15T10:13:50.183336000-0500,25.316377000,192.168.0.178,192.168.0.148,25565,53414,3077323,15420,1460,0,0x0018
5279,2026-08-15T10:13:50.183368000-0500,25.316409000,192.168.0.148,192.168.0.178,53414,25565,15420,3078783,0,0,0x0010
5280,2026-08-15T10:13:50.183582000-0500,25.316623000,192.168.0.178,192.168.0.148,25565,53414,3078783,15420,1460,0,0x0010
5281,2026-08-15T10:13:50.183582000-0500,25.316623000,192.168.0.178,192.168.0.148,25565,53414,3080243,15420,1460,0,0x0010
5282,2026-08-15T10:13:50.183613000-0500,25.316654000,192.168.0.148,192.168.0.178,53414,25565,15420,3081703,0,0,0x0010
5283,2026-08-15T10:13:50.183660000-0500,25.316701000,192.168.0.178,192.168.0.148,25565,53414,3081703,15420,878,0,0x0018
5284,2026-08-15T10:13:50.183672000-0500,25.316713000,192.168.0.148,192.168.0.178,53414,25565,15420,3082581,0,0,0x0010
5285,2026-08-15T10:13:50.192361000-0500,25.325402000,192.168.0.148,192.168.0.178,53414,25565,15420,3082581,28,0,0x0018
5286,2026-08-15T10:13:50.193172000-0500,25.326213000,192.168.0.148,192.168.0.178,53414,25565,15448,3082581,3,0,0x0018
5287,2026-08-15T10:13:50.193854000-0500,25.326895000,192.168.0.178,192.168.0.148,25565,53414,3082581,15451,0,0,0x0010
5288,2026-08-15T10:13:50.234600000-0500,25.367641000,192.168.0.178,192.168.0.148,25565,53414,3082581,15451,1460,0,0x0010
5289,2026-08-15T10:13:50.234600000-0500,25.367641000,192.168.0.178,192.168.0.148,25565,53414,3084041,15451,1460,0,0x0010
5290,2026-08-15T10:13:50.234668000-0500,25.367709000,192.168.0.148,192.168.0.178,53414,25565,15451,3085501,0,0,0x0010
5291,2026-08-15T10:13:50.234731000-0500,25.367772000,192.168.0.178,192.168.0.148,25565,53414,3085501,15451,1460,0,0x0010
5292,2026-08-15T10:13:50.234971000-0500,25.368012000,192.168.0.178,192.168.0.148,25565,53414,3086961,15451,1460,0,0x0010
5293,2026-08-15T10:13:50.234971000-0500,25.368012000,192.168.0.178,192.168.0.148,25565,53414,3088421,15451,1460,0,0x0010
5294,2026-08-15T10:13:50.235019000-0500,25.368060000,192.168.0.148,192.168.0.178,53414,25565,15451,3089881,0,0,0x0010
5295,2026-08-15T10:13:50.235083000-0500,25.368124000,192.168.0.178,192.168.0.148,25565,53414,3089881,15451,1460,0,0x0010
5296,2026-08-15T10:13:50.235096000-0500,25.368137000,192.168.0.148,192.168.0.178,53414,25565,15451,3091341,0,0,0x0010
5297,2026-08-15T10:13:50.235312000-0500,25.368353000,192.168.0.178,192.168.0.148,25565,53414,3091341,15451,1460,0,0x0010
5298,2026-08-15T10:13:50.235387000-0500,25.368428000,192.168.0.178,192.168.0.148,25565,53414,3092801,15451,1460,0,0x0010
5299,2026-08-15T10:13:50.235397000-0500,25.368438000,192.168.0.148,192.168.0.178,53414,25565,15451,3094261,0,0,0x0010
5300,2026-08-15T10:13:50.235447000-0500,25.368488000,192.168.0.178,192.168.0.148,25565,53414,3094261,15451,1415,0,0x0018
5301,2026-08-15T10:13:50.243554000-0500,25.376595000,192.168.0.148,192.168.0.178,53414,25565,15451,3095676,4,0,0x0018
5302,2026-08-15T10:13:50.243577000-0500,25.376618000,192.168.0.148,192.168.0.178,53414,25565,15455,3095676,36,0,0x0018
5303,2026-08-15T10:13:50.244365000-0500,25.377406000,192.168.0.178,192.168.0.148,25565,53414,3095676,15491,0,0,0x0010
5304,2026-08-15T10:13:50.244611000-0500,25.377652000,192.168.0.148,192.168.0.178,53414,25565,15491,3095676,3,0,0x0018
5305,2026-08-15T10:13:50.280356000-0500,25.413397000,192.168.0.178,192.168.0.148,25565,53414,3095676,15494,1460,0,0x0010
5306,2026-08-15T10:13:50.280356000-0500,25.413397000,192.168.0.178,192.168.0.148,25565,53414,3097136,15494,1460,0,0x0010
5307,2026-08-15T10:13:50.280414000-0500,25.413455000,192.168.0.148,192.168.0.178,53414,25565,15494,3098596,0,0,0x0010
5308,2026-08-15T10:13:50.280454000-0500,25.413495000,192.168.0.178,192.168.0.148,25565,53414,3098596,15494,1460,0,0x0010
5309,2026-08-15T10:13:50.280518000-0500,25.413559000,192.168.0.178,192.168.0.148,25565,53414,3100056,15494,881,0,0x0018
5310,2026-08-15T10:13:50.280524000-0500,25.413565000,192.168.0.148,192.168.0.178,53414,25565,15494,3100937,0,0,0x0010
5311,2026-08-15T10:13:50.292715000-0500,25.425756000,192.168.0.148,192.168.0.178,53414,25565,15494,3100937,4,0,0x0018
5312,2026-08-15T10:13:50.292736000-0500,25.425777000,192.168.0.148,192.168.0.178,53414,25565,15498,3100937,36,0,0x0018
5313,2026-08-15T10:13:50.293413000-0500,25.426454000,192.168.0.178,192.168.0.148,25565,53414,3100937,15534,0,0,0x0010
5314,2026-08-15T10:13:50.293709000-0500,25.426750000,192.168.0.148,192.168.0.178,53414,25565,15534,3100937,3,0,0x0018
5315,2026-08-15T10:13:50.331660000-0500,25.464701000,192.168.0.178,192.168.0.148,25565,53414,3100937,15537,630,0,0x0018
5316,2026-08-15T10:13:50.344190000-0500,25.477231000,192.168.0.148,192.168.0.178,53414,25565,15537,3101567,4,0,0x0018
5317,2026-08-15T10:13:50.344228000-0500,25.477269000,192.168.0.148,192.168.0.178,53414,25565,15541,3101567,36,0,0x0018
5318,2026-08-15T10:13:50.345043000-0500,25.478084000,192.168.0.178,192.168.0.148,25565,53414,3101567,15577,0,0,0x0010
5319,2026-08-15T10:13:50.345490000-0500,25.478531000,192.168.0.148,192.168.0.178,53414,25565,15577,3101567,3,0,0x0018
5320,2026-08-15T10:13:50.379585000-0500,25.512626000,192.168.0.178,192.168.0.148,25565,53414,3101567,15580,865,0,0x0018
5321,2026-08-15T10:13:50.393402000-0500,25.526443000,192.168.0.148,192.168.0.178,53414,25565,15580,3102432,28,0,0x0018
5322,2026-08-15T10:13:50.394735000-0500,25.527776000,192.168.0.148,192.168.0.178,53414,25565,15608,3102432,3,0,0x0018
5323,2026-08-15T10:13:50.395510000-0500,25.528551000,192.168.0.178,192.168.0.148,25565,53414,3102432,15611,0,0,0x0010
5324,2026-08-15T10:13:50.433361000-0500,25.566402000,192.168.0.178,192.168.0.148,25565,53414,3102432,15611,367,0,0x0018
5325,2026-08-15T10:13:50.443352000-0500,25.576393000,192.168.0.148,192.168.0.178,53414,25565,15611,3102799,28,0,0x0018
5326,2026-08-15T10:13:50.444932000-0500,25.577973000,192.168.0.148,192.168.0.178,53414,25565,15639,3102799,3,0,0x0018
5327,2026-08-15T10:13:50.445667000-0500,25.578708000,192.168.0.178,192.168.0.148,25565,53414,3102799,15642,0,0,0x0010
5328,2026-08-15T10:13:50.482162000-0500,25.615203000,192.168.0.178,192.168.0.148,25565,53414,3102799,15642,305,0,0x0018
5329,2026-08-15T10:13:50.493474000-0500,25.626515000,192.168.0.148,192.168.0.178,53414,25565,15642,3103104,28,0,0x0018
5330,2026-08-15T10:13:50.495039000-0500,25.628080000,192.168.0.148,192.168.0.178,53414,25565,15670,3103104,3,0,0x0018
5331,2026-08-15T10:13:50.495968000-0500,25.629009000,192.168.0.178,192.168.0.148,25565,53414,3103104,15673,0,0,0x0010
5332,2026-08-15T10:13:50.533280000-0500,25.666321000,192.168.0.178,192.168.0.148,25565,53414,3103104,15673,228,0,0x0018
5333,2026-08-15T10:13:50.543441000-0500,25.676482000,192.168.0.148,192.168.0.178,53414,25565,15673,3103332,4,0,0x0018
5334,2026-08-15T10:13:50.543464000-0500,25.676505000,192.168.0.148,192.168.0.178,53414,25565,15677,3103332,28,0,0x0018
5335,2026-08-15T10:13:50.544177000-0500,25.677218000,192.168.0.178,192.168.0.148,25565,53414,3103332,15705,0,0,0x0010
5336,2026-08-15T10:13:50.544484000-0500,25.677525000,192.168.0.148,192.168.0.178,53414,25565,15705,3103332,3,0,0x0018
5337,2026-08-15T10:13:50.579301000-0500,25.712342000,192.168.0.178,192.168.0.148,25565,53414,3103332,15708,713,0,0x0018
5338,2026-08-15T10:13:50.593431000-0500,25.726472000,192.168.0.148,192.168.0.178,53414,25565,15708,3104045,28,0,0x0018
5339,2026-08-15T10:13:50.594802000-0500,25.727843000,192.168.0.148,192.168.0.178,53414,25565,15736,3104045,3,0,0x0018
5340,2026-08-15T10:13:50.595504000-0500,25.728545000,192.168.0.178,192.168.0.148,25565,53414,3104045,15739,0,0,0x0010
5341,2026-08-15T10:13:50.628879000-0500,25.761920000,192.168.0.178,192.168.0.148,25565,53414,3104045,15739,903,0,0x0018
5342,2026-08-15T10:13:50.642600000-0500,25.775641000,192.168.0.148,192.168.0.178,53414,25565,15739,3104948,28,0,0x0018
5343,2026-08-15T10:13:50.643412000-0500,25.776453000,192.168.0.148,192.168.0.178,53414,25565,15767,3104948,3,0,0x0018
5344,2026-08-15T10:13:50.644031000-0500,25.777072000,192.168.0.178,192.168.0.148,25565,53414,3104948,15770,0,0,0x0010
5345,2026-08-15T10:13:50.685473000-0500,25.818514000,192.168.0.178,192.168.0.148,25565,53414,3104948,15770,1315,0,0x0018
5346,2026-08-15T10:13:50.693595000-0500,25.826636000,192.168.0.148,192.168.0.178,53414,25565,15770,3106263,4,0,0x0018
5347,2026-08-15T10:13:50.693630000-0500,25.826671000,192.168.0.148,192.168.0.178,53414,25565,15774,3106263,28,0,0x0018
5348,2026-08-15T10:13:50.694424000-0500,25.827465000,192.168.0.178,192.168.0.148,25565,53414,3106263,15802,0,0,0x0010
5349,2026-08-15T10:13:50.695073000-0500,25.828114000,192.168.0.148,192.168.0.178,53414,25565,15802,3106263,3,0,0x0018
5350,2026-08-15T10:13:50.733498000-0500,25.866539000,192.168.0.178,192.168.0.148,25565,53414,3106263,15805,321,0,0x0018
5351,2026-08-15T10:13:50.743397000-0500,25.876438000,192.168.0.148,192.168.0.178,53414,25565,15805,3106584,28,0,0x0018
5352,2026-08-15T10:13:50.745023000-0500,25.878064000,192.168.0.148,192.168.0.178,53414,25565,15833,3106584,3,0,0x0018
5353,2026-08-15T10:13:50.745724000-0500,25.878765000,192.168.0.178,192.168.0.148,25565,53414,3106584,15836,0,0,0x0010
5354,2026-08-15T10:13:50.781528000-0500,25.914569000,192.168.0.178,192.168.0.148,25565,53414,3106584,15836,247,0,0x0018
5355,2026-08-15T10:13:50.781679000-0500,25.914720000,192.168.0.148,192.168.0.178,53414,25565,15836,3106831,11,0,0x0018
5356,2026-08-15T10:13:50.792973000-0500,25.926014000,192.168.0.148,192.168.0.178,53414,25565,15847,3106831,28,0,0x0018
5357,2026-08-15T10:13:50.793689000-0500,25.926730000,192.168.0.178,192.168.0.148,25565,53414,3106831,15875,0,0,0x0010
5358,2026-08-15T10:13:50.793885000-0500,25.926926000,192.168.0.148,192.168.0.178,53414,25565,15875,3106831,3,0,0x0018
5359,2026-08-15T10:13:50.829399000-0500,25.962440000,192.168.0.178,192.168.0.148,25565,53414,3106831,15878,617,0,0x0018
5360,2026-08-15T10:13:50.843434000-0500,25.976475000,192.168.0.148,192.168.0.178,53414,25565,15878,3107448,28,0,0x0018
5361,2026-08-15T10:13:50.844658000-0500,25.977699000,192.168.0.148,192.168.0.178,53414,25565,15906,3107448,3,0,0x0018
5362,2026-08-15T10:13:50.845309000-0500,25.978350000,192.168.0.178,192.168.0.148,25565,53414,3107448,15909,0,0,0x0010
5363,2026-08-15T10:13:50.882533000-0500,26.015574000,192.168.0.178,192.168.0.148,25565,53414,3107448,15909,486,0,0x0018
5364,2026-08-15T10:13:50.893648000-0500,26.026689000,192.168.0.148,192.168.0.178,53414,25565,15909,3107934,36,0,0x0018
5365,2026-08-15T10:13:50.895105000-0500,26.028146000,192.168.0.148,192.168.0.178,53414,25565,15945,3107934,3,0,0x0018
5366,2026-08-15T10:13:50.895861000-0500,26.028902000,192.168.0.178,192.168.0.148,25565,53414,3107934,15948,0,0,0x0010
5367,2026-08-15T10:13:50.930518000-0500,26.063559000,192.168.0.178,192.168.0.148,25565,53414,3107934,15948,878,0,0x0018
5368,2026-08-15T10:13:50.943387000-0500,26.076428000,192.168.0.148,192.168.0.178,53414,25565,15948,3108812,4,0,0x0018
5369,2026-08-15T10:13:50.943419000-0500,26.076460000,192.168.0.148,192.168.0.178,53414,25565,15952,3108812,36,0,0x0018
5370,2026-08-15T10:13:50.944192000-0500,26.077233000,192.168.0.178,192.168.0.148,25565,53414,3108812,15988,0,0,0x0010
5371,2026-08-15T10:13:50.944499000-0500,26.077540000,192.168.0.148,192.168.0.178,53414,25565,15988,3108812,3,0,0x0018
5372,2026-08-15T10:13:50.985210000-0500,26.118251000,192.168.0.178,192.168.0.148,25565,53414,3108812,15991,400,0,0x0018
5373,2026-08-15T10:13:50.993024000-0500,26.126065000,192.168.0.148,192.168.0.178,53414,25565,15991,3109212,4,0,0x0018
5374,2026-08-15T10:13:50.993052000-0500,26.126093000,192.168.0.148,192.168.0.178,53414,25565,15995,3109212,36,0,0x0018
5375,2026-08-15T10:13:50.993965000-0500,26.127006000,192.168.0.178,192.168.0.148,25565,53414,3109212,16031,0,0,0x0010
5376,2026-08-15T10:13:50.994005000-0500,26.127046000,192.168.0.148,192.168.0.178,53414,25565,16031,3109212,3,0,0x0018
5377,2026-08-15T10:13:51.033708000-0500,26.166749000,192.168.0.178,192.168.0.148,25565,53414,3109212,16034,975,0,0x0018
5378,2026-08-15T10:13:51.042707000-0500,26.175748000,192.168.0.148,192.168.0.178,53414,25565,16034,3110187,36,0,0x0018
5379,2026-08-15T10:13:51.043606000-0500,26.176647000,192.168.0.148,192.168.0.178,53414,25565,16070,3110187,3,0,0x0018
5380,2026-08-15T10:13:51.044322000-0500,26.177363000,192.168.0.178,192.168.0.148,25565,53414,3110187,16073,0,0,0x0010
5381,2026-08-15T10:13:51.080630000-0500,26.213671000,192.168.0.178,192.168.0.148,25565,53414,3110187,16073,615,0,0x0018
5382,2026-08-15T10:13:51.093289000-0500,26.226330000,192.168.0.148,192.168.0.178,53414,25565,16073,3110802,36,0,0x0018
5383,2026-08-15T10:13:51.094411000-0500,26.227452000,192.168.0.148,192.168.0.178,53414,25565,16109,3110802,3,0,0x0018
5384,2026-08-15T10:13:51.095023000-0500,26.228064000,192.168.0.178,192.168.0.148,25565,53414,3110802,16112,0,0,0x0010
5385,2026-08-15T10:13:51.129376000-0500,26.262417000,192.168.0.178,192.168.0.148,25565,53414,3110802,16112,1055,0,0x0018
5386,2026-08-15T10:13:51.142166000-0500,26.275207000,192.168.0.148,192.168.0.178,53414,25565,16112,3111857,36,0,0x0018
5387,2026-08-15T10:13:51.142801000-0500,26.275842000,192.168.0.148,192.168.0.178,53414,25565,16148,3111857,3,0,0x0018
5388,2026-08-15T10:13:51.143482000-0500,26.276523000,192.168.0.178,192.168.0.148,25565,53414,3111857,16151,0,0,0x0010
5389,2026-08-15T10:13:51.184661000-0500,26.317702000,192.168.0.178,192.168.0.148,25565,53414,3111857,16151,723,0,0x0018
5390,2026-08-15T10:13:51.193325000-0500,26.326366000,192.168.0.148,192.168.0.178,53414,25565,16151,3112580,36,0,0x0018
5391,2026-08-15T10:13:51.194733000-0500,26.327774000,192.168.0.148,192.168.0.178,53414,25565,16187,3112580,3,0,0x0018
5392,2026-08-15T10:13:51.195525000-0500,26.328566000,192.168.0.178,192.168.0.148,25565,53414,3112580,16190,0,0,0x0010
5393,2026-08-15T10:13:51.232957000-0500,26.365998000,192.168.0.178,192.168.0.148,25565,53414,3112580,16190,665,0,0x0018
5394,2026-08-15T10:13:51.243215000-0500,26.376256000,192.168.0.148,192.168.0.178,53414,25565,16190,3113245,28,0,0x0018
5395,2026-08-15T10:13:51.244274000-0500,26.377315000,192.168.0.148,192.168.0.178,53414,25565,16218,3113245,3,0,0x0018
5396,2026-08-15T10:13:51.244855000-0500,26.377896000,192.168.0.178,192.168.0.148,25565,53414,3113245,16221,0,0,0x0010
5397,2026-08-15T10:13:51.282236000-0500,26.415277000,192.168.0.178,192.168.0.148,25565,53414,3113245,16221,292,0,0x0018
5398,2026-08-15T10:13:51.294305000-0500,26.427346000,192.168.0.148,192.168.0.178,53414,25565,16221,3113537,36,0,0x0018
5399,2026-08-15T10:13:51.294746000-0500,26.427787000,192.168.0.148,192.168.0.178,53414,25565,16257,3113537,3,0,0x0018
5400,2026-08-15T10:13:51.295517000-0500,26.428558000,192.168.0.178,192.168.0.148,25565,53414,3113537,16260,0,0,0x0010
5401,2026-08-15T10:13:51.331996000-0500,26.465037000,192.168.0.178,192.168.0.148,25565,53414,3113537,16260,838,0,0x0018
5402,2026-08-15T10:13:51.343260000-0500,26.476301000,192.168.0.148,192.168.0.178,53414,25565,16260,3114375,36,0,0x0018
5403,2026-08-15T10:13:51.344380000-0500,26.477421000,192.168.0.148,192.168.0.178,53414,25565,16296,3114375,3,0,0x0018
5404,2026-08-15T10:13:51.345035000-0500,26.478076000,192.168.0.178,192.168.0.148,25565,53414,3114375,16299,0,0,0x0010
5405,2026-08-15T10:13:51.380398000-0500,26.513439000,192.168.0.178,192.168.0.148,25565,53414,3114375,16299,925,0,0x0018
5406,2026-08-15T10:13:51.393653000-0500,26.526694000,192.168.0.148,192.168.0.178,53414,25565,16299,3115300,28,0,0x0018
5407,2026-08-15T10:13:51.395000000-0500,26.528041000,192.168.0.148,192.168.0.178,53414,25565,16327,3115300,3,0,0x0018
5408,2026-08-15T10:13:51.395867000-0500,26.528908000,192.168.0.178,192.168.0.148,25565,53414,3115300,16330,0,0,0x0010
5409,2026-08-15T10:13:51.432127000-0500,26.565168000,192.168.0.178,192.168.0.148,25565,53414,3115300,16330,333,0,0x0018
5410,2026-08-15T10:13:51.443271000-0500,26.576312000,192.168.0.148,192.168.0.178,53414,25565,16330,3115633,28,0,0x0018
5411,2026-08-15T10:13:51.444873000-0500,26.577914000,192.168.0.148,192.168.0.178,53414,25565,16358,3115633,3,0,0x0018
5412,2026-08-15T10:13:51.445829000-0500,26.578870000,192.168.0.178,192.168.0.148,25565,53414,3115633,16361,0,0,0x0010
5413,2026-08-15T10:13:51.482028000-0500,26.615069000,192.168.0.178,192.168.0.148,25565,53414,3115633,16361,682,0,0x0018
5414,2026-08-15T10:13:51.493940000-0500,26.626981000,192.168.0.148,192.168.0.178,53414,25565,16361,3116315,28,0,0x0018
5415,2026-08-15T10:13:51.495336000-0500,26.628377000,192.168.0.148,192.168.0.178,53414,25565,16389,3116315,3,0,0x0018
5416,2026-08-15T10:13:51.496082000-0500,26.629123000,192.168.0.178,192.168.0.148,25565,53414,3116315,16392,0,0,0x0010
5417,2026-08-15T10:13:51.530165000-0500,26.663206000,192.168.0.178,192.168.0.148,25565,53414,3116315,16392,223,0,0x0018
5418,2026-08-15T10:13:51.542596000-0500,26.675637000,192.168.0.148,192.168.0.178,53414,25565,16392,3116538,4,0,0x0018
5419,2026-08-15T10:13:51.542617000-0500,26.675658000,192.168.0.148,192.168.0.178,53414,25565,16396,3116538,28,0,0x0018
5420,2026-08-15T10:13:51.543214000-0500,26.676255000,192.168.0.148,192.168.0.178,53414,25565,16424,3116538,3,0,0x0018
5421,2026-08-15T10:13:51.543238000-0500,26.676279000,192.168.0.178,192.168.0.148,25565,53414,3116538,16424,0,0,0x0010
5422,2026-08-15T10:13:51.582893000-0500,26.715934000,192.168.0.178,192.168.0.148,25565,53414,3116538,16427,534,0,0x0018
5423,2026-08-15T10:13:51.593570000-0500,26.726611000,192.168.0.148,192.168.0.178,53414,25565,16427,3117072,4,0,0x0018
5424,2026-08-15T10:13:51.593599000-0500,26.726640000,192.168.0.148,192.168.0.178,53414,25565,16431,3117072,28,0,0x0018
5425,2026-08-15T10:13:51.594510000-0500,26.727551000,192.168.0.178,192.168.0.148,25565,53414,3117072,16459,0,0,0x0010
5426,2026-08-15T10:13:51.594810000-0500,26.727851000,192.168.0.148,192.168.0.178,53414,25565,16459,3117072,3,0,0x0018
5427,2026-08-15T10:13:51.632542000-0500,26.765583000,192.168.0.178,192.168.0.148,25565,53414,3117072,16462,1460,0,0x0010
5428,2026-08-15T10:13:51.632542000-0500,26.765583000,192.168.0.178,192.168.0.148,25565,53414,3118532,16462,498,0,0x0018
5429,2026-08-15T10:13:51.632605000-0500,26.765646000,192.168.0.148,192.168.0.178,53414,25565,16462,3119030,0,0,0x0010
5430,2026-08-15T10:13:51.643408000-0500,26.776449000,192.168.0.148,192.168.0.178,53414,25565,16462,3119030,28,0,0x0018
5431,2026-08-15T10:13:51.644629000-0500,26.777670000,192.168.0.148,192.168.0.178,53414,25565,16490,3119030,3,0,0x0018
5432,2026-08-15T10:13:51.648060000-0500,26.781101000,192.168.0.178,192.168.0.148,25565,53414,3119030,16493,0,0,0x0010
5433,2026-08-15T10:13:51.678724000-0500,26.811765000,192.168.0.178,192.168.0.148,25565,53414,3119030,16493,416,0,0x0018
5434,2026-08-15T10:13:51.693616000-0500,26.826657000,192.168.0.148,192.168.0.178,53414,25565,16493,3119446,4,0,0x0018
5435,2026-08-15T10:13:51.693656000-0500,26.826697000,192.168.0.148,192.168.0.178,53414,25565,16497,3119446,28,0,0x0018
5436,2026-08-15T10:13:51.694637000-0500,26.827678000,192.168.0.178,192.168.0.148,25565,53414,3119446,16525,0,0,0x0010
5437,2026-08-15T10:13:51.695031000-0500,26.828072000,192.168.0.148,192.168.0.178,53414,25565,16525,3119446,3,0,0x0018
5438,2026-08-15T10:13:51.731128000-0500,26.864169000,192.168.0.178,192.168.0.148,25565,53414,3119446,16528,367,0,0x0018
5439,2026-08-15T10:13:51.743287000-0500,26.876328000,192.168.0.148,192.168.0.178,53414,25565,16528,3119813,28,0,0x0018
5440,2026-08-15T10:13:51.744400000-0500,26.877441000,192.168.0.148,192.168.0.178,53414,25565,16556,3119813,3,0,0x0018
5441,2026-08-15T10:13:51.744543000-0500,26.877584000,192.168.0.178,192.168.0.148,25565,53414,3119813,16556,11,0,0x0018
5442,2026-08-15T10:13:51.744543000-0500,26.877584000,192.168.0.178,192.168.0.148,25565,53414,3119824,16556,22,0,0x0018
5443,2026-08-15T10:13:51.744587000-0500,26.877628000,192.168.0.148,192.168.0.178,53414,25565,16559,3119846,0,0,0x0010
5444,2026-08-15T10:13:51.744648000-0500,26.877689000,192.168.0.178,192.168.0.148,25565,53414,3119846,16556,189,0,0x0018
5445,2026-08-15T10:13:51.778918000-0500,26.911959000,192.168.0.178,192.168.0.148,25565,53414,3120035,16559,539,0,0x0018
5446,2026-08-15T10:13:51.778977000-0500,26.912018000,192.168.0.148,192.168.0.178,53414,25565,16559,3120574,0,0,0x0010
5447,2026-08-15T10:13:51.792671000-0500,26.925712000,192.168.0.148,192.168.0.178,53414,25565,16559,3120574,28,0,0x0018
5448,2026-08-15T10:13:51.793311000-0500,26.926352000,192.168.0.148,192.168.0.178,53414,25565,16587,3120574,3,0,0x0018
5449,2026-08-15T10:13:51.793971000-0500,26.927012000,192.168.0.178,192.168.0.148,25565,53414,3120574,16590,0,0,0x0010
5450,2026-08-15T10:13:51.831030000-0500,26.964071000,192.168.0.178,192.168.0.148,25565,53414,3120574,16590,352,0,0x0018
5451,2026-08-15T10:13:51.831271000-0500,26.964312000,192.168.0.148,192.168.0.178,53414,25565,16590,3120926,11,0,0x0018
5452,2026-08-15T10:13:51.843498000-0500,26.976539000,192.168.0.148,192.168.0.178,53414,25565,16601,3120926,28,0,0x0018
5453,2026-08-15T10:13:51.844372000-0500,26.977413000,192.168.0.178,192.168.0.148,25565,53414,3120926,16629,0,0,0x0010
5454,2026-08-15T10:13:51.844894000-0500,26.977935000,192.168.0.148,192.168.0.178,53414,25565,16629,3120926,3,0,0x0018
5455,2026-08-15T10:13:51.878549000-0500,27.011590000,192.168.0.178,192.168.0.148,25565,53414,3120926,16632,477,0,0x0018
5456,2026-08-15T10:13:51.893459000-0500,27.026500000,192.168.0.148,192.168.0.178,53414,25565,16632,3121403,28,0,0x0018
5457,2026-08-15T10:13:51.894939000-0500,27.027980000,192.168.0.148,192.168.0.178,53414,25565,16660,3121403,3,0,0x0018
5458,2026-08-15T10:13:51.895789000-0500,27.028830000,192.168.0.178,192.168.0.148,25565,53414,3121403,16663,0,0,0x0010
5459,2026-08-15T10:13:51.928633000-0500,27.061674000,192.168.0.178,192.168.0.148,25565,53414,3121403,16663,908,0,0x0018
5460,2026-08-15T10:13:51.943767000-0500,27.076808000,192.168.0.148,192.168.0.178,53414,25565,16663,3122311,28,0,0x0018
5461,2026-08-15T10:13:51.945271000-0500,27.078312000,192.168.0.148,192.168.0.178,53414,25565,16691,3122311,3,0,0x0018
5462,2026-08-15T10:13:51.946048000-0500,27.079089000,192.168.0.178,192.168.0.148,25565,53414,3122311,16694,0,0,0x0010
5463,2026-08-15T10:13:51.978328000-0500,27.111369000,192.168.0.178,192.168.0.148,25565,53414,3122311,16694,270,0,0x0018
5464,2026-08-15T10:13:51.993576000-0500,27.126617000,192.168.0.148,192.168.0.178,53414,25565,16694,3122581,28,0,0x0018
5465,2026-08-15T10:13:51.994744000-0500,27.127785000,192.168.0.148,192.168.0.178,53414,25565,16722,3122581,3,0,0x0018
5466,2026-08-15T10:13:51.995495000-0500,27.128536000,192.168.0.178,192.168.0.148,25565,53414,3122581,16725,0,0,0x0010
5467,2026-08-15T10:13:52.029053000-0500,27.162094000,192.168.0.178,192.168.0.148,25565,53414,3122581,16725,183,0,0x0018
5468,2026-08-15T10:13:52.042746000-0500,27.175787000,192.168.0.148,192.168.0.178,53414,25565,16725,3122764,28,0,0x0018
5469,2026-08-15T10:13:52.043607000-0500,27.176648000,192.168.0.148,192.168.0.178,53414,25565,16753,3122764,3,0,0x0018
5470,2026-08-15T10:13:52.044353000-0500,27.177394000,192.168.0.178,192.168.0.148,25565,53414,3122764,16756,0,0,0x0010
5471,2026-08-15T10:13:52.078216000-0500,27.211257000,192.168.0.178,192.168.0.148,25565,53414,3122764,16756,384,0,0x0018
5472,2026-08-15T10:13:52.093284000-0500,27.226325000,192.168.0.148,192.168.0.178,53414,25565,16756,3123148,28,0,0x0018
5473,2026-08-15T10:13:52.094557000-0500,27.227598000,192.168.0.148,192.168.0.178,53414,25565,16784,3123148,3,0,0x0018
5474,2026-08-15T10:13:52.097156000-0500,27.230197000,192.168.0.178,192.168.0.148,25565,53414,3123148,16787,0,0,0x0010
5475,2026-08-15T10:13:52.130130000-0500,27.263171000,192.168.0.178,192.168.0.148,25565,53414,3123148,16787,422,0,0x0018
5476,2026-08-15T10:13:52.143451000-0500,27.276492000,192.168.0.148,192.168.0.178,53414,25565,16787,3123570,28,0,0x0018
5477,2026-08-15T10:13:52.145066000-0500,27.278107000,192.168.0.148,192.168.0.178,53414,25565,16815,3123570,3,0,0x0018
5478,2026-08-15T10:13:52.145790000-0500,27.278831000,192.168.0.178,192.168.0.148,25565,53414,3123570,16818,0,0,0x0010
5479,2026-08-15T10:13:52.178718000-0500,27.311759000,192.168.0.178,192.168.0.148,25565,53414,3123570,16818,762,0,0x0018
5480,2026-08-15T10:13:52.193718000-0500,27.326759000,192.168.0.148,192.168.0.178,53414,25565,16818,3124332,28,0,0x0018
5481,2026-08-15T10:13:52.195138000-0500,27.328179000,192.168.0.148,192.168.0.178,53414,25565,16846,3124332,3,0,0x0018
5482,2026-08-15T10:13:52.195823000-0500,27.328864000,192.168.0.178,192.168.0.148,25565,53414,3124332,16849,0,0,0x0010
5483,2026-08-15T10:13:52.228639000-0500,27.361680000,192.168.0.178,192.168.0.148,25565,53414,3124332,16849,1460,0,0x0010
5484,2026-08-15T10:13:52.228639000-0500,27.361680000,192.168.0.178,192.168.0.148,25565,53414,3125792,16849,205,0,0x0018
5485,2026-08-15T10:13:52.228692000-0500,27.361733000,192.168.0.148,192.168.0.178,53414,25565,16849,3125997,0,0,0x0010
5486,2026-08-15T10:13:52.243467000-0500,27.376508000,192.168.0.148,192.168.0.178,53414,25565,16849,3125997,28,0,0x0018
5487,2026-08-15T10:13:52.244635000-0500,27.377676000,192.168.0.148,192.168.0.178,53414,25565,16877,3125997,3,0,0x0018
5488,2026-08-15T10:13:52.245330000-0500,27.378371000,192.168.0.178,192.168.0.148,25565,53414,3125997,16880,0,0,0x0010
5489,2026-08-15T10:13:52.278175000-0500,27.411216000,192.168.0.178,192.168.0.148,25565,53414,3125997,16880,274,0,0x0018
5490,2026-08-15T10:13:52.293306000-0500,27.426347000,192.168.0.148,192.168.0.178,53414,25565,16880,3126271,28,0,0x0018
5491,2026-08-15T10:13:52.294540000-0500,27.427581000,192.168.0.148,192.168.0.178,53414,25565,16908,3126271,3,0,0x0018
5492,2026-08-15T10:13:52.295095000-0500,27.428136000,192.168.0.178,192.168.0.148,25565,53414,3126271,16911,0,0,0x0010
5493,2026-08-15T10:13:52.328913000-0500,27.461954000,192.168.0.178,192.168.0.148,25565,53414,3126271,16911,276,0,0x0018
5494,2026-08-15T10:13:52.343292000-0500,27.476333000,192.168.0.148,192.168.0.178,53414,25565,16911,3126547,28,0,0x0018
5495,2026-08-15T10:13:52.344797000-0500,27.477838000,192.168.0.148,192.168.0.178,53414,25565,16939,3126547,3,0,0x0018
5496,2026-08-15T10:13:52.345441000-0500,27.478482000,192.168.0.178,192.168.0.148,25565,53414,3126547,16942,0,0,0x0010
5497,2026-08-15T10:13:52.378168000-0500,27.511209000,192.168.0.178,192.168.0.148,25565,53414,3126547,16942,502,0,0x0018
5498,2026-08-15T10:13:52.392361000-0500,27.525402000,192.168.0.148,192.168.0.178,53414,25565,16942,3127049,36,0,0x0018
5499,2026-08-15T10:13:52.393029000-0500,27.526070000,192.168.0.148,192.168.0.178,53414,25565,16978,3127049,3,0,0x0018
5500,2026-08-15T10:13:52.393692000-0500,27.526733000,192.168.0.178,192.168.0.148,25565,53414,3127049,16981,0,0,0x0010
5501,2026-08-15T10:13:52.429210000-0500,27.562251000,192.168.0.178,192.168.0.148,25565,53414,3127049,16981,722,0,0x0018
5502,2026-08-15T10:13:52.443873000-0500,27.576914000,192.168.0.148,192.168.0.178,53414,25565,16981,3127771,36,0,0x0018
5503,2026-08-15T10:13:52.445097000-0500,27.578138000,192.168.0.148,192.168.0.178,53414,25565,17017,3127771,3,0,0x0018
5504,2026-08-15T10:13:52.445810000-0500,27.578851000,192.168.0.178,192.168.0.148,25565,53414,3127771,17020,0,0,0x0010
5505,2026-08-15T10:13:52.478302000-0500,27.611343000,192.168.0.178,192.168.0.148,25565,53414,3127771,17020,379,0,0x0018
5506,2026-08-15T10:13:52.493833000-0500,27.626874000,192.168.0.148,192.168.0.178,53414,25565,17020,3128150,36,0,0x0018
5507,2026-08-15T10:13:52.494944000-0500,27.627985000,192.168.0.148,192.168.0.178,53414,25565,17056,3128150,3,0,0x0018
5508,2026-08-15T10:13:52.495630000-0500,27.628671000,192.168.0.178,192.168.0.148,25565,53414,3128150,17059,0,0,0x0010
5509,2026-08-15T10:13:52.532207000-0500,27.665248000,192.168.0.178,192.168.0.148,25565,53414,3128150,17059,476,0,0x0018
5510,2026-08-15T10:13:52.542213000-0500,27.675254000,192.168.0.148,192.168.0.178,53414,25565,17059,3128626,36,0,0x0018
5511,2026-08-15T10:13:52.542886000-0500,27.675927000,192.168.0.148,192.168.0.178,53414,25565,17095,3128626,3,0,0x0018
5512,2026-08-15T10:13:52.544984000-0500,27.678025000,192.168.0.178,192.168.0.148,25565,53414,3128626,17098,0,0,0x0010
5513,2026-08-15T10:13:52.578065000-0500,27.711106000,192.168.0.178,192.168.0.148,25565,53414,3128626,17098,1460,0,0x0010
5514,2026-08-15T10:13:52.578065000-0500,27.711106000,192.168.0.178,192.168.0.148,25565,53414,3130086,17098,1460,0,0x0010
5515,2026-08-15T10:13:52.578109000-0500,27.711150000,192.168.0.148,192.168.0.178,53414,25565,17098,3131546,0,0,0x0010
5516,2026-08-15T10:13:52.578304000-0500,27.711345000,192.168.0.178,192.168.0.148,25565,53414,3131546,17098,1460,0,0x0010
5517,2026-08-15T10:13:52.578304000-0500,27.711345000,192.168.0.178,192.168.0.148,25565,53414,3133006,17098,1460,0,0x0010
5518,2026-08-15T10:13:52.578324000-0500,27.711365000,192.168.0.148,192.168.0.178,53414,25565,17098,3134466,0,0,0x0010
5519,2026-08-15T10:13:52.578535000-0500,27.711576000,192.168.0.178,192.168.0.148,25565,53414,3134466,17098,1460,0,0x0010
5520,2026-08-15T10:13:52.578607000-0500,27.711648000,192.168.0.178,192.168.0.148,25565,53414,3135926,17098,1460,0,0x0010
5521,2026-08-15T10:13:52.578628000-0500,27.711669000,192.168.0.148,192.168.0.178,53414,25565,17098,3137386,0,0,0x0010
5522,2026-08-15T10:13:52.578669000-0500,27.711710000,192.168.0.178,192.168.0.148,25565,53414,3137386,17098,1460,0,0x0010
5523,2026-08-15T10:13:52.578951000-0500,27.711992000,192.168.0.178,192.168.0.148,25565,53414,3138846,17098,1460,0,0x0010
5524,2026-08-15T10:13:52.578951000-0500,27.711992000,192.168.0.178,192.168.0.148,25565,53414,3140306,17098,1460,0,0x0018
5525,2026-08-15T10:13:52.578966000-0500,27.712007000,192.168.0.148,192.168.0.178,53414,25565,17098,3141766,0,0,0x0010
5526,2026-08-15T10:13:52.579202000-0500,27.712243000,192.168.0.178,192.168.0.148,25565,53414,3141766,17098,1460,0,0x0010
5527,2026-08-15T10:13:52.579202000-0500,27.712243000,192.168.0.178,192.168.0.148,25565,53414,3143226,17098,191,0,0x0018
5528,2026-08-15T10:13:52.579225000-0500,27.712266000,192.168.0.148,192.168.0.178,53414,25565,17098,3143417,0,0,0x0010
5529,2026-08-15T10:13:52.593062000-0500,27.726103000,192.168.0.148,192.168.0.178,53414,25565,17098,3143417,4,0,0x0018
5530,2026-08-15T10:13:52.593080000-0500,27.726121000,192.168.0.148,192.168.0.178,53414,25565,17102,3143417,36,0,0x0018
5531,2026-08-15T10:13:52.593765000-0500,27.726806000,192.168.0.148,192.168.0.178,53414,25565,17138,3143417,3,0,0x0018
5532,2026-08-15T10:13:52.593808000-0500,27.726849000,192.168.0.178,192.168.0.148,25565,53414,3143417,17138,0,0,0x0010
5533,2026-08-15T10:13:52.629390000-0500,27.762431000,192.168.0.178,192.168.0.148,25565,53414,3143417,17141,1460,0,0x0010
5534,2026-08-15T10:13:52.629390000-0500,27.762431000,192.168.0.178,192.168.0.148,25565,53414,3144877,17141,1460,0,0x0010
5535,2026-08-15T10:13:52.629390000-0500,27.762431000,192.168.0.178,192.168.0.148,25565,53414,3146337,17141,1460,0,0x0010
5536,2026-08-15T10:13:52.629448000-0500,27.762489000,192.168.0.148,192.168.0.178,53414,25565,17141,3147797,0,0,0x0010
5537,2026-08-15T10:13:52.629504000-0500,27.762545000,192.168.0.178,192.168.0.148,25565,53414,3147797,17141,1460,0,0x0010
5538,2026-08-15T10:13:52.629509000-0500,27.762550000,192.168.0.148,192.168.0.178,53414,25565,17141,3149257,0,0,0x0010
5539,2026-08-15T10:13:52.629747000-0500,27.762788000,192.168.0.178,192.168.0.148,25565,53414,3149257,17141,1460,0,0x0010
5540,2026-08-15T10:13:52.629747000-0500,27.762788000,192.168.0.178,192.168.0.148,25565,53414,3150717,17141,1460,0,0x0010
5541,2026-08-15T10:13:52.629766000-0500,27.762807000,192.168.0.148,192.168.0.178,53414,25565,17141,3152177,0,0,0x0010
5542,2026-08-15T10:13:52.629972000-0500,27.763013000,192.168.0.178,192.168.0.148,25565,53414,3152177,17141,1460,0,0x0010
5543,2026-08-15T10:13:52.630021000-0500,27.763062000,192.168.0.178,192.168.0.148,25565,53414,3153637,17141,1460,0,0x0010
5544,2026-08-15T10:13:52.630028000-0500,27.763069000,192.168.0.148,192.168.0.178,53414,25565,17141,3155097,0,0,0x0010
5545,2026-08-15T10:13:52.630037000-0500,27.763078000,192.168.0.178,192.168.0.148,25565,53414,3155097,17141,551,0,0x0018
5546,2026-08-15T10:13:52.642487000-0500,27.775528000,192.168.0.148,192.168.0.178,53414,25565,17141,3155648,36,0,0x0018
5547,2026-08-15T10:13:52.643167000-0500,27.776208000,192.168.0.148,192.168.0.178,53414,25565,17177,3155648,3,0,0x0018
5548,2026-08-15T10:13:52.643807000-0500,27.776848000,192.168.0.178,192.168.0.148,25565,53414,3155648,17180,0,0,0x0010
5549,2026-08-15T10:13:52.681453000-0500,27.814494000,192.168.0.178,192.168.0.148,25565,53414,3155648,17180,1460,0,0x0010
5550,2026-08-15T10:13:52.681453000-0500,27.814494000,192.168.0.178,192.168.0.148,25565,53414,3157108,17180,1460,0,0x0010
5551,2026-08-15T10:13:52.681518000-0500,27.814559000,192.168.0.148,192.168.0.178,53414,25565,17180,3158568,0,0,0x0010
5552,2026-08-15T10:13:52.681565000-0500,27.814606000,192.168.0.178,192.168.0.148,25565,53414,3158568,17180,1460,0,0x0010
5553,2026-08-15T10:13:52.681788000-0500,27.814829000,192.168.0.178,192.168.0.148,25565,53414,3160028,17180,1460,0,0x0010
5554,2026-08-15T10:13:52.681788000-0500,27.814829000,192.168.0.178,192.168.0.148,25565,53414,3161488,17180,1460,0,0x0010
5555,2026-08-15T10:13:52.681821000-0500,27.814862000,192.168.0.148,192.168.0.178,53414,25565,17180,3162948,0,0,0x0010
5556,2026-08-15T10:13:52.682030000-0500,27.815071000,192.168.0.178,192.168.0.148,25565,53414,3162948,17180,1460,0,0x0010
5557,2026-08-15T10:13:52.682030000-0500,27.815071000,192.168.0.178,192.168.0.148,25565,53414,3164408,17180,1460,0,0x0010
5558,2026-08-15T10:13:52.682061000-0500,27.815102000,192.168.0.148,192.168.0.178,53414,25565,17180,3165868,0,0,0x0010
5559,2026-08-15T10:13:52.682279000-0500,27.815320000,192.168.0.178,192.168.0.148,25565,53414,3165868,17180,1460,0,0x0010
5560,2026-08-15T10:13:52.682279000-0500,27.815320000,192.168.0.178,192.168.0.148,25565,53414,3167328,17180,1460,0,0x0018
5561,2026-08-15T10:13:52.682309000-0500,27.815350000,192.168.0.148,192.168.0.178,53414,25565,17180,3168788,0,0,0x0010
5562,2026-08-15T10:13:52.682525000-0500,27.815566000,192.168.0.178,192.168.0.148,25565,53414,3168788,17180,1460,0,0x0010
5563,2026-08-15T10:13:52.682525000-0500,27.815566000,192.168.0.178,192.168.0.148,25565,53414,3170248,17180,1460,0,0x0010
5564,2026-08-15T10:13:52.682556000-0500,27.815597000,192.168.0.148,192.168.0.178,53414,25565,17180,3171708,0,0,0x0010
5565,2026-08-15T10:13:52.682789000-0500,27.815830000,192.168.0.178,192.168.0.148,25565,53414,3171708,17180,1460,0,0x0010
5566,2026-08-15T10:13:52.682789000-0500,27.815830000,192.168.0.178,192.168.0.148,25565,53414,3173168,17180,1460,0,0x0010
5567,2026-08-15T10:13:52.682825000-0500,27.815866000,192.168.0.148,192.168.0.178,53414,25565,17180,3174628,0,0,0x0010
5568,2026-08-15T10:13:52.682884000-0500,27.815925000,192.168.0.178,192.168.0.148,25565,53414,3174628,17180,1460,0,0x0010
5569,2026-08-15T10:13:52.682890000-0500,27.815931000,192.168.0.148,192.168.0.178,53414,25565,17180,3176088,0,0,0x0010
5570,2026-08-15T10:13:52.683115000-0500,27.816156000,192.168.0.178,192.168.0.148,25565,53414,3176088,17180,1460,0,0x0010
5571,2026-08-15T10:13:52.683115000-0500,27.816156000,192.168.0.178,192.168.0.148,25565,53414,3177548,17180,1099,0,0x0018
5572,2026-08-15T10:13:52.683147000-0500,27.816188000,192.168.0.148,192.168.0.178,53414,25565,17180,3178647,0,0,0x0010
5573,2026-08-15T10:13:52.692671000-0500,27.825712000,192.168.0.148,192.168.0.178,53414,25565,17180,3178647,36,0,0x0018
5574,2026-08-15T10:13:52.693288000-0500,27.826329000,192.168.0.148,192.168.0.178,53414,25565,17216,3178647,3,0,0x0018
5575,2026-08-15T10:13:52.693993000-0500,27.827034000,192.168.0.178,192.168.0.148,25565,53414,3178647,17219,0,0,0x0010
5576,2026-08-15T10:13:52.730359000-0500,27.863400000,192.168.0.178,192.168.0.148,25565,53414,3178647,17219,1460,0,0x0010
5577,2026-08-15T10:13:52.730359000-0500,27.863400000,192.168.0.178,192.168.0.148,25565,53414,3180107,17219,1460,0,0x0010
5578,2026-08-15T10:13:52.730432000-0500,27.863473000,192.168.0.148,192.168.0.178,53414,25565,17219,3181567,0,0,0x0010
5579,2026-08-15T10:13:52.730507000-0500,27.863548000,192.168.0.178,192.168.0.148,25565,53414,3181567,17219,1460,0,0x0010
5580,2026-08-15T10:13:52.730737000-0500,27.863778000,192.168.0.178,192.168.0.148,25565,53414,3183027,17219,1460,0,0x0010
5581,2026-08-15T10:13:52.730737000-0500,27.863778000,192.168.0.178,192.168.0.148,25565,53414,3184487,17219,1460,0,0x0010
5582,2026-08-15T10:13:52.730779000-0500,27.863820000,192.168.0.148,192.168.0.178,53414,25565,17219,3185947,0,0,0x0010
5583,2026-08-15T10:13:52.730991000-0500,27.864032000,192.168.0.178,192.168.0.148,25565,53414,3185947,17219,1460,0,0x0010
5584,2026-08-15T10:13:52.730991000-0500,27.864032000,192.168.0.178,192.168.0.148,25565,53414,3187407,17219,1460,0,0x0010
5585,2026-08-15T10:13:52.731033000-0500,27.864074000,192.168.0.148,192.168.0.178,53414,25565,17219,3188867,0,0,0x0010
5586,2026-08-15T10:13:52.731140000-0500,27.864181000,192.168.0.178,192.168.0.148,25565,53414,3188867,17219,1460,0,0x0010
5587,2026-08-15T10:13:52.731160000-0500,27.864201000,192.168.0.148,192.168.0.178,53414,25565,17219,3190327,0,0,0x0010
5588,2026-08-15T10:13:52.731221000-0500,27.864262000,192.168.0.178,192.168.0.148,25565,53414,3190327,17219,1460,0,0x0018
5589,2026-08-15T10:13:52.731438000-0500,27.864479000,192.168.0.178,192.168.0.148,25565,53414,3191787,17219,1460,0,0x0010
5590,2026-08-15T10:13:52.731465000-0500,27.864506000,192.168.0.148,192.168.0.178,53414,25565,17219,3193247,0,0,0x0010
5591,2026-08-15T10:13:52.731499000-0500,27.864540000,192.168.0.178,192.168.0.148,25565,53414,3193247,17219,1460,0,0x0010
5592,2026-08-15T10:13:52.731747000-0500,27.864788000,192.168.0.178,192.168.0.148,25565,53414,3194707,17219,1460,0,0x0010
5593,2026-08-15T10:13:52.731747000-0500,27.864788000,192.168.0.178,192.168.0.148,25565,53414,3196167,17219,477,0,0x0018
5594,2026-08-15T10:13:52.731776000-0500,27.864817000,192.168.0.148,192.168.0.178,53414,25565,17219,3196644,0,0,0x0010
5595,2026-08-15T10:13:52.743387000-0500,27.876428000,192.168.0.148,192.168.0.178,53414,25565,17219,3196644,36,0,0x0018
5596,2026-08-15T10:13:52.744470000-0500,27.877511000,192.168.0.148,192.168.0.178,53414,25565,17255,3196644,3,0,0x0018
5597,2026-08-15T10:13:52.745166000-0500,27.878207000,192.168.0.178,192.168.0.148,25565,53414,3196644,17258,0,0,0x0010
5598,2026-08-15T10:13:52.782977000-0500,27.916018000,192.168.0.178,192.168.0.148,25565,53414,3196644,17258,1460,0,0x0010
5599,2026-08-15T10:13:52.782977000-0500,27.916018000,192.168.0.178,192.168.0.148,25565,53414,3198104,17258,1460,0,0x0010
5600,2026-08-15T10:13:52.783029000-0500,27.916070000,192.168.0.148,192.168.0.178,53414,25565,17258,3199564,0,0,0x0010
5601,2026-08-15T10:13:52.783078000-0500,27.916119000,192.168.0.178,192.168.0.148,25565,53414,3199564,17258,1460,0,0x0010
5602,2026-08-15T10:13:52.783296000-0500,27.916337000,192.168.0.178,192.168.0.148,25565,53414,3201024,17258,1460,0,0x0010
5603,2026-08-15T10:13:52.783328000-0500,27.916369000,192.168.0.148,192.168.0.178,53414,25565,17258,3202484,0,0,0x0010
5604,2026-08-15T10:13:52.783381000-0500,27.916422000,192.168.0.178,192.168.0.148,25565,53414,3202484,17258,1460,0,0x0010
5605,2026-08-15T10:13:52.783464000-0500,27.916505000,192.168.0.178,192.168.0.148,25565,53414,3203944,17258,1460,0,0x0010
5606,2026-08-15T10:13:52.783477000-0500,27.916518000,192.168.0.148,192.168.0.178,53414,25565,17258,3205404,0,0,0x0010
5607,2026-08-15T10:13:52.783594000-0500,27.916635000,192.168.0.178,192.168.0.148,25565,53414,3205404,17258,1460,0,0x0010
5608,2026-08-15T10:13:52.783667000-0500,27.916708000,192.168.0.178,192.168.0.148,25565,53414,3206864,17258,1460,0,0x0010
5609,2026-08-15T10:13:52.783678000-0500,27.916719000,192.168.0.148,192.168.0.178,53414,25565,17258,3208324,0,0,0x0010
5610,2026-08-15T10:13:52.783908000-0500,27.916949000,192.168.0.178,192.168.0.148,25565,53414,3208324,17258,1460,0,0x0018
5611,2026-08-15T10:13:52.783989000-0500,27.917030000,192.168.0.178,192.168.0.148,25565,53414,3209784,17258,1460,0,0x0010
5612,2026-08-15T10:13:52.784002000-0500,27.917043000,192.168.0.148,192.168.0.178,53414,25565,17258,3211244,0,0,0x0010
5613,2026-08-15T10:13:52.784051000-0500,27.917092000,192.168.0.178,192.168.0.148,25565,53414,3211244,17258,1460,0,0x0010
5614,2026-08-15T10:13:52.784203000-0500,27.917244000,192.168.0.178,192.168.0.148,25565,53414,3212704,17258,1460,0,0x0010
5615,2026-08-15T10:13:52.784235000-0500,27.917276000,192.168.0.148,192.168.0.178,53414,25565,17258,3214164,0,0,0x0010
5616,2026-08-15T10:13:52.784293000-0500,27.917334000,192.168.0.178,192.168.0.148,25565,53414,3214164,17258,1460,0,0x0010
5617,2026-08-15T10:13:52.784357000-0500,27.917398000,192.168.0.178,192.168.0.148,25565,53414,3215624,17258,621,0,0x0018
5618,2026-08-15T10:13:52.784371000-0500,27.917412000,192.168.0.148,192.168.0.178,53414,25565,17258,3216245,0,0,0x0010
5619,2026-08-15T10:13:52.794021000-0500,27.927062000,192.168.0.148,192.168.0.178,53414,25565,17258,3216245,36,0,0x0018
5620,2026-08-15T10:13:52.795150000-0500,27.928191000,192.168.0.148,192.168.0.178,53414,25565,17294,3216245,3,0,0x0018
5621,2026-08-15T10:13:52.795888000-0500,27.928929000,192.168.0.178,192.168.0.148,25565,53414,3216245,17297,0,0,0x0010
5622,2026-08-15T10:13:52.829457000-0500,27.962498000,192.168.0.178,192.168.0.148,25565,53414,3216245,17297,1460,0,0x0010
5623,2026-08-15T10:13:52.829457000-0500,27.962498000,192.168.0.178,192.168.0.148,25565,53414,3217705,17297,1460,0,0x0010
5624,2026-08-15T10:13:52.829517000-0500,27.962558000,192.168.0.148,192.168.0.178,53414,25565,17297,3219165,0,0,0x0010
5625,2026-08-15T10:13:52.829553000-0500,27.962594000,192.168.0.178,192.168.0.148,25565,53414,3219165,17297,1460,0,0x0010
5626,2026-08-15T10:13:52.829771000-0500,27.962812000,192.168.0.178,192.168.0.148,25565,53414,3220625,17297,1460,0,0x0010
5627,2026-08-15T10:13:52.829771000-0500,27.962812000,192.168.0.178,192.168.0.148,25565,53414,3222085,17297,1381,0,0x0018
5628,2026-08-15T10:13:52.829810000-0500,27.962851000,192.168.0.148,192.168.0.178,53414,25565,17297,3223466,0,0,0x0010
5629,2026-08-15T10:13:52.842421000-0500,27.975462000,192.168.0.148,192.168.0.178,53414,25565,17297,3223466,36,0,0x0018
5630,2026-08-15T10:13:52.843171000-0500,27.976212000,192.168.0.148,192.168.0.178,53414,25565,17333,3223466,3,0,0x0018
5631,2026-08-15T10:13:52.843834000-0500,27.976875000,192.168.0.178,192.168.0.148,25565,53414,3223466,17336,0,0,0x0010
5632,2026-08-15T10:13:52.880038000-0500,28.013079000,192.168.0.178,192.168.0.148,25565,53414,3223466,17336,1286,0,0x0018
5633,2026-08-15T10:13:52.880275000-0500,28.013316000,192.168.0.148,192.168.0.178,53414,25565,17336,3224752,11,0,0x0018
5634,2026-08-15T10:13:52.893486000-0500,28.026527000,192.168.0.148,192.168.0.178,53414,25565,17347,3224752,36,0,0x0018
5635,2026-08-15T10:13:52.894330000-0500,28.027371000,192.168.0.178,192.168.0.148,25565,53414,3224752,17383,0,0,0x0010
5636,2026-08-15T10:13:52.894492000-0500,28.027533000,192.168.0.148,192.168.0.178,53414,25565,17383,3224752,3,0,0x0018
5637,2026-08-15T10:13:52.930480000-0500,28.063521000,192.168.0.178,192.168.0.148,25565,53414,3224752,17386,1225,0,0x0018
5638,2026-08-15T10:13:52.942861000-0500,28.075902000,192.168.0.148,192.168.0.178,53414,25565,17386,3225977,36,0,0x0018
5639,2026-08-15T10:13:52.943862000-0500,28.076903000,192.168.0.148,192.168.0.178,53414,25565,17422,3225977,3,0,0x0018
5640,2026-08-15T10:13:52.944638000-0500,28.077679000,192.168.0.178,192.168.0.148,25565,53414,3225977,17425,0,0,0x0010
5641,2026-08-15T10:13:52.983364000-0500,28.116405000,192.168.0.178,192.168.0.148,25565,53414,3225977,17425,789,0,0x0018
5642,2026-08-15T10:13:52.992315000-0500,28.125356000,192.168.0.148,192.168.0.178,53414,25565,17425,3226766,36,0,0x0018
5643,2026-08-15T10:13:52.993160000-0500,28.126201000,192.168.0.148,192.168.0.178,53414,25565,17461,3226766,3,0,0x0018
5644,2026-08-15T10:13:52.993814000-0500,28.126855000,192.168.0.178,192.168.0.148,25565,53414,3226766,17464,0,0,0x0010
5645,2026-08-15T10:13:53.031714000-0500,28.164755000,192.168.0.178,192.168.0.148,25565,53414,3226766,17464,217,0,0x0018
5646,2026-08-15T10:13:53.042225000-0500,28.175266000,192.168.0.148,192.168.0.178,53414,25565,17464,3226983,4,0,0x0018
5647,2026-08-15T10:13:53.042247000-0500,28.175288000,192.168.0.148,192.168.0.178,53414,25565,17468,3226983,36,0,0x0018
5648,2026-08-15T10:13:53.042944000-0500,28.175985000,192.168.0.148,192.168.0.178,53414,25565,17504,3226983,3,0,0x0018
5649,2026-08-15T10:13:53.043154000-0500,28.176195000,192.168.0.178,192.168.0.148,25565,53414,3226983,17504,0,0,0x0010
5650,2026-08-15T10:13:53.081082000-0500,28.214123000,192.168.0.178,192.168.0.148,25565,53414,3226983,17507,466,0,0x0018
5651,2026-08-15T10:13:53.092481000-0500,28.225522000,192.168.0.148,192.168.0.178,53414,25565,17507,3227449,36,0,0x0018
5652,2026-08-15T10:13:53.093134000-0500,28.226175000,192.168.0.148,192.168.0.178,53414,25565,17543,3227449,3,0,0x0018
5653,2026-08-15T10:13:53.093767000-0500,28.226808000,192.168.0.178,192.168.0.148,25565,53414,3227449,17546,0,0,0x0010
5654,2026-08-15T10:13:53.130600000-0500,28.263641000,192.168.0.178,192.168.0.148,25565,53414,3227449,17546,1460,0,0x0010
5655,2026-08-15T10:13:53.130600000-0500,28.263641000,192.168.0.178,192.168.0.148,25565,53414,3228909,17546,533,0,0x0018
5656,2026-08-15T10:13:53.130651000-0500,28.263692000,192.168.0.148,192.168.0.178,53414,25565,17546,3229442,0,0,0x0010
5657,2026-08-15T10:13:53.142581000-0500,28.275622000,192.168.0.148,192.168.0.178,53414,25565,17546,3229442,36,0,0x0018
5658,2026-08-15T10:13:53.143436000-0500,28.276477000,192.168.0.148,192.168.0.178,53414,25565,17582,3229442,3,0,0x0018
5659,2026-08-15T10:13:53.144174000-0500,28.277215000,192.168.0.178,192.168.0.148,25565,53414,3229442,17585,0,0,0x0010
5660,2026-08-15T10:13:53.182505000-0500,28.315546000,192.168.0.178,192.168.0.148,25565,53414,3229442,17585,1171,0,0x0018
5661,2026-08-15T10:13:53.193210000-0500,28.326251000,192.168.0.148,192.168.0.178,53414,25565,17585,3230613,36,0,0x0018
5662,2026-08-15T10:13:53.194240000-0500,28.327281000,192.168.0.148,192.168.0.178,53414,25565,17621,3230613,3,0,0x0018
5663,2026-08-15T10:13:53.195022000-0500,28.328063000,192.168.0.178,192.168.0.148,25565,53414,3230613,17624,0,0,0x0010
5664,2026-08-15T10:13:53.231495000-0500,28.364536000,192.168.0.178,192.168.0.148,25565,53414,3230613,17624,464,0,0x0018
5665,2026-08-15T10:13:53.243222000-0500,28.376263000,192.168.0.148,192.168.0.178,53414,25565,17624,3231077,4,0,0x0018
5666,2026-08-15T10:13:53.243252000-0500,28.376293000,192.168.0.148,192.168.0.178,53414,25565,17628,3231077,36,0,0x0018
5667,2026-08-15T10:13:53.243957000-0500,28.376998000,192.168.0.178,192.168.0.148,25565,53414,3231077,17664,0,0,0x0010
5668,2026-08-15T10:13:53.244261000-0500,28.377302000,192.168.0.148,192.168.0.178,53414,25565,17664,3231077,3,0,0x0018
5669,2026-08-15T10:13:53.278291000-0500,28.411332000,192.168.0.178,192.168.0.148,25565,53414,3231077,17667,419,0,0x0018
5670,2026-08-15T10:13:53.293590000-0500,28.426631000,192.168.0.148,192.168.0.178,53414,25565,17667,3231496,4,0,0x0018
5671,2026-08-15T10:13:53.293622000-0500,28.426663000,192.168.0.148,192.168.0.178,53414,25565,17671,3231496,28,0,0x0018
5672,2026-08-15T10:13:53.294536000-0500,28.427577000,192.168.0.178,192.168.0.148,25565,53414,3231496,17699,0,0,0x0010
5673,2026-08-15T10:13:53.294991000-0500,28.428032000,192.168.0.148,192.168.0.178,53414,25565,17699,3231496,3,0,0x0018
5674,2026-08-15T10:13:53.330710000-0500,28.463751000,192.168.0.178,192.168.0.148,25565,53414,3231496,17702,213,0,0x0018
5675,2026-08-15T10:13:53.343594000-0500,28.476635000,192.168.0.148,192.168.0.178,53414,25565,17702,3231709,28,0,0x0018
5676,2026-08-15T10:13:53.345071000-0500,28.478112000,192.168.0.148,192.168.0.178,53414,25565,17730,3231709,3,0,0x0018
5677,2026-08-15T10:13:53.345859000-0500,28.478900000,192.168.0.178,192.168.0.148,25565,53414,3231709,17733,0,0,0x0010
5678,2026-08-15T10:13:53.382129000-0500,28.515170000,192.168.0.178,192.168.0.148,25565,53414,3231709,17733,832,0,0x0018
5679,2026-08-15T10:13:53.392662000-0500,28.525703000,192.168.0.148,192.168.0.178,53414,25565,17733,3232541,28,0,0x0018
5680,2026-08-15T10:13:53.393556000-0500,28.526597000,192.168.0.148,192.168.0.178,53414,25565,17761,3232541,3,0,0x0018
5681,2026-08-15T10:13:53.394349000-0500,28.527390000,192.168.0.178,192.168.0.148,25565,53414,3232541,17764,0,0,0x0010
5682,2026-08-15T10:13:53.433961000-0500,28.567002000,192.168.0.178,192.168.0.148,25565,53414,3232541,17764,1460,0,0x0010
5683,2026-08-15T10:13:53.433961000-0500,28.567002000,192.168.0.178,192.168.0.148,25565,53414,3234001,17764,29,0,0x0018
5684,2026-08-15T10:13:53.434021000-0500,28.567062000,192.168.0.148,192.168.0.178,53414,25565,17764,3234030,0,0,0x0010
5685,2026-08-15T10:13:53.443394000-0500,28.576435000,192.168.0.148,192.168.0.178,53414,25565,17764,3234030,36,0,0x0018
5686,2026-08-15T10:13:53.444541000-0500,28.577582000,192.168.0.148,192.168.0.178,53414,25565,17800,3234030,3,0,0x0018
5687,2026-08-15T10:13:53.445480000-0500,28.578521000,192.168.0.178,192.168.0.148,25565,53414,3234030,17803,0,0,0x0010
5688,2026-08-15T10:13:53.479125000-0500,28.612166000,192.168.0.178,192.168.0.148,25565,53414,3234030,17803,166,0,0x0018
5689,2026-08-15T10:13:53.492285000-0500,28.625326000,192.168.0.148,192.168.0.178,53414,25565,17803,3234196,28,0,0x0018
5690,2026-08-15T10:13:53.493143000-0500,28.626184000,192.168.0.148,192.168.0.178,53414,25565,17831,3234196,3,0,0x0018
5691,2026-08-15T10:13:53.493945000-0500,28.626986000,192.168.0.178,192.168.0.148,25565,53414,3234196,17834,0,0,0x0010
5692,2026-08-15T10:13:53.528836000-0500,28.661877000,192.168.0.178,192.168.0.148,25565,53414,3234196,17834,223,0,0x0018
5693,2026-08-15T10:13:53.543177000-0500,28.676218000,192.168.0.148,192.168.0.178,53414,25565,17834,3234419,36,0,0x0018
5694,2026-08-15T10:13:53.544416000-0500,28.677457000,192.168.0.148,192.168.0.178,53414,25565,17870,3234419,3,0,0x0018
5695,2026-08-15T10:13:53.545236000-0500,28.678277000,192.168.0.178,192.168.0.148,25565,53414,3234419,17873,0,0,0x0010
5696,2026-08-15T10:13:53.578341000-0500,28.711382000,192.168.0.178,192.168.0.148,25565,53414,3234419,17873,447,0,0x0018
5697,2026-08-15T10:13:53.594294000-0500,28.727335000,192.168.0.148,192.168.0.178,53414,25565,17873,3234866,36,0,0x0018
5698,2026-08-15T10:13:53.595536000-0500,28.728577000,192.168.0.148,192.168.0.178,53414,25565,17909,3234866,3,0,0x0018
5699,2026-08-15T10:13:53.596335000-0500,28.729376000,192.168.0.178,192.168.0.148,25565,53414,3234866,17912,0,0,0x0010
5700,2026-08-15T10:13:53.631391000-0500,28.764432000,192.168.0.178,192.168.0.148,25565,53414,3234866,17912,661,0,0x0018
5701,2026-08-15T10:13:53.642551000-0500,28.775592000,192.168.0.148,192.168.0.178,53414,25565,17912,3235527,36,0,0x0018
5702,2026-08-15T10:13:53.643172000-0500,28.776213000,192.168.0.148,192.168.0.178,53414,25565,17948,3235527,3,0,0x0018
5703,2026-08-15T10:13:53.643819000-0500,28.776860000,192.168.0.178,192.168.0.148,25565,53414,3235527,17951,0,0,0x0010
5704,2026-08-15T10:13:53.678773000-0500,28.811814000,192.168.0.178,192.168.0.148,25565,53414,3235527,17951,1460,0,0x0010
5705,2026-08-15T10:13:53.678773000-0500,28.811814000,192.168.0.178,192.168.0.148,25565,53414,3236987,17951,138,0,0x0018
5706,2026-08-15T10:13:53.678827000-0500,28.811868000,192.168.0.148,192.168.0.178,53414,25565,17951,3237125,0,0,0x0010
5707,2026-08-15T10:13:53.693454000-0500,28.826495000,192.168.0.148,192.168.0.178,53414,25565,17951,3237125,36,0,0x0018
5708,2026-08-15T10:13:53.694636000-0500,28.827677000,192.168.0.148,192.168.0.178,53414,25565,17987,3237125,3,0,0x0018
5709,2026-08-15T10:13:53.695285000-0500,28.828326000,192.168.0.178,192.168.0.148,25565,53414,3237125,17990,0,0,0x0010
5710,2026-08-15T10:13:53.728950000-0500,28.861991000,192.168.0.178,192.168.0.148,25565,53414,3237125,17990,462,0,0x0018
5711,2026-08-15T10:13:53.742861000-0500,28.875902000,192.168.0.148,192.168.0.178,53414,25565,17990,3237587,36,0,0x0018
5712,2026-08-15T10:13:53.743483000-0500,28.876524000,192.168.0.148,192.168.0.178,53414,25565,18026,3237587,3,0,0x0018
5713,2026-08-15T10:13:53.744091000-0500,28.877132000,192.168.0.178,192.168.0.148,25565,53414,3237587,18029,0,0,0x0010
5714,2026-08-15T10:13:53.778863000-0500,28.911904000,192.168.0.178,192.168.0.148,25565,53414,3237587,18029,146,0,0x0018
5715,2026-08-15T10:13:53.793599000-0500,28.926640000,192.168.0.148,192.168.0.178,53414,25565,18029,3237733,36,0,0x0018
5716,2026-08-15T10:13:53.795056000-0500,28.928097000,192.168.0.148,192.168.0.178,53414,25565,18065,3237733,3,0,0x0018
5717,2026-08-15T10:13:53.795865000-0500,28.928906000,192.168.0.178,192.168.0.148,25565,53414,3237733,18068,0,0,0x0010
5718,2026-08-15T10:13:53.829367000-0500,28.962408000,192.168.0.178,192.168.0.148,25565,53414,3237733,18068,199,0,0x0018
5719,2026-08-15T10:13:53.843522000-0500,28.976563000,192.168.0.148,192.168.0.178,53414,25565,18068,3237932,36,0,0x0018
5720,2026-08-15T10:13:53.844528000-0500,28.977569000,192.168.0.178,192.168.0.148,25565,53414,3237932,18104,46,0,0x0018
5721,2026-08-15T10:13:53.844878000-0500,28.977919000,192.168.0.148,192.168.0.178,53414,25565,18104,3237978,3,0,0x0018
5722,2026-08-15T10:13:53.882477000-0500,29.015518000,192.168.0.178,192.168.0.148,25565,53414,3237978,18107,1017,0,0x0018
5723,2026-08-15T10:13:53.882707000-0500,29.015748000,192.168.0.148,192.168.0.178,53414,25565,18107,3238995,11,0,0x0018
5724,2026-08-15T10:13:53.892604000-0500,29.025645000,192.168.0.148,192.168.0.178,53414,25565,18118,3238995,36,0,0x0018
5725,2026-08-15T10:13:53.893248000-0500,29.026289000,192.168.0.148,192.168.0.178,53414,25565,18154,3238995,3,0,0x0018
5726,2026-08-15T10:13:53.893380000-0500,29.026421000,192.168.0.178,192.168.0.148,25565,53414,3238995,18154,0,0,0x0010
5727,2026-08-15T10:13:53.931397000-0500,29.064438000,192.168.0.178,192.168.0.148,25565,53414,3238995,18157,1106,0,0x0018
5728,2026-08-15T10:13:53.942763000-0500,29.075804000,192.168.0.148,192.168.0.178,53414,25565,18157,3240101,36,0,0x0018
5729,2026-08-15T10:13:53.943497000-0500,29.076538000,192.168.0.148,192.168.0.178,53414,25565,18193,3240101,3,0,0x0018
5730,2026-08-15T10:13:53.944212000-0500,29.077253000,192.168.0.178,192.168.0.148,25565,53414,3240101,18196,0,0,0x0010
5731,2026-08-15T10:13:53.979371000-0500,29.112412000,192.168.0.178,192.168.0.148,25565,53414,3240101,18196,245,0,0x0018
5732,2026-08-15T10:13:53.993130000-0500,29.126171000,192.168.0.148,192.168.0.178,53414,25565,18196,3240346,36,0,0x0018
5733,2026-08-15T10:13:53.994097000-0500,29.127138000,192.168.0.148,192.168.0.178,53414,25565,18232,3240346,3,0,0x0018
5734,2026-08-15T10:13:53.994754000-0500,29.127795000,192.168.0.178,192.168.0.148,25565,53414,3240346,18235,0,0,0x0010
5735,2026-08-15T10:13:54.029141000-0500,29.162182000,192.168.0.178,192.168.0.148,25565,53414,3240346,18235,492,0,0x0018
5736,2026-08-15T10:13:54.042894000-0500,29.175935000,192.168.0.148,192.168.0.178,53414,25565,18235,3240838,36,0,0x0018
5737,2026-08-15T10:13:54.043940000-0500,29.176981000,192.168.0.148,192.168.0.178,53414,25565,18271,3240838,3,0,0x0018
5738,2026-08-15T10:13:54.045439000-0500,29.178480000,192.168.0.178,192.168.0.148,25565,53414,3240838,18274,0,0,0x0010
5739,2026-08-15T10:13:54.081523000-0500,29.214564000,192.168.0.178,192.168.0.148,25565,53414,3240838,18274,292,0,0x0018
5740,2026-08-15T10:13:54.093003000-0500,29.226044000,192.168.0.148,192.168.0.178,53414,25565,18274,3241130,36,0,0x0018
5741,2026-08-15T10:13:54.094154000-0500,29.227195000,192.168.0.148,192.168.0.178,53414,25565,18310,3241130,3,0,0x0018
5742,2026-08-15T10:13:54.095010000-0500,29.228051000,192.168.0.178,192.168.0.148,25565,53414,3241130,18313,0,0,0x0010
5743,2026-08-15T10:13:54.130853000-0500,29.263894000,192.168.0.178,192.168.0.148,25565,53414,3241130,18313,753,0,0x0018
5744,2026-08-15T10:13:54.142720000-0500,29.275761000,192.168.0.148,192.168.0.178,53414,25565,18313,3241883,36,0,0x0018
5745,2026-08-15T10:13:54.143364000-0500,29.276405000,192.168.0.148,192.168.0.178,53414,25565,18349,3241883,3,0,0x0018
5746,2026-08-15T10:13:54.143961000-0500,29.277002000,192.168.0.178,192.168.0.148,25565,53414,3241883,18352,0,0,0x0010
5747,2026-08-15T10:13:54.179327000-0500,29.312368000,192.168.0.178,192.168.0.148,25565,53414,3241883,18352,1460,0,0x0010
5748,2026-08-15T10:13:54.179327000-0500,29.312368000,192.168.0.178,192.168.0.148,25565,53414,3243343,18352,450,0,0x0018
5749,2026-08-15T10:13:54.179392000-0500,29.312433000,192.168.0.148,192.168.0.178,53414,25565,18352,3243793,0,0,0x0010
5750,2026-08-15T10:13:54.193558000-0500,29.326599000,192.168.0.148,192.168.0.178,53414,25565,18352,3243793,4,0,0x0018
5751,2026-08-15T10:13:54.194719000-0500,29.327760000,192.168.0.148,192.168.0.178,53414,25565,18356,3243793,3,0,0x0018
5752,2026-08-15T10:13:54.195317000-0500,29.328358000,192.168.0.178,192.168.0.148,25565,53414,3243793,18359,0,0,0x0010
5753,2026-08-15T10:13:54.231174000-0500,29.364215000,192.168.0.178,192.168.0.148,25565,53414,3243793,18359,708,0,0x0018
5754,2026-08-15T10:13:54.244688000-0500,29.377729000,192.168.0.148,192.168.0.178,53414,25565,18359,3244501,3,0,0x0018
5755,2026-08-15T10:13:54.280292000-0500,29.413333000,192.168.0.178,192.168.0.148,25565,53414,3244501,18362,202,0,0x0018
5756,2026-08-15T10:13:54.294282000-0500,29.427323000,192.168.0.148,192.168.0.178,53414,25565,18362,3244703,12,0,0x0018
5757,2026-08-15T10:13:54.294724000-0500,29.427765000,192.168.0.148,192.168.0.178,53414,25565,18374,3244703,3,0,0x0018
5758,2026-08-15T10:13:54.295468000-0500,29.428509000,192.168.0.178,192.168.0.148,25565,53414,3244703,18377,0,0,0x0010
5759,2026-08-15T10:13:54.331413000-0500,29.464454000,192.168.0.178,192.168.0.148,25565,53414,3244703,18377,505,0,0x0018
5760,2026-08-15T10:13:54.343533000-0500,29.476574000,192.168.0.148,192.168.0.178,53414,25565,18377,3245208,12,0,0x0018
5761,2026-08-15T10:13:54.344702000-0500,29.477743000,192.168.0.148,192.168.0.178,53414,25565,18389,3245208,3,0,0x0018
5762,2026-08-15T10:13:54.345429000-0500,29.478470000,192.168.0.178,192.168.0.148,25565,53414,3245208,18392,0,0,0x0010
5763,2026-08-15T10:13:54.382245000-0500,29.515286000,192.168.0.178,192.168.0.148,25565,53414,3245208,18392,677,0,0x0018
5764,2026-08-15T10:13:54.394448000-0500,29.527489000,192.168.0.148,192.168.0.178,53414,25565,18392,3245885,3,0,0x0018
5765,2026-08-15T10:13:54.430683000-0500,29.563724000,192.168.0.178,192.168.0.148,25565,53414,3245885,18395,1184,0,0x0018
5766,2026-08-15T10:13:54.442659000-0500,29.575700000,192.168.0.148,192.168.0.178,53414,25565,18395,3247069,4,0,0x0018
5767,2026-08-15T10:13:54.442679000-0500,29.575720000,192.168.0.148,192.168.0.178,53414,25565,18399,3247069,28,0,0x0018
5768,2026-08-15T10:13:54.443417000-0500,29.576458000,192.168.0.178,192.168.0.148,25565,53414,3247069,18427,0,0,0x0010
5769,2026-08-15T10:13:54.443548000-0500,29.576589000,192.168.0.148,192.168.0.178,53414,25565,18427,3247069,3,0,0x0018
5770,2026-08-15T10:13:54.479488000-0500,29.612529000,192.168.0.178,192.168.0.148,25565,53414,3247069,18430,793,0,0x0018
5771,2026-08-15T10:13:54.493693000-0500,29.626734000,192.168.0.148,192.168.0.178,53414,25565,18430,3247862,28,0,0x0018
5772,2026-08-15T10:13:54.495031000-0500,29.628072000,192.168.0.148,192.168.0.178,53414,25565,18458,3247862,3,0,0x0018
5773,2026-08-15T10:13:54.495863000-0500,29.628904000,192.168.0.178,192.168.0.148,25565,53414,3247862,18461,0,0,0x0010
5774,2026-08-15T10:13:54.531789000-0500,29.664830000,192.168.0.178,192.168.0.148,25565,53414,3247862,18461,199,0,0x0018
5775,2026-08-15T10:13:54.542784000-0500,29.675825000,192.168.0.148,192.168.0.178,53414,25565,18461,3248061,28,0,0x0018
5776,2026-08-15T10:13:54.543679000-0500,29.676720000,192.168.0.148,192.168.0.178,53414,25565,18489,3248061,3,0,0x0018
5777,2026-08-15T10:13:54.544521000-0500,29.677562000,192.168.0.178,192.168.0.148,25565,53414,3248061,18492,0,0,0x0010
5778,2026-08-15T10:13:54.581484000-0500,29.714525000,192.168.0.178,192.168.0.148,25565,53414,3248061,18492,353,0,0x0018
5779,2026-08-15T10:13:54.593323000-0500,29.726364000,192.168.0.148,192.168.0.178,53414,25565,18492,3248414,28,0,0x0018
5780,2026-08-15T10:13:54.594238000-0500,29.727279000,192.168.0.148,192.168.0.178,53414,25565,18520,3248414,3,0,0x0018
5781,2026-08-15T10:13:54.595031000-0500,29.728072000,192.168.0.178,192.168.0.148,25565,53414,3248414,18523,0,0,0x0010
5782,2026-08-15T10:13:54.632708000-0500,29.765749000,192.168.0.178,192.168.0.148,25565,53414,3248414,18523,1460,0,0x0010
5783,2026-08-15T10:13:54.632708000-0500,29.765749000,192.168.0.178,192.168.0.148,25565,53414,3249874,18523,515,0,0x0018
5784,2026-08-15T10:13:54.632756000-0500,29.765797000,192.168.0.148,192.168.0.178,53414,25565,18523,3250389,0,0,0x0010
5785,2026-08-15T10:13:54.642912000-0500,29.775953000,192.168.0.148,192.168.0.178,53414,25565,18523,3250389,28,0,0x0018
5786,2026-08-15T10:13:54.643903000-0500,29.776944000,192.168.0.148,192.168.0.178,53414,25565,18551,3250389,3,0,0x0018
5787,2026-08-15T10:13:54.644727000-0500,29.777768000,192.168.0.178,192.168.0.148,25565,53414,3250389,18554,0,0,0x0010
5788,2026-08-15T10:13:54.681295000-0500,29.814336000,192.168.0.178,192.168.0.148,25565,53414,3250389,18554,1141,0,0x0018
5789,2026-08-15T10:13:54.693065000-0500,29.826106000,192.168.0.148,192.168.0.178,53414,25565,18554,3251530,4,0,0x0018
5790,2026-08-15T10:13:54.693089000-0500,29.826130000,192.168.0.148,192.168.0.178,53414,25565,18558,3251530,28,0,0x0018
5791,2026-08-15T10:13:54.693819000-0500,29.826860000,192.168.0.178,192.168.0.148,25565,53414,3251530,18586,0,0,0x0010
5792,2026-08-15T10:13:54.694171000-0500,29.827212000,192.168.0.148,192.168.0.178,53414,25565,18586,3251530,3,0,0x0018
5793,2026-08-15T10:13:54.728816000-0500,29.861857000,192.168.0.178,192.168.0.148,25565,53414,3251530,18589,300,0,0x0018
5794,2026-08-15T10:13:54.742867000-0500,29.875908000,192.168.0.148,192.168.0.178,53414,25565,18589,3251830,36,0,0x0018
5795,2026-08-15T10:13:54.743816000-0500,29.876857000,192.168.0.148,192.168.0.178,53414,25565,18625,3251830,3,0,0x0018
5796,2026-08-15T10:13:54.744621000-0500,29.877662000,192.168.0.178,192.168.0.148,25565,53414,3251830,18628,0,0,0x0010
5797,2026-08-15T10:13:54.784716000-0500,29.917757000,192.168.0.178,192.168.0.148,25565,53414,3251830,18628,468,0,0x0018
5798,2026-08-15T10:13:54.793869000-0500,29.926910000,192.168.0.148,192.168.0.178,53414,25565,18628,3252298,36,0,0x0018
5799,2026-08-15T10:13:54.795217000-0500,29.928258000,192.168.0.148,192.168.0.178,53414,25565,18664,3252298,3,0,0x0018
5800,2026-08-15T10:13:54.796030000-0500,29.929071000,192.168.0.178,192.168.0.148,25565,53414,3252298,18667,0,0,0x0010
5801,2026-08-15T10:13:54.828420000-0500,29.961461000,192.168.0.178,192.168.0.148,25565,53414,3252298,18667,224,0,0x0018
5802,2026-08-15T10:13:54.842626000-0500,29.975667000,192.168.0.148,192.168.0.178,53414,25565,18667,3252522,36,0,0x0018
5803,2026-08-15T10:13:54.843419000-0500,29.976460000,192.168.0.148,192.168.0.178,53414,25565,18703,3252522,3,0,0x0018
5804,2026-08-15T10:13:54.844086000-0500,29.977127000,192.168.0.178,192.168.0.148,25565,53414,3252522,18706,0,0,0x0010
5805,2026-08-15T10:13:54.878485000-0500,30.011526000,192.168.0.178,192.168.0.148,25565,53414,3252522,18706,767,0,0x0018
5806,2026-08-15T10:13:54.893614000-0500,30.026655000,192.168.0.148,192.168.0.178,53414,25565,18706,3253289,36,0,0x0018
5807,2026-08-15T10:13:54.894709000-0500,30.027750000,192.168.0.148,192.168.0.178,53414,25565,18742,3253289,3,0,0x0018
5808,2026-08-15T10:13:54.895591000-0500,30.028632000,192.168.0.178,192.168.0.148,25565,53414,3253289,18745,0,0,0x0010
5809,2026-08-15T10:13:54.930178000-0500,30.063219000,192.168.0.178,192.168.0.148,25565,53414,3253289,18745,958,0,0x0018
5810,2026-08-15T10:13:54.930372000-0500,30.063413000,192.168.0.148,192.168.0.178,53414,25565,18745,3254247,11,0,0x0018
5811,2026-08-15T10:13:54.942907000-0500,30.075948000,192.168.0.148,192.168.0.178,53414,25565,18756,3254247,28,0,0x0018
5812,2026-08-15T10:13:54.943660000-0500,30.076701000,192.168.0.178,192.168.0.148,25565,53414,3254247,18784,0,0,0x0010
5813,2026-08-15T10:13:54.943772000-0500,30.076813000,192.168.0.148,192.168.0.178,53414,25565,18784,3254247,3,0,0x0018
5814,2026-08-15T10:13:54.980401000-0500,30.113442000,192.168.0.178,192.168.0.148,25565,53414,3254247,18787,228,0,0x0018
5815,2026-08-15T10:13:54.993647000-0500,30.126688000,192.168.0.148,192.168.0.178,53414,25565,18787,3254475,36,0,0x0018
5816,2026-08-15T10:13:54.994986000-0500,30.128027000,192.168.0.148,192.168.0.178,53414,25565,18823,3254475,3,0,0x0018
5817,2026-08-15T10:13:54.995920000-0500,30.128961000,192.168.0.178,192.168.0.148,25565,53414,3254475,18826,0,0,0x0010
5818,2026-08-15T10:13:55.029244000-0500,30.162285000,192.168.0.178,192.168.0.148,25565,53414,3254475,18826,157,0,0x0018
5819,2026-08-15T10:13:55.043037000-0500,30.176078000,192.168.0.148,192.168.0.178,53414,25565,18826,3254632,4,0,0x0018
5820,2026-08-15T10:13:55.043063000-0500,30.176104000,192.168.0.148,192.168.0.178,53414,25565,18830,3254632,36,0,0x0018
5821,2026-08-15T10:13:55.043849000-0500,30.176890000,192.168.0.178,192.168.0.148,25565,53414,3254632,18866,0,0,0x0010
5822,2026-08-15T10:13:55.043998000-0500,30.177039000,192.168.0.148,192.168.0.178,53414,25565,18866,3254632,3,0,0x0018
5823,2026-08-15T10:13:55.081688000-0500,30.214729000,192.168.0.178,192.168.0.148,25565,53414,3254632,18869,528,0,0x0018
5824,2026-08-15T10:13:55.093526000-0500,30.226567000,192.168.0.148,192.168.0.178,53414,25565,18869,3255160,36,0,0x0018
5825,2026-08-15T10:13:55.094633000-0500,30.227674000,192.168.0.148,192.168.0.178,53414,25565,18905,3255160,3,0,0x0018
5826,2026-08-15T10:13:55.095357000-0500,30.228398000,192.168.0.178,192.168.0.148,25565,53414,3255160,18908,0,0,0x0010
5827,2026-08-15T10:13:55.132358000-0500,30.265399000,192.168.0.178,192.168.0.148,25565,53414,3255160,18908,666,0,0x0018
5828,2026-08-15T10:13:55.143007000-0500,30.276048000,192.168.0.148,192.168.0.178,53414,25565,18908,3255826,4,0,0x0018
5829,2026-08-15T10:13:55.143038000-0500,30.276079000,192.168.0.148,192.168.0.178,53414,25565,18912,3255826,36,0,0x0018
5830,2026-08-15T10:13:55.143862000-0500,30.276903000,192.168.0.178,192.168.0.148,25565,53414,3255826,18948,0,0,0x0010
5831,2026-08-15T10:13:55.144106000-0500,30.277147000,192.168.0.148,192.168.0.178,53414,25565,18948,3255826,3,0,0x0018
5832,2026-08-15T10:13:55.183726000-0500,30.316767000,192.168.0.178,192.168.0.148,25565,53414,3255826,18951,1123,0,0x0018
5833,2026-08-15T10:13:55.192846000-0500,30.325887000,192.168.0.148,192.168.0.178,53414,25565,18951,3256949,36,0,0x0018
5834,2026-08-15T10:13:55.193556000-0500,30.326597000,192.168.0.148,192.168.0.178,53414,25565,18987,3256949,3,0,0x0018
5835,2026-08-15T10:13:55.194280000-0500,30.327321000,192.168.0.178,192.168.0.148,25565,53414,3256949,18990,0,0,0x0010
5836,2026-08-15T10:13:55.230245000-0500,30.363286000,192.168.0.178,192.168.0.148,25565,53414,3256949,18990,900,0,0x0018
5837,2026-08-15T10:13:55.243372000-0500,30.376413000,192.168.0.148,192.168.0.178,53414,25565,18990,3257849,28,0,0x0018
5838,2026-08-15T10:13:55.244484000-0500,30.377525000,192.168.0.148,192.168.0.178,53414,25565,19018,3257849,3,0,0x0018
5839,2026-08-15T10:13:55.245192000-0500,30.378233000,192.168.0.178,192.168.0.148,25565,53414,3257849,19021,0,0,0x0010
5840,2026-08-15T10:13:55.284317000-0500,30.417358000,192.168.0.178,192.168.0.148,25565,53414,3257849,19021,197,0,0x0018
5841,2026-08-15T10:13:55.293492000-0500,30.426533000,192.168.0.148,192.168.0.178,53414,25565,19021,3258046,36,0,0x0018
5842,2026-08-15T10:13:55.294764000-0500,30.427805000,192.168.0.148,192.168.0.178,53414,25565,19057,3258046,3,0,0x0018
5843,2026-08-15T10:13:55.295488000-0500,30.428529000,192.168.0.178,192.168.0.148,25565,53414,3258046,19060,0,0,0x0010
5844,2026-08-15T10:13:55.330198000-0500,30.463239000,192.168.0.178,192.168.0.148,25565,53414,3258046,19060,218,0,0x0018
5845,2026-08-15T10:13:55.343421000-0500,30.476462000,192.168.0.148,192.168.0.178,53414,25565,19060,3258264,36,0,0x0018
5846,2026-08-15T10:13:55.344549000-0500,30.477590000,192.168.0.148,192.168.0.178,53414,25565,19096,3258264,3,0,0x0018
5847,2026-08-15T10:13:55.345289000-0500,30.478330000,192.168.0.178,192.168.0.148,25565,53414,3258264,19099,0,0,0x0010
5848,2026-08-15T10:13:55.382974000-0500,30.516015000,192.168.0.178,192.168.0.148,25565,53414,3258264,19099,1035,0,0x0018
5849,2026-08-15T10:13:55.393056000-0500,30.526097000,192.168.0.148,192.168.0.178,53414,25565,19099,3259299,36,0,0x0018
5850,2026-08-15T10:13:55.394045000-0500,30.527086000,192.168.0.148,192.168.0.178,53414,25565,19135,3259299,3,0,0x0018
5851,2026-08-15T10:13:55.394771000-0500,30.527812000,192.168.0.178,192.168.0.148,25565,53414,3259299,19138,0,0,0x0010
5852,2026-08-15T10:13:55.428716000-0500,30.561757000,192.168.0.178,192.168.0.148,25565,53414,3259299,19138,841,0,0x0018
5853,2026-08-15T10:13:55.442528000-0500,30.575569000,192.168.0.148,192.168.0.178,53414,25565,19138,3260140,36,0,0x0018
5854,2026-08-15T10:13:55.443149000-0500,30.576190000,192.168.0.148,192.168.0.178,53414,25565,19174,3260140,3,0,0x0018
5855,2026-08-15T10:13:55.443865000-0500,30.576906000,192.168.0.178,192.168.0.148,25565,53414,3260140,19177,0,0,0x0010
5856,2026-08-15T10:13:55.482164000-0500,30.615205000,192.168.0.178,192.168.0.148,25565,53414,3260140,19177,295,0,0x0018
5857,2026-08-15T10:13:55.493109000-0500,30.626150000,192.168.0.148,192.168.0.178,53414,25565,19177,3260435,36,0,0x0018
5858,2026-08-15T10:13:55.494086000-0500,30.627127000,192.168.0.148,192.168.0.178,53414,25565,19213,3260435,3,0,0x0018
5859,2026-08-15T10:13:55.494730000-0500,30.627771000,192.168.0.178,192.168.0.148,25565,53414,3260435,19216,0,0,0x0010
5860,2026-08-15T10:13:55.532375000-0500,30.665416000,192.168.0.178,192.168.0.148,25565,53414,3260435,19216,362,0,0x0018
5861,2026-08-15T10:13:55.543506000-0500,30.676547000,192.168.0.148,192.168.0.178,53414,25565,19216,3260797,36,0,0x0018
5862,2026-08-15T10:13:55.544654000-0500,30.677695000,192.168.0.148,192.168.0.178,53414,25565,19252,3260797,3,0,0x0018
5863,2026-08-15T10:13:55.545491000-0500,30.678532000,192.168.0.178,192.168.0.148,25565,53414,3260797,19255,0,0,0x0010
5864,2026-08-15T10:13:55.580939000-0500,30.713980000,192.168.0.178,192.168.0.148,25565,53414,3260797,19255,272,0,0x0018
5865,2026-08-15T10:13:55.593718000-0500,30.726759000,192.168.0.148,192.168.0.178,53414,25565,19255,3261069,36,0,0x0018
5866,2026-08-15T10:13:55.595196000-0500,30.728237000,192.168.0.148,192.168.0.178,53414,25565,19291,3261069,3,0,0x0018
5867,2026-08-15T10:13:55.595998000-0500,30.729039000,192.168.0.178,192.168.0.148,25565,53414,3261069,19294,0,0,0x0010
5868,2026-08-15T10:13:55.632443000-0500,30.765484000,192.168.0.178,192.168.0.148,25565,53414,3261069,19294,1016,0,0x0018
5869,2026-08-15T10:13:55.643014000-0500,30.776055000,192.168.0.148,192.168.0.178,53414,25565,19294,3262085,36,0,0x0018
5870,2026-08-15T10:13:55.644042000-0500,30.777083000,192.168.0.148,192.168.0.178,53414,25565,19330,3262085,3,0,0x0018
5871,2026-08-15T10:13:55.644757000-0500,30.777798000,192.168.0.178,192.168.0.148,25565,53414,3262085,19333,0,0,0x0010
5872,2026-08-15T10:13:55.679932000-0500,30.812973000,192.168.0.178,192.168.0.148,25565,53414,3262085,19333,1460,0,0x0010
5873,2026-08-15T10:13:55.679932000-0500,30.812973000,192.168.0.178,192.168.0.148,25565,53414,3263545,19333,176,0,0x0018
5874,2026-08-15T10:13:55.679988000-0500,30.813029000,192.168.0.148,192.168.0.178,53414,25565,19333,3263721,0,0,0x0010
5875,2026-08-15T10:13:55.693446000-0500,30.826487000,192.168.0.148,192.168.0.178,53414,25565,19333,3263721,28,0,0x0018
5876,2026-08-15T10:13:55.694773000-0500,30.827814000,192.168.0.148,192.168.0.178,53414,25565,19361,3263721,3,0,0x0018
5877,2026-08-15T10:13:55.695544000-0500,30.828585000,192.168.0.178,192.168.0.148,25565,53414,3263721,19364,0,0,0x0010
5878,2026-08-15T10:13:55.733919000-0500,30.866960000,192.168.0.178,192.168.0.148,25565,53414,3263721,19364,399,0,0x0018
5879,2026-08-15T10:13:55.743049000-0500,30.876090000,192.168.0.148,192.168.0.178,53414,25565,19364,3264120,28,0,0x0018
5880,2026-08-15T10:13:55.743940000-0500,30.876981000,192.168.0.148,192.168.0.178,53414,25565,19392,3264120,3,0,0x0018
5881,2026-08-15T10:13:55.744688000-0500,30.877729000,192.168.0.178,192.168.0.148,25565,53414,3264120,19395,0,0,0x0010
5882,2026-08-15T10:13:55.779454000-0500,30.912495000,192.168.0.178,192.168.0.148,25565,53414,3264120,19395,243,0,0x0018
5883,2026-08-15T10:13:55.793449000-0500,30.926490000,192.168.0.148,192.168.0.178,53414,25565,19395,3264363,28,0,0x0018
5884,2026-08-15T10:13:55.794675000-0500,30.927716000,192.168.0.148,192.168.0.178,53414,25565,19423,3264363,3,0,0x0018
5885,2026-08-15T10:13:55.795529000-0500,30.928570000,192.168.0.178,192.168.0.148,25565,53414,3264363,19426,0,0,0x0010
5886,2026-08-15T10:13:55.830314000-0500,30.963355000,192.168.0.178,192.168.0.148,25565,53414,3264363,19426,482,0,0x0018
5887,2026-08-15T10:13:55.843262000-0500,30.976303000,192.168.0.148,192.168.0.178,53414,25565,19426,3264845,4,0,0x0018
5888,2026-08-15T10:13:55.843295000-0500,30.976336000,192.168.0.148,192.168.0.178,53414,25565,19430,3264845,28,0,0x0018
5889,2026-08-15T10:13:55.844177000-0500,30.977218000,192.168.0.178,192.168.0.148,25565,53414,3264845,19458,0,0,0x0010
5890,2026-08-15T10:13:55.844576000-0500,30.977617000,192.168.0.148,192.168.0.178,53414,25565,19458,3264845,3,0,0x0018
5891,2026-08-15T10:13:55.878918000-0500,31.011959000,192.168.0.178,192.168.0.148,25565,53414,3264845,19461,855,0,0x0018
5892,2026-08-15T10:13:55.893631000-0500,31.026672000,192.168.0.148,192.168.0.178,53414,25565,19461,3265700,36,0,0x0018
5893,2026-08-15T10:13:55.895004000-0500,31.028045000,192.168.0.148,192.168.0.178,53414,25565,19497,3265700,3,0,0x0018
5894,2026-08-15T10:13:55.896119000-0500,31.029160000,192.168.0.178,192.168.0.148,25565,53414,3265700,19500,0,0,0x0010
5895,2026-08-15T10:13:55.928779000-0500,31.061820000,192.168.0.178,192.168.0.148,25565,53414,3265700,19500,810,0,0x0018
5896,2026-08-15T10:13:55.943328000-0500,31.076369000,192.168.0.148,192.168.0.178,53414,25565,19500,3266510,36,0,0x0018
5897,2026-08-15T10:13:55.944406000-0500,31.077447000,192.168.0.148,192.168.0.178,53414,25565,19536,3266510,3,0,0x0018
5898,2026-08-15T10:13:55.945244000-0500,31.078285000,192.168.0.178,192.168.0.148,25565,53414,3266510,19539,0,0,0x0010
5899,2026-08-15T10:13:55.980048000-0500,31.113089000,192.168.0.178,192.168.0.148,25565,53414,3266510,19539,1455,0,0x0018
5900,2026-08-15T10:13:55.980259000-0500,31.113300000,192.168.0.148,192.168.0.178,53414,25565,19539,3267965,11,0,0x0018
5901,2026-08-15T10:13:55.992437000-0500,31.125478000,192.168.0.148,192.168.0.178,53414,25565,19550,3267965,36,0,0x0018
5902,2026-08-15T10:13:55.993185000-0500,31.126226000,192.168.0.178,192.168.0.148,25565,53414,3267965,19586,0,0,0x0010
5903,2026-08-15T10:13:55.993222000-0500,31.126263000,192.168.0.148,192.168.0.178,53414,25565,19586,3267965,3,0,0x0018
5904,2026-08-15T10:13:56.032445000-0500,31.165486000,192.168.0.178,192.168.0.148,25565,53414,3267965,19589,132,0,0x0018
5905,2026-08-15T10:13:56.043813000-0500,31.176854000,192.168.0.148,192.168.0.178,53414,25565,19589,3268097,36,0,0x0018
5906,2026-08-15T10:13:56.045053000-0500,31.178094000,192.168.0.148,192.168.0.178,53414,25565,19625,3268097,3,0,0x0018
5907,2026-08-15T10:13:56.045859000-0500,31.178900000,192.168.0.178,192.168.0.148,25565,53414,3268097,19628,0,0,0x0010
5908,2026-08-15T10:13:56.081390000-0500,31.214431000,192.168.0.178,192.168.0.148,25565,53414,3268097,19628,203,0,0x0018
5909,2026-08-15T10:13:56.093724000-0500,31.226765000,192.168.0.148,192.168.0.178,53414,25565,19628,3268300,36,0,0x0018
5910,2026-08-15T10:13:56.094980000-0500,31.228021000,192.168.0.148,192.168.0.178,53414,25565,19664,3268300,3,0,0x0018
5911,2026-08-15T10:13:56.095752000-0500,31.228793000,192.168.0.178,192.168.0.148,25565,53414,3268300,19667,0,0,0x0010
5912,2026-08-15T10:13:56.130933000-0500,31.263974000,192.168.0.178,192.168.0.148,25565,53414,3268300,19667,1460,0,0x0010
5913,2026-08-15T10:13:56.130933000-0500,31.263974000,192.168.0.178,192.168.0.148,25565,53414,3269760,19667,727,0,0x0018
5914,2026-08-15T10:13:56.131018000-0500,31.264059000,192.168.0.148,192.168.0.178,53414,25565,19667,3270487,0,0,0x0010
5915,2026-08-15T10:13:56.143601000-0500,31.276642000,192.168.0.148,192.168.0.178,53414,25565,19667,3270487,36,0,0x0018
5916,2026-08-15T10:13:56.145007000-0500,31.278048000,192.168.0.148,192.168.0.178,53414,25565,19703,3270487,3,0,0x0018
5917,2026-08-15T10:13:56.145716000-0500,31.278757000,192.168.0.178,192.168.0.148,25565,53414,3270487,19706,0,0,0x0010
5918,2026-08-15T10:13:56.179008000-0500,31.312049000,192.168.0.178,192.168.0.148,25565,53414,3270487,19706,1057,0,0x0018
5919,2026-08-15T10:13:56.193570000-0500,31.326611000,192.168.0.148,192.168.0.178,53414,25565,19706,3271544,36,0,0x0018
5920,2026-08-15T10:13:56.195029000-0500,31.328070000,192.168.0.148,192.168.0.178,53414,25565,19742,3271544,3,0,0x0018
5921,2026-08-15T10:13:56.195741000-0500,31.328782000,192.168.0.178,192.168.0.148,25565,53414,3271544,19745,0,0,0x0010
5922,2026-08-15T10:13:56.233396000-0500,31.366437000,192.168.0.178,192.168.0.148,25565,53414,3271544,19745,205,0,0x0018
5923,2026-08-15T10:13:56.243051000-0500,31.376092000,192.168.0.148,192.168.0.178,53414,25565,19745,3271749,36,0,0x0018
5924,2026-08-15T10:13:56.243845000-0500,31.376886000,192.168.0.148,192.168.0.178,53414,25565,19781,3271749,3,0,0x0018
5925,2026-08-15T10:13:56.244601000-0500,31.377642000,192.168.0.178,192.168.0.148,25565,53414,3271749,19784,0,0,0x0010
5926,2026-08-15T10:13:56.282207000-0500,31.415248000,192.168.0.178,192.168.0.148,25565,53414,3271749,19784,503,0,0x0018
5927,2026-08-15T10:13:56.293373000-0500,31.426414000,192.168.0.148,192.168.0.178,53414,25565,19784,3272252,36,0,0x0018
5928,2026-08-15T10:13:56.294707000-0500,31.427748000,192.168.0.148,192.168.0.178,53414,25565,19820,3272252,3,0,0x0018
5929,2026-08-15T10:13:56.295737000-0500,31.428778000,192.168.0.178,192.168.0.148,25565,53414,3272252,19823,0,0,0x0010
5930,2026-08-15T10:13:56.328187000-0500,31.461228000,192.168.0.178,192.168.0.148,25565,53414,3272252,19823,180,0,0x0018
5931,2026-08-15T10:13:56.343379000-0500,31.476420000,192.168.0.148,192.168.0.178,53414,25565,19823,3272432,4,0,0x0018
5932,2026-08-15T10:13:56.343412000-0500,31.476453000,192.168.0.148,192.168.0.178,53414,25565,19827,3272432,36,0,0x0018
5933,2026-08-15T10:13:56.344197000-0500,31.477238000,192.168.0.178,192.168.0.148,25565,53414,3272432,19863,0,0,0x0010
5934,2026-08-15T10:13:56.344691000-0500,31.477732000,192.168.0.148,192.168.0.178,53414,25565,19863,3272432,3,0,0x0018
5935,2026-08-15T10:13:56.380921000-0500,31.513962000,192.168.0.178,192.168.0.148,25565,53414,3272432,19866,932,0,0x0018
5936,2026-08-15T10:13:56.393724000-0500,31.526765000,192.168.0.148,192.168.0.178,53414,25565,19866,3273364,36,0,0x0018
5937,2026-08-15T10:13:56.394920000-0500,31.527961000,192.168.0.148,192.168.0.178,53414,25565,19902,3273364,3,0,0x0018
5938,2026-08-15T10:13:56.395691000-0500,31.528732000,192.168.0.178,192.168.0.148,25565,53414,3273364,19905,0,0,0x0010
5939,2026-08-15T10:13:56.430545000-0500,31.563586000,192.168.0.178,192.168.0.148,25565,53414,3273364,19905,1221,0,0x0018
5940,2026-08-15T10:13:56.443516000-0500,31.576557000,192.168.0.148,192.168.0.178,53414,25565,19905,3274585,4,0,0x0018
5941,2026-08-15T10:13:56.443546000-0500,31.576587000,192.168.0.148,192.168.0.178,53414,25565,19909,3274585,36,0,0x0018
5942,2026-08-15T10:13:56.444321000-0500,31.577362000,192.168.0.178,192.168.0.148,25565,53414,3274585,19945,0,0,0x0010
5943,2026-08-15T10:13:56.444930000-0500,31.577971000,192.168.0.148,192.168.0.178,53414,25565,19945,3274585,3,0,0x0018
5944,2026-08-15T10:13:56.481879000-0500,31.614920000,192.168.0.178,192.168.0.148,25565,53414,3274585,19948,372,0,0x0018
5945,2026-08-15T10:13:56.492921000-0500,31.625962000,192.168.0.148,192.168.0.178,53414,25565,19948,3274957,36,0,0x0018
5946,2026-08-15T10:13:56.493656000-0500,31.626697000,192.168.0.148,192.168.0.178,53414,25565,19984,3274957,3,0,0x0018
5947,2026-08-15T10:13:56.494445000-0500,31.627486000,192.168.0.178,192.168.0.148,25565,53414,3274957,19987,0,0,0x0010
5948,2026-08-15T10:13:56.535215000-0500,31.668256000,192.168.0.178,192.168.0.148,25565,53414,3274957,19987,155,0,0x0018
5949,2026-08-15T10:13:56.543198000-0500,31.676239000,192.168.0.148,192.168.0.178,53414,25565,19987,3275112,36,0,0x0018
5950,2026-08-15T10:13:56.544394000-0500,31.677435000,192.168.0.148,192.168.0.178,53414,25565,20023,3275112,3,0,0x0018
5951,2026-08-15T10:13:56.545090000-0500,31.678131000,192.168.0.178,192.168.0.148,25565,53414,3275112,20026,0,0,0x0010
5952,2026-08-15T10:13:56.578102000-0500,31.711143000,192.168.0.178,192.168.0.148,25565,53414,3275112,20026,566,0,0x0018
5953,2026-08-15T10:13:56.593709000-0500,31.726750000,192.168.0.148,192.168.0.178,53414,25565,20026,3275678,36,0,0x0018
5954,2026-08-15T10:13:56.595133000-0500,31.728174000,192.168.0.148,192.168.0.178,53414,25565,20062,3275678,3,0,0x0018
5955,2026-08-15T10:13:56.596051000-0500,31.729092000,192.168.0.178,192.168.0.148,25565,53414,3275678,20065,0,0,0x0010
5956,2026-08-15T10:13:56.631475000-0500,31.764516000,192.168.0.178,192.168.0.148,25565,53414,3275678,20065,838,0,0x0018
5957,2026-08-15T10:13:56.643182000-0500,31.776223000,192.168.0.148,192.168.0.178,53414,25565,20065,3276516,36,0,0x0018
5958,2026-08-15T10:13:56.644267000-0500,31.777308000,192.168.0.148,192.168.0.178,53414,25565,20101,3276516,3,0,0x0018
5959,2026-08-15T10:13:56.645000000-0500,31.778041000,192.168.0.178,192.168.0.148,25565,53414,3276516,20104,0,0,0x0010
5960,2026-08-15T10:13:56.678721000-0500,31.811762000,192.168.0.178,192.168.0.148,25565,53414,3276516,20104,1169,0,0x0018
5961,2026-08-15T10:13:56.693185000-0500,31.826226000,192.168.0.148,192.168.0.178,53414,25565,20104,3277685,36,0,0x0018
5962,2026-08-15T10:13:56.694281000-0500,31.827322000,192.168.0.148,192.168.0.178,53414,25565,20140,3277685,3,0,0x0018
5963,2026-08-15T10:13:56.695171000-0500,31.828212000,192.168.0.178,192.168.0.148,25565,53414,3277685,20143,0,0,0x0010
5964,2026-08-15T10:13:56.731471000-0500,31.864512000,192.168.0.178,192.168.0.148,25565,53414,3277685,20143,551,0,0x0018
5965,2026-08-15T10:13:56.743883000-0500,31.876924000,192.168.0.148,192.168.0.178,53414,25565,20143,3278236,4,0,0x0018
5966,2026-08-15T10:13:56.743911000-0500,31.876952000,192.168.0.148,192.168.0.178,53414,25565,20147,3278236,36,0,0x0018
5967,2026-08-15T10:13:56.744700000-0500,31.877741000,192.168.0.148,192.168.0.178,53414,25565,20183,3278236,3,0,0x0018
5968,2026-08-15T10:13:56.744827000-0500,31.877868000,192.168.0.178,192.168.0.148,25565,53414,3278236,20183,0,0,0x0010
5969,2026-08-15T10:13:56.783791000-0500,31.916832000,192.168.0.178,192.168.0.148,25565,53414,3278236,20186,156,0,0x0018
5970,2026-08-15T10:13:56.793000000-0500,31.926041000,192.168.0.148,192.168.0.178,53414,25565,20186,3278392,36,0,0x0018
5971,2026-08-15T10:13:56.793892000-0500,31.926933000,192.168.0.148,192.168.0.178,53414,25565,20222,3278392,3,0,0x0018
5972,2026-08-15T10:13:56.794595000-0500,31.927636000,192.168.0.178,192.168.0.148,25565,53414,3278392,20225,0,0,0x0010
5973,2026-08-15T10:13:56.828214000-0500,31.961255000,192.168.0.178,192.168.0.148,25565,53414,3278392,20225,166,0,0x0018
5974,2026-08-15T10:13:56.843564000-0500,31.976605000,192.168.0.148,192.168.0.178,53414,25565,20225,3278558,36,0,0x0018
5975,2026-08-15T10:13:56.844749000-0500,31.977790000,192.168.0.148,192.168.0.178,53414,25565,20261,3278558,3,0,0x0018
5976,2026-08-15T10:13:56.845592000-0500,31.978633000,192.168.0.178,192.168.0.148,25565,53414,3278558,20264,0,0,0x0010
5977,2026-08-15T10:13:56.880492000-0500,32.013533000,192.168.0.178,192.168.0.148,25565,53414,3278558,20264,1236,0,0x0018
5978,2026-08-15T10:13:56.894062000-0500,32.027103000,192.168.0.148,192.168.0.178,53414,25565,20264,3279794,4,0,0x0018
5979,2026-08-15T10:13:56.894094000-0500,32.027135000,192.168.0.148,192.168.0.178,53414,25565,20268,3279794,36,0,0x0018
5980,2026-08-15T10:13:56.895089000-0500,32.028130000,192.168.0.178,192.168.0.148,25565,53414,3279794,20304,0,0,0x0010
5981,2026-08-15T10:13:56.895357000-0500,32.028398000,192.168.0.148,192.168.0.178,53414,25565,20304,3279794,3,0,0x0018
5982,2026-08-15T10:13:56.931989000-0500,32.065030000,192.168.0.178,192.168.0.148,25565,53414,3279794,20307,646,0,0x0018
5983,2026-08-15T10:13:56.943468000-0500,32.076509000,192.168.0.148,192.168.0.178,53414,25565,20307,3280440,36,0,0x0018
5984,2026-08-15T10:13:56.944992000-0500,32.078033000,192.168.0.148,192.168.0.178,53414,25565,20343,3280440,3,0,0x0018
5985,2026-08-15T10:13:56.945807000-0500,32.078848000,192.168.0.178,192.168.0.148,25565,53414,3280440,20346,0,0,0x0010
5986,2026-08-15T10:13:56.978823000-0500,32.111864000,192.168.0.178,192.168.0.148,25565,53414,3280440,20346,314,0,0x0018
5987,2026-08-15T10:13:56.993571000-0500,32.126612000,192.168.0.148,192.168.0.178,53414,25565,20346,3280754,36,0,0x0018
5988,2026-08-15T10:13:56.994664000-0500,32.127705000,192.168.0.148,192.168.0.178,53414,25565,20382,3280754,3,0,0x0018
5989,2026-08-15T10:13:56.995407000-0500,32.128448000,192.168.0.178,192.168.0.148,25565,53414,3280754,20385,0,0,0x0010
5990,2026-08-15T10:13:57.028834000-0500,32.161875000,192.168.0.178,192.168.0.148,25565,53414,3280754,20385,672,0,0x0018
5991,2026-08-15T10:13:57.029015000-0500,32.162056000,192.168.0.148,192.168.0.178,53414,25565,20385,3281426,11,0,0x0018
5992,2026-08-15T10:13:57.042884000-0500,32.175925000,192.168.0.148,192.168.0.178,53414,25565,20396,3281426,36,0,0x0018
5993,2026-08-15T10:13:57.043697000-0500,32.176738000,192.168.0.178,192.168.0.148,25565,53414,3281426,20432,0,0,0x0010
5994,2026-08-15T10:13:57.043846000-0500,32.176887000,192.168.0.148,192.168.0.178,53414,25565,20432,3281426,3,0,0x0018
5995,2026-08-15T10:13:57.078455000-0500,32.211496000,192.168.0.178,192.168.0.148,25565,53414,3281426,20435,307,0,0x0018
5996,2026-08-15T10:13:57.093688000-0500,32.226729000,192.168.0.148,192.168.0.178,53414,25565,20435,3281733,28,0,0x0018
5997,2026-08-15T10:13:57.095163000-0500,32.228204000,192.168.0.148,192.168.0.178,53414,25565,20463,3281733,3,0,0x0018
5998,2026-08-15T10:13:57.095972000-0500,32.229013000,192.168.0.178,192.168.0.148,25565,53414,3281733,20466,0,0,0x0010
5999,2026-08-15T10:13:57.129107000-0500,32.262148000,192.168.0.178,192.168.0.148,25565,53414,3281733,20466,695,0,0x0018
6000,2026-08-15T10:13:57.143280000-0500,32.276321000,192.168.0.148,192.168.0.178,53414,25565,20466,3282428,36,0,0x0018
6001,2026-08-15T10:13:57.144732000-0500,32.277773000,192.168.0.148,192.168.0.178,53414,25565,20502,3282428,3,0,0x0018
6002,2026-08-15T10:13:57.145439000-0500,32.278480000,192.168.0.178,192.168.0.148,25565,53414,3282428,20505,0,0,0x0010
6003,2026-08-15T10:13:57.181868000-0500,32.314909000,192.168.0.178,192.168.0.148,25565,53414,3282428,20505,1460,0,0x0010
6004,2026-08-15T10:13:57.181868000-0500,32.314909000,192.168.0.178,192.168.0.148,25565,53414,3283888,20505,228,0,0x0018
6005,2026-08-15T10:13:57.181927000-0500,32.314968000,192.168.0.148,192.168.0.178,53414,25565,20505,3284116,0,0,0x0010
6006,2026-08-15T10:13:57.193968000-0500,32.327009000,192.168.0.148,192.168.0.178,53414,25565,20505,3284116,28,0,0x0018
6007,2026-08-15T10:13:57.195097000-0500,32.328138000,192.168.0.148,192.168.0.178,53414,25565,20533,3284116,3,0,0x0018
6008,2026-08-15T10:13:57.195775000-0500,32.328816000,192.168.0.178,192.168.0.148,25565,53414,3284116,20536,0,0,0x0010
6009,2026-08-15T10:13:57.232987000-0500,32.366028000,192.168.0.178,192.168.0.148,25565,53414,3284116,20536,388,0,0x0018
6010,2026-08-15T10:13:57.243144000-0500,32.376185000,192.168.0.148,192.168.0.178,53414,25565,20536,3284504,28,0,0x0018
6011,2026-08-15T10:13:57.244197000-0500,32.377238000,192.168.0.148,192.168.0.178,53414,25565,20564,3284504,3,0,0x0018
6012,2026-08-15T10:13:57.245006000-0500,32.378047000,192.168.0.178,192.168.0.148,25565,53414,3284504,20567,0,0,0x0010
6013,2026-08-15T10:13:57.277694000-0500,32.410735000,192.168.0.178,192.168.0.148,25565,53414,3284504,20567,124,0,0x0018
6014,2026-08-15T10:13:57.292486000-0500,32.425527000,192.168.0.148,192.168.0.178,53414,25565,20567,3284628,36,0,0x0018
6015,2026-08-15T10:13:57.293395000-0500,32.426436000,192.168.0.148,192.168.0.178,53414,25565,20603,3284628,3,0,0x0018
6016,2026-08-15T10:13:57.293663000-0500,32.426704000,192.168.0.178,192.168.0.148,25565,53414,3284628,20603,11,0,0x0018
6017,2026-08-15T10:13:57.293663000-0500,32.426704000,192.168.0.178,192.168.0.148,25565,53414,3284639,20603,22,0,0x0018
6018,2026-08-15T10:13:57.293691000-0500,32.426732000,192.168.0.148,192.168.0.178,53414,25565,20606,3284661,0,0,0x0010
6019,2026-08-15T10:13:57.293725000-0500,32.426766000,192.168.0.178,192.168.0.148,25565,53414,3284661,20603,33,0,0x0018
6020,2026-08-15T10:13:57.293725000-0500,32.426766000,192.168.0.178,192.168.0.148,25565,53414,3284694,20603,44,0,0x0018
6021,2026-08-15T10:13:57.293725000-0500,32.426766000,192.168.0.178,192.168.0.148,25565,53414,3284738,20603,55,0,0x0018
6022,2026-08-15T10:13:57.293732000-0500,32.426773000,192.168.0.148,192.168.0.178,53414,25565,20606,3284793,0,0,0x0010
6023,2026-08-15T10:13:57.295360000-0500,32.428401000,192.168.0.178,192.168.0.148,25565,53414,3284793,20606,57,0,0x0018
6024,2026-08-15T10:13:57.295373000-0500,32.428414000,192.168.0.148,192.168.0.178,53414,25565,20606,3284850,0,0,0x0010
6025,2026-08-15T10:13:57.328363000-0500,32.461404000,192.168.0.178,192.168.0.148,25565,53414,3284850,20606,588,0,0x0018
6026,2026-08-15T10:13:57.342533000-0500,32.475574000,192.168.0.148,192.168.0.178,53414,25565,20606,3285438,36,0,0x0018
6027,2026-08-15T10:13:57.343324000-0500,32.476365000,192.168.0.148,192.168.0.178,53414,25565,20642,3285438,3,0,0x0018
6028,2026-08-15T10:13:57.346231000-0500,32.479272000,192.168.0.178,192.168.0.148,25565,53414,3285438,20645,0,0,0x0010
6029,2026-08-15T10:13:57.380382000-0500,32.513423000,192.168.0.178,192.168.0.148,25565,53414,3285438,20645,911,0,0x0018
6030,2026-08-15T10:13:57.393107000-0500,32.526148000,192.168.0.148,192.168.0.178,53414,25565,20645,3286349,36,0,0x0018
6031,2026-08-15T10:13:57.394054000-0500,32.527095000,192.168.0.148,192.168.0.178,53414,25565,20681,3286349,3,0,0x0018
6032,2026-08-15T10:13:57.394844000-0500,32.527885000,192.168.0.178,192.168.0.148,25565,53414,3286349,20684,0,0,0x0010
6033,2026-08-15T10:13:57.428336000-0500,32.561377000,192.168.0.178,192.168.0.148,25565,53414,3286349,20684,1460,0,0x0010
6034,2026-08-15T10:13:57.428336000-0500,32.561377000,192.168.0.178,192.168.0.148,25565,53414,3287809,20684,1460,0,0x0010
6035,2026-08-15T10:13:57.428403000-0500,32.561444000,192.168.0.148,192.168.0.178,53414,25565,20684,3289269,0,0,0x0010
6036,2026-08-15T10:13:57.428454000-0500,32.561495000,192.168.0.178,192.168.0.148,25565,53414,3289269,20684,1460,0,0x0010
6037,2026-08-15T10:13:57.428684000-0500,32.561725000,192.168.0.178,192.168.0.148,25565,53414,3290729,20684,1460,0,0x0010
6038,2026-08-15T10:13:57.428684000-0500,32.561725000,192.168.0.178,192.168.0.148,25565,53414,3292189,20684,1460,0,0x0010
6039,2026-08-15T10:13:57.428730000-0500,32.561771000,192.168.0.148,192.168.0.178,53414,25565,20684,3293649,0,0,0x0010
6040,2026-08-15T10:13:57.428793000-0500,32.561834000,192.168.0.178,192.168.0.148,25565,53414,3293649,20684,1460,0,0x0010
6041,2026-08-15T10:13:57.428803000-0500,32.561844000,192.168.0.148,192.168.0.178,53414,25565,20684,3295109,0,0,0x0010
6042,2026-08-15T10:13:57.429013000-0500,32.562054000,192.168.0.178,192.168.0.148,25565,53414,3295109,20684,1460,0,0x0010
6043,2026-08-15T10:13:57.429092000-0500,32.562133000,192.168.0.178,192.168.0.148,25565,53414,3296569,20684,1460,0,0x0010
6044,2026-08-15T10:13:57.429105000-0500,32.562146000,192.168.0.148,192.168.0.178,53414,25565,20684,3298029,0,0,0x0010
6045,2026-08-15T10:13:57.429164000-0500,32.562205000,192.168.0.178,192.168.0.148,25565,53414,3298029,20684,1460,0,0x0018
6046,2026-08-15T10:13:57.429195000-0500,32.562236000,192.168.0.178,192.168.0.148,25565,53414,3299489,20684,317,0,0x0018
6047,2026-08-15T10:13:57.429201000-0500,32.562242000,192.168.0.148,192.168.0.178,53414,25565,20684,3299806,0,0,0x0010
6048,2026-08-15T10:13:57.442534000-0500,32.575575000,192.168.0.148,192.168.0.178,53414,25565,20684,3299806,36,0,0x0018
6049,2026-08-15T10:13:57.443177000-0500,32.576218000,192.168.0.148,192.168.0.178,53414,25565,20720,3299806,3,0,0x0018
6050,2026-08-15T10:13:57.443996000-0500,32.577037000,192.168.0.178,192.168.0.148,25565,53414,3299806,20723,0,0,0x0010
6051,2026-08-15T10:13:57.478974000-0500,32.612015000,192.168.0.178,192.168.0.148,25565,53414,3299806,20723,1460,0,0x0010
6052,2026-08-15T10:13:57.478974000-0500,32.612015000,192.168.0.178,192.168.0.148,25565,53414,3301266,20723,1460,0,0x0010
6053,2026-08-15T10:13:57.479045000-0500,32.612086000,192.168.0.148,192.168.0.178,53414,25565,20723,3302726,0,0,0x0010
6054,2026-08-15T10:13:57.479097000-0500,32.612138000,192.168.0.178,192.168.0.148,25565,53414,3302726,20723,1460,0,0x0010
6055,2026-08-15T10:13:57.479430000-0500,32.612471000,192.168.0.178,192.168.0.148,25565,53414,3304186,20723,1460,0,0x0010
6056,2026-08-15T10:13:57.479430000-0500,32.612471000,192.168.0.178,192.168.0.148,25565,53414,3305646,20723,1460,0,0x0010
6057,2026-08-15T10:13:57.479430000-0500,32.612471000,192.168.0.178,192.168.0.148,25565,53414,3307106,20723,1460,0,0x0010
6058,2026-08-15T10:13:57.479473000-0500,32.612514000,192.168.0.148,192.168.0.178,53414,25565,20723,3308566,0,0,0x0010
6059,2026-08-15T10:13:57.479546000-0500,32.612587000,192.168.0.178,192.168.0.148,25565,53414,3308566,20723,1460,0,0x0010
6060,2026-08-15T10:13:57.479800000-0500,32.612841000,192.168.0.178,192.168.0.148,25565,53414,3310026,20723,1460,0,0x0010
6061,2026-08-15T10:13:57.479800000-0500,32.612841000,192.168.0.178,192.168.0.148,25565,53414,3311486,20723,1460,0,0x0018
6062,2026-08-15T10:13:57.479837000-0500,32.612878000,192.168.0.148,192.168.0.178,53414,25565,20723,3312946,0,0,0x0010
6063,2026-08-15T10:13:57.480075000-0500,32.613116000,192.168.0.178,192.168.0.148,25565,53414,3312946,20723,1460,0,0x0010
6064,2026-08-15T10:13:57.480075000-0500,32.613116000,192.168.0.178,192.168.0.148,25565,53414,3314406,20723,1460,0,0x0010
6065,2026-08-15T10:13:57.480115000-0500,32.613156000,192.168.0.148,192.168.0.178,53414,25565,20723,3315866,0,0,0x0010
6066,2026-08-15T10:13:57.480360000-0500,32.613401000,192.168.0.178,192.168.0.148,25565,53414,3315866,20723,1460,0,0x0010
6067,2026-08-15T10:13:57.480360000-0500,32.613401000,192.168.0.178,192.168.0.148,25565,53414,3317326,20723,152,0,0x0018
6068,2026-08-15T10:13:57.480390000-0500,32.613431000,192.168.0.148,192.168.0.178,53414,25565,20723,3317478,0,0,0x0010
6069,2026-08-15T10:13:57.493668000-0500,32.626709000,192.168.0.148,192.168.0.178,53414,25565,20723,3317478,36,0,0x0018
6070,2026-08-15T10:13:57.494861000-0500,32.627902000,192.168.0.148,192.168.0.178,53414,25565,20759,3317478,3,0,0x0018
6071,2026-08-15T10:13:57.495778000-0500,32.628819000,192.168.0.178,192.168.0.148,25565,53414,3317478,20762,0,0,0x0010
6072,2026-08-15T10:13:57.532055000-0500,32.665096000,192.168.0.178,192.168.0.148,25565,53414,3317478,20762,1460,0,0x0010
6073,2026-08-15T10:13:57.532055000-0500,32.665096000,192.168.0.178,192.168.0.148,25565,53414,3318938,20762,1460,0,0x0010
6074,2026-08-15T10:13:57.532118000-0500,32.665159000,192.168.0.148,192.168.0.178,53414,25565,20762,3320398,0,0,0x0010
6075,2026-08-15T10:13:57.532154000-0500,32.665195000,192.168.0.178,192.168.0.148,25565,53414,3320398,20762,1460,0,0x0010
6076,2026-08-15T10:13:57.532209000-0500,32.665250000,192.168.0.178,192.168.0.148,25565,53414,3321858,20762,1460,0,0x0010
6077,2026-08-15T10:13:57.532214000-0500,32.665255000,192.168.0.148,192.168.0.178,53414,25565,20762,3323318,0,0,0x0010
6078,2026-08-15T10:13:57.532390000-0500,32.665431000,192.168.0.178,192.168.0.148,25565,53414,3323318,20762,1460,0,0x0010
6079,2026-08-15T10:13:57.532455000-0500,32.665496000,192.168.0.178,192.168.0.148,25565,53414,3324778,20762,1460,0,0x0010
6080,2026-08-15T10:13:57.532466000-0500,32.665507000,192.168.0.148,192.168.0.178,53414,25565,20762,3326238,0,0,0x0010
6081,2026-08-15T10:13:57.532677000-0500,32.665718000,192.168.0.178,192.168.0.148,25565,53414,3326238,20762,1460,0,0x0010
6082,2026-08-15T10:13:57.532677000-0500,32.665718000,192.168.0.178,192.168.0.148,25565,53414,3327698,20762,1460,0,0x0010
6083,2026-08-15T10:13:57.532710000-0500,32.665751000,192.168.0.148,192.168.0.178,53414,25565,20762,3329158,0,0,0x0010
6084,2026-08-15T10:13:57.532922000-0500,32.665963000,192.168.0.178,192.168.0.148,25565,53414,3329158,20762,1460,0,0x0018
6085,2026-08-15T10:13:57.532985000-0500,32.666026000,192.168.0.178,192.168.0.148,25565,53414,3330618,20762,1460,0,0x0010
6086,2026-08-15T10:13:57.532996000-0500,32.666037000,192.168.0.148,192.168.0.178,53414,25565,20762,3332078,0,0,0x0010
6087,2026-08-15T10:13:57.533115000-0500,32.666156000,192.168.0.178,192.168.0.148,25565,53414,3332078,20762,1460,0,0x0010
6088,2026-08-15T10:13:57.533246000-0500,32.666287000,192.168.0.178,192.168.0.148,25565,53414,3333538,20762,1460,0,0x0010
6089,2026-08-15T10:13:57.533246000-0500,32.666287000,192.168.0.178,192.168.0.148,25565,53414,3334998,20762,633,0,0x0018
6090,2026-08-15T10:13:57.533265000-0500,32.666306000,192.168.0.148,192.168.0.178,53414,25565,20762,3335631,0,0,0x0010
6091,2026-08-15T10:13:57.542315000-0500,32.675356000,192.168.0.148,192.168.0.178,53414,25565,20762,3335631,28,0,0x0018
6092,2026-08-15T10:13:57.542922000-0500,32.675963000,192.168.0.148,192.168.0.178,53414,25565,20790,3335631,3,0,0x0018
6093,2026-08-15T10:13:57.543584000-0500,32.676625000,192.168.0.178,192.168.0.148,25565,53414,3335631,20793,0,0,0x0010
6094,2026-08-15T10:13:57.578883000-0500,32.711924000,192.168.0.178,192.168.0.148,25565,53414,3335631,20793,1460,0,0x0010
6095,2026-08-15T10:13:57.578883000-0500,32.711924000,192.168.0.178,192.168.0.148,25565,53414,3337091,20793,1460,0,0x0010
6096,2026-08-15T10:13:57.578948000-0500,32.711989000,192.168.0.148,192.168.0.178,53414,25565,20793,3338551,0,0,0x0010
6097,2026-08-15T10:13:57.578994000-0500,32.712035000,192.168.0.178,192.168.0.148,25565,53414,3338551,20793,1460,0,0x0010
6098,2026-08-15T10:13:57.579216000-0500,32.712257000,192.168.0.178,192.168.0.148,25565,53414,3340011,20793,1460,0,0x0010
6099,2026-08-15T10:13:57.579216000-0500,32.712257000,192.168.0.178,192.168.0.148,25565,53414,3341471,20793,1460,0,0x0010
6100,2026-08-15T10:13:57.579244000-0500,32.712285000,192.168.0.148,192.168.0.178,53414,25565,20793,3342931,0,0,0x0010
6101,2026-08-15T10:13:57.579460000-0500,32.712501000,192.168.0.178,192.168.0.148,25565,53414,3342931,20793,1460,0,0x0010
6102,2026-08-15T10:13:57.579460000-0500,32.712501000,192.168.0.178,192.168.0.148,25565,53414,3344391,20793,1460,0,0x0010
6103,2026-08-15T10:13:57.579491000-0500,32.712532000,192.168.0.148,192.168.0.178,53414,25565,20793,3345851,0,0,0x0010
6104,2026-08-15T10:13:57.579707000-0500,32.712748000,192.168.0.178,192.168.0.148,25565,53414,3345851,20793,1460,0,0x0010
6105,2026-08-15T10:13:57.579707000-0500,32.712748000,192.168.0.178,192.168.0.148,25565,53414,3347311,20793,1460,0,0x0018
6106,2026-08-15T10:13:57.579733000-0500,32.712774000,192.168.0.148,192.168.0.178,53414,25565,20793,3348771,0,0,0x0010
6107,2026-08-15T10:13:57.579957000-0500,32.712998000,192.168.0.178,192.168.0.148,25565,53414,3348771,20793,1460,0,0x0010
6108,2026-08-15T10:13:57.579957000-0500,32.712998000,192.168.0.178,192.168.0.148,25565,53414,3350231,20793,1460,0,0x0010
6109,2026-08-15T10:13:57.579982000-0500,32.713023000,192.168.0.148,192.168.0.178,53414,25565,20793,3351691,0,0,0x0010
6110,2026-08-15T10:13:57.580198000-0500,32.713239000,192.168.0.178,192.168.0.148,25565,53414,3351691,20793,1460,0,0x0010
6111,2026-08-15T10:13:57.580198000-0500,32.713239000,192.168.0.178,192.168.0.148,25565,53414,3353151,20793,1460,0,0x0010
6112,2026-08-15T10:13:57.580223000-0500,32.713264000,192.168.0.148,192.168.0.178,53414,25565,20793,3354611,0,0,0x0010
6113,2026-08-15T10:13:57.580468000-0500,32.713509000,192.168.0.178,192.168.0.148,25565,53414,3354611,20793,1407,0,0x0018
6114,2026-08-15T10:13:57.580491000-0500,32.713532000,192.168.0.148,192.168.0.178,53414,25565,20793,3356018,0,0,0x0010
6115,2026-08-15T10:13:57.593767000-0500,32.726808000,192.168.0.148,192.168.0.178,53414,25565,20793,3356018,28,0,0x0018
6116,2026-08-15T10:13:57.594798000-0500,32.727839000,192.168.0.148,192.168.0.178,53414,25565,20821,3356018,3,0,0x0018
6117,2026-08-15T10:13:57.595470000-0500,32.728511000,192.168.0.178,192.168.0.148,25565,53414,3356018,20824,0,0,0x0010
6118,2026-08-15T10:13:57.631932000-0500,32.764973000,192.168.0.178,192.168.0.148,25565,53414,3356018,20824,1460,0,0x0010
6119,2026-08-15T10:13:57.631932000-0500,32.764973000,192.168.0.178,192.168.0.148,25565,53414,3357478,20824,1460,0,0x0010
6120,2026-08-15T10:13:57.631985000-0500,32.765026000,192.168.0.148,192.168.0.178,53414,25565,20824,3358938,0,0,0x0010
6121,2026-08-15T10:13:57.632047000-0500,32.765088000,192.168.0.178,192.168.0.148,25565,53414,3358938,20824,1460,0,0x0010
6122,2026-08-15T10:13:57.632275000-0500,32.765316000,192.168.0.178,192.168.0.148,25565,53414,3360398,20824,1460,0,0x0010
6123,2026-08-15T10:13:57.632275000-0500,32.765316000,192.168.0.178,192.168.0.148,25565,53414,3361858,20824,1460,0,0x0010
6124,2026-08-15T10:13:57.632310000-0500,32.765351000,192.168.0.148,192.168.0.178,53414,25565,20824,3363318,0,0,0x0010
6125,2026-08-15T10:13:57.632501000-0500,32.765542000,192.168.0.178,192.168.0.148,25565,53414,3363318,20824,1460,0,0x0010
6126,2026-08-15T10:13:57.632521000-0500,32.765562000,192.168.0.148,192.168.0.178,53414,25565,20824,3364778,0,0,0x0010
6127,2026-08-15T10:13:57.632556000-0500,32.765597000,192.168.0.178,192.168.0.148,25565,53414,3364778,20824,1460,0,0x0010
6128,2026-08-15T10:13:57.632767000-0500,32.765808000,192.168.0.178,192.168.0.148,25565,53414,3366238,20824,1460,0,0x0010
6129,2026-08-15T10:13:57.632767000-0500,32.765808000,192.168.0.178,192.168.0.148,25565,53414,3367698,20824,1460,0,0x0018
6130,2026-08-15T10:13:57.632795000-0500,32.765836000,192.168.0.148,192.168.0.178,53414,25565,20824,3369158,0,0,0x0010
6131,2026-08-15T10:13:57.632997000-0500,32.766038000,192.168.0.178,192.168.0.148,25565,53414,3369158,20824,1460,0,0x0010
6132,2026-08-15T10:13:57.633024000-0500,32.766065000,192.168.0.148,192.168.0.178,53414,25565,20824,3370618,0,0,0x0010
6133,2026-08-15T10:13:57.633062000-0500,32.766103000,192.168.0.178,192.168.0.148,25565,53414,3370618,20824,1460,0,0x0010
6134,2026-08-15T10:13:57.633286000-0500,32.766327000,192.168.0.178,192.168.0.148,25565,53414,3372078,20824,1460,0,0x0010
6135,2026-08-15T10:13:57.633286000-0500,32.766327000,192.168.0.178,192.168.0.148,25565,53414,3373538,20824,1460,0,0x0010
6136,2026-08-15T10:13:57.633318000-0500,32.766359000,192.168.0.148,192.168.0.178,53414,25565,20824,3374998,0,0,0x0010
6137,2026-08-15T10:13:57.633410000-0500,32.766451000,192.168.0.178,192.168.0.148,25565,53414,3374998,20824,1460,0,0x0010
6138,2026-08-15T10:13:57.633419000-0500,32.766460000,192.168.0.148,192.168.0.178,53414,25565,20824,3376458,0,0,0x0010
6139,2026-08-15T10:13:57.633667000-0500,32.766708000,192.168.0.178,192.168.0.148,25565,53414,3376458,20824,1460,0,0x0010
6140,2026-08-15T10:13:57.633667000-0500,32.766708000,192.168.0.178,192.168.0.148,25565,53414,3377918,20824,146,0,0x0018
6141,2026-08-15T10:13:57.633697000-0500,32.766738000,192.168.0.148,192.168.0.178,53414,25565,20824,3378064,0,0,0x0010
6142,2026-08-15T10:13:57.643163000-0500,32.776204000,192.168.0.148,192.168.0.178,53414,25565,20824,3378064,28,0,0x0018
6143,2026-08-15T10:13:57.643955000-0500,32.776996000,192.168.0.148,192.168.0.178,53414,25565,20852,3378064,3,0,0x0018
6144,2026-08-15T10:13:57.644643000-0500,32.777684000,192.168.0.178,192.168.0.148,25565,53414,3378064,20855,0,0,0x0010
6145,2026-08-15T10:13:57.681567000-0500,32.814608000,192.168.0.178,192.168.0.148,25565,53414,3378064,20855,678,0,0x0018
6146,2026-08-15T10:13:57.692498000-0500,32.825539000,192.168.0.148,192.168.0.178,53414,25565,20855,3378742,28,0,0x0018
6147,2026-08-15T10:13:57.693390000-0500,32.826431000,192.168.0.148,192.168.0.178,53414,25565,20883,3378742,3,0,0x0018
6148,2026-08-15T10:13:57.694359000-0500,32.827400000,192.168.0.178,192.168.0.148,25565,53414,3378742,20886,0,0,0x0010
6149,2026-08-15T10:13:57.730042000-0500,32.863083000,192.168.0.178,192.168.0.148,25565,53414,3378742,20886,285,0,0x0018
6150,2026-08-15T10:13:57.743517000-0500,32.876558000,192.168.0.148,192.168.0.178,53414,25565,20886,3379027,36,0,0x0018
6151,2026-08-15T10:13:57.745022000-0500,32.878063000,192.168.0.148,192.168.0.178,53414,25565,20922,3379027,3,0,0x0018
6152,2026-08-15T10:13:57.746133000-0500,32.879174000,192.168.0.178,192.168.0.148,25565,53414,3379027,20925,0,0,0x0010
6153,2026-08-15T10:13:57.780331000-0500,32.913372000,192.168.0.178,192.168.0.148,25565,53414,3379027,20925,676,0,0x0018
6154,2026-08-15T10:13:57.792325000-0500,32.925366000,192.168.0.148,192.168.0.178,53414,25565,20925,3379703,36,0,0x0018
6155,2026-08-15T10:13:57.793081000-0500,32.926122000,192.168.0.148,192.168.0.178,53414,25565,20961,3379703,3,0,0x0018
6156,2026-08-15T10:13:57.793688000-0500,32.926729000,192.168.0.178,192.168.0.148,25565,53414,3379703,20964,0,0,0x0010
6157,2026-08-15T10:13:57.831167000-0500,32.964208000,192.168.0.178,192.168.0.148,25565,53414,3379703,20964,114,0,0x0018
6158,2026-08-15T10:13:57.842573000-0500,32.975614000,192.168.0.148,192.168.0.178,53414,25565,20964,3379817,36,0,0x0018
6159,2026-08-15T10:13:57.843461000-0500,32.976502000,192.168.0.148,192.168.0.178,53414,25565,21000,3379817,3,0,0x0018
6160,2026-08-15T10:13:57.844295000-0500,32.977336000,192.168.0.178,192.168.0.148,25565,53414,3379817,21003,0,0,0x0010
6161,2026-08-15T10:13:57.881270000-0500,33.014311000,192.168.0.178,192.168.0.148,25565,53414,3379817,21003,989,0,0x0018
6162,2026-08-15T10:13:57.894068000-0500,33.027109000,192.168.0.148,192.168.0.178,53414,25565,21003,3380806,36,0,0x0018
6163,2026-08-15T10:13:57.895228000-0500,33.028269000,192.168.0.148,192.168.0.178,53414,25565,21039,3380806,3,0,0x0018
6164,2026-08-15T10:13:57.895777000-0500,33.028818000,192.168.0.178,192.168.0.148,25565,53414,3380806,21042,0,0,0x0010
6165,2026-08-15T10:13:57.929131000-0500,33.062172000,192.168.0.178,192.168.0.148,25565,53414,3380806,21042,822,0,0x0018
6166,2026-08-15T10:13:57.943525000-0500,33.076566000,192.168.0.148,192.168.0.178,53414,25565,21042,3381628,36,0,0x0018
6167,2026-08-15T10:13:57.944525000-0500,33.077566000,192.168.0.148,192.168.0.178,53414,25565,21078,3381628,3,0,0x0018
6168,2026-08-15T10:13:57.945224000-0500,33.078265000,192.168.0.178,192.168.0.148,25565,53414,3381628,21081,0,0,0x0010
6169,2026-08-15T10:13:57.978887000-0500,33.111928000,192.168.0.178,192.168.0.148,25565,53414,3381628,21081,299,0,0x0018
6170,2026-08-15T10:13:57.994229000-0500,33.127270000,192.168.0.148,192.168.0.178,53414,25565,21081,3381927,36,0,0x0018
6171,2026-08-15T10:13:57.995181000-0500,33.128222000,192.168.0.148,192.168.0.178,53414,25565,21117,3381927,3,0,0x0018
6172,2026-08-15T10:13:57.996083000-0500,33.129124000,192.168.0.178,192.168.0.148,25565,53414,3381927,21120,0,0,0x0010
6173,2026-08-15T10:13:58.032218000-0500,33.165259000,192.168.0.178,192.168.0.148,25565,53414,3381927,21120,185,0,0x0018
6174,2026-08-15T10:13:58.032370000-0500,33.165411000,192.168.0.148,192.168.0.178,53414,25565,21120,3382112,11,0,0x0018
6175,2026-08-15T10:13:58.042156000-0500,33.175197000,192.168.0.148,192.168.0.178,53414,25565,21131,3382112,36,0,0x0018
6176,2026-08-15T10:13:58.042917000-0500,33.175958000,192.168.0.148,192.168.0.178,53414,25565,21167,3382112,3,0,0x0018
6177,2026-08-15T10:13:58.042917000-0500,33.175958000,192.168.0.178,192.168.0.148,25565,53414,3382112,21167,0,0,0x0010
6178,2026-08-15T10:13:58.078168000-0500,33.211209000,192.168.0.178,192.168.0.148,25565,53414,3382112,21170,635,0,0x0018
6179,2026-08-15T10:13:58.093200000-0500,33.226241000,192.168.0.148,192.168.0.178,53414,25565,21170,3382747,4,0,0x0018
6180,2026-08-15T10:13:58.093233000-0500,33.226274000,192.168.0.148,192.168.0.178,53414,25565,21174,3382747,36,0,0x0018
6181,2026-08-15T10:13:58.094044000-0500,33.227085000,192.168.0.178,192.168.0.148,25565,53414,3382747,21210,0,0,0x0010
6182,2026-08-15T10:13:58.094518000-0500,33.227559000,192.168.0.148,192.168.0.178,53414,25565,21210,3382747,3,0,0x0018
6183,2026-08-15T10:13:58.129452000-0500,33.262493000,192.168.0.178,192.168.0.148,25565,53414,3382747,21213,1029,0,0x0018
6184,2026-08-15T10:13:58.143757000-0500,33.276798000,192.168.0.148,192.168.0.178,53414,25565,21213,3383776,28,0,0x0018
6185,2026-08-15T10:13:58.145234000-0500,33.278275000,192.168.0.148,192.168.0.178,53414,25565,21241,3383776,3,0,0x0018
6186,2026-08-15T10:13:58.145970000-0500,33.279011000,192.168.0.178,192.168.0.148,25565,53414,3383776,21244,0,0,0x0010
6187,2026-08-15T10:13:58.179700000-0500,33.312741000,192.168.0.178,192.168.0.148,25565,53414,3383776,21244,1460,0,0x0010
6188,2026-08-15T10:13:58.179700000-0500,33.312741000,192.168.0.178,192.168.0.148,25565,53414,3385236,21244,46,0,0x0018
6189,2026-08-15T10:13:58.179764000-0500,33.312805000,192.168.0.148,192.168.0.178,53414,25565,21244,3385282,0,0,0x0010
6190,2026-08-15T10:13:58.192612000-0500,33.325653000,192.168.0.148,192.168.0.178,53414,25565,21244,3385282,28,0,0x0018
6191,2026-08-15T10:13:58.193553000-0500,33.326594000,192.168.0.148,192.168.0.178,53414,25565,21272,3385282,3,0,0x0018
6192,2026-08-15T10:13:58.195135000-0500,33.328176000,192.168.0.178,192.168.0.148,25565,53414,3385282,21275,0,0,0x0010
6193,2026-08-15T10:13:58.231130000-0500,33.364171000,192.168.0.178,192.168.0.148,25565,53414,3385282,21275,798,0,0x0018
6194,2026-08-15T10:13:58.243450000-0500,33.376491000,192.168.0.148,192.168.0.178,53414,25565,21275,3386080,28,0,0x0018
6195,2026-08-15T10:13:58.244904000-0500,33.377945000,192.168.0.148,192.168.0.178,53414,25565,21303,3386080,3,0,0x0018
6196,2026-08-15T10:13:58.245796000-0500,33.378837000,192.168.0.178,192.168.0.148,25565,53414,3386080,21306,0,0,0x0010
6197,2026-08-15T10:13:58.283231000-0500,33.416272000,192.168.0.178,192.168.0.148,25565,53414,3386080,21306,274,0,0x0018
6198,2026-08-15T10:13:58.293258000-0500,33.426299000,192.168.0.148,192.168.0.178,53414,25565,21306,3386354,4,0,0x0018
6199,2026-08-15T10:13:58.293283000-0500,33.426324000,192.168.0.148,192.168.0.178,53414,25565,21310,3386354,28,0,0x0018
6200,2026-08-15T10:13:58.294266000-0500,33.427307000,192.168.0.178,192.168.0.148,25565,53414,3386354,21338,0,0,0x0010
6201,2026-08-15T10:13:58.294604000-0500,33.427645000,192.168.0.148,192.168.0.178,53414,25565,21338,3386354,3,0,0x0018
6202,2026-08-15T10:13:58.331306000-0500,33.464347000,192.168.0.178,192.168.0.148,25565,53414,3386354,21341,232,0,0x0018
6203,2026-08-15T10:13:58.343043000-0500,33.476084000,192.168.0.148,192.168.0.178,53414,25565,21341,3386586,36,0,0x0018
6204,2026-08-15T10:13:58.344475000-0500,33.477516000,192.168.0.148,192.168.0.178,53414,25565,21377,3386586,3,0,0x0018
6205,2026-08-15T10:13:58.345339000-0500,33.478380000,192.168.0.178,192.168.0.148,25565,53414,3386586,21380,0,0,0x0010
6206,2026-08-15T10:13:58.383379000-0500,33.516420000,192.168.0.178,192.168.0.148,25565,53414,3386586,21380,1393,0,0x0018
6207,2026-08-15T10:13:58.393310000-0500,33.526351000,192.168.0.148,192.168.0.178,53414,25565,21380,3387979,36,0,0x0018
6208,2026-08-15T10:13:58.394288000-0500,33.527329000,192.168.0.148,192.168.0.178,53414,25565,21416,3387979,3,0,0x0018
6209,2026-08-15T10:13:58.395034000-0500,33.528075000,192.168.0.178,192.168.0.148,25565,53414,3387979,21419,0,0,0x0010
6210,2026-08-15T10:13:58.428850000-0500,33.561891000,192.168.0.178,192.168.0.148,25565,53414,3387979,21419,377,0,0x0018
6211,2026-08-15T10:13:58.442921000-0500,33.575962000,192.168.0.148,192.168.0.178,53414,25565,21419,3388356,36,0,0x0018
6212,2026-08-15T10:13:58.443926000-0500,33.576967000,192.168.0.148,192.168.0.178,53414,25565,21455,3388356,3,0,0x0018
6213,2026-08-15T10:13:58.444731000-0500,33.577772000,192.168.0.178,192.168.0.148,25565,53414,3388356,21458,0,0,0x0010
6214,2026-08-15T10:13:58.480810000-0500,33.613851000,192.168.0.178,192.168.0.148,25565,53414,3388356,21458,248,0,0x0018
6215,2026-08-15T10:13:58.493089000-0500,33.626130000,192.168.0.148,192.168.0.178,53414,25565,21458,3388604,28,0,0x0018
6216,2026-08-15T10:13:58.494158000-0500,33.627199000,192.168.0.148,192.168.0.178,53414,25565,21486,3388604,3,0,0x0018
6217,2026-08-15T10:13:58.494417000-0500,33.627458000,192.168.0.178,192.168.0.148,25565,53414,3388604,21486,11,0,0x0018
6218,2026-08-15T10:13:58.494417000-0500,33.627458000,192.168.0.178,192.168.0.148,25565,53414,3388615,21486,22,0,0x0018
6219,2026-08-15T10:13:58.494455000-0500,33.627496000,192.168.0.148,192.168.0.178,53414,25565,21489,3388637,0,0,0x0010
6220,2026-08-15T10:13:58.494483000-0500,33.627524000,192.168.0.178,192.168.0.148,25565,53414,3388637,21486,189,0,0x0018
6221,2026-08-15T10:13:58.532784000-0500,33.665825000,192.168.0.178,192.168.0.148,25565,53414,3388826,21489,598,0,0x0018
6222,2026-08-15T10:13:58.532842000-0500,33.665883000,192.168.0.148,192.168.0.178,53414,25565,21489,3389424,0,0,0x0010
6223,2026-08-15T10:13:58.543115000-0500,33.676156000,192.168.0.148,192.168.0.178,53414,25565,21489,3389424,36,0,0x0018
6224,2026-08-15T10:13:58.544272000-0500,33.677313000,192.168.0.148,192.168.0.178,53414,25565,21525,3389424,3,0,0x0018
6225,2026-08-15T10:13:58.545024000-0500,33.678065000,192.168.0.178,192.168.0.148,25565,53414,3389424,21528,0,0,0x0010
6226,2026-08-15T10:13:58.581144000-0500,33.714185000,192.168.0.178,192.168.0.148,25565,53414,3389424,21528,174,0,0x0018
6227,2026-08-15T10:13:58.593044000-0500,33.726085000,192.168.0.148,192.168.0.178,53414,25565,21528,3389598,36,0,0x0018
6228,2026-08-15T10:13:58.594183000-0500,33.727224000,192.168.0.148,192.168.0.178,53414,25565,21564,3389598,3,0,0x0018
6229,2026-08-15T10:13:58.595041000-0500,33.728082000,192.168.0.178,192.168.0.148,25565,53414,3389598,21567,0,0,0x0010
6230,2026-08-15T10:13:58.628408000-0500,33.761449000,192.168.0.178,192.168.0.148,25565,53414,3389598,21567,1460,0,0x0010
6231,2026-08-15T10:13:58.628408000-0500,33.761449000,192.168.0.178,192.168.0.148,25565,53414,3391058,21567,1460,0,0x0010
6232,2026-08-15T10:13:58.628481000-0500,33.761522000,192.168.0.148,192.168.0.178,53414,25565,21567,3392518,0,0,0x0010
6233,2026-08-15T10:13:58.628568000-0500,33.761609000,192.168.0.178,192.168.0.148,25565,53414,3392518,21567,1460,0,0x0010
6234,2026-08-15T10:13:58.628626000-0500,33.761667000,192.168.0.178,192.168.0.148,25565,53414,3393978,21567,1460,0,0x0010
6235,2026-08-15T10:13:58.628636000-0500,33.761677000,192.168.0.148,192.168.0.178,53414,25565,21567,3395438,0,0,0x0010
6236,2026-08-15T10:13:58.628843000-0500,33.761884000,192.168.0.178,192.168.0.148,25565,53414,3395438,21567,1460,0,0x0010
6237,2026-08-15T10:13:58.628843000-0500,33.761884000,192.168.0.178,192.168.0.148,25565,53414,3396898,21567,1460,0,0x0010
6238,2026-08-15T10:13:58.628882000-0500,33.761923000,192.168.0.148,192.168.0.178,53414,25565,21567,3398358,0,0,0x0010
6239,2026-08-15T10:13:58.628999000-0500,33.762040000,192.168.0.178,192.168.0.148,25565,53414,3398358,21567,1460,0,0x0010
6240,2026-08-15T10:13:58.629217000-0500,33.762258000,192.168.0.178,192.168.0.148,25565,53414,3399818,21567,1460,0,0x0010
6241,2026-08-15T10:13:58.629217000-0500,33.762258000,192.168.0.178,192.168.0.148,25565,53414,3401278,21567,1460,0,0x0018
6242,2026-08-15T10:13:58.629249000-0500,33.762290000,192.168.0.148,192.168.0.178,53414,25565,21567,3402738,0,0,0x0010
6243,2026-08-15T10:13:58.629525000-0500,33.762566000,192.168.0.178,192.168.0.148,25565,53414,3402738,21567,1460,0,0x0010
6244,2026-08-15T10:13:58.629525000-0500,33.762566000,192.168.0.178,192.168.0.148,25565,53414,3404198,21567,1066,0,0x0018
6245,2026-08-15T10:13:58.629564000-0500,33.762605000,192.168.0.148,192.168.0.178,53414,25565,21567,3405264,0,0,0x0010
6246,2026-08-15T10:13:58.642529000-0500,33.775570000,192.168.0.148,192.168.0.178,53414,25565,21567,3405264,36,0,0x0018
6247,2026-08-15T10:13:58.643272000-0500,33.776313000,192.168.0.148,192.168.0.178,53414,25565,21603,3405264,3,0,0x0018
6248,2026-08-15T10:13:58.643953000-0500,33.776994000,192.168.0.178,192.168.0.148,25565,53414,3405264,21606,0,0,0x0010
6249,2026-08-15T10:13:58.680502000-0500,33.813543000,192.168.0.178,192.168.0.148,25565,53414,3405264,21606,1460,0,0x0010
6250,2026-08-15T10:13:58.680502000-0500,33.813543000,192.168.0.178,192.168.0.148,25565,53414,3406724,21606,1460,0,0x0010
6251,2026-08-15T10:13:58.680558000-0500,33.813599000,192.168.0.148,192.168.0.178,53414,25565,21606,3408184,0,0,0x0010
6252,2026-08-15T10:13:58.680613000-0500,33.813654000,192.168.0.178,192.168.0.148,25565,53414,3408184,21606,1460,0,0x0010
6253,2026-08-15T10:13:58.680820000-0500,33.813861000,192.168.0.178,192.168.0.148,25565,53414,3409644,21606,1460,0,0x0010
6254,2026-08-15T10:13:58.680842000-0500,33.813883000,192.168.0.148,192.168.0.178,53414,25565,21606,3411104,0,0,0x0010
6255,2026-08-15T10:13:58.680890000-0500,33.813931000,192.168.0.178,192.168.0.148,25565,53414,3411104,21606,1460,0,0x0010
6256,2026-08-15T10:13:58.681053000-0500,33.814094000,192.168.0.178,192.168.0.148,25565,53414,3412564,21606,1460,0,0x0010
6257,2026-08-15T10:13:58.681072000-0500,33.814113000,192.168.0.148,192.168.0.178,53414,25565,21606,3414024,0,0,0x0010
6258,2026-08-15T10:13:58.681109000-0500,33.814150000,192.168.0.178,192.168.0.148,25565,53414,3414024,21606,1460,0,0x0010
6259,2026-08-15T10:13:58.681325000-0500,33.814366000,192.168.0.178,192.168.0.148,25565,53414,3415484,21606,1460,0,0x0010
6260,2026-08-15T10:13:58.681325000-0500,33.814366000,192.168.0.178,192.168.0.148,25565,53414,3416944,21606,1460,0,0x0018
6261,2026-08-15T10:13:58.681349000-0500,33.814390000,192.168.0.148,192.168.0.178,53414,25565,21606,3418404,0,0,0x0010
6262,2026-08-15T10:13:58.681569000-0500,33.814610000,192.168.0.178,192.168.0.148,25565,53414,3418404,21606,1460,0,0x0010
6263,2026-08-15T10:13:58.681569000-0500,33.814610000,192.168.0.178,192.168.0.148,25565,53414,3419864,21606,1460,0,0x0010
6264,2026-08-15T10:13:58.681589000-0500,33.814630000,192.168.0.148,192.168.0.178,53414,25565,21606,3421324,0,0,0x0010
6265,2026-08-15T10:13:58.681847000-0500,33.814888000,192.168.0.178,192.168.0.148,25565,53414,3421324,21606,1460,0,0x0010
6266,2026-08-15T10:13:58.681847000-0500,33.814888000,192.168.0.178,192.168.0.148,25565,53414,3422784,21606,250,0,0x0018
6267,2026-08-15T10:13:58.681868000-0500,33.814909000,192.168.0.148,192.168.0.178,53414,25565,21606,3423034,0,0,0x0010
6268,2026-08-15T10:13:58.692980000-0500,33.826021000,192.168.0.148,192.168.0.178,53414,25565,21606,3423034,36,0,0x0018
6269,2026-08-15T10:13:58.693851000-0500,33.826892000,192.168.0.148,192.168.0.178,53414,25565,21642,3423034,3,0,0x0018
6270,2026-08-15T10:13:58.694629000-0500,33.827670000,192.168.0.178,192.168.0.148,25565,53414,3423034,21645,0,0,0x0010
6271,2026-08-15T10:13:58.730459000-0500,33.863500000,192.168.0.178,192.168.0.148,25565,53414,3423034,21645,1460,0,0x0010
6272,2026-08-15T10:13:58.730459000-0500,33.863500000,192.168.0.178,192.168.0.148,25565,53414,3424494,21645,1460,0,0x0010
6273,2026-08-15T10:13:58.730528000-0500,33.863569000,192.168.0.148,192.168.0.178,53414,25565,21645,3425954,0,0,0x0010
6274,2026-08-15T10:13:58.730581000-0500,33.863622000,192.168.0.178,192.168.0.148,25565,53414,3425954,21645,1460,0,0x0010
6275,2026-08-15T10:13:58.730822000-0500,33.863863000,192.168.0.178,192.168.0.148,25565,53414,3427414,21645,1460,0,0x0010
6276,2026-08-15T10:13:58.730822000-0500,33.863863000,192.168.0.178,192.168.0.148,25565,53414,3428874,21645,1460,0,0x0010
6277,2026-08-15T10:13:58.730862000-0500,33.863903000,192.168.0.148,192.168.0.178,53414,25565,21645,3430334,0,0,0x0010
6278,2026-08-15T10:13:58.730922000-0500,33.863963000,192.168.0.178,192.168.0.148,25565,53414,3430334,21645,1460,0,0x0010
6279,2026-08-15T10:13:58.730936000-0500,33.863977000,192.168.0.148,192.168.0.178,53414,25565,21645,3431794,0,0,0x0010
6280,2026-08-15T10:13:58.731164000-0500,33.864205000,192.168.0.178,192.168.0.148,25565,53414,3431794,21645,1460,0,0x0010
6281,2026-08-15T10:13:58.731164000-0500,33.864205000,192.168.0.178,192.168.0.148,25565,53414,3433254,21645,1460,0,0x0010
6282,2026-08-15T10:13:58.731204000-0500,33.864245000,192.168.0.148,192.168.0.178,53414,25565,21645,3434714,0,0,0x0010
6283,2026-08-15T10:13:58.731277000-0500,33.864318000,192.168.0.178,192.168.0.148,25565,53414,3434714,21645,1460,0,0x0018
6284,2026-08-15T10:13:58.731566000-0500,33.864607000,192.168.0.178,192.168.0.148,25565,53414,3436174,21645,1460,0,0x0010
6285,2026-08-15T10:13:58.731566000-0500,33.864607000,192.168.0.178,192.168.0.148,25565,53414,3437634,21645,1460,0,0x0010
6286,2026-08-15T10:13:58.731585000-0500,33.864626000,192.168.0.148,192.168.0.178,53414,25565,21645,3439094,0,0,0x0010
6287,2026-08-15T10:13:58.731634000-0500,33.864675000,192.168.0.178,192.168.0.148,25565,53414,3439094,21645,826,0,0x0018
6288,2026-08-15T10:13:58.731643000-0500,33.864684000,192.168.0.148,192.168.0.178,53414,25565,21645,3439920,0,0,0x0010
6289,2026-08-15T10:13:58.742465000-0500,33.875506000,192.168.0.148,192.168.0.178,53414,25565,21645,3439920,36,0,0x0018
6290,2026-08-15T10:13:58.743154000-0500,33.876195000,192.168.0.148,192.168.0.178,53414,25565,21681,3439920,3,0,0x0018
6291,2026-08-15T10:13:58.743630000-0500,33.876671000,192.168.0.178,192.168.0.148,25565,53414,3439920,21684,0,0,0x0010
6292,2026-08-15T10:13:58.779652000-0500,33.912693000,192.168.0.178,192.168.0.148,25565,53414,3439920,21684,1460,0,0x0010
6293,2026-08-15T10:13:58.779652000-0500,33.912693000,192.168.0.178,192.168.0.148,25565,53414,3441380,21684,1460,0,0x0010
6294,2026-08-15T10:13:58.779705000-0500,33.912746000,192.168.0.148,192.168.0.178,53414,25565,21684,3442840,0,0,0x0010
6295,2026-08-15T10:13:58.779754000-0500,33.912795000,192.168.0.178,192.168.0.148,25565,53414,3442840,21684,1460,0,0x0010
6296,2026-08-15T10:13:58.779803000-0500,33.912844000,192.168.0.178,192.168.0.148,25565,53414,3444300,21684,1460,0,0x0010
6297,2026-08-15T10:13:58.779811000-0500,33.912852000,192.168.0.148,192.168.0.178,53414,25565,21684,3445760,0,0,0x0010
6298,2026-08-15T10:13:58.779998000-0500,33.913039000,192.168.0.178,192.168.0.148,25565,53414,3445760,21684,1460,0,0x0010
6299,2026-08-15T10:13:58.780054000-0500,33.913095000,192.168.0.178,192.168.0.148,25565,53414,3447220,21684,1460,0,0x0010
6300,2026-08-15T10:13:58.780062000-0500,33.913103000,192.168.0.148,192.168.0.178,53414,25565,21684,3448680,0,0,0x0010
6301,2026-08-15T10:13:58.780274000-0500,33.913315000,192.168.0.178,192.168.0.148,25565,53414,3448680,21684,1460,0,0x0010
6302,2026-08-15T10:13:58.780274000-0500,33.913315000,192.168.0.178,192.168.0.148,25565,53414,3450140,21684,1460,0,0x0010
6303,2026-08-15T10:13:58.780296000-0500,33.913337000,192.168.0.148,192.168.0.178,53414,25565,21684,3451600,0,0,0x0010
6304,2026-08-15T10:13:58.780415000-0500,33.913456000,192.168.0.178,192.168.0.148,25565,53414,3451600,21684,1460,0,0x0018
6305,2026-08-15T10:13:58.780597000-0500,33.913638000,192.168.0.178,192.168.0.148,25565,53414,3453060,21684,1460,0,0x0010
6306,2026-08-15T10:13:58.780602000-0500,33.913643000,192.168.0.148,192.168.0.178,53414,25565,21684,3454520,0,0,0x0010
6307,2026-08-15T10:13:58.780681000-0500,33.913722000,192.168.0.178,192.168.0.148,25565,53414,3454520,21684,1460,0,0x0010
6308,2026-08-15T10:13:58.780844000-0500,33.913885000,192.168.0.178,192.168.0.148,25565,53414,3455980,21684,1460,0,0x0010
6309,2026-08-15T10:13:58.780850000-0500,33.913891000,192.168.0.148,192.168.0.178,53414,25565,21684,3457440,0,0,0x0010
6310,2026-08-15T10:13:58.780929000-0500,33.913970000,192.168.0.178,192.168.0.148,25565,53414,3457440,21684,1460,0,0x0010
6311,2026-08-15T10:13:58.781000000-0500,33.914041000,192.168.0.178,192.168.0.148,25565,53414,3458900,21684,688,0,0x0018
6312,2026-08-15T10:13:58.781007000-0500,33.914048000,192.168.0.148,192.168.0.178,53414,25565,21684,3459588,0,0,0x0010
6313,2026-08-15T10:13:58.793107000-0500,33.926148000,192.168.0.148,192.168.0.178,53414,25565,21684,3459588,4,0,0x0018
6314,2026-08-15T10:13:58.793136000-0500,33.926177000,192.168.0.148,192.168.0.178,53414,25565,21688,3459588,36,0,0x0018
6315,2026-08-15T10:13:58.793798000-0500,33.926839000,192.168.0.178,192.168.0.148,25565,53414,3459588,21724,0,0,0x0010
6316,2026-08-15T10:13:58.793879000-0500,33.926920000,192.168.0.148,192.168.0.178,53414,25565,21724,3459588,3,0,0x0018
6317,2026-08-15T10:13:58.829499000-0500,33.962540000,192.168.0.178,192.168.0.148,25565,53414,3459588,21727,1460,0,0x0010
6318,2026-08-15T10:13:58.829499000-0500,33.962540000,192.168.0.178,192.168.0.148,25565,53414,3461048,21727,1460,0,0x0010
6319,2026-08-15T10:13:58.829567000-0500,33.962608000,192.168.0.148,192.168.0.178,53414,25565,21727,3462508,0,0,0x0010
6320,2026-08-15T10:13:58.829604000-0500,33.962645000,192.168.0.178,192.168.0.148,25565,53414,3462508,21727,1460,0,0x0010
6321,2026-08-15T10:13:58.829835000-0500,33.962876000,192.168.0.178,192.168.0.148,25565,53414,3463968,21727,1460,0,0x0010
6322,2026-08-15T10:13:58.829864000-0500,33.962905000,192.168.0.148,192.168.0.178,53414,25565,21727,3465428,0,0,0x0010
6323,2026-08-15T10:13:58.829916000-0500,33.962957000,192.168.0.178,192.168.0.148,25565,53414,3465428,21727,1460,0,0x0010
6324,2026-08-15T10:13:58.829958000-0500,33.962999000,192.168.0.178,192.168.0.148,25565,53414,3466888,21727,1460,0,0x0010
6325,2026-08-15T10:13:58.829963000-0500,33.963004000,192.168.0.148,192.168.0.178,53414,25565,21727,3468348,0,0,0x0010
6326,2026-08-15T10:13:58.830124000-0500,33.963165000,192.168.0.178,192.168.0.148,25565,53414,3468348,21727,1460,0,0x0010
6327,2026-08-15T10:13:58.830226000-0500,33.963267000,192.168.0.178,192.168.0.148,25565,53414,3469808,21727,1460,0,0x0010
6328,2026-08-15T10:13:58.830234000-0500,33.963275000,192.168.0.148,192.168.0.178,53414,25565,21727,3471268,0,0,0x0010
6329,2026-08-15T10:13:58.830460000-0500,33.963501000,192.168.0.178,192.168.0.148,25565,53414,3471268,21727,1460,0,0x0018
6330,2026-08-15T10:13:58.830533000-0500,33.963574000,192.168.0.178,192.168.0.148,25565,53414,3472728,21727,1460,0,0x0010
6331,2026-08-15T10:13:58.830543000-0500,33.963584000,192.168.0.148,192.168.0.178,53414,25565,21727,3474188,0,0,0x0010
6332,2026-08-15T10:13:58.830609000-0500,33.963650000,192.168.0.178,192.168.0.148,25565,53414,3474188,21727,1460,0,0x0010
6333,2026-08-15T10:13:58.830609000-0500,33.963650000,192.168.0.178,192.168.0.148,25565,53414,3475648,21727,47,0,0x0018
6334,2026-08-15T10:13:58.830619000-0500,33.963660000,192.168.0.148,192.168.0.178,53414,25565,21727,3475695,0,0,0x0010
6335,2026-08-15T10:13:58.843486000-0500,33.976527000,192.168.0.148,192.168.0.178,53414,25565,21727,3475695,28,0,0x0018
6336,2026-08-15T10:13:58.844663000-0500,33.977704000,192.168.0.148,192.168.0.178,53414,25565,21755,3475695,3,0,0x0018
6337,2026-08-15T10:13:58.845277000-0500,33.978318000,192.168.0.178,192.168.0.148,25565,53414,3475695,21758,0,0,0x0010
6338,2026-08-15T10:13:58.880961000-0500,34.014002000,192.168.0.178,192.168.0.148,25565,53414,3475695,21758,1460,0,0x0010
6339,2026-08-15T10:13:58.880961000-0500,34.014002000,192.168.0.178,192.168.0.148,25565,53414,3477155,21758,1460,0,0x0010
6340,2026-08-15T10:13:58.881029000-0500,34.014070000,192.168.0.148,192.168.0.178,53414,25565,21758,3478615,0,0,0x0010
6341,2026-08-15T10:13:58.881079000-0500,34.014120000,192.168.0.178,192.168.0.148,25565,53414,3478615,21758,1460,0,0x0010
6342,2026-08-15T10:13:58.881106000-0500,34.014147000,192.168.0.178,192.168.0.148,25565,53414,3480075,21758,710,0,0x0018
6343,2026-08-15T10:13:58.881116000-0500,34.014157000,192.168.0.148,192.168.0.178,53414,25565,21758,3480785,0,0,0x0010
6344,2026-08-15T10:13:58.893600000-0500,34.026641000,192.168.0.148,192.168.0.178,53414,25565,21758,3480785,36,0,0x0018
6345,2026-08-15T10:13:58.894743000-0500,34.027784000,192.168.0.178,192.168.0.148,25565,53414,3480785,21794,46,0,0x0018
6346,2026-08-15T10:13:58.894942000-0500,34.027983000,192.168.0.148,192.168.0.178,53414,25565,21794,3480831,3,0,0x0018
6347,2026-08-15T10:13:58.929385000-0500,34.062426000,192.168.0.178,192.168.0.148,25565,53414,3480831,21797,288,0,0x0018
6348,2026-08-15T10:13:58.942590000-0500,34.075631000,192.168.0.148,192.168.0.178,53414,25565,21797,3481119,28,0,0x0018
6349,2026-08-15T10:13:58.943385000-0500,34.076426000,192.168.0.148,192.168.0.178,53414,25565,21825,3481119,3,0,0x0018
6350,2026-08-15T10:13:58.944145000-0500,34.077186000,192.168.0.178,192.168.0.148,25565,53414,3481119,21828,0,0,0x0010
6351,2026-08-15T10:13:58.978471000-0500,34.111512000,192.168.0.178,192.168.0.148,25565,53414,3481119,21828,1312,0,0x0018
6352,2026-08-15T10:13:58.993512000-0500,34.126553000,192.168.0.148,192.168.0.178,53414,25565,21828,3482431,28,0,0x0018
6353,2026-08-15T10:13:58.994770000-0500,34.127811000,192.168.0.148,192.168.0.178,53414,25565,21856,3482431,3,0,0x0018
6354,2026-08-15T10:13:58.995507000-0500,34.128548000,192.168.0.178,192.168.0.148,25565,53414,3482431,21859,0,0,0x0010
6355,2026-08-15T10:13:59.029546000-0500,34.162587000,192.168.0.178,192.168.0.148,25565,53414,3482431,21859,144,0,0x0018
6356,2026-08-15T10:13:59.043437000-0500,34.176478000,192.168.0.148,192.168.0.178,53414,25565,21859,3482575,28,0,0x0018
6357,2026-08-15T10:13:59.044785000-0500,34.177826000,192.168.0.148,192.168.0.178,53414,25565,21887,3482575,3,0,0x0018
6358,2026-08-15T10:13:59.045598000-0500,34.178639000,192.168.0.178,192.168.0.148,25565,53414,3482575,21890,0,0,0x0010
6359,2026-08-15T10:13:59.084215000-0500,34.217256000,192.168.0.178,192.168.0.148,25565,53414,3482575,21890,250,0,0x0018
6360,2026-08-15T10:13:59.084437000-0500,34.217478000,192.168.0.148,192.168.0.178,53414,25565,21890,3482825,11,0,0x0018
6361,2026-08-15T10:13:59.094329000-0500,34.227370000,192.168.0.148,192.168.0.178,53414,25565,21901,3482825,28,0,0x0018
6362,2026-08-15T10:13:59.095085000-0500,34.228126000,192.168.0.148,192.168.0.178,53414,25565,21929,3482825,3,0,0x0018
6363,2026-08-15T10:13:59.095475000-0500,34.228516000,192.168.0.178,192.168.0.148,25565,53414,3482825,21929,0,0,0x0010
6364,2026-08-15T10:13:59.128712000-0500,34.261753000,192.168.0.178,192.168.0.148,25565,53414,3482825,21932,1460,0,0x0010
6365,2026-08-15T10:13:59.128712000-0500,34.261753000,192.168.0.178,192.168.0.148,25565,53414,3484285,21932,318,0,0x0018
6366,2026-08-15T10:13:59.128765000-0500,34.261806000,192.168.0.148,192.168.0.178,53414,25565,21932,3484603,0,0,0x0010
6367,2026-08-15T10:13:59.142698000-0500,34.275739000,192.168.0.148,192.168.0.178,53414,25565,21932,3484603,28,0,0x0018
6368,2026-08-15T10:13:59.143439000-0500,34.276480000,192.168.0.148,192.168.0.178,53414,25565,21960,3484603,3,0,0x0018
6369,2026-08-15T10:13:59.144100000-0500,34.277141000,192.168.0.178,192.168.0.148,25565,53414,3484603,21963,0,0,0x0010
6370,2026-08-15T10:13:59.180315000-0500,34.313356000,192.168.0.178,192.168.0.148,25565,53414,3484603,21963,340,0,0x0018
6371,2026-08-15T10:13:59.192219000-0500,34.325260000,192.168.0.148,192.168.0.178,53414,25565,21963,3484943,28,0,0x0018
6372,2026-08-15T10:13:59.192922000-0500,34.325963000,192.168.0.148,192.168.0.178,53414,25565,21991,3484943,3,0,0x0018
6373,2026-08-15T10:13:59.197536000-0500,34.330577000,192.168.0.178,192.168.0.148,25565,53414,3484943,21994,0,0,0x0010
6374,2026-08-15T10:13:59.227713000-0500,34.360754000,192.168.0.178,192.168.0.148,25565,53414,3484943,21994,213,0,0x0018
6375,2026-08-15T10:13:59.242670000-0500,34.375711000,192.168.0.148,192.168.0.178,53414,25565,21994,3485156,28,0,0x0018
6376,2026-08-15T10:13:59.243672000-0500,34.376713000,192.168.0.148,192.168.0.178,53414,25565,22022,3485156,3,0,0x0018
6377,2026-08-15T10:13:59.244316000-0500,34.377357000,192.168.0.178,192.168.0.148,25565,53414,3485156,22025,0,0,0x0010
6378,2026-08-15T10:13:59.281115000-0500,34.414156000,192.168.0.178,192.168.0.148,25565,53414,3485156,22025,536,0,0x0018
6379,2026-08-15T10:13:59.293708000-0500,34.426749000,192.168.0.148,192.168.0.178,53414,25565,22025,3485692,28,0,0x0018
6380,2026-08-15T10:13:59.295023000-0500,34.428064000,192.168.0.148,192.168.0.178,53414,25565,22053,3485692,3,0,0x0018
6381,2026-08-15T10:13:59.296774000-0500,34.429815000,192.168.0.178,192.168.0.148,25565,53414,3485692,22056,0,0,0x0010
6382,2026-08-15T10:13:59.332017000-0500,34.465058000,192.168.0.178,192.168.0.148,25565,53414,3485692,22056,170,0,0x0018
6383,2026-08-15T10:13:59.343237000-0500,34.476278000,192.168.0.148,192.168.0.178,53414,25565,22056,3485862,36,0,0x0018
6384,2026-08-15T10:13:59.344792000-0500,34.477833000,192.168.0.148,192.168.0.178,53414,25565,22092,3485862,3,0,0x0018
6385,2026-08-15T10:13:59.345582000-0500,34.478623000,192.168.0.178,192.168.0.148,25565,53414,3485862,22095,0,0,0x0010
6386,2026-08-15T10:13:59.382388000-0500,34.515429000,192.168.0.178,192.168.0.148,25565,53414,3485862,22095,280,0,0x0018
6387,2026-08-15T10:13:59.394800000-0500,34.527841000,192.168.0.148,192.168.0.178,53414,25565,22095,3486142,36,0,0x0018
6388,2026-08-15T10:13:59.395460000-0500,34.528501000,192.168.0.148,192.168.0.178,53414,25565,22131,3486142,3,0,0x0018
6389,2026-08-15T10:13:59.396152000-0500,34.529193000,192.168.0.178,192.168.0.148,25565,53414,3486142,22134,0,0,0x0010
6390,2026-08-15T10:13:59.428367000-0500,34.561408000,192.168.0.178,192.168.0.148,25565,53414,3486142,22134,624,0,0x0018
6391,2026-08-15T10:13:59.442347000-0500,34.575388000,192.168.0.148,192.168.0.178,53414,25565,22134,3486766,36,0,0x0018
6392,2026-08-15T10:13:59.443059000-0500,34.576100000,192.168.0.148,192.168.0.178,53414,25565,22170,3486766,3,0,0x0018
6393,2026-08-15T10:13:59.443765000-0500,34.576806000,192.168.0.178,192.168.0.148,25565,53414,3486766,22173,0,0,0x0010
6394,2026-08-15T10:13:59.484526000-0500,34.617567000,192.168.0.178,192.168.0.148,25565,53414,3486766,22173,211,0,0x0018
6395,2026-08-15T10:13:59.493213000-0500,34.626254000,192.168.0.148,192.168.0.178,53414,25565,22173,3486977,28,0,0x0018
6396,2026-08-15T10:13:59.494225000-0500,34.627266000,192.168.0.148,192.168.0.178,53414,25565,22201,3486977,3,0,0x0018
6397,2026-08-15T10:13:59.495025000-0500,34.628066000,192.168.0.178,192.168.0.148,25565,53414,3486977,22204,0,0,0x0010
6398,2026-08-15T10:13:59.534890000-0500,34.667931000,192.168.0.178,192.168.0.148,25565,53414,3486977,22204,112,0,0x0018
6399,2026-08-15T10:13:59.543200000-0500,34.676241000,192.168.0.148,192.168.0.178,53414,25565,22204,3487089,28,0,0x0018
6400,2026-08-15T10:13:59.544486000-0500,34.677527000,192.168.0.148,192.168.0.178,53414,25565,22232,3487089,3,0,0x0018
6401,2026-08-15T10:13:59.545312000-0500,34.678353000,192.168.0.178,192.168.0.148,25565,53414,3487089,22235,0,0,0x0010
6402,2026-08-15T10:13:59.582699000-0500,34.715740000,192.168.0.178,192.168.0.148,25565,53414,3487089,22235,565,0,0x0018
6403,2026-08-15T10:13:59.593697000-0500,34.726738000,192.168.0.148,192.168.0.178,53414,25565,22235,3487654,28,0,0x0018
6404,2026-08-15T10:13:59.595369000-0500,34.728410000,192.168.0.148,192.168.0.178,53414,25565,22263,3487654,3,0,0x0018
6405,2026-08-15T10:13:59.596199000-0500,34.729240000,192.168.0.178,192.168.0.148,25565,53414,3487654,22266,0,0,0x0010
6406,2026-08-15T10:13:59.631946000-0500,34.764987000,192.168.0.178,192.168.0.148,25565,53414,3487654,22266,184,0,0x0018
6407,2026-08-15T10:13:59.643363000-0500,34.776404000,192.168.0.148,192.168.0.178,53414,25565,22266,3487838,28,0,0x0018
6408,2026-08-15T10:13:59.644584000-0500,34.777625000,192.168.0.148,192.168.0.178,53414,25565,22294,3487838,3,0,0x0018
6409,2026-08-15T10:13:59.645344000-0500,34.778385000,192.168.0.178,192.168.0.148,25565,53414,3487838,22297,0,0,0x0010
6410,2026-08-15T10:13:59.678141000-0500,34.811182000,192.168.0.178,192.168.0.148,25565,53414,3487838,22297,444,0,0x0018
6411,2026-08-15T10:13:59.693422000-0500,34.826463000,192.168.0.148,192.168.0.178,53414,25565,22297,3488282,28,0,0x0018
6412,2026-08-15T10:13:59.694745000-0500,34.827786000,192.168.0.148,192.168.0.178,53414,25565,22325,3488282,3,0,0x0018
6413,2026-08-15T10:13:59.695514000-0500,34.828555000,192.168.0.178,192.168.0.148,25565,53414,3488282,22328,0,0,0x0010
6414,2026-08-15T10:13:59.731101000-0500,34.864142000,192.168.0.178,192.168.0.148,25565,53414,3488282,22328,587,0,0x0018
6415,2026-08-15T10:13:59.742310000-0500,34.875351000,192.168.0.148,192.168.0.178,53414,25565,22328,3488869,28,0,0x0018
6416,2026-08-15T10:13:59.743351000-0500,34.876392000,192.168.0.148,192.168.0.178,53414,25565,22356,3488869,3,0,0x0018
6417,2026-08-15T10:13:59.744185000-0500,34.877226000,192.168.0.178,192.168.0.148,25565,53414,3488869,22359,0,0,0x0010
6418,2026-08-15T10:13:59.784542000-0500,34.917583000,192.168.0.178,192.168.0.148,25565,53414,3488869,22359,182,0,0x0018
6419,2026-08-15T10:13:59.793683000-0500,34.926724000,192.168.0.148,192.168.0.178,53414,25565,22359,3489051,28,0,0x0018
6420,2026-08-15T10:13:59.795047000-0500,34.928088000,192.168.0.148,192.168.0.178,53414,25565,22387,3489051,3,0,0x0018
6421,2026-08-15T10:13:59.795860000-0500,34.928901000,192.168.0.178,192.168.0.148,25565,53414,3489051,22390,0,0,0x0010
6422,2026-08-15T10:13:59.831255000-0500,34.964296000,192.168.0.178,192.168.0.148,25565,53414,3489051,22390,124,0,0x0018
6423,2026-08-15T10:13:59.843300000-0500,34.976341000,192.168.0.148,192.168.0.178,53414,25565,22390,3489175,28,0,0x0018
6424,2026-08-15T10:13:59.844589000-0500,34.977630000,192.168.0.148,192.168.0.178,53414,25565,22418,3489175,3,0,0x0018
6425,2026-08-15T10:13:59.844719000-0500,34.977760000,192.168.0.178,192.168.0.148,25565,53414,3489175,22418,46,0,0x0018
6426,2026-08-15T10:13:59.882129000-0500,35.015170000,192.168.0.178,192.168.0.148,25565,53414,3489221,22421,555,0,0x0018
6427,2026-08-15T10:13:59.882184000-0500,35.015225000,192.168.0.148,192.168.0.178,53414,25565,22421,3489776,0,0,0x0010
6428,2026-08-15T10:13:59.893187000-0500,35.026228000,192.168.0.148,192.168.0.178,53414,25565,22421,3489776,28,0,0x0018
6429,2026-08-15T10:13:59.894176000-0500,35.027217000,192.168.0.148,192.168.0.178,53414,25565,22449,3489776,3,0,0x0018
6430,2026-08-15T10:13:59.895050000-0500,35.028091000,192.168.0.178,192.168.0.148,25565,53414,3489776,22452,0,0,0x0010
6431,2026-08-15T10:13:59.928956000-0500,35.061997000,192.168.0.178,192.168.0.148,25565,53414,3489776,22452,330,0,0x0018
6432,2026-08-15T10:13:59.943382000-0500,35.076423000,192.168.0.148,192.168.0.178,53414,25565,22452,3490106,28,0,0x0018
6433,2026-08-15T10:13:59.944752000-0500,35.077793000,192.168.0.148,192.168.0.178,53414,25565,22480,3490106,3,0,0x0018
6434,2026-08-15T10:13:59.945470000-0500,35.078511000,192.168.0.178,192.168.0.148,25565,53414,3490106,22483,0,0,0x0010
6435,2026-08-15T10:13:59.979859000-0500,35.112900000,192.168.0.178,192.168.0.148,25565,53414,3490106,22483,152,0,0x0018
6436,2026-08-15T10:13:59.992649000-0500,35.125690000,192.168.0.148,192.168.0.178,53414,25565,22483,3490258,28,0,0x0018
6437,2026-08-15T10:13:59.993441000-0500,35.126482000,192.168.0.148,192.168.0.178,53414,25565,22511,3490258,3,0,0x0018
6438,2026-08-15T10:13:59.994246000-0500,35.127287000,192.168.0.178,192.168.0.148,25565,53414,3490258,22514,0,0,0x0010
6439,2026-08-15T10:14:00.030350000-0500,35.163391000,192.168.0.178,192.168.0.148,25565,53414,3490258,22514,449,0,0x0018
6440,2026-08-15T10:14:00.043202000-0500,35.176243000,192.168.0.148,192.168.0.178,53414,25565,22514,3490707,28,0,0x0018
6441,2026-08-15T10:14:00.044353000-0500,35.177394000,192.168.0.148,192.168.0.178,53414,25565,22542,3490707,3,0,0x0018
6442,2026-08-15T10:14:00.044604000-0500,35.177645000,192.168.0.178,192.168.0.148,25565,53414,3490707,22542,11,0,0x0018
6443,2026-08-15T10:14:00.044604000-0500,35.177645000,192.168.0.178,192.168.0.148,25565,53414,3490718,22542,22,0,0x0018
6444,2026-08-15T10:14:00.044655000-0500,35.177696000,192.168.0.148,192.168.0.178,53414,25565,22545,3490740,0,0,0x0010
6445,2026-08-15T10:14:00.044697000-0500,35.177738000,192.168.0.178,192.168.0.148,25565,53414,3490740,22542,22,0,0x0018
6446,2026-08-15T10:14:00.044697000-0500,35.177738000,192.168.0.178,192.168.0.148,25565,53414,3490762,22545,33,0,0x0018
6447,2026-08-15T10:14:00.044697000-0500,35.177738000,192.168.0.178,192.168.0.148,25565,53414,3490795,22545,11,0,0x0018
6448,2026-08-15T10:14:00.044697000-0500,35.177738000,192.168.0.178,192.168.0.148,25565,53414,3490806,22545,22,0,0x0018
6449,2026-08-15T10:14:00.044697000-0500,35.177738000,192.168.0.178,192.168.0.148,25565,53414,3490828,22545,11,0,0x0018
6450,2026-08-15T10:14:00.044697000-0500,35.177738000,192.168.0.178,192.168.0.148,25565,53414,3490839,22545,22,0,0x0018
6451,2026-08-15T10:14:00.044714000-0500,35.177755000,192.168.0.148,192.168.0.178,53414,25565,22545,3490861,0,0,0x0010
6452,2026-08-15T10:14:00.044744000-0500,35.177785000,192.168.0.178,192.168.0.148,25565,53414,3490861,22545,11,0,0x0018
6453,2026-08-15T10:14:00.044806000-0500,35.177847000,192.168.0.178,192.168.0.148,25565,53414,3490872,22545,11,0,0x0018
6454,2026-08-15T10:14:00.044806000-0500,35.177847000,192.168.0.178,192.168.0.148,25565,53414,3490883,22545,22,0,0x0018
6455,2026-08-15T10:14:00.044814000-0500,35.177855000,192.168.0.148,192.168.0.178,53414,25565,22545,3490905,0,0,0x0010
6456,2026-08-15T10:14:00.044856000-0500,35.177897000,192.168.0.178,192.168.0.148,25565,53414,3490905,22545,24,0,0x0018
6457,2026-08-15T10:14:00.044863000-0500,35.177904000,192.168.0.148,192.168.0.178,53414,25565,22545,3490929,0,0,0x0010
6458,2026-08-15T10:14:00.081816000-0500,35.214857000,192.168.0.178,192.168.0.148,25565,53414,3490929,22545,234,0,0x0018
6459,2026-08-15T10:14:00.093167000-0500,35.226208000,192.168.0.148,192.168.0.178,53414,25565,22545,3491163,28,0,0x0018
6460,2026-08-15T10:14:00.094325000-0500,35.227366000,192.168.0.148,192.168.0.178,53414,25565,22573,3491163,3,0,0x0018
6461,2026-08-15T10:14:00.095090000-0500,35.228131000,192.168.0.178,192.168.0.148,25565,53414,3491163,22576,0,0,0x0010
6462,2026-08-15T10:14:00.128186000-0500,35.261227000,192.168.0.178,192.168.0.148,25565,53414,3491163,22576,155,0,0x0018
6463,2026-08-15T10:14:00.128343000-0500,35.261384000,192.168.0.148,192.168.0.178,53414,25565,22576,3491318,11,0,0x0018
6464,2026-08-15T10:14:00.142196000-0500,35.275237000,192.168.0.148,192.168.0.178,53414,25565,22587,3491318,28,0,0x0018
6465,2026-08-15T10:14:00.142941000-0500,35.275982000,192.168.0.148,192.168.0.178,53414,25565,22615,3491318,3,0,0x0018
6466,2026-08-15T10:14:00.143021000-0500,35.276062000,192.168.0.178,192.168.0.148,25565,53414,3491318,22615,0,0,0x0010
6467,2026-08-15T10:14:00.178168000-0500,35.311209000,192.168.0.178,192.168.0.148,25565,53414,3491318,22618,600,0,0x0018
6468,2026-08-15T10:14:00.193636000-0500,35.326677000,192.168.0.148,192.168.0.178,53414,25565,22618,3491918,28,0,0x0018
6469,2026-08-15T10:14:00.194774000-0500,35.327815000,192.168.0.148,192.168.0.178,53414,25565,22646,3491918,3,0,0x0018
6470,2026-08-15T10:14:00.195423000-0500,35.328464000,192.168.0.178,192.168.0.148,25565,53414,3491918,22649,0,0,0x0010
6471,2026-08-15T10:14:00.227719000-0500,35.360760000,192.168.0.178,192.168.0.148,25565,53414,3491918,22649,520,0,0x0018
6472,2026-08-15T10:14:00.243093000-0500,35.376134000,192.168.0.148,192.168.0.178,53414,25565,22649,3492438,28,0,0x0018
6473,2026-08-15T10:14:00.243948000-0500,35.376989000,192.168.0.148,192.168.0.178,53414,25565,22677,3492438,3,0,0x0018
6474,2026-08-15T10:14:00.244417000-0500,35.377458000,192.168.0.178,192.168.0.148,25565,53414,3492438,22680,0,0,0x0010
6475,2026-08-15T10:14:00.278016000-0500,35.411057000,192.168.0.178,192.168.0.148,25565,53414,3492438,22680,462,0,0x0018
6476,2026-08-15T10:14:00.293892000-0500,35.426933000,192.168.0.148,192.168.0.178,53414,25565,22680,3492900,28,0,0x0018
6477,2026-08-15T10:14:00.295168000-0500,35.428209000,192.168.0.148,192.168.0.178,53414,25565,22708,3492900,3,0,0x0018
6478,2026-08-15T10:14:00.295792000-0500,35.428833000,192.168.0.178,192.168.0.148,25565,53414,3492900,22711,0,0,0x0010
6479,2026-08-15T10:14:00.327545000-0500,35.460586000,192.168.0.178,192.168.0.148,25565,53414,3492900,22711,495,0,0x0018
6480,2026-08-15T10:14:00.343690000-0500,35.476731000,192.168.0.148,192.168.0.178,53414,25565,22711,3493395,28,0,0x0018
6481,2026-08-15T10:14:00.345209000-0500,35.478250000,192.168.0.148,192.168.0.178,53414,25565,22739,3493395,3,0,0x0018
6482,2026-08-15T10:14:00.345927000-0500,35.478968000,192.168.0.178,192.168.0.148,25565,53414,3493395,22742,0,0,0x0010
6483,2026-08-15T10:14:00.377464000-0500,35.510505000,192.168.0.178,192.168.0.148,25565,53414,3493395,22742,802,0,0x0018
6484,2026-08-15T10:14:00.393616000-0500,35.526657000,192.168.0.148,192.168.0.178,53414,25565,22742,3494197,28,0,0x0018
6485,2026-08-15T10:14:00.394881000-0500,35.527922000,192.168.0.148,192.168.0.178,53414,25565,22770,3494197,3,0,0x0018
6486,2026-08-15T10:14:00.395658000-0500,35.528699000,192.168.0.178,192.168.0.148,25565,53414,3494197,22773,0,0,0x0010
6487,2026-08-15T10:14:00.428293000-0500,35.561334000,192.168.0.178,192.168.0.148,25565,53414,3494197,22773,245,0,0x0018
6488,2026-08-15T10:14:00.443214000-0500,35.576255000,192.168.0.148,192.168.0.178,53414,25565,22773,3494442,4,0,0x0018
6489,2026-08-15T10:14:00.443248000-0500,35.576289000,192.168.0.148,192.168.0.178,53414,25565,22777,3494442,28,0,0x0018
6490,2026-08-15T10:14:00.443935000-0500,35.576976000,192.168.0.178,192.168.0.148,25565,53414,3494442,22805,0,0,0x0010
6491,2026-08-15T10:14:00.444567000-0500,35.577608000,192.168.0.148,192.168.0.178,53414,25565,22805,3494442,3,0,0x0018
6492,2026-08-15T10:14:00.477720000-0500,35.610761000,192.168.0.178,192.168.0.148,25565,53414,3494442,22808,573,0,0x0018
6493,2026-08-15T10:14:00.492643000-0500,35.625684000,192.168.0.148,192.168.0.178,53414,25565,22808,3495015,28,0,0x0018
6494,2026-08-15T10:14:00.493375000-0500,35.626416000,192.168.0.148,192.168.0.178,53414,25565,22836,3495015,3,0,0x0018
6495,2026-08-15T10:14:00.494117000-0500,35.627158000,192.168.0.178,192.168.0.148,25565,53414,3495015,22839,0,0,0x0010
6496,2026-08-15T10:14:00.529279000-0500,35.662320000,192.168.0.178,192.168.0.148,25565,53414,3495015,22839,1460,0,0x0010
6497,2026-08-15T10:14:00.529279000-0500,35.662320000,192.168.0.178,192.168.0.148,25565,53414,3496475,22839,21,0,0x0018
6498,2026-08-15T10:14:00.529327000-0500,35.662368000,192.168.0.148,192.168.0.178,53414,25565,22839,3496496,0,0,0x0010
6499,2026-08-15T10:14:00.542428000-0500,35.675469000,192.168.0.148,192.168.0.178,53414,25565,22839,3496496,28,0,0x0018
6500,2026-08-15T10:14:00.543359000-0500,35.676400000,192.168.0.148,192.168.0.178,53414,25565,22867,3496496,3,0,0x0018
6501,2026-08-15T10:14:00.544130000-0500,35.677171000,192.168.0.178,192.168.0.148,25565,53414,3496496,22870,0,0,0x0010
6502,2026-08-15T10:14:00.577711000-0500,35.710752000,192.168.0.178,192.168.0.148,25565,53414,3496496,22870,151,0,0x0018
6503,2026-08-15T10:14:00.593261000-0500,35.726302000,192.168.0.148,192.168.0.178,53414,25565,22870,3496647,28,0,0x0018
6504,2026-08-15T10:14:00.594317000-0500,35.727358000,192.168.0.148,192.168.0.178,53414,25565,22898,3496647,3,0,0x0018
6505,2026-08-15T10:14:00.595174000-0500,35.728215000,192.168.0.178,192.168.0.148,25565,53414,3496647,22901,0,0,0x0010
6506,2026-08-15T10:14:00.627882000-0500,35.760923000,192.168.0.178,192.168.0.148,25565,53414,3496647,22901,619,0,0x0018
6507,2026-08-15T10:14:00.642732000-0500,35.775773000,192.168.0.148,192.168.0.178,53414,25565,22901,3497266,28,0,0x0018
6508,2026-08-15T10:14:00.643894000-0500,35.776935000,192.168.0.148,192.168.0.178,53414,25565,22929,3497266,3,0,0x0018
6509,2026-08-15T10:14:00.644583000-0500,35.777624000,192.168.0.178,192.168.0.148,25565,53414,3497266,22932,0,0,0x0010
6510,2026-08-15T10:14:00.678367000-0500,35.811408000,192.168.0.178,192.168.0.148,25565,53414,3497266,22932,1460,0,0x0010
6511,2026-08-15T10:14:00.678367000-0500,35.811408000,192.168.0.178,192.168.0.148,25565,53414,3498726,22932,4,0,0x0018
6512,2026-08-15T10:14:00.678442000-0500,35.811483000,192.168.0.148,192.168.0.178,53414,25565,22932,3498730,0,0,0x0010
6513,2026-08-15T10:14:00.694520000-0500,35.827561000,192.168.0.148,192.168.0.178,53414,25565,22932,3498730,28,0,0x0018
6514,2026-08-15T10:14:00.694546000-0500,35.827587000,192.168.0.148,192.168.0.178,53414,25565,22960,3498730,3,0,0x0018
6515,2026-08-15T10:14:00.695341000-0500,35.828382000,192.168.0.178,192.168.0.148,25565,53414,3498730,22963,0,0,0x0010
6516,2026-08-15T10:14:00.735956000-0500,35.868997000,192.168.0.178,192.168.0.148,25565,53414,3498730,22963,228,0,0x0018
6517,2026-08-15T10:14:00.743059000-0500,35.876100000,192.168.0.148,192.168.0.178,53414,25565,22963,3498958,28,0,0x0018
6518,2026-08-15T10:14:00.744006000-0500,35.877047000,192.168.0.148,192.168.0.178,53414,25565,22991,3498958,3,0,0x0018
6519,2026-08-15T10:14:00.746344000-0500,35.879385000,192.168.0.178,192.168.0.148,25565,53414,3498958,22994,0,0,0x0010
6520,2026-08-15T10:14:00.746344000-0500,35.879385000,192.168.0.178,192.168.0.148,25565,53414,3498958,22994,46,0,0x0018
6521,2026-08-15T10:14:00.783115000-0500,35.916156000,192.168.0.178,192.168.0.148,25565,53414,3499004,22994,401,0,0x0018
6522,2026-08-15T10:14:00.783148000-0500,35.916189000,192.168.0.148,192.168.0.178,53414,25565,22994,3499405,0,0,0x0010
6523,2026-08-15T10:14:00.792218000-0500,35.925259000,192.168.0.148,192.168.0.178,53414,25565,22994,3499405,28,0,0x0018
6524,2026-08-15T10:14:00.793099000-0500,35.926140000,192.168.0.148,192.168.0.178,53414,25565,23022,3499405,3,0,0x0018
6525,2026-08-15T10:14:00.793774000-0500,35.926815000,192.168.0.178,192.168.0.148,25565,53414,3499405,23025,0,0,0x0010
6526,2026-08-15T10:14:00.827679000-0500,35.960720000,192.168.0.178,192.168.0.148,25565,53414,3499405,23025,312,0,0x0018
6527,2026-08-15T10:14:00.843087000-0500,35.976128000,192.168.0.148,192.168.0.178,53414,25565,23025,3499717,28,0,0x0018
6528,2026-08-15T10:14:00.844292000-0500,35.977333000,192.168.0.148,192.168.0.178,53414,25565,23053,3499717,3,0,0x0018
6529,2026-08-15T10:14:00.844926000-0500,35.977967000,192.168.0.178,192.168.0.148,25565,53414,3499717,23056,0,0,0x0010
6530,2026-08-15T10:14:00.879352000-0500,36.012393000,192.168.0.178,192.168.0.148,25565,53414,3499717,23056,293,0,0x0018
6531,2026-08-15T10:14:00.893613000-0500,36.026654000,192.168.0.148,192.168.0.178,53414,25565,23056,3500010,28,0,0x0018
6532,2026-08-15T10:14:00.894976000-0500,36.028017000,192.168.0.148,192.168.0.178,53414,25565,23084,3500010,3,0,0x0018
6533,2026-08-15T10:14:00.895730000-0500,36.028771000,192.168.0.178,192.168.0.148,25565,53414,3500010,23087,0,0,0x0010
6534,2026-08-15T10:14:00.932197000-0500,36.065238000,192.168.0.178,192.168.0.148,25565,53414,3500010,23087,559,0,0x0018
6535,2026-08-15T10:14:00.943409000-0500,36.076450000,192.168.0.148,192.168.0.178,53414,25565,23087,3500569,36,0,0x0018
6536,2026-08-15T10:14:00.944409000-0500,36.077450000,192.168.0.178,192.168.0.148,25565,53414,3500569,23123,11,0,0x0018
6537,2026-08-15T10:14:00.944409000-0500,36.077450000,192.168.0.178,192.168.0.148,25565,53414,3500580,23123,22,0,0x0018
6538,2026-08-15T10:14:00.944409000-0500,36.077450000,192.168.0.178,192.168.0.148,25565,53414,3500602,23123,55,0,0x0018
6539,2026-08-15T10:14:00.944409000-0500,36.077450000,192.168.0.178,192.168.0.148,25565,53414,3500657,23123,66,0,0x0018
6540,2026-08-15T10:14:00.944409000-0500,36.077450000,192.168.0.178,192.168.0.148,25565,53414,3500723,23123,11,0,0x0018
6541,2026-08-15T10:14:00.944409000-0500,36.077450000,192.168.0.178,192.168.0.148,25565,53414,3500734,23123,13,0,0x0018
6542,2026-08-15T10:14:00.944480000-0500,36.077521000,192.168.0.148,192.168.0.178,53414,25565,23123,3500747,0,0,0x0010
6543,2026-08-15T10:14:00.944970000-0500,36.078011000,192.168.0.148,192.168.0.178,53414,25565,23123,3500747,3,0,0x0018
6544,2026-08-15T10:14:00.979550000-0500,36.112591000,192.168.0.178,192.168.0.148,25565,53414,3500747,23126,392,0,0x0018
6545,2026-08-15T10:14:00.993633000-0500,36.126674000,192.168.0.148,192.168.0.178,53414,25565,23126,3501139,36,0,0x0018
6546,2026-08-15T10:14:00.995011000-0500,36.128052000,192.168.0.148,192.168.0.178,53414,25565,23162,3501139,3,0,0x0018
6547,2026-08-15T10:14:00.995755000-0500,36.128796000,192.168.0.178,192.168.0.148,25565,53414,3501139,23165,0,0,0x0010
6548,2026-08-15T10:14:01.030345000-0500,36.163386000,192.168.0.178,192.168.0.148,25565,53414,3501139,23165,312,0,0x0018
6549,2026-08-15T10:14:01.042470000-0500,36.175511000,192.168.0.148,192.168.0.178,53414,25565,23165,3501451,28,0,0x0018
6550,2026-08-15T10:14:01.043465000-0500,36.176506000,192.168.0.148,192.168.0.178,53414,25565,23193,3501451,3,0,0x0018
6551,2026-08-15T10:14:01.044258000-0500,36.177299000,192.168.0.178,192.168.0.148,25565,53414,3501451,23196,0,0,0x0010
6552,2026-08-15T10:14:01.080362000-0500,36.213403000,192.168.0.178,192.168.0.148,25565,53414,3501451,23196,397,0,0x0018
6553,2026-08-15T10:14:01.093820000-0500,36.226861000,192.168.0.148,192.168.0.178,53414,25565,23196,3501848,4,0,0x0018
6554,2026-08-15T10:14:01.093854000-0500,36.226895000,192.168.0.148,192.168.0.178,53414,25565,23200,3501848,28,0,0x0018
6555,2026-08-15T10:14:01.094674000-0500,36.227715000,192.168.0.178,192.168.0.148,25565,53414,3501848,23228,0,0,0x0010
6556,2026-08-15T10:14:01.095327000-0500,36.228368000,192.168.0.148,192.168.0.178,53414,25565,23228,3501848,3,0,0x0018
6557,2026-08-15T10:14:01.131455000-0500,36.264496000,192.168.0.178,192.168.0.148,25565,53414,3501848,23231,243,0,0x0018
6558,2026-08-15T10:14:01.131671000-0500,36.264712000,192.168.0.148,192.168.0.178,53414,25565,23231,3502091,11,0,0x0018
6559,2026-08-15T10:14:01.143374000-0500,36.276415000,192.168.0.148,192.168.0.178,53414,25565,23242,3502091,28,0,0x0018
6560,2026-08-15T10:14:01.144079000-0500,36.277120000,192.168.0.178,192.168.0.148,25565,53414,3502091,23270,0,0,0x0010
6561,2026-08-15T10:14:01.144909000-0500,36.277950000,192.168.0.148,192.168.0.178,53414,25565,23270,3502091,3,0,0x0018
6562,2026-08-15T10:14:01.182820000-0500,36.315861000,192.168.0.178,192.168.0.148,25565,53414,3502091,23273,414,0,0x0018
6563,2026-08-15T10:14:01.193371000-0500,36.326412000,192.168.0.148,192.168.0.178,53414,25565,23273,3502505,4,0,0x0018
6564,2026-08-15T10:14:01.193407000-0500,36.326448000,192.168.0.148,192.168.0.178,53414,25565,23277,3502505,28,0,0x0018
6565,2026-08-15T10:14:01.194033000-0500,36.327074000,192.168.0.178,192.168.0.148,25565,53414,3502505,23305,0,0,0x0010
6566,2026-08-15T10:14:01.195353000-0500,36.328394000,192.168.0.148,192.168.0.178,53414,25565,23305,3502505,3,0,0x0018
6567,2026-08-15T10:14:01.234145000-0500,36.367186000,192.168.0.178,192.168.0.148,25565,53414,3502505,23308,1142,0,0x0018
6568,2026-08-15T10:14:01.242740000-0500,36.375781000,192.168.0.148,192.168.0.178,53414,25565,23308,3503647,4,0,0x0018
6569,2026-08-15T10:14:01.242764000-0500,36.375805000,192.168.0.148,192.168.0.178,53414,25565,23312,3503647,28,0,0x0018
6570,2026-08-15T10:14:01.243416000-0500,36.376457000,192.168.0.178,192.168.0.148,25565,53414,3503647,23340,0,0,0x0010
6571,2026-08-15T10:14:01.243793000-0500,36.376834000,192.168.0.148,192.168.0.178,53414,25565,23340,3503647,3,0,0x0018
6572,2026-08-15T10:14:01.278391000-0500,36.411432000,192.168.0.178,192.168.0.148,25565,53414,3503647,23343,394,0,0x0018
6573,2026-08-15T10:14:01.292835000-0500,36.425876000,192.168.0.148,192.168.0.178,53414,25565,23343,3504041,28,0,0x0018
6574,2026-08-15T10:14:01.293777000-0500,36.426818000,192.168.0.148,192.168.0.178,53414,25565,23371,3504041,3,0,0x0018
6575,2026-08-15T10:14:01.294456000-0500,36.427497000,192.168.0.178,192.168.0.148,25565,53414,3504041,23374,0,0,0x0010
6576,2026-08-15T10:14:01.329474000-0500,36.462515000,192.168.0.178,192.168.0.148,25565,53414,3504041,23374,269,0,0x0018
6577,2026-08-15T10:14:01.342952000-0500,36.475993000,192.168.0.148,192.168.0.178,53414,25565,23374,3504310,28,0,0x0018
6578,2026-08-15T10:14:01.344432000-0500,36.477473000,192.168.0.148,192.168.0.178,53414,25565,23402,3504310,3,0,0x0018
6579,2026-08-15T10:14:01.345205000-0500,36.478246000,192.168.0.178,192.168.0.148,25565,53414,3504310,23405,0,0,0x0010
6580,2026-08-15T10:14:01.381157000-0500,36.514198000,192.168.0.178,192.168.0.148,25565,53414,3504310,23405,478,0,0x0018
6581,2026-08-15T10:14:01.393471000-0500,36.526512000,192.168.0.148,192.168.0.178,53414,25565,23405,3504788,28,0,0x0018
6582,2026-08-15T10:14:01.394751000-0500,36.527792000,192.168.0.148,192.168.0.178,53414,25565,23433,3504788,3,0,0x0018
6583,2026-08-15T10:14:01.395496000-0500,36.528537000,192.168.0.178,192.168.0.148,25565,53414,3504788,23436,0,0,0x0010
6584,2026-08-15T10:14:01.428511000-0500,36.561552000,192.168.0.178,192.168.0.148,25565,53414,3504788,23436,319,0,0x0018
6585,2026-08-15T10:14:01.443517000-0500,36.576558000,192.168.0.148,192.168.0.178,53414,25565,23436,3505107,28,0,0x0018
6586,2026-08-15T10:14:01.444947000-0500,36.577988000,192.168.0.148,192.168.0.178,53414,25565,23464,3505107,3,0,0x0018
6587,2026-08-15T10:14:01.445671000-0500,36.578712000,192.168.0.178,192.168.0.148,25565,53414,3505107,23467,0,0,0x0010
6588,2026-08-15T10:14:01.480539000-0500,36.613580000,192.168.0.178,192.168.0.148,25565,53414,3505107,23467,168,0,0x0018
6589,2026-08-15T10:14:01.493484000-0500,36.626525000,192.168.0.148,192.168.0.178,53414,25565,23467,3505275,28,0,0x0018
6590,2026-08-15T10:14:01.495089000-0500,36.628130000,192.168.0.148,192.168.0.178,53414,25565,23495,3505275,3,0,0x0018
6591,2026-08-15T10:14:01.495803000-0500,36.628844000,192.168.0.178,192.168.0.148,25565,53414,3505275,23498,0,0,0x0010
6592,2026-08-15T10:14:01.531222000-0500,36.664263000,192.168.0.178,192.168.0.148,25565,53414,3505275,23498,981,0,0x0018
6593,2026-08-15T10:14:01.542397000-0500,36.675438000,192.168.0.148,192.168.0.178,53414,25565,23498,3506256,4,0,0x0018
6594,2026-08-15T10:14:01.542435000-0500,36.675476000,192.168.0.148,192.168.0.178,53414,25565,23502,3506256,28,0,0x0018
6595,2026-08-15T10:14:01.543290000-0500,36.676331000,192.168.0.178,192.168.0.148,25565,53414,3506256,23530,0,0,0x0010
6596,2026-08-15T10:14:01.543553000-0500,36.676594000,192.168.0.148,192.168.0.178,53414,25565,23530,3506256,3,0,0x0018
6597,2026-08-15T10:14:01.578808000-0500,36.711849000,192.168.0.178,192.168.0.148,25565,53414,3506256,23533,303,0,0x0018
6598,2026-08-15T10:14:01.593932000-0500,36.726973000,192.168.0.148,192.168.0.178,53414,25565,23533,3506559,4,0,0x0018
6599,2026-08-15T10:14:01.593962000-0500,36.727003000,192.168.0.148,192.168.0.178,53414,25565,23537,3506559,28,0,0x0018
6600,2026-08-15T10:14:01.594693000-0500,36.727734000,192.168.0.178,192.168.0.148,25565,53414,3506559,23565,0,0,0x0010
6601,2026-08-15T10:14:01.595609000-0500,36.728650000,192.168.0.148,192.168.0.178,53414,25565,23565,3506559,3,0,0x0018
6602,2026-08-15T10:14:01.632658000-0500,36.765699000,192.168.0.178,192.168.0.148,25565,53414,3506559,23568,181,0,0x0018
6603,2026-08-15T10:14:01.642644000-0500,36.775685000,192.168.0.148,192.168.0.178,53414,25565,23568,3506740,4,0,0x0018
6604,2026-08-15T10:14:01.642665000-0500,36.775706000,192.168.0.148,192.168.0.178,53414,25565,23572,3506740,28,0,0x0018
6605,2026-08-15T10:14:01.643416000-0500,36.776457000,192.168.0.178,192.168.0.148,25565,53414,3506740,23600,0,0,0x0010
6606,2026-08-15T10:14:01.643535000-0500,36.776576000,192.168.0.148,192.168.0.178,53414,25565,23600,3506740,3,0,0x0018
6607,2026-08-15T10:14:01.681212000-0500,36.814253000,192.168.0.178,192.168.0.148,25565,53414,3506740,23603,942,0,0x0018
6608,2026-08-15T10:14:01.692966000-0500,36.826007000,192.168.0.148,192.168.0.178,53414,25565,23603,3507682,28,0,0x0018
6609,2026-08-15T10:14:01.694117000-0500,36.827158000,192.168.0.148,192.168.0.178,53414,25565,23631,3507682,3,0,0x0018
6610,2026-08-15T10:14:01.694760000-0500,36.827801000,192.168.0.178,192.168.0.148,25565,53414,3507682,23634,0,0,0x0010
6611,2026-08-15T10:14:01.730256000-0500,36.863297000,192.168.0.178,192.168.0.148,25565,53414,3507682,23634,581,0,0x0018
6612,2026-08-15T10:14:01.743344000-0500,36.876385000,192.168.0.148,192.168.0.178,53414,25565,23634,3508263,28,0,0x0018
6613,2026-08-15T10:14:01.744927000-0500,36.877968000,192.168.0.148,192.168.0.178,53414,25565,23662,3508263,3,0,0x0018
6614,2026-08-15T10:14:01.745567000-0500,36.878608000,192.168.0.178,192.168.0.148,25565,53414,3508263,23665,0,0,0x0010
6615,2026-08-15T10:14:01.779389000-0500,36.912430000,192.168.0.178,192.168.0.148,25565,53414,3508263,23665,1460,0,0x0010
6616,2026-08-15T10:14:01.779389000-0500,36.912430000,192.168.0.178,192.168.0.148,25565,53414,3509723,23665,1460,0,0x0010
6617,2026-08-15T10:14:01.779445000-0500,36.912486000,192.168.0.148,192.168.0.178,53414,25565,23665,3511183,0,0,0x0010
6618,2026-08-15T10:14:01.779502000-0500,36.912543000,192.168.0.178,192.168.0.148,25565,53414,3511183,23665,1460,0,0x0010
6619,2026-08-15T10:14:01.779743000-0500,36.912784000,192.168.0.178,192.168.0.148,25565,53414,3512643,23665,1460,0,0x0010
6620,2026-08-15T10:14:01.779743000-0500,36.912784000,192.168.0.178,192.168.0.148,25565,53414,3514103,23665,1460,0,0x0010
6621,2026-08-15T10:14:01.779768000-0500,36.912809000,192.168.0.148,192.168.0.178,53414,25565,23665,3515563,0,0,0x0010
6622,2026-08-15T10:14:01.779988000-0500,36.913029000,192.168.0.178,192.168.0.148,25565,53414,3515563,23665,1460,0,0x0010
6623,2026-08-15T10:14:01.779988000-0500,36.913029000,192.168.0.178,192.168.0.148,25565,53414,3517023,23665,1460,0,0x0010
6624,2026-08-15T10:14:01.780012000-0500,36.913053000,192.168.0.148,192.168.0.178,53414,25565,23665,3518483,0,0,0x0010
6625,2026-08-15T10:14:01.780242000-0500,36.913283000,192.168.0.178,192.168.0.148,25565,53414,3518483,23665,1460,0,0x0010
6626,2026-08-15T10:14:01.780242000-0500,36.913283000,192.168.0.178,192.168.0.148,25565,53414,3519943,23665,1460,0,0x0018
6627,2026-08-15T10:14:01.780267000-0500,36.913308000,192.168.0.148,192.168.0.178,53414,25565,23665,3521403,0,0,0x0010
6628,2026-08-15T10:14:01.780481000-0500,36.913522000,192.168.0.178,192.168.0.148,25565,53414,3521403,23665,1460,0,0x0010
6629,2026-08-15T10:14:01.780481000-0500,36.913522000,192.168.0.178,192.168.0.148,25565,53414,3522863,23665,1460,0,0x0010
6630,2026-08-15T10:14:01.780509000-0500,36.913550000,192.168.0.148,192.168.0.178,53414,25565,23665,3524323,0,0,0x0010
6631,2026-08-15T10:14:01.780728000-0500,36.913769000,192.168.0.178,192.168.0.148,25565,53414,3524323,23665,1460,0,0x0010
6632,2026-08-15T10:14:01.780728000-0500,36.913769000,192.168.0.178,192.168.0.148,25565,53414,3525783,23665,1460,0,0x0010
6633,2026-08-15T10:14:01.780753000-0500,36.913794000,192.168.0.148,192.168.0.178,53414,25565,23665,3527243,0,0,0x0010
6634,2026-08-15T10:14:01.780974000-0500,36.914015000,192.168.0.178,192.168.0.148,25565,53414,3527243,23665,1460,0,0x0010
6635,2026-08-15T10:14:01.780974000-0500,36.914015000,192.168.0.178,192.168.0.148,25565,53414,3528703,23665,1460,0,0x0010
6636,2026-08-15T10:14:01.781000000-0500,36.914041000,192.168.0.148,192.168.0.178,53414,25565,23665,3530163,0,0,0x0010
6637,2026-08-15T10:14:01.781086000-0500,36.914127000,192.168.0.178,192.168.0.148,25565,53414,3530163,23665,108,0,0x0018
6638,2026-08-15T10:14:01.781092000-0500,36.914133000,192.168.0.148,192.168.0.178,53414,25565,23665,3530271,0,0,0x0010
6639,2026-08-15T10:14:01.793110000-0500,36.926151000,192.168.0.148,192.168.0.178,53414,25565,23665,3530271,4,0,0x0018
6640,2026-08-15T10:14:01.793128000-0500,36.926169000,192.168.0.148,192.168.0.178,53414,25565,23669,3530271,28,0,0x0018
6641,2026-08-15T10:14:01.793788000-0500,36.926829000,192.168.0.178,192.168.0.148,25565,53414,3530271,23697,0,0,0x0010
6642,2026-08-15T10:14:01.793886000-0500,36.926927000,192.168.0.148,192.168.0.178,53414,25565,23697,3530271,3,0,0x0018
6643,2026-08-15T10:14:01.794263000-0500,36.927304000,192.168.0.178,192.168.0.148,25565,53414,3530271,23697,11,0,0x0018
6644,2026-08-15T10:14:01.794263000-0500,36.927304000,192.168.0.178,192.168.0.148,25565,53414,3530282,23697,22,0,0x0018
6645,2026-08-15T10:14:01.794263000-0500,36.927304000,192.168.0.178,192.168.0.148,25565,53414,3530304,23697,33,0,0x0018
6646,2026-08-15T10:14:01.794263000-0500,36.927304000,192.168.0.178,192.168.0.148,25565,53414,3530337,23697,11,0,0x0018
6647,2026-08-15T10:14:01.794263000-0500,36.927304000,192.168.0.178,192.168.0.148,25565,53414,3530348,23700,22,0,0x0018
6648,2026-08-15T10:14:01.794263000-0500,36.927304000,192.168.0.178,192.168.0.148,25565,53414,3530370,23700,11,0,0x0018
6649,2026-08-15T10:14:01.794263000-0500,36.927304000,192.168.0.178,192.168.0.148,25565,53414,3530381,23700,22,0,0x0018
6650,2026-08-15T10:14:01.794292000-0500,36.927333000,192.168.0.148,192.168.0.178,53414,25565,23700,3530403,0,0,0x0010
6651,2026-08-15T10:14:01.794326000-0500,36.927367000,192.168.0.178,192.168.0.148,25565,53414,3530403,23700,11,0,0x0018
6652,2026-08-15T10:14:01.794326000-0500,36.927367000,192.168.0.178,192.168.0.148,25565,53414,3530414,23700,22,0,0x0018
6653,2026-08-15T10:14:01.794326000-0500,36.927367000,192.168.0.178,192.168.0.148,25565,53414,3530436,23700,13,0,0x0018
6654,2026-08-15T10:14:01.794333000-0500,36.927374000,192.168.0.148,192.168.0.178,53414,25565,23700,3530449,0,0,0x0010
6655,2026-08-15T10:14:01.829117000-0500,36.962158000,192.168.0.178,192.168.0.148,25565,53414,3530449,23700,632,0,0x0018
6656,2026-08-15T10:14:01.842624000-0500,36.975665000,192.168.0.148,192.168.0.178,53414,25565,23700,3531081,28,0,0x0018
6657,2026-08-15T10:14:01.843482000-0500,36.976523000,192.168.0.148,192.168.0.178,53414,25565,23728,3531081,3,0,0x0018
6658,2026-08-15T10:14:01.844185000-0500,36.977226000,192.168.0.178,192.168.0.148,25565,53414,3531081,23731,0,0,0x0010
6659,2026-08-15T10:14:01.883874000-0500,37.016915000,192.168.0.178,192.168.0.148,25565,53414,3531081,23731,554,0,0x0018
6660,2026-08-15T10:14:01.893516000-0500,37.026557000,192.168.0.148,192.168.0.178,53414,25565,23731,3531635,28,0,0x0018
6661,2026-08-15T10:14:01.895003000-0500,37.028044000,192.168.0.148,192.168.0.178,53414,25565,23759,3531635,3,0,0x0018
6662,2026-08-15T10:14:01.895870000-0500,37.028911000,192.168.0.178,192.168.0.148,25565,53414,3531635,23762,0,0,0x0010
6663,2026-08-15T10:14:01.930163000-0500,37.063204000,192.168.0.178,192.168.0.148,25565,53414,3531635,23762,222,0,0x0018
6664,2026-08-15T10:14:01.943364000-0500,37.076405000,192.168.0.148,192.168.0.178,53414,25565,23762,3531857,28,0,0x0018
6665,2026-08-15T10:14:01.944815000-0500,37.077856000,192.168.0.148,192.168.0.178,53414,25565,23790,3531857,3,0,0x0018
6666,2026-08-15T10:14:01.945566000-0500,37.078607000,192.168.0.178,192.168.0.148,25565,53414,3531857,23793,0,0,0x0010
6667,2026-08-15T10:14:01.978873000-0500,37.111914000,192.168.0.178,192.168.0.148,25565,53414,3531857,23793,695,0,0x0018
6668,2026-08-15T10:14:01.994471000-0500,37.127512000,192.168.0.148,192.168.0.178,53414,25565,23793,3532552,28,0,0x0018
6669,2026-08-15T10:14:01.995601000-0500,37.128642000,192.168.0.148,192.168.0.178,53414,25565,23821,3532552,3,0,0x0018
6670,2026-08-15T10:14:01.996279000-0500,37.129320000,192.168.0.178,192.168.0.148,25565,53414,3532552,23824,0,0,0x0010
6671,2026-08-15T10:14:02.028967000-0500,37.162008000,192.168.0.178,192.168.0.148,25565,53414,3532552,23824,1321,0,0x0018
6672,2026-08-15T10:14:02.043177000-0500,37.176218000,192.168.0.148,192.168.0.178,53414,25565,23824,3533873,28,0,0x0018
6673,2026-08-15T10:14:02.044185000-0500,37.177226000,192.168.0.178,192.168.0.148,25565,53414,3533873,23852,46,0,0x0018
6674,2026-08-15T10:14:02.044569000-0500,37.177610000,192.168.0.148,192.168.0.178,53414,25565,23852,3533919,3,0,0x0018
6675,2026-08-15T10:14:02.079251000-0500,37.212292000,192.168.0.178,192.168.0.148,25565,53414,3533919,23855,177,0,0x0018
6676,2026-08-15T10:14:02.092991000-0500,37.226032000,192.168.0.148,192.168.0.178,53414,25565,23855,3534096,28,0,0x0018
6677,2026-08-15T10:14:02.093997000-0500,37.227038000,192.168.0.148,192.168.0.178,53414,25565,23883,3534096,3,0,0x0018
6678,2026-08-15T10:14:02.094785000-0500,37.227826000,192.168.0.178,192.168.0.148,25565,53414,3534096,23886,0,0,0x0010
6679,2026-08-15T10:14:02.128700000-0500,37.261741000,192.168.0.178,192.168.0.148,25565,53414,3534096,23886,808,0,0x0018
6680,2026-08-15T10:14:02.143044000-0500,37.276085000,192.168.0.148,192.168.0.178,53414,25565,23886,3534904,28,0,0x0018
6681,2026-08-15T10:14:02.144377000-0500,37.277418000,192.168.0.148,192.168.0.178,53414,25565,23914,3534904,3,0,0x0018
6682,2026-08-15T10:14:02.145128000-0500,37.278169000,192.168.0.178,192.168.0.148,25565,53414,3534904,23917,0,0,0x0010
6683,2026-08-15T10:14:02.181151000-0500,37.314192000,192.168.0.178,192.168.0.148,25565,53414,3534904,23917,1386,0,0x0018
6684,2026-08-15T10:14:02.181528000-0500,37.314569000,192.168.0.148,192.168.0.178,53414,25565,23917,3536290,11,0,0x0018
6685,2026-08-15T10:14:02.193578000-0500,37.326619000,192.168.0.148,192.168.0.178,53414,25565,23928,3536290,28,0,0x0018
6686,2026-08-15T10:14:02.195061000-0500,37.328102000,192.168.0.148,192.168.0.178,53414,25565,23956,3536290,3,0,0x0018
6687,2026-08-15T10:14:02.195809000-0500,37.328850000,192.168.0.178,192.168.0.148,25565,53414,3536290,23956,0,0,0x0010
6688,2026-08-15T10:14:02.232819000-0500,37.365860000,192.168.0.178,192.168.0.148,25565,53414,3536290,23959,299,0,0x0018
6689,2026-08-15T10:14:02.243594000-0500,37.376635000,192.168.0.148,192.168.0.178,53414,25565,23959,3536589,28,0,0x0018
6690,2026-08-15T10:14:02.244851000-0500,37.377892000,192.168.0.148,192.168.0.178,53414,25565,23987,3536589,3,0,0x0018
6691,2026-08-15T10:14:02.245522000-0500,37.378563000,192.168.0.178,192.168.0.148,25565,53414,3536589,23990,0,0,0x0010
6692,2026-08-15T10:14:02.278069000-0500,37.411110000,192.168.0.178,192.168.0.148,25565,53414,3536589,23990,598,0,0x0018
6693,2026-08-15T10:14:02.293077000-0500,37.426118000,192.168.0.148,192.168.0.178,53414,25565,23990,3537187,28,0,0x0018
6694,2026-08-15T10:14:02.294148000-0500,37.427189000,192.168.0.148,192.168.0.178,53414,25565,24018,3537187,3,0,0x0018
6695,2026-08-15T10:14:02.295028000-0500,37.428069000,192.168.0.178,192.168.0.148,25565,53414,3537187,24021,0,0,0x0010
6696,2026-08-15T10:14:02.329536000-0500,37.462577000,192.168.0.178,192.168.0.148,25565,53414,3537187,24021,305,0,0x0018
6697,2026-08-15T10:14:02.342861000-0500,37.475902000,192.168.0.148,192.168.0.178,53414,25565,24021,3537492,4,0,0x0018
6698,2026-08-15T10:14:02.342902000-0500,37.475943000,192.168.0.148,192.168.0.178,53414,25565,24025,3537492,28,0,0x0018
6699,2026-08-15T10:14:02.343611000-0500,37.476652000,192.168.0.178,192.168.0.148,25565,53414,3537492,24053,0,0,0x0010
6700,2026-08-15T10:14:02.344055000-0500,37.477096000,192.168.0.148,192.168.0.178,53414,25565,24053,3537492,3,0,0x0018
6701,2026-08-15T10:14:02.377930000-0500,37.510971000,192.168.0.178,192.168.0.148,25565,53414,3537492,24056,235,0,0x0018
6702,2026-08-15T10:14:02.393634000-0500,37.526675000,192.168.0.148,192.168.0.178,53414,25565,24056,3537727,28,0,0x0018
6703,2026-08-15T10:14:02.395079000-0500,37.528120000,192.168.0.148,192.168.0.178,53414,25565,24084,3537727,3,0,0x0018
6704,2026-08-15T10:14:02.395677000-0500,37.528718000,192.168.0.178,192.168.0.148,25565,53414,3537727,24087,0,0,0x0010
6705,2026-08-15T10:14:02.429197000-0500,37.562238000,192.168.0.178,192.168.0.148,25565,53414,3537727,24087,946,0,0x0018
6706,2026-08-15T10:14:02.443712000-0500,37.576753000,192.168.0.148,192.168.0.178,53414,25565,24087,3538673,28,0,0x0018
6707,2026-08-15T10:14:02.445253000-0500,37.578294000,192.168.0.148,192.168.0.178,53414,25565,24115,3538673,3,0,0x0018
6708,2026-08-15T10:14:02.445899000-0500,37.578940000,192.168.0.178,192.168.0.148,25565,53414,3538673,24118,0,0,0x0010
6709,2026-08-15T10:14:02.478055000-0500,37.611096000,192.168.0.178,192.168.0.148,25565,53414,3538673,24118,388,0,0x0018
6710,2026-08-15T10:14:02.493804000-0500,37.626845000,192.168.0.148,192.168.0.178,53414,25565,24118,3539061,28,0,0x0018
6711,2026-08-15T10:14:02.495375000-0500,37.628416000,192.168.0.148,192.168.0.178,53414,25565,24146,3539061,3,0,0x0018
6712,2026-08-15T10:14:02.496156000-0500,37.629197000,192.168.0.178,192.168.0.148,25565,53414,3539061,24149,0,0,0x0010
6713,2026-08-15T10:14:02.528081000-0500,37.661122000,192.168.0.178,192.168.0.148,25565,53414,3539061,24149,123,0,0x0018
6714,2026-08-15T10:14:02.543161000-0500,37.676202000,192.168.0.148,192.168.0.178,53414,25565,24149,3539184,28,0,0x0018
6715,2026-08-15T10:14:02.544791000-0500,37.677832000,192.168.0.148,192.168.0.178,53414,25565,24177,3539184,3,0,0x0018
6716,2026-08-15T10:14:02.545648000-0500,37.678689000,192.168.0.178,192.168.0.148,25565,53414,3539184,24180,0,0,0x0010
6717,2026-08-15T10:14:02.580712000-0500,37.713753000,192.168.0.178,192.168.0.148,25565,53414,3539184,24180,714,0,0x0018
6718,2026-08-15T10:14:02.592904000-0500,37.725945000,192.168.0.148,192.168.0.178,53414,25565,24180,3539898,4,0,0x0018
6719,2026-08-15T10:14:02.592926000-0500,37.725967000,192.168.0.148,192.168.0.178,53414,25565,24184,3539898,28,0,0x0018
6720,2026-08-15T10:14:02.593564000-0500,37.726605000,192.168.0.178,192.168.0.148,25565,53414,3539898,24212,0,0,0x0010
6721,2026-08-15T10:14:02.593754000-0500,37.726795000,192.168.0.148,192.168.0.178,53414,25565,24212,3539898,3,0,0x0018
6722,2026-08-15T10:14:02.628875000-0500,37.761916000,192.168.0.178,192.168.0.148,25565,53414,3539898,24215,278,0,0x0018
6723,2026-08-15T10:14:02.643376000-0500,37.776417000,192.168.0.148,192.168.0.178,53414,25565,24215,3540176,28,0,0x0018
6724,2026-08-15T10:14:02.644642000-0500,37.777683000,192.168.0.148,192.168.0.178,53414,25565,24243,3540176,3,0,0x0018
6725,2026-08-15T10:14:02.645338000-0500,37.778379000,192.168.0.178,192.168.0.148,25565,53414,3540176,24246,0,0,0x0010
6726,2026-08-15T10:14:02.679629000-0500,37.812670000,192.168.0.178,192.168.0.148,25565,53414,3540176,24246,379,0,0x0018
6727,2026-08-15T10:14:02.693682000-0500,37.826723000,192.168.0.148,192.168.0.178,53414,25565,24246,3540555,4,0,0x0018
6728,2026-08-15T10:14:02.693712000-0500,37.826753000,192.168.0.148,192.168.0.178,53414,25565,24250,3540555,36,0,0x0018
6729,2026-08-15T10:14:02.694631000-0500,37.827672000,192.168.0.178,192.168.0.148,25565,53414,3540555,24286,0,0,0x0010
6730,2026-08-15T10:14:02.694953000-0500,37.827994000,192.168.0.148,192.168.0.178,53414,25565,24286,3540555,3,0,0x0018
6731,2026-08-15T10:14:02.728731000-0500,37.861772000,192.168.0.178,192.168.0.148,25565,53414,3540555,24289,775,0,0x0018
6732,2026-08-15T10:14:02.743852000-0500,37.876893000,192.168.0.148,192.168.0.178,53414,25565,24289,3541330,36,0,0x0018
6733,2026-08-15T10:14:02.745638000-0500,37.878679000,192.168.0.148,192.168.0.178,53414,25565,24325,3541330,3,0,0x0018
6734,2026-08-15T10:14:02.746389000-0500,37.879430000,192.168.0.178,192.168.0.148,25565,53414,3541330,24328,0,0,0x0010
6735,2026-08-15T10:14:02.778966000-0500,37.912007000,192.168.0.178,192.168.0.148,25565,53414,3541330,24328,261,0,0x0018
6736,2026-08-15T10:14:02.793651000-0500,37.926692000,192.168.0.148,192.168.0.178,53414,25565,24328,3541591,36,0,0x0018
6737,2026-08-15T10:14:02.794852000-0500,37.927893000,192.168.0.148,192.168.0.178,53414,25565,24364,3541591,3,0,0x0018
6738,2026-08-15T10:14:02.795581000-0500,37.928622000,192.168.0.178,192.168.0.148,25565,53414,3541591,24367,0,0,0x0010
6739,2026-08-15T10:14:02.828290000-0500,37.961331000,192.168.0.178,192.168.0.148,25565,53414,3541591,24367,243,0,0x0018
6740,2026-08-15T10:14:02.842738000-0500,37.975779000,192.168.0.148,192.168.0.178,53414,25565,24367,3541834,36,0,0x0018
6741,2026-08-15T10:14:02.843578000-0500,37.976619000,192.168.0.148,192.168.0.178,53414,25565,24403,3541834,3,0,0x0018
6742,2026-08-15T10:14:02.844300000-0500,37.977341000,192.168.0.178,192.168.0.148,25565,53414,3541834,24406,0,0,0x0010
6743,2026-08-15T10:14:02.879763000-0500,38.012804000,192.168.0.178,192.168.0.148,25565,53414,3541834,24406,710,0,0x0018
6744,2026-08-15T10:14:02.893808000-0500,38.026849000,192.168.0.148,192.168.0.178,53414,25565,24406,3542544,36,0,0x0018
6745,2026-08-15T10:14:02.895257000-0500,38.028298000,192.168.0.148,192.168.0.178,53414,25565,24442,3542544,3,0,0x0018
6746,2026-08-15T10:14:02.895982000-0500,38.029023000,192.168.0.178,192.168.0.148,25565,53414,3542544,24445,0,0,0x0010
6747,2026-08-15T10:14:02.928346000-0500,38.061387000,192.168.0.178,192.168.0.148,25565,53414,3542544,24445,489,0,0x0018
6748,2026-08-15T10:14:02.943536000-0500,38.076577000,192.168.0.148,192.168.0.178,53414,25565,24445,3543033,36,0,0x0018
6749,2026-08-15T10:14:02.945351000-0500,38.078392000,192.168.0.148,192.168.0.178,53414,25565,24481,3543033,3,0,0x0018
6750,2026-08-15T10:14:02.945991000-0500,38.079032000,192.168.0.178,192.168.0.148,25565,53414,3543033,24484,0,0,0x0010
6751,2026-08-15T10:14:02.979846000-0500,38.112887000,192.168.0.178,192.168.0.148,25565,53414,3543033,24484,256,0,0x0018
6752,2026-08-15T10:14:02.993534000-0500,38.126575000,192.168.0.148,192.168.0.178,53414,25565,24484,3543289,36,0,0x0018
6753,2026-08-15T10:14:02.994786000-0500,38.127827000,192.168.0.148,192.168.0.178,53414,25565,24520,3543289,3,0,0x0018
6754,2026-08-15T10:14:02.995408000-0500,38.128449000,192.168.0.178,192.168.0.148,25565,53414,3543289,24523,0,0,0x0010
6755,2026-08-15T10:14:03.028767000-0500,38.161808000,192.168.0.178,192.168.0.148,25565,53414,3543289,24523,765,0,0x0018
6756,2026-08-15T10:14:03.043196000-0500,38.176237000,192.168.0.148,192.168.0.178,53414,25565,24523,3544054,28,0,0x0018
6757,2026-08-15T10:14:03.044868000-0500,38.177909000,192.168.0.148,192.168.0.178,53414,25565,24551,3544054,3,0,0x0018
6758,2026-08-15T10:14:03.045634000-0500,38.178675000,192.168.0.178,192.168.0.148,25565,53414,3544054,24554,0,0,0x0010
6759,2026-08-15T10:14:03.091652000-0500,38.224693000,192.168.0.178,192.168.0.148,25565,53414,3544054,24554,328,0,0x0018
6760,2026-08-15T10:14:03.092348000-0500,38.225389000,192.168.0.148,192.168.0.178,53414,25565,24554,3544382,28,0,0x0018
6761,2026-08-15T10:14:03.093304000-0500,38.226345000,192.168.0.148,192.168.0.178,53414,25565,24582,3544382,3,0,0x0018
6762,2026-08-15T10:14:03.094018000-0500,38.227059000,192.168.0.178,192.168.0.148,25565,53414,3544382,24585,0,0,0x0010
6763,2026-08-15T10:14:03.129500000-0500,38.262541000,192.168.0.178,192.168.0.148,25565,53414,3544382,24585,219,0,0x0018
6764,2026-08-15T10:14:03.142426000-0500,38.275467000,192.168.0.148,192.168.0.178,53414,25565,24585,3544601,4,0,0x0018
6765,2026-08-15T10:14:03.142449000-0500,38.275490000,192.168.0.148,192.168.0.178,53414,25565,24589,3544601,28,0,0x0018
6766,2026-08-15T10:14:03.143167000-0500,38.276208000,192.168.0.178,192.168.0.148,25565,53414,3544601,24617,0,0,0x0010
6767,2026-08-15T10:14:03.143541000-0500,38.276582000,192.168.0.148,192.168.0.178,53414,25565,24617,3544601,3,0,0x0018
6768,2026-08-15T10:14:03.179144000-0500,38.312185000,192.168.0.178,192.168.0.148,25565,53414,3544601,24620,1417,0,0x0018
6769,2026-08-15T10:14:03.193349000-0500,38.326390000,192.168.0.148,192.168.0.178,53414,25565,24620,3546018,28,0,0x0018
6770,2026-08-15T10:14:03.194770000-0500,38.327811000,192.168.0.148,192.168.0.178,53414,25565,24648,3546018,3,0,0x0018
6771,2026-08-15T10:14:03.195543000-0500,38.328584000,192.168.0.178,192.168.0.148,25565,53414,3546018,24651,0,0,0x0010
6772,2026-08-15T10:14:03.230869000-0500,38.363910000,192.168.0.178,192.168.0.148,25565,53414,3546018,24651,444,0,0x0018
6773,2026-08-15T10:14:03.231183000-0500,38.364224000,192.168.0.148,192.168.0.178,53414,25565,24651,3546462,11,0,0x0018
6774,2026-08-15T10:14:03.244363000-0500,38.377404000,192.168.0.148,192.168.0.178,53414,25565,24662,3546462,28,0,0x0018
6775,2026-08-15T10:14:03.245159000-0500,38.378200000,192.168.0.178,192.168.0.148,25565,53414,3546462,24690,0,0,0x0010
6776,2026-08-15T10:14:03.245258000-0500,38.378299000,192.168.0.148,192.168.0.178,53414,25565,24690,3546462,3,0,0x0018
6777,2026-08-15T10:14:03.280917000-0500,38.413958000,192.168.0.178,192.168.0.148,25565,53414,3546462,24693,434,0,0x0018
6778,2026-08-15T10:14:03.294744000-0500,38.427785000,192.168.0.148,192.168.0.178,53414,25565,24693,3546896,36,0,0x0018
6779,2026-08-15T10:14:03.295388000-0500,38.428429000,192.168.0.148,192.168.0.178,53414,25565,24729,3546896,3,0,0x0018
6780,2026-08-15T10:14:03.296141000-0500,38.429182000,192.168.0.178,192.168.0.148,25565,53414,3546896,24732,0,0,0x0010
6781,2026-08-15T10:14:03.329130000-0500,38.462171000,192.168.0.178,192.168.0.148,25565,53414,3546896,24732,683,0,0x0018
6782,2026-08-15T10:14:03.343688000-0500,38.476729000,192.168.0.148,192.168.0.178,53414,25565,24732,3547579,4,0,0x0018
6783,2026-08-15T10:14:03.343714000-0500,38.476755000,192.168.0.148,192.168.0.178,53414,25565,24736,3547579,36,0,0x0018
6784,2026-08-15T10:14:03.344587000-0500,38.477628000,192.168.0.178,192.168.0.148,25565,53414,3547579,24772,0,0,0x0010
6785,2026-08-15T10:14:03.345199000-0500,38.478240000,192.168.0.148,192.168.0.178,53414,25565,24772,3547579,3,0,0x0018
6786,2026-08-15T10:14:03.381703000-0500,38.514744000,192.168.0.178,192.168.0.148,25565,53414,3547579,24775,609,0,0x0018
6787,2026-08-15T10:14:03.393400000-0500,38.526441000,192.168.0.148,192.168.0.178,53414,25565,24775,3548188,36,0,0x0018
6788,2026-08-15T10:14:03.394560000-0500,38.527601000,192.168.0.148,192.168.0.178,53414,25565,24811,3548188,3,0,0x0018
6789,2026-08-15T10:14:03.395370000-0500,38.528411000,192.168.0.178,192.168.0.148,25565,53414,3548188,24814,0,0,0x0010
6790,2026-08-15T10:14:03.428147000-0500,38.561188000,192.168.0.178,192.168.0.148,25565,53414,3548188,24814,303,0,0x0018
6791,2026-08-15T10:14:03.443439000-0500,38.576480000,192.168.0.148,192.168.0.178,53414,25565,24814,3548491,36,0,0x0018
6792,2026-08-15T10:14:03.444710000-0500,38.577751000,192.168.0.148,192.168.0.178,53414,25565,24850,3548491,3,0,0x0018
6793,2026-08-15T10:14:03.445367000-0500,38.578408000,192.168.0.178,192.168.0.148,25565,53414,3548491,24853,0,0,0x0010
6794,2026-08-15T10:14:03.485110000-0500,38.618151000,192.168.0.178,192.168.0.148,25565,53414,3548491,24853,653,0,0x0018
6795,2026-08-15T10:14:03.493776000-0500,38.626817000,192.168.0.148,192.168.0.178,53414,25565,24853,3549144,4,0,0x0018
6796,2026-08-15T10:14:03.493800000-0500,38.626841000,192.168.0.148,192.168.0.178,53414,25565,24857,3549144,36,0,0x0018
6797,2026-08-15T10:14:03.494695000-0500,38.627736000,192.168.0.178,192.168.0.148,25565,53414,3549144,24893,0,0,0x0010
6798,2026-08-15T10:14:03.494729000-0500,38.627770000,192.168.0.148,192.168.0.178,53414,25565,24893,3549144,3,0,0x0018
6799,2026-08-15T10:14:03.529558000-0500,38.662599000,192.168.0.178,192.168.0.148,25565,53414,3549144,24896,1336,0,0x0018
6800,2026-08-15T10:14:03.543655000-0500,38.676696000,192.168.0.148,192.168.0.178,53414,25565,24896,3550480,36,0,0x0018
6801,2026-08-15T10:14:03.545075000-0500,38.678116000,192.168.0.148,192.168.0.178,53414,25565,24932,3550480,3,0,0x0018
6802,2026-08-15T10:14:03.545707000-0500,38.678748000,192.168.0.178,192.168.0.148,25565,53414,3550480,24935,0,0,0x0010
6803,2026-08-15T10:14:03.578887000-0500,38.711928000,192.168.0.178,192.168.0.148,25565,53414,3550480,24935,315,0,0x0018
6804,2026-08-15T10:14:03.593739000-0500,38.726780000,192.168.0.148,192.168.0.178,53414,25565,24935,3550795,36,0,0x0018
6805,2026-08-15T10:14:03.595405000-0500,38.728446000,192.168.0.148,192.168.0.178,53414,25565,24971,3550795,3,0,0x0018
6806,2026-08-15T10:14:03.596235000-0500,38.729276000,192.168.0.178,192.168.0.148,25565,53414,3550795,24974,0,0,0x0010
6807,2026-08-15T10:14:03.628881000-0500,38.761922000,192.168.0.178,192.168.0.148,25565,53414,3550795,24974,871,0,0x0018
6808,2026-08-15T10:14:03.643430000-0500,38.776471000,192.168.0.148,192.168.0.178,53414,25565,24974,3551666,4,0,0x0018
6809,2026-08-15T10:14:03.643448000-0500,38.776489000,192.168.0.148,192.168.0.178,53414,25565,24978,3551666,36,0,0x0018
6810,2026-08-15T10:14:03.643829000-0500,38.776870000,192.168.0.148,192.168.0.178,53414,25565,25014,3551666,3,0,0x0018
6811,2026-08-15T10:14:03.644297000-0500,38.777338000,192.168.0.178,192.168.0.148,25565,53414,3551666,25014,0,0,0x0010
6812,2026-08-15T10:14:03.678882000-0500,38.811923000,192.168.0.178,192.168.0.148,25565,53414,3551666,25017,984,0,0x0018
6813,2026-08-15T10:14:03.693830000-0500,38.826871000,192.168.0.148,192.168.0.178,53414,25565,25017,3552650,36,0,0x0018
6814,2026-08-15T10:14:03.695366000-0500,38.828407000,192.168.0.148,192.168.0.178,53414,25565,25053,3552650,3,0,0x0018
6815,2026-08-15T10:14:03.696167000-0500,38.829208000,192.168.0.178,192.168.0.148,25565,53414,3552650,25056,0,0,0x0010
6816,2026-08-15T10:14:03.730435000-0500,38.863476000,192.168.0.178,192.168.0.148,25565,53414,3552650,25056,266,0,0x0018
6817,2026-08-15T10:14:03.742449000-0500,38.875490000,192.168.0.148,192.168.0.178,53414,25565,25056,3552916,36,0,0x0018
6818,2026-08-15T10:14:03.743332000-0500,38.876373000,192.168.0.148,192.168.0.178,53414,25565,25092,3552916,3,0,0x0018
6819,2026-08-15T10:14:03.744173000-0500,38.877214000,192.168.0.178,192.168.0.148,25565,53414,3552916,25095,0,0,0x0010
6820,2026-08-15T10:14:03.779702000-0500,38.912743000,192.168.0.178,192.168.0.148,25565,53414,3552916,25095,657,0,0x0018
6821,2026-08-15T10:14:03.793637000-0500,38.926678000,192.168.0.148,192.168.0.178,53414,25565,25095,3553573,4,0,0x0018
6822,2026-08-15T10:14:03.793671000-0500,38.926712000,192.168.0.148,192.168.0.178,53414,25565,25099,3553573,36,0,0x0018
6823,2026-08-15T10:14:03.794591000-0500,38.927632000,192.168.0.178,192.168.0.148,25565,53414,3553573,25135,0,0,0x0010
6824,2026-08-15T10:14:03.794801000-0500,38.927842000,192.168.0.148,192.168.0.178,53414,25565,25135,3553573,3,0,0x0018
6825,2026-08-15T10:14:03.828117000-0500,38.961158000,192.168.0.178,192.168.0.148,25565,53414,3553573,25138,220,0,0x0018
6826,2026-08-15T10:14:03.843292000-0500,38.976333000,192.168.0.148,192.168.0.178,53414,25565,25138,3553793,28,0,0x0018
6827,2026-08-15T10:14:03.844591000-0500,38.977632000,192.168.0.148,192.168.0.178,53414,25565,25166,3553793,3,0,0x0018
6828,2026-08-15T10:14:03.845180000-0500,38.978221000,192.168.0.178,192.168.0.148,25565,53414,3553793,25169,0,0,0x0010
6829,2026-08-15T10:14:03.879545000-0500,39.012586000,192.168.0.178,192.168.0.148,25565,53414,3553793,25169,235,0,0x0018
6830,2026-08-15T10:14:03.893012000-0500,39.026053000,192.168.0.148,192.168.0.178,53414,25565,25169,3554028,4,0,0x0018
6831,2026-08-15T10:14:03.893031000-0500,39.026072000,192.168.0.148,192.168.0.178,53414,25565,25173,3554028,28,0,0x0018
6832,2026-08-15T10:14:03.893773000-0500,39.026814000,192.168.0.178,192.168.0.148,25565,53414,3554028,25201,0,0,0x0010
6833,2026-08-15T10:14:03.893797000-0500,39.026838000,192.168.0.148,192.168.0.178,53414,25565,25201,3554028,3,0,0x0018
6834,2026-08-15T10:14:03.932680000-0500,39.065721000,192.168.0.178,192.168.0.148,25565,53414,3554028,25204,858,0,0x0018
6835,2026-08-15T10:14:03.943565000-0500,39.076606000,192.168.0.148,192.168.0.178,53414,25565,25204,3554886,28,0,0x0018
6836,2026-08-15T10:14:03.945065000-0500,39.078106000,192.168.0.148,192.168.0.178,53414,25565,25232,3554886,3,0,0x0018
6837,2026-08-15T10:14:03.945857000-0500,39.078898000,192.168.0.178,192.168.0.148,25565,53414,3554886,25235,0,0,0x0010
6838,2026-08-15T10:14:03.979141000-0500,39.112182000,192.168.0.178,192.168.0.148,25565,53414,3554886,25235,426,0,0x0018
6839,2026-08-15T10:14:03.993679000-0500,39.126720000,192.168.0.148,192.168.0.178,53414,25565,25235,3555312,36,0,0x0018
6840,2026-08-15T10:14:03.995351000-0500,39.128392000,192.168.0.148,192.168.0.178,53414,25565,25271,3555312,3,0,0x0018
6841,2026-08-15T10:14:03.995979000-0500,39.129020000,192.168.0.178,192.168.0.148,25565,53414,3555312,25274,0,0,0x0010
6842,2026-08-15T10:14:04.030153000-0500,39.163194000,192.168.0.178,192.168.0.148,25565,53414,3555312,25274,139,0,0x0018
6843,2026-08-15T10:14:04.044158000-0500,39.177199000,192.168.0.148,192.168.0.178,53414,25565,25274,3555451,4,0,0x0018
6844,2026-08-15T10:14:04.044191000-0500,39.177232000,192.168.0.148,192.168.0.178,53414,25565,25278,3555451,4,0,0x0018
6845,2026-08-15T10:14:04.044206000-0500,39.177247000,192.168.0.148,192.168.0.178,53414,25565,25282,3555451,36,0,0x0018
6846,2026-08-15T10:14:04.045193000-0500,39.178234000,192.168.0.178,192.168.0.148,25565,53414,3555451,25318,0,0,0x0010
6847,2026-08-15T10:14:04.045463000-0500,39.178504000,192.168.0.148,192.168.0.178,53414,25565,25318,3555451,3,0,0x0018
6848,2026-08-15T10:14:04.078775000-0500,39.211816000,192.168.0.178,192.168.0.148,25565,53414,3555451,25321,755,0,0x0018
6849,2026-08-15T10:14:04.093020000-0500,39.226061000,192.168.0.148,192.168.0.178,53414,25565,25321,3556206,36,0,0x0018
6850,2026-08-15T10:14:04.094054000-0500,39.227095000,192.168.0.148,192.168.0.178,53414,25565,25357,3556206,3,0,0x0018
6851,2026-08-15T10:14:04.094856000-0500,39.227897000,192.168.0.178,192.168.0.148,25565,53414,3556206,25360,0,0,0x0010
6852,2026-08-15T10:14:04.127522000-0500,39.260563000,192.168.0.178,192.168.0.148,25565,53414,3556206,25360,379,0,0x0018
6853,2026-08-15T10:14:04.142740000-0500,39.275781000,192.168.0.148,192.168.0.178,53414,25565,25360,3556585,36,0,0x0018
6854,2026-08-15T10:14:04.143621000-0500,39.276662000,192.168.0.148,192.168.0.178,53414,25565,25396,3556585,3,0,0x0018
6855,2026-08-15T10:14:04.144308000-0500,39.277349000,192.168.0.178,192.168.0.148,25565,53414,3556585,25399,0,0,0x0010
6856,2026-08-15T10:14:04.181292000-0500,39.314333000,192.168.0.178,192.168.0.148,25565,53414,3556585,25399,354,0,0x0018
6857,2026-08-15T10:14:04.193819000-0500,39.326860000,192.168.0.148,192.168.0.178,53414,25565,25399,3556939,4,0,0x0018
6858,2026-08-15T10:14:04.193848000-0500,39.326889000,192.168.0.148,192.168.0.178,53414,25565,25403,3556939,28,0,0x0018
6859,2026-08-15T10:14:04.194645000-0500,39.327686000,192.168.0.178,192.168.0.148,25565,53414,3556939,25431,0,0,0x0010
6860,2026-08-15T10:14:04.195180000-0500,39.328221000,192.168.0.148,192.168.0.178,53414,25565,25431,3556939,3,0,0x0018
6861,2026-08-15T10:14:04.229046000-0500,39.362087000,192.168.0.178,192.168.0.148,25565,53414,3556939,25434,947,0,0x0018
6862,2026-08-15T10:14:04.243482000-0500,39.376523000,192.168.0.148,192.168.0.178,53414,25565,25434,3557886,36,0,0x0018
6863,2026-08-15T10:14:04.244859000-0500,39.377900000,192.168.0.148,192.168.0.178,53414,25565,25470,3557886,3,0,0x0018
6864,2026-08-15T10:14:04.245682000-0500,39.378723000,192.168.0.178,192.168.0.148,25565,53414,3557886,25473,0,0,0x0010
6865,2026-08-15T10:14:04.280299000-0500,39.413340000,192.168.0.178,192.168.0.148,25565,53414,3557886,25473,309,0,0x0018
6866,2026-08-15T10:14:04.280526000-0500,39.413567000,192.168.0.148,192.168.0.178,53414,25565,25473,3558195,11,0,0x0018
6867,2026-08-15T10:14:04.293637000-0500,39.426678000,192.168.0.148,192.168.0.178,53414,25565,25484,3558195,36,0,0x0018
6868,2026-08-15T10:14:04.294531000-0500,39.427572000,192.168.0.178,192.168.0.148,25565,53414,3558195,25520,0,0,0x0010
6869,2026-08-15T10:14:04.295079000-0500,39.428120000,192.168.0.148,192.168.0.178,53414,25565,25520,3558195,3,0,0x0018
6870,2026-08-15T10:14:04.332911000-0500,39.465952000,192.168.0.178,192.168.0.148,25565,53414,3558195,25523,248,0,0x0018
6871,2026-08-15T10:14:04.343273000-0500,39.476314000,192.168.0.148,192.168.0.178,53414,25565,25523,3558443,36,0,0x0018
6872,2026-08-15T10:14:04.345198000-0500,39.478239000,192.168.0.148,192.168.0.178,53414,25565,25559,3558443,3,0,0x0018
6873,2026-08-15T10:14:04.345905000-0500,39.478946000,192.168.0.178,192.168.0.148,25565,53414,3558443,25562,0,0,0x0010
6874,2026-08-15T10:14:04.377691000-0500,39.510732000,192.168.0.178,192.168.0.148,25565,53414,3558443,25562,752,0,0x0018
6875,2026-08-15T10:14:04.392942000-0500,39.525983000,192.168.0.148,192.168.0.178,53414,25565,25562,3559195,36,0,0x0018
6876,2026-08-15T10:14:04.393774000-0500,39.526815000,192.168.0.148,192.168.0.178,53414,25565,25598,3559195,3,0,0x0018
6877,2026-08-15T10:14:04.394519000-0500,39.527560000,192.168.0.178,192.168.0.148,25565,53414,3559195,25601,0,0,0x0010
6878,2026-08-15T10:14:04.431702000-0500,39.564743000,192.168.0.178,192.168.0.148,25565,53414,3559195,25601,355,0,0x0018
6879,2026-08-15T10:14:04.442806000-0500,39.575847000,192.168.0.148,192.168.0.178,53414,25565,25601,3559550,36,0,0x0018
6880,2026-08-15T10:14:04.443892000-0500,39.576933000,192.168.0.148,192.168.0.178,53414,25565,25637,3559550,3,0,0x0018
6881,2026-08-15T10:14:04.444644000-0500,39.577685000,192.168.0.178,192.168.0.148,25565,53414,3559550,25640,0,0,0x0010
6882,2026-08-15T10:14:04.479875000-0500,39.612916000,192.168.0.178,192.168.0.148,25565,53414,3559550,25640,249,0,0x0018
6883,2026-08-15T10:14:04.493197000-0500,39.626238000,192.168.0.148,192.168.0.178,53414,25565,25640,3559799,36,0,0x0018
6884,2026-08-15T10:14:04.494385000-0500,39.627426000,192.168.0.148,192.168.0.178,53414,25565,25676,3559799,3,0,0x0018
6885,2026-08-15T10:14:04.495299000-0500,39.628340000,192.168.0.178,192.168.0.148,25565,53414,3559799,25679,0,0,0x0010
6886,2026-08-15T10:14:04.531598000-0500,39.664639000,192.168.0.178,192.168.0.148,25565,53414,3559799,25679,757,0,0x0018
6887,2026-08-15T10:14:04.543412000-0500,39.676453000,192.168.0.148,192.168.0.178,53414,25565,25679,3560556,36,0,0x0018
6888,2026-08-15T10:14:04.544992000-0500,39.678033000,192.168.0.148,192.168.0.178,53414,25565,25715,3560556,3,0,0x0018
6889,2026-08-15T10:14:04.545708000-0500,39.678749000,192.168.0.178,192.168.0.148,25565,53414,3560556,25718,0,0,0x0010
6890,2026-08-15T10:14:04.577898000-0500,39.710939000,192.168.0.178,192.168.0.148,25565,53414,3560556,25718,424,0,0x0018
6891,2026-08-15T10:14:04.593758000-0500,39.726799000,192.168.0.148,192.168.0.178,53414,25565,25718,3560980,36,0,0x0018
6892,2026-08-15T10:14:04.595258000-0500,39.728299000,192.168.0.148,192.168.0.178,53414,25565,25754,3560980,3,0,0x0018
6893,2026-08-15T10:14:04.595964000-0500,39.729005000,192.168.0.178,192.168.0.148,25565,53414,3560980,25757,0,0,0x0010
6894,2026-08-15T10:14:04.628946000-0500,39.761987000,192.168.0.178,192.168.0.148,25565,53414,3560980,25757,312,0,0x0018
6895,2026-08-15T10:14:04.642277000-0500,39.775318000,192.168.0.148,192.168.0.178,53414,25565,25757,3561292,4,0,0x0018
6896,2026-08-15T10:14:04.642299000-0500,39.775340000,192.168.0.148,192.168.0.178,53414,25565,25761,3561292,36,0,0x0018
6897,2026-08-15T10:14:04.642993000-0500,39.776034000,192.168.0.178,192.168.0.148,25565,53414,3561292,25797,0,0,0x0010
6898,2026-08-15T10:14:04.643104000-0500,39.776145000,192.168.0.148,192.168.0.178,53414,25565,25797,3561292,3,0,0x0018
6899,2026-08-15T10:14:04.680369000-0500,39.813410000,192.168.0.178,192.168.0.148,25565,53414,3561292,25800,870,0,0x0018
6900,2026-08-15T10:14:04.693156000-0500,39.826197000,192.168.0.148,192.168.0.178,53414,25565,25800,3562162,36,0,0x0018
6901,2026-08-15T10:14:04.694305000-0500,39.827346000,192.168.0.178,192.168.0.148,25565,53414,3562162,25836,46,0,0x0018
6902,2026-08-15T10:14:04.694433000-0500,39.827474000,192.168.0.148,192.168.0.178,53414,25565,25836,3562208,3,0,0x0018
6903,2026-08-15T10:14:04.730202000-0500,39.863243000,192.168.0.178,192.168.0.148,25565,53414,3562208,25839,1081,0,0x0018
6904,2026-08-15T10:14:04.743267000-0500,39.876308000,192.168.0.148,192.168.0.178,53414,25565,25839,3563289,4,0,0x0018
6905,2026-08-15T10:14:04.743301000-0500,39.876342000,192.168.0.148,192.168.0.178,53414,25565,25843,3563289,36,0,0x0018
6906,2026-08-15T10:14:04.744030000-0500,39.877071000,192.168.0.178,192.168.0.148,25565,53414,3563289,25879,0,0,0x0010
6907,2026-08-15T10:14:04.744608000-0500,39.877649000,192.168.0.148,192.168.0.178,53414,25565,25879,3563289,3,0,0x0018
6908,2026-08-15T10:14:04.778697000-0500,39.911738000,192.168.0.178,192.168.0.148,25565,53414,3563289,25882,442,0,0x0018
6909,2026-08-15T10:14:04.793644000-0500,39.926685000,192.168.0.148,192.168.0.178,53414,25565,25882,3563731,36,0,0x0018
6910,2026-08-15T10:14:04.795257000-0500,39.928298000,192.168.0.148,192.168.0.178,53414,25565,25918,3563731,3,0,0x0018
6911,2026-08-15T10:14:04.795974000-0500,39.929015000,192.168.0.178,192.168.0.148,25565,53414,3563731,25921,0,0,0x0010
6912,2026-08-15T10:14:04.828883000-0500,39.961924000,192.168.0.178,192.168.0.148,25565,53414,3563731,25921,747,0,0x0018
6913,2026-08-15T10:14:04.843648000-0500,39.976689000,192.168.0.148,192.168.0.178,53414,25565,25921,3564478,36,0,0x0018
6914,2026-08-15T10:14:04.845130000-0500,39.978171000,192.168.0.148,192.168.0.178,53414,25565,25957,3564478,3,0,0x0018
6915,2026-08-15T10:14:04.846026000-0500,39.979067000,192.168.0.178,192.168.0.148,25565,53414,3564478,25960,0,0,0x0010
6916,2026-08-15T10:14:04.878714000-0500,40.011755000,192.168.0.178,192.168.0.148,25565,53414,3564478,25960,558,0,0x0018
6917,2026-08-15T10:14:04.893083000-0500,40.026124000,192.168.0.148,192.168.0.178,53414,25565,25960,3565036,36,0,0x0018
6918,2026-08-15T10:14:04.894295000-0500,40.027336000,192.168.0.148,192.168.0.178,53414,25565,25996,3565036,3,0,0x0018
6919,2026-08-15T10:14:04.895034000-0500,40.028075000,192.168.0.178,192.168.0.148,25565,53414,3565036,25999,0,0,0x0010
6920,2026-08-15T10:14:04.929744000-0500,40.062785000,192.168.0.178,192.168.0.148,25565,53414,3565036,25999,194,0,0x0018
6921,2026-08-15T10:14:04.942956000-0500,40.075997000,192.168.0.148,192.168.0.178,53414,25565,25999,3565230,36,0,0x0018
6922,2026-08-15T10:14:04.944128000-0500,40.077169000,192.168.0.148,192.168.0.178,53414,25565,26035,3565230,3,0,0x0018
6923,2026-08-15T10:14:04.944851000-0500,40.077892000,192.168.0.178,192.168.0.148,25565,53414,3565230,26038,0,0,0x0010
6924,2026-08-15T10:14:04.980439000-0500,40.113480000,192.168.0.178,192.168.0.148,25565,53414,3565230,26038,704,0,0x0018
6925,2026-08-15T10:14:04.993771000-0500,40.126812000,192.168.0.148,192.168.0.178,53414,25565,26038,3565934,4,0,0x0018
6926,2026-08-15T10:14:04.993805000-0500,40.126846000,192.168.0.148,192.168.0.178,53414,25565,26042,3565934,36,0,0x0018
6927,2026-08-15T10:14:04.994681000-0500,40.127722000,192.168.0.178,192.168.0.148,25565,53414,3565934,26078,0,0,0x0010
6928,2026-08-15T10:14:04.995240000-0500,40.128281000,192.168.0.148,192.168.0.178,53414,25565,26078,3565934,3,0,0x0018
6929,2026-08-15T10:14:05.029986000-0500,40.163027000,192.168.0.178,192.168.0.148,25565,53414,3565934,26081,1201,0,0x0018
6930,2026-08-15T10:14:05.043510000-0500,40.176551000,192.168.0.148,192.168.0.178,53414,25565,26081,3567135,4,0,0x0018
6931,2026-08-15T10:14:05.043545000-0500,40.176586000,192.168.0.148,192.168.0.178,53414,25565,26085,3567135,36,0,0x0018
6932,2026-08-15T10:14:05.044291000-0500,40.177332000,192.168.0.178,192.168.0.148,25565,53414,3567135,26121,0,0,0x0010
6933,2026-08-15T10:14:05.044826000-0500,40.177867000,192.168.0.148,192.168.0.178,53414,25565,26121,3567135,3,0,0x0018
6934,2026-08-15T10:14:05.080583000-0500,40.213624000,192.168.0.178,192.168.0.148,25565,53414,3567135,26124,479,0,0x0018
6935,2026-08-15T10:14:05.093283000-0500,40.226324000,192.168.0.148,192.168.0.178,53414,25565,26124,3567614,36,0,0x0018
6936,2026-08-15T10:14:05.094265000-0500,40.227306000,192.168.0.148,192.168.0.178,53414,25565,26160,3567614,3,0,0x0018
6937,2026-08-15T10:14:05.095025000-0500,40.228066000,192.168.0.178,192.168.0.148,25565,53414,3567614,26163,0,0,0x0010
6938,2026-08-15T10:14:05.127616000-0500,40.260657000,192.168.0.178,192.168.0.148,25565,53414,3567614,26163,764,0,0x0018
6939,2026-08-15T10:14:05.143208000-0500,40.276249000,192.168.0.148,192.168.0.178,53414,25565,26163,3568378,36,0,0x0018
6940,2026-08-15T10:14:05.144448000-0500,40.277489000,192.168.0.148,192.168.0.178,53414,25565,26199,3568378,3,0,0x0018
6941,2026-08-15T10:14:05.145271000-0500,40.278312000,192.168.0.178,192.168.0.148,25565,53414,3568378,26202,0,0,0x0010
6942,2026-08-15T10:14:05.178489000-0500,40.311530000,192.168.0.178,192.168.0.148,25565,53414,3568378,26202,1460,0,0x0010
6943,2026-08-15T10:14:05.178489000-0500,40.311530000,192.168.0.178,192.168.0.148,25565,53414,3569838,26202,1460,0,0x0010
6944,2026-08-15T10:14:05.178550000-0500,40.311591000,192.168.0.148,192.168.0.178,53414,25565,26202,3571298,0,0,0x0010
6945,2026-08-15T10:14:05.178596000-0500,40.311637000,192.168.0.178,192.168.0.148,25565,53414,3571298,26202,1460,0,0x0010
6946,2026-08-15T10:14:05.178793000-0500,40.311834000,192.168.0.178,192.168.0.148,25565,53414,3572758,26202,1460,0,0x0010
6947,2026-08-15T10:14:05.178812000-0500,40.311853000,192.168.0.148,192.168.0.178,53414,25565,26202,3574218,0,0,0x0010
6948,2026-08-15T10:14:05.178846000-0500,40.311887000,192.168.0.178,192.168.0.148,25565,53414,3574218,26202,1460,0,0x0010
6949,2026-08-15T10:14:05.178970000-0500,40.312011000,192.168.0.178,192.168.0.148,25565,53414,3575678,26202,1460,0,0x0010
6950,2026-08-15T10:14:05.178989000-0500,40.312030000,192.168.0.148,192.168.0.178,53414,25565,26202,3577138,0,0,0x0010
6951,2026-08-15T10:14:05.179071000-0500,40.312112000,192.168.0.178,192.168.0.148,25565,53414,3577138,26202,1460,0,0x0010
6952,2026-08-15T10:14:05.179280000-0500,40.312321000,192.168.0.178,192.168.0.148,25565,53414,3578598,26202,1460,0,0x0010
6953,2026-08-15T10:14:05.179303000-0500,40.312344000,192.168.0.148,192.168.0.178,53414,25565,26202,3580058,0,0,0x0010
6954,2026-08-15T10:14:05.179336000-0500,40.312377000,192.168.0.178,192.168.0.148,25565,53414,3580058,26202,1460,0,0x0018
6955,2026-08-15T10:14:05.179465000-0500,40.312506000,192.168.0.178,192.168.0.148,25565,53414,3581518,26202,1460,0,0x0010
6956,2026-08-15T10:14:05.179483000-0500,40.312524000,192.168.0.148,192.168.0.178,53414,25565,26202,3582978,0,0,0x0010
6957,2026-08-15T10:14:05.179667000-0500,40.312708000,192.168.0.178,192.168.0.148,25565,53414,3582978,26202,1460,0,0x0010
6958,2026-08-15T10:14:05.179735000-0500,40.312776000,192.168.0.178,192.168.0.148,25565,53414,3584438,26202,1460,0,0x0010
6959,2026-08-15T10:14:05.179742000-0500,40.312783000,192.168.0.148,192.168.0.178,53414,25565,26202,3585898,0,0,0x0010
6960,2026-08-15T10:14:05.179800000-0500,40.312841000,192.168.0.178,192.168.0.148,25565,53414,3585898,26202,1460,0,0x0010
6961,2026-08-15T10:14:05.180020000-0500,40.313061000,192.168.0.178,192.168.0.148,25565,53414,3587358,26202,1460,0,0x0010
6962,2026-08-15T10:14:05.180020000-0500,40.313061000,192.168.0.178,192.168.0.148,25565,53414,3588818,26202,695,0,0x0018
6963,2026-08-15T10:14:05.180041000-0500,40.313082000,192.168.0.148,192.168.0.178,53414,25565,26202,3589513,0,0,0x0010
6964,2026-08-15T10:14:05.193018000-0500,40.326059000,192.168.0.148,192.168.0.178,53414,25565,26202,3589513,4,0,0x0018
6965,2026-08-15T10:14:05.193033000-0500,40.326074000,192.168.0.148,192.168.0.178,53414,25565,26206,3589513,28,0,0x0018
6966,2026-08-15T10:14:05.193869000-0500,40.326910000,192.168.0.148,192.168.0.178,53414,25565,26234,3589513,3,0,0x0018
6967,2026-08-15T10:14:05.194158000-0500,40.327199000,192.168.0.178,192.168.0.148,25565,53414,3589513,26234,0,0,0x0010
6968,2026-08-15T10:14:05.228697000-0500,40.361738000,192.168.0.178,192.168.0.148,25565,53414,3589513,26237,1460,0,0x0010
6969,2026-08-15T10:14:05.228697000-0500,40.361738000,192.168.0.178,192.168.0.148,25565,53414,3590973,26237,1460,0,0x0010
6970,2026-08-15T10:14:05.228759000-0500,40.361800000,192.168.0.148,192.168.0.178,53414,25565,26237,3592433,0,0,0x0010
6971,2026-08-15T10:14:05.228828000-0500,40.361869000,192.168.0.178,192.168.0.148,25565,53414,3592433,26237,1460,0,0x0010
6972,2026-08-15T10:14:05.229061000-0500,40.362102000,192.168.0.178,192.168.0.148,25565,53414,3593893,26237,1460,0,0x0010
6973,2026-08-15T10:14:05.229061000-0500,40.362102000,192.168.0.178,192.168.0.148,25565,53414,3595353,26237,1460,0,0x0010
6974,2026-08-15T10:14:05.229094000-0500,40.362135000,192.168.0.148,192.168.0.178,53414,25565,26237,3596813,0,0,0x0010
6975,2026-08-15T10:14:05.229276000-0500,40.362317000,192.168.0.178,192.168.0.148,25565,53414,3596813,26237,1460,0,0x0010
6976,2026-08-15T10:14:05.229298000-0500,40.362339000,192.168.0.148,192.168.0.178,53414,25565,26237,3598273,0,0,0x0010
6977,2026-08-15T10:14:05.229339000-0500,40.362380000,192.168.0.178,192.168.0.148,25565,53414,3598273,26237,1460,0,0x0010
6978,2026-08-15T10:14:05.229411000-0500,40.362452000,192.168.0.178,192.168.0.148,25565,53414,3599733,26237,1460,0,0x0010
6979,2026-08-15T10:14:05.229420000-0500,40.362461000,192.168.0.148,192.168.0.178,53414,25565,26237,3601193,0,0,0x0010
6980,2026-08-15T10:14:05.229577000-0500,40.362618000,192.168.0.178,192.168.0.148,25565,53414,3601193,26237,1460,0,0x0018
6981,2026-08-15T10:14:05.229666000-0500,40.362707000,192.168.0.178,192.168.0.148,25565,53414,3602653,26237,1460,0,0x0010
6982,2026-08-15T10:14:05.229675000-0500,40.362716000,192.168.0.148,192.168.0.178,53414,25565,26237,3604113,0,0,0x0010
6983,2026-08-15T10:14:05.229912000-0500,40.362953000,192.168.0.178,192.168.0.148,25565,53414,3604113,26237,1460,0,0x0010
6984,2026-08-15T10:14:05.229912000-0500,40.362953000,192.168.0.178,192.168.0.148,25565,53414,3605573,26237,1460,0,0x0018
6985,2026-08-15T10:14:05.229944000-0500,40.362985000,192.168.0.148,192.168.0.178,53414,25565,26237,3607033,0,0,0x0010
6986,2026-08-15T10:14:05.243835000-0500,40.376876000,192.168.0.148,192.168.0.178,53414,25565,26237,3607033,36,0,0x0018
6987,2026-08-15T10:14:05.245097000-0500,40.378138000,192.168.0.148,192.168.0.178,53414,25565,26273,3607033,3,0,0x0018
6988,2026-08-15T10:14:05.245919000-0500,40.378960000,192.168.0.178,192.168.0.148,25565,53414,3607033,26276,0,0,0x0010
6989,2026-08-15T10:14:05.279347000-0500,40.412388000,192.168.0.178,192.168.0.148,25565,53414,3607033,26276,1460,0,0x0010
6990,2026-08-15T10:14:05.279347000-0500,40.412388000,192.168.0.178,192.168.0.148,25565,53414,3608493,26276,1460,0,0x0010
6991,2026-08-15T10:14:05.279416000-0500,40.412457000,192.168.0.148,192.168.0.178,53414,25565,26276,3609953,0,0,0x0010
6992,2026-08-15T10:14:05.279473000-0500,40.412514000,192.168.0.178,192.168.0.148,25565,53414,3609953,26276,1460,0,0x0010
6993,2026-08-15T10:14:05.279693000-0500,40.412734000,192.168.0.178,192.168.0.148,25565,53414,3611413,26276,1460,0,0x0010
6994,2026-08-15T10:14:05.279693000-0500,40.412734000,192.168.0.178,192.168.0.148,25565,53414,3612873,26276,1460,0,0x0010
6995,2026-08-15T10:14:05.279718000-0500,40.412759000,192.168.0.148,192.168.0.178,53414,25565,26276,3614333,0,0,0x0010
6996,2026-08-15T10:14:05.279934000-0500,40.412975000,192.168.0.178,192.168.0.148,25565,53414,3614333,26276,1460,0,0x0010
6997,2026-08-15T10:14:05.279934000-0500,40.412975000,192.168.0.178,192.168.0.148,25565,53414,3615793,26276,1460,0,0x0010
6998,2026-08-15T10:14:05.279962000-0500,40.413003000,192.168.0.148,192.168.0.178,53414,25565,26276,3617253,0,0,0x0010
6999,2026-08-15T10:14:05.280171000-0500,40.413212000,192.168.0.178,192.168.0.148,25565,53414,3617253,26276,1460,0,0x0010
7000,2026-08-15T10:14:05.280171000-0500,40.413212000,192.168.0.178,192.168.0.148,25565,53414,3618713,26276,1316,0,0x0018
7001,2026-08-15T10:14:05.280198000-0500,40.413239000,192.168.0.148,192.168.0.178,53414,25565,26276,3620029,0,0,0x0010
7002,2026-08-15T10:14:05.280471000-0500,40.413512000,192.168.0.148,192.168.0.178,53414,25565,26276,3620029,11,0,0x0018
7003,2026-08-15T10:14:05.293248000-0500,40.426289000,192.168.0.148,192.168.0.178,53414,25565,26287,3620029,36,0,0x0018
7004,2026-08-15T10:14:05.293972000-0500,40.427013000,192.168.0.148,192.168.0.178,53414,25565,26323,3620029,3,0,0x0018
7005,2026-08-15T10:14:05.294019000-0500,40.427060000,192.168.0.178,192.168.0.148,25565,53414,3620029,26323,0,0,0x0010
7006,2026-08-15T10:14:05.329275000-0500,40.462316000,192.168.0.178,192.168.0.148,25565,53414,3620029,26326,1460,0,0x0010
7007,2026-08-15T10:14:05.329275000-0500,40.462316000,192.168.0.178,192.168.0.148,25565,53414,3621489,26326,1460,0,0x0010
7008,2026-08-15T10:14:05.329333000-0500,40.462374000,192.168.0.148,192.168.0.178,53414,25565,26326,3622949,0,0,0x0010
7009,2026-08-15T10:14:05.329411000-0500,40.462452000,192.168.0.178,192.168.0.148,25565,53414,3622949,26326,1460,0,0x0010
7010,2026-08-15T10:14:05.329447000-0500,40.462488000,192.168.0.178,192.168.0.148,25565,53414,3624409,26326,1460,0,0x0010
7011,2026-08-15T10:14:05.329450000-0500,40.462491000,192.168.0.148,192.168.0.178,53414,25565,26326,3625869,0,0,0x0010
7012,2026-08-15T10:14:05.329594000-0500,40.462635000,192.168.0.178,192.168.0.148,25565,53414,3625869,26326,1460,0,0x0010
7013,2026-08-15T10:14:05.329809000-0500,40.462850000,192.168.0.178,192.168.0.148,25565,53414,3627329,26326,1460,0,0x0010
7014,2026-08-15T10:14:05.329809000-0500,40.462850000,192.168.0.178,192.168.0.148,25565,53414,3628789,26326,1460,0,0x0010
7015,2026-08-15T10:14:05.329833000-0500,40.462874000,192.168.0.148,192.168.0.178,53414,25565,26326,3630249,0,0,0x0010
7016,2026-08-15T10:14:05.330048000-0500,40.463089000,192.168.0.178,192.168.0.148,25565,53414,3630249,26326,1460,0,0x0010
7017,2026-08-15T10:14:05.330069000-0500,40.463110000,192.168.0.148,192.168.0.178,53414,25565,26326,3631709,0,0,0x0010
7018,2026-08-15T10:14:05.330119000-0500,40.463160000,192.168.0.178,192.168.0.148,25565,53414,3631709,26326,1460,0,0x0018
7019,2026-08-15T10:14:05.330302000-0500,40.463343000,192.168.0.178,192.168.0.148,25565,53414,3633169,26326,1460,0,0x0010
7020,2026-08-15T10:14:05.330302000-0500,40.463343000,192.168.0.178,192.168.0.148,25565,53414,3634629,26326,1460,0,0x0010
7021,2026-08-15T10:14:05.330327000-0500,40.463368000,192.168.0.148,192.168.0.178,53414,25565,26326,3636089,0,0,0x0010
7022,2026-08-15T10:14:05.330547000-0500,40.463588000,192.168.0.178,192.168.0.148,25565,53414,3636089,26326,1460,0,0x0010
7023,2026-08-15T10:14:05.330547000-0500,40.463588000,192.168.0.178,192.168.0.148,25565,53414,3637549,26326,1460,0,0x0010
7024,2026-08-15T10:14:05.330571000-0500,40.463612000,192.168.0.148,192.168.0.178,53414,25565,26326,3639009,0,0,0x0010
7025,2026-08-15T10:14:05.330815000-0500,40.463856000,192.168.0.178,192.168.0.148,25565,53414,3639009,26326,1460,0,0x0010
7026,2026-08-15T10:14:05.330815000-0500,40.463856000,192.168.0.178,192.168.0.148,25565,53414,3640469,26326,350,0,0x0018
7027,2026-08-15T10:14:05.330839000-0500,40.463880000,192.168.0.148,192.168.0.178,53414,25565,26326,3640819,0,0,0x0010
7028,2026-08-15T10:14:05.343651000-0500,40.476692000,192.168.0.148,192.168.0.178,53414,25565,26326,3640819,28,0,0x0018
7029,2026-08-15T10:14:05.344923000-0500,40.477964000,192.168.0.148,192.168.0.178,53414,25565,26354,3640819,3,0,0x0018
7030,2026-08-15T10:14:05.345689000-0500,40.478730000,192.168.0.178,192.168.0.148,25565,53414,3640819,26357,0,0,0x0010
7031,2026-08-15T10:14:05.378491000-0500,40.511532000,192.168.0.178,192.168.0.148,25565,53414,3640819,26357,1460,0,0x0010
7032,2026-08-15T10:14:05.378491000-0500,40.511532000,192.168.0.178,192.168.0.148,25565,53414,3642279,26357,1460,0,0x0010
7033,2026-08-15T10:14:05.378566000-0500,40.511607000,192.168.0.148,192.168.0.178,53414,25565,26357,3643739,0,0,0x0010
7034,2026-08-15T10:14:05.378620000-0500,40.511661000,192.168.0.178,192.168.0.148,25565,53414,3643739,26357,1460,0,0x0010
7035,2026-08-15T10:14:05.378967000-0500,40.512008000,192.168.0.178,192.168.0.148,25565,53414,3645199,26357,1460,0,0x0010
7036,2026-08-15T10:14:05.378967000-0500,40.512008000,192.168.0.178,192.168.0.148,25565,53414,3646659,26357,1460,0,0x0010
7037,2026-08-15T10:14:05.378967000-0500,40.512008000,192.168.0.178,192.168.0.148,25565,53414,3648119,26357,1460,0,0x0010
7038,2026-08-15T10:14:05.379005000-0500,40.512046000,192.168.0.148,192.168.0.178,53414,25565,26357,3649579,0,0,0x0010
7039,2026-08-15T10:14:05.379126000-0500,40.512167000,192.168.0.178,192.168.0.148,25565,53414,3649579,26357,1460,0,0x0010
7040,2026-08-15T10:14:05.379340000-0500,40.512381000,192.168.0.178,192.168.0.148,25565,53414,3651039,26357,1460,0,0x0010
7041,2026-08-15T10:14:05.379340000-0500,40.512381000,192.168.0.178,192.168.0.148,25565,53414,3652499,26357,1460,0,0x0018
7042,2026-08-15T10:14:05.379372000-0500,40.512413000,192.168.0.148,192.168.0.178,53414,25565,26357,3653959,0,0,0x0010
7043,2026-08-15T10:14:05.379449000-0500,40.512490000,192.168.0.178,192.168.0.148,25565,53414,3653959,26357,1460,0,0x0010
7044,2026-08-15T10:14:05.379459000-0500,40.512500000,192.168.0.148,192.168.0.178,53414,25565,26357,3655419,0,0,0x0010
7045,2026-08-15T10:14:05.379657000-0500,40.512698000,192.168.0.178,192.168.0.148,25565,53414,3655419,26357,1460,0,0x0010
7046,2026-08-15T10:14:05.379720000-0500,40.512761000,192.168.0.178,192.168.0.148,25565,53414,3656879,26357,1460,0,0x0010
7047,2026-08-15T10:14:05.379731000-0500,40.512772000,192.168.0.148,192.168.0.178,53414,25565,26357,3658339,0,0,0x0010
7048,2026-08-15T10:14:05.379780000-0500,40.512821000,192.168.0.178,192.168.0.148,25565,53414,3658339,26357,1016,0,0x0018
7049,2026-08-15T10:14:05.393444000-0500,40.526485000,192.168.0.148,192.168.0.178,53414,25565,26357,3659355,36,0,0x0018
7050,2026-08-15T10:14:05.394711000-0500,40.527752000,192.168.0.148,192.168.0.178,53414,25565,26393,3659355,3,0,0x0018
7051,2026-08-15T10:14:05.395634000-0500,40.528675000,192.168.0.178,192.168.0.148,25565,53414,3659355,26396,0,0,0x0010
7052,2026-08-15T10:14:05.428321000-0500,40.561362000,192.168.0.178,192.168.0.148,25565,53414,3659355,26396,1460,0,0x0010
7053,2026-08-15T10:14:05.428321000-0500,40.561362000,192.168.0.178,192.168.0.148,25565,53414,3660815,26396,1460,0,0x0010
7054,2026-08-15T10:14:05.428384000-0500,40.561425000,192.168.0.148,192.168.0.178,53414,25565,26396,3662275,0,0,0x0010
7055,2026-08-15T10:14:05.428436000-0500,40.561477000,192.168.0.178,192.168.0.148,25565,53414,3662275,26396,1460,0,0x0010
7056,2026-08-15T10:14:05.428664000-0500,40.561705000,192.168.0.178,192.168.0.148,25565,53414,3663735,26396,1460,0,0x0010
7057,2026-08-15T10:14:05.428664000-0500,40.561705000,192.168.0.178,192.168.0.148,25565,53414,3665195,26396,1460,0,0x0010
7058,2026-08-15T10:14:05.428703000-0500,40.561744000,192.168.0.148,192.168.0.178,53414,25565,26396,3666655,0,0,0x0010
7059,2026-08-15T10:14:05.428775000-0500,40.561816000,192.168.0.178,192.168.0.148,25565,53414,3666655,26396,1460,0,0x0010
7060,2026-08-15T10:14:05.428782000-0500,40.561823000,192.168.0.148,192.168.0.178,53414,25565,26396,3668115,0,0,0x0010
7061,2026-08-15T10:14:05.429003000-0500,40.562044000,192.168.0.178,192.168.0.148,25565,53414,3668115,26396,1460,0,0x0010
7062,2026-08-15T10:14:05.429086000-0500,40.562127000,192.168.0.178,192.168.0.148,25565,53414,3669575,26396,1460,0,0x0010
7063,2026-08-15T10:14:05.429097000-0500,40.562138000,192.168.0.148,192.168.0.178,53414,25565,26396,3671035,0,0,0x0010
7064,2026-08-15T10:14:05.429138000-0500,40.562179000,192.168.0.178,192.168.0.148,25565,53414,3671035,26396,1159,0,0x0018
7065,2026-08-15T10:14:05.443037000-0500,40.576078000,192.168.0.148,192.168.0.178,53414,25565,26396,3672194,12,0,0x0018
7066,2026-08-15T10:14:05.443777000-0500,40.576818000,192.168.0.148,192.168.0.178,53414,25565,26408,3672194,3,0,0x0018
7067,2026-08-15T10:14:05.444574000-0500,40.577615000,192.168.0.178,192.168.0.148,25565,53414,3672194,26411,0,0,0x0010
7068,2026-08-15T10:14:05.479624000-0500,40.612665000,192.168.0.178,192.168.0.148,25565,53414,3672194,26411,1460,0,0x0010
7069,2026-08-15T10:14:05.479624000-0500,40.612665000,192.168.0.178,192.168.0.148,25565,53414,3673654,26411,1460,0,0x0010
7070,2026-08-15T10:14:05.479679000-0500,40.612720000,192.168.0.148,192.168.0.178,53414,25565,26411,3675114,0,0,0x0010
7071,2026-08-15T10:14:05.479730000-0500,40.612771000,192.168.0.178,192.168.0.148,25565,53414,3675114,26411,1460,0,0x0010
7072,2026-08-15T10:14:05.479951000-0500,40.612992000,192.168.0.178,192.168.0.148,25565,53414,3676574,26411,1460,0,0x0010
7073,2026-08-15T10:14:05.479951000-0500,40.612992000,192.168.0.178,192.168.0.148,25565,53414,3678034,26411,1460,0,0x0010
7074,2026-08-15T10:14:05.479974000-0500,40.613015000,192.168.0.148,192.168.0.178,53414,25565,26411,3679494,0,0,0x0010
7075,2026-08-15T10:14:05.480197000-0500,40.613238000,192.168.0.178,192.168.0.148,25565,53414,3679494,26411,1460,0,0x0010
7076,2026-08-15T10:14:05.480197000-0500,40.613238000,192.168.0.178,192.168.0.148,25565,53414,3680954,26411,1460,0,0x0010
7077,2026-08-15T10:14:05.480222000-0500,40.613263000,192.168.0.148,192.168.0.178,53414,25565,26411,3682414,0,0,0x0010
7078,2026-08-15T10:14:05.480444000-0500,40.613485000,192.168.0.178,192.168.0.148,25565,53414,3682414,26411,1460,0,0x0010
7079,2026-08-15T10:14:05.480444000-0500,40.613485000,192.168.0.178,192.168.0.148,25565,53414,3683874,26411,1460,0,0x0018
7080,2026-08-15T10:14:05.480466000-0500,40.613507000,192.168.0.148,192.168.0.178,53414,25565,26411,3685334,0,0,0x0010
7081,2026-08-15T10:14:05.480824000-0500,40.613865000,192.168.0.178,192.168.0.148,25565,53414,3685334,26411,1460,0,0x0010
7082,2026-08-15T10:14:05.480824000-0500,40.613865000,192.168.0.178,192.168.0.148,25565,53414,3686794,26411,1460,0,0x0010
7083,2026-08-15T10:14:05.480844000-0500,40.613885000,192.168.0.148,192.168.0.178,53414,25565,26411,3688254,0,0,0x0010
7084,2026-08-15T10:14:05.481055000-0500,40.614096000,192.168.0.178,192.168.0.148,25565,53414,3688254,26411,1460,0,0x0010
7085,2026-08-15T10:14:05.481077000-0500,40.614118000,192.168.0.148,192.168.0.178,53414,25565,26411,3689714,0,0,0x0010
7086,2026-08-15T10:14:05.481127000-0500,40.614168000,192.168.0.178,192.168.0.148,25565,53414,3689714,26411,1460,0,0x0010
7087,2026-08-15T10:14:05.481228000-0500,40.614269000,192.168.0.178,192.168.0.148,25565,53414,3691174,26411,1460,0,0x0010
7088,2026-08-15T10:14:05.481233000-0500,40.614274000,192.168.0.148,192.168.0.178,53414,25565,26411,3692634,0,0,0x0010
7089,2026-08-15T10:14:05.481241000-0500,40.614282000,192.168.0.178,192.168.0.148,25565,53414,3692634,26411,649,0,0x0018
7090,2026-08-15T10:14:05.493361000-0500,40.626402000,192.168.0.148,192.168.0.178,53414,25565,26411,3693283,12,0,0x0018
7091,2026-08-15T10:14:05.494417000-0500,40.627458000,192.168.0.148,192.168.0.178,53414,25565,26423,3693283,3,0,0x0018
7092,2026-08-15T10:14:05.495166000-0500,40.628207000,192.168.0.178,192.168.0.148,25565,53414,3693283,26426,0,0,0x0010
7093,2026-08-15T10:14:05.529816000-0500,40.662857000,192.168.0.178,192.168.0.148,25565,53414,3693283,26426,1460,0,0x0010
7094,2026-08-15T10:14:05.529925000-0500,40.662966000,192.168.0.178,192.168.0.148,25565,53414,3694743,26426,1460,0,0x0010
7095,2026-08-15T10:14:05.529942000-0500,40.662983000,192.168.0.148,192.168.0.178,53414,25565,26426,3696203,0,0,0x0010
7096,2026-08-15T10:14:05.529999000-0500,40.663040000,192.168.0.178,192.168.0.148,25565,53414,3696203,26426,1460,0,0x0010
7097,2026-08-15T10:14:05.530060000-0500,40.663101000,192.168.0.178,192.168.0.148,25565,53414,3697663,26426,1460,0,0x0010
7098,2026-08-15T10:14:05.530064000-0500,40.663105000,192.168.0.148,192.168.0.178,53414,25565,26426,3699123,0,0,0x0010
7099,2026-08-15T10:14:05.530227000-0500,40.663268000,192.168.0.178,192.168.0.148,25565,53414,3699123,26426,1460,0,0x0010
7100,2026-08-15T10:14:05.530310000-0500,40.663351000,192.168.0.178,192.168.0.148,25565,53414,3700583,26426,1460,0,0x0010
7101,2026-08-15T10:14:05.530320000-0500,40.663361000,192.168.0.148,192.168.0.178,53414,25565,26426,3702043,0,0,0x0010
7102,2026-08-15T10:14:05.530533000-0500,40.663574000,192.168.0.178,192.168.0.148,25565,53414,3702043,26426,1460,0,0x0010
7103,2026-08-15T10:14:05.530592000-0500,40.663633000,192.168.0.178,192.168.0.148,25565,53414,3703503,26426,1460,0,0x0010
7104,2026-08-15T10:14:05.530605000-0500,40.663646000,192.168.0.148,192.168.0.178,53414,25565,26426,3704963,0,0,0x0010
7105,2026-08-15T10:14:05.530813000-0500,40.663854000,192.168.0.178,192.168.0.148,25565,53414,3704963,26426,1460,0,0x0018
7106,2026-08-15T10:14:05.530813000-0500,40.663854000,192.168.0.178,192.168.0.148,25565,53414,3706423,26426,1460,0,0x0010
7107,2026-08-15T10:14:05.530841000-0500,40.663882000,192.168.0.148,192.168.0.178,53414,25565,26426,3707883,0,0,0x0010
7108,2026-08-15T10:14:05.531080000-0500,40.664121000,192.168.0.178,192.168.0.148,25565,53414,3707883,26426,1460,0,0x0010
7109,2026-08-15T10:14:05.531080000-0500,40.664121000,192.168.0.178,192.168.0.148,25565,53414,3709343,26426,472,0,0x0018
7110,2026-08-15T10:14:05.531109000-0500,40.664150000,192.168.0.148,192.168.0.178,53414,25565,26426,3709815,0,0,0x0010
7111,2026-08-15T10:14:05.542907000-0500,40.675948000,192.168.0.148,192.168.0.178,53414,25565,26426,3709815,12,0,0x0018
7112,2026-08-15T10:14:05.543729000-0500,40.676770000,192.168.0.148,192.168.0.178,53414,25565,26438,3709815,3,0,0x0018
7113,2026-08-15T10:14:05.544399000-0500,40.677440000,192.168.0.178,192.168.0.148,25565,53414,3709815,26441,0,0,0x0010
7114,2026-08-15T10:14:05.581297000-0500,40.714338000,192.168.0.178,192.168.0.148,25565,53414,3709815,26441,1460,0,0x0010
7115,2026-08-15T10:14:05.581297000-0500,40.714338000,192.168.0.178,192.168.0.148,25565,53414,3711275,26441,1460,0,0x0010
7116,2026-08-15T10:14:05.581356000-0500,40.714397000,192.168.0.148,192.168.0.178,53414,25565,26441,3712735,0,0,0x0010
7117,2026-08-15T10:14:05.581411000-0500,40.714452000,192.168.0.178,192.168.0.148,25565,53414,3712735,26441,1460,0,0x0010
7118,2026-08-15T10:14:05.581636000-0500,40.714677000,192.168.0.178,192.168.0.148,25565,53414,3714195,26441,1460,0,0x0010
7119,2026-08-15T10:14:05.581636000-0500,40.714677000,192.168.0.178,192.168.0.148,25565,53414,3715655,26441,1460,0,0x0010
7120,2026-08-15T10:14:05.581663000-0500,40.714704000,192.168.0.148,192.168.0.178,53414,25565,26441,3717115,0,0,0x0010
7121,2026-08-15T10:14:05.581882000-0500,40.714923000,192.168.0.178,192.168.0.148,25565,53414,3717115,26441,1460,0,0x0010
7122,2026-08-15T10:14:05.581882000-0500,40.714923000,192.168.0.178,192.168.0.148,25565,53414,3718575,26441,1460,0,0x0010
7123,2026-08-15T10:14:05.581912000-0500,40.714953000,192.168.0.148,192.168.0.178,53414,25565,26441,3720035,0,0,0x0010
7124,2026-08-15T10:14:05.582132000-0500,40.715173000,192.168.0.178,192.168.0.148,25565,53414,3720035,26441,1460,0,0x0010
7125,2026-08-15T10:14:05.582132000-0500,40.715173000,192.168.0.178,192.168.0.148,25565,53414,3721495,26441,1460,0,0x0018
7126,2026-08-15T10:14:05.582162000-0500,40.715203000,192.168.0.148,192.168.0.178,53414,25565,26441,3722955,0,0,0x0010
7127,2026-08-15T10:14:05.582378000-0500,40.715419000,192.168.0.178,192.168.0.148,25565,53414,3722955,26441,1460,0,0x0010
7128,2026-08-15T10:14:05.582378000-0500,40.715419000,192.168.0.178,192.168.0.148,25565,53414,3724415,26441,1460,0,0x0010
7129,2026-08-15T10:14:05.582408000-0500,40.715449000,192.168.0.148,192.168.0.178,53414,25565,26441,3725875,0,0,0x0010
7130,2026-08-15T10:14:05.582664000-0500,40.715705000,192.168.0.178,192.168.0.148,25565,53414,3725875,26441,1460,0,0x0010
7131,2026-08-15T10:14:05.582664000-0500,40.715705000,192.168.0.178,192.168.0.148,25565,53414,3727335,26441,225,0,0x0018
7132,2026-08-15T10:14:05.582693000-0500,40.715734000,192.168.0.148,192.168.0.178,53414,25565,26441,3727560,0,0,0x0010
7133,2026-08-15T10:14:05.594717000-0500,40.727758000,192.168.0.148,192.168.0.178,53414,25565,26441,3727560,4,0,0x0018
7134,2026-08-15T10:14:05.594750000-0500,40.727791000,192.168.0.148,192.168.0.178,53414,25565,26445,3727560,36,0,0x0018
7135,2026-08-15T10:14:05.595373000-0500,40.728414000,192.168.0.178,192.168.0.148,25565,53414,3727560,26481,0,0,0x0010
7136,2026-08-15T10:14:05.595442000-0500,40.728483000,192.168.0.148,192.168.0.178,53414,25565,26481,3727560,3,0,0x0018
7137,2026-08-15T10:14:05.629242000-0500,40.762283000,192.168.0.178,192.168.0.148,25565,53414,3727560,26484,1460,0,0x0010
7138,2026-08-15T10:14:05.629242000-0500,40.762283000,192.168.0.178,192.168.0.148,25565,53414,3729020,26484,1460,0,0x0010
7139,2026-08-15T10:14:05.629303000-0500,40.762344000,192.168.0.148,192.168.0.178,53414,25565,26484,3730480,0,0,0x0010
7140,2026-08-15T10:14:05.629341000-0500,40.762382000,192.168.0.178,192.168.0.148,25565,53414,3730480,26484,1460,0,0x0010
7141,2026-08-15T10:14:05.629574000-0500,40.762615000,192.168.0.178,192.168.0.148,25565,53414,3731940,26484,1460,0,0x0010
7142,2026-08-15T10:14:05.629574000-0500,40.762615000,192.168.0.178,192.168.0.148,25565,53414,3733400,26484,1460,0,0x0010
7143,2026-08-15T10:14:05.629595000-0500,40.762636000,192.168.0.148,192.168.0.178,53414,25565,26484,3734860,0,0,0x0010
7144,2026-08-15T10:14:05.629797000-0500,40.762838000,192.168.0.178,192.168.0.148,25565,53414,3734860,26484,1460,0,0x0010
7145,2026-08-15T10:14:05.629797000-0500,40.762838000,192.168.0.178,192.168.0.148,25565,53414,3736320,26484,1460,0,0x0010
7146,2026-08-15T10:14:05.629818000-0500,40.762859000,192.168.0.148,192.168.0.178,53414,25565,26484,3737780,0,0,0x0010
7147,2026-08-15T10:14:05.630026000-0500,40.763067000,192.168.0.178,192.168.0.148,25565,53414,3737780,26484,1460,0,0x0010
7148,2026-08-15T10:14:05.630048000-0500,40.763089000,192.168.0.148,192.168.0.178,53414,25565,26484,3739240,0,0,0x0010
7149,2026-08-15T10:14:05.630097000-0500,40.763138000,192.168.0.178,192.168.0.148,25565,53414,3739240,26484,1460,0,0x0018
7150,2026-08-15T10:14:05.630111000-0500,40.763152000,192.168.0.178,192.168.0.148,25565,53414,3740700,26484,868,0,0x0018
7151,2026-08-15T10:14:05.630117000-0500,40.763158000,192.168.0.148,192.168.0.178,53414,25565,26484,3741568,0,0,0x0010
7152,2026-08-15T10:14:05.642549000-0500,40.775590000,192.168.0.148,192.168.0.178,53414,25565,26484,3741568,28,0,0x0018
7153,2026-08-15T10:14:05.643383000-0500,40.776424000,192.168.0.148,192.168.0.178,53414,25565,26512,3741568,3,0,0x0018
7154,2026-08-15T10:14:05.644166000-0500,40.777207000,192.168.0.178,192.168.0.148,25565,53414,3741568,26515,0,0,0x0010
7155,2026-08-15T10:14:05.681126000-0500,40.814167000,192.168.0.178,192.168.0.148,25565,53414,3741568,26515,1460,0,0x0010
7156,2026-08-15T10:14:05.681126000-0500,40.814167000,192.168.0.178,192.168.0.148,25565,53414,3743028,26515,1460,0,0x0010
7157,2026-08-15T10:14:05.681189000-0500,40.814230000,192.168.0.148,192.168.0.178,53414,25565,26515,3744488,0,0,0x0010
7158,2026-08-15T10:14:05.681238000-0500,40.814279000,192.168.0.178,192.168.0.148,25565,53414,3744488,26515,1460,0,0x0010
7159,2026-08-15T10:14:05.681465000-0500,40.814506000,192.168.0.178,192.168.0.148,25565,53414,3745948,26515,1460,0,0x0010
7160,2026-08-15T10:14:05.681465000-0500,40.814506000,192.168.0.178,192.168.0.148,25565,53414,3747408,26515,1460,0,0x0010
7161,2026-08-15T10:14:05.681499000-0500,40.814540000,192.168.0.148,192.168.0.178,53414,25565,26515,3748868,0,0,0x0010
7162,2026-08-15T10:14:05.681714000-0500,40.814755000,192.168.0.178,192.168.0.148,25565,53414,3748868,26515,1460,0,0x0010
7163,2026-08-15T10:14:05.681714000-0500,40.814755000,192.168.0.178,192.168.0.148,25565,53414,3750328,26515,1460,0,0x0010
7164,2026-08-15T10:14:05.681750000-0500,40.814791000,192.168.0.148,192.168.0.178,53414,25565,26515,3751788,0,0,0x0010
7165,2026-08-15T10:14:05.681969000-0500,40.815010000,192.168.0.178,192.168.0.148,25565,53414,3751788,26515,1460,0,0x0010
7166,2026-08-15T10:14:05.681969000-0500,40.815010000,192.168.0.178,192.168.0.148,25565,53414,3753248,26515,1460,0,0x0018
7167,2026-08-15T10:14:05.682008000-0500,40.815049000,192.168.0.148,192.168.0.178,53414,25565,26515,3754708,0,0,0x0010
7168,2026-08-15T10:14:05.682072000-0500,40.815113000,192.168.0.178,192.168.0.148,25565,53414,3754708,26515,1460,0,0x0010
7169,2026-08-15T10:14:05.682080000-0500,40.815121000,192.168.0.148,192.168.0.178,53414,25565,26515,3756168,0,0,0x0010
7170,2026-08-15T10:14:05.682303000-0500,40.815344000,192.168.0.178,192.168.0.148,25565,53414,3756168,26515,1460,0,0x0010
7171,2026-08-15T10:14:05.682368000-0500,40.815409000,192.168.0.178,192.168.0.148,25565,53414,3757628,26515,1460,0,0x0010
7172,2026-08-15T10:14:05.682385000-0500,40.815426000,192.168.0.148,192.168.0.178,53414,25565,26515,3759088,0,0,0x0010
7173,2026-08-15T10:14:05.682461000-0500,40.815502000,192.168.0.178,192.168.0.148,25565,53414,3759088,26515,786,0,0x0018
7174,2026-08-15T10:14:05.692465000-0500,40.825506000,192.168.0.148,192.168.0.178,53414,25565,26515,3759874,4,0,0x0018
7175,2026-08-15T10:14:05.692480000-0500,40.825521000,192.168.0.148,192.168.0.178,53414,25565,26519,3759874,28,0,0x0018
7176,2026-08-15T10:14:05.693185000-0500,40.826226000,192.168.0.178,192.168.0.148,25565,53414,3759874,26547,0,0,0x0010
7177,2026-08-15T10:14:05.693345000-0500,40.826386000,192.168.0.148,192.168.0.178,53414,25565,26547,3759874,3,0,0x0018
7178,2026-08-15T10:14:05.730526000-0500,40.863567000,192.168.0.178,192.168.0.148,25565,53414,3759874,26550,1460,0,0x0010
7179,2026-08-15T10:14:05.730526000-0500,40.863567000,192.168.0.178,192.168.0.148,25565,53414,3761334,26550,1460,0,0x0010
7180,2026-08-15T10:14:05.730590000-0500,40.863631000,192.168.0.148,192.168.0.178,53414,25565,26550,3762794,0,0,0x0010
7181,2026-08-15T10:14:05.730632000-0500,40.863673000,192.168.0.178,192.168.0.148,25565,53414,3762794,26550,1460,0,0x0010
7182,2026-08-15T10:14:05.730854000-0500,40.863895000,192.168.0.178,192.168.0.148,25565,53414,3764254,26550,1460,0,0x0010
7183,2026-08-15T10:14:05.730854000-0500,40.863895000,192.168.0.178,192.168.0.148,25565,53414,3765714,26550,1460,0,0x0010
7184,2026-08-15T10:14:05.730880000-0500,40.863921000,192.168.0.148,192.168.0.178,53414,25565,26550,3767174,0,0,0x0010
7185,2026-08-15T10:14:05.731102000-0500,40.864143000,192.168.0.178,192.168.0.148,25565,53414,3767174,26550,1460,0,0x0010
7186,2026-08-15T10:14:05.731102000-0500,40.864143000,192.168.0.178,192.168.0.148,25565,53414,3768634,26550,1460,0,0x0010
7187,2026-08-15T10:14:05.731129000-0500,40.864170000,192.168.0.148,192.168.0.178,53414,25565,26550,3770094,0,0,0x0010
7188,2026-08-15T10:14:05.731341000-0500,40.864382000,192.168.0.178,192.168.0.148,25565,53414,3770094,26550,1460,0,0x0010
7189,2026-08-15T10:14:05.731341000-0500,40.864382000,192.168.0.178,192.168.0.148,25565,53414,3771554,26550,1460,0,0x0018
7190,2026-08-15T10:14:05.731370000-0500,40.864411000,192.168.0.148,192.168.0.178,53414,25565,26550,3773014,0,0,0x0010
7191,2026-08-15T10:14:05.731592000-0500,40.864633000,192.168.0.178,192.168.0.148,25565,53414,3773014,26550,1460,0,0x0010
7192,2026-08-15T10:14:05.731592000-0500,40.864633000,192.168.0.178,192.168.0.148,25565,53414,3774474,26550,1460,0,0x0010
7193,2026-08-15T10:14:05.731621000-0500,40.864662000,192.168.0.148,192.168.0.178,53414,25565,26550,3775934,0,0,0x0010
7194,2026-08-15T10:14:05.731855000-0500,40.864896000,192.168.0.178,192.168.0.148,25565,53414,3775934,26550,1460,0,0x0010
7195,2026-08-15T10:14:05.731855000-0500,40.864896000,192.168.0.178,192.168.0.148,25565,53414,3777394,26550,62,0,0x0018
7196,2026-08-15T10:14:05.731887000-0500,40.864928000,192.168.0.148,192.168.0.178,53414,25565,26550,3777456,0,0,0x0010
7197,2026-08-15T10:14:05.743700000-0500,40.876741000,192.168.0.148,192.168.0.178,53414,25565,26550,3777456,28,0,0x0018
7198,2026-08-15T10:14:05.744716000-0500,40.877757000,192.168.0.148,192.168.0.178,53414,25565,26578,3777456,3,0,0x0018
7199,2026-08-15T10:14:05.745414000-0500,40.878455000,192.168.0.178,192.168.0.148,25565,53414,3777456,26581,0,0,0x0010
7200,2026-08-15T10:14:05.781359000-0500,40.914400000,192.168.0.178,192.168.0.148,25565,53414,3777456,26581,1460,0,0x0010
7201,2026-08-15T10:14:05.781359000-0500,40.914400000,192.168.0.178,192.168.0.148,25565,53414,3778916,26581,1460,0,0x0010
7202,2026-08-15T10:14:05.781415000-0500,40.914456000,192.168.0.148,192.168.0.178,53414,25565,26581,3780376,0,0,0x0010
7203,2026-08-15T10:14:05.781461000-0500,40.914502000,192.168.0.178,192.168.0.148,25565,53414,3780376,26581,1460,0,0x0010
7204,2026-08-15T10:14:05.781683000-0500,40.914724000,192.168.0.178,192.168.0.148,25565,53414,3781836,26581,1460,0,0x0010
7205,2026-08-15T10:14:05.781683000-0500,40.914724000,192.168.0.178,192.168.0.148,25565,53414,3783296,26581,1460,0,0x0010
7206,2026-08-15T10:14:05.781706000-0500,40.914747000,192.168.0.148,192.168.0.178,53414,25565,26581,3784756,0,0,0x0010
7207,2026-08-15T10:14:05.781911000-0500,40.914952000,192.168.0.178,192.168.0.148,25565,53414,3784756,26581,1460,0,0x0010
7208,2026-08-15T10:14:05.781911000-0500,40.914952000,192.168.0.178,192.168.0.148,25565,53414,3786216,26581,1002,0,0x0018
7209,2026-08-15T10:14:05.781933000-0500,40.914974000,192.168.0.148,192.168.0.178,53414,25565,26581,3787218,0,0,0x0010
7210,2026-08-15T10:14:05.792509000-0500,40.925550000,192.168.0.148,192.168.0.178,53414,25565,26581,3787218,4,0,0x0018
7211,2026-08-15T10:14:05.792524000-0500,40.925565000,192.168.0.148,192.168.0.178,53414,25565,26585,3787218,28,0,0x0018
7212,2026-08-15T10:14:05.793274000-0500,40.926315000,192.168.0.178,192.168.0.148,25565,53414,3787218,26613,0,0,0x0010
7213,2026-08-15T10:14:05.793278000-0500,40.926319000,192.168.0.148,192.168.0.178,53414,25565,26613,3787218,3,0,0x0018
7214,2026-08-15T10:14:05.828097000-0500,40.961138000,192.168.0.178,192.168.0.148,25565,53414,3787218,26616,755,0,0x0018
7215,2026-08-15T10:14:05.842708000-0500,40.975749000,192.168.0.148,192.168.0.178,53414,25565,26616,3787973,4,0,0x0018
7216,2026-08-15T10:14:05.842734000-0500,40.975775000,192.168.0.148,192.168.0.178,53414,25565,26620,3787973,28,0,0x0018
7217,2026-08-15T10:14:05.843364000-0500,40.976405000,192.168.0.178,192.168.0.148,25565,53414,3787973,26648,0,0,0x0010
7218,2026-08-15T10:14:05.843776000-0500,40.976817000,192.168.0.148,192.168.0.178,53414,25565,26648,3787973,3,0,0x0018
7219,2026-08-15T10:14:05.878383000-0500,41.011424000,192.168.0.178,192.168.0.148,25565,53414,3787973,26651,740,0,0x0018
7220,2026-08-15T10:14:05.893808000-0500,41.026849000,192.168.0.148,192.168.0.178,53414,25565,26651,3788713,36,0,0x0018
7221,2026-08-15T10:14:05.895140000-0500,41.028181000,192.168.0.148,192.168.0.178,53414,25565,26687,3788713,3,0,0x0018
7222,2026-08-15T10:14:05.895939000-0500,41.028980000,192.168.0.178,192.168.0.148,25565,53414,3788713,26690,0,0,0x0010
7223,2026-08-15T10:14:05.927968000-0500,41.061009000,192.168.0.178,192.168.0.148,25565,53414,3788713,26690,294,0,0x0018
7224,2026-08-15T10:14:05.942828000-0500,41.075869000,192.168.0.148,192.168.0.178,53414,25565,26690,3789007,36,0,0x0018
7225,2026-08-15T10:14:05.943715000-0500,41.076756000,192.168.0.148,192.168.0.178,53414,25565,26726,3789007,3,0,0x0018
7226,2026-08-15T10:14:05.944499000-0500,41.077540000,192.168.0.178,192.168.0.148,25565,53414,3789007,26729,0,0,0x0010
7227,2026-08-15T10:14:05.979353000-0500,41.112394000,192.168.0.178,192.168.0.148,25565,53414,3789007,26729,564,0,0x0018
7228,2026-08-15T10:14:05.993203000-0500,41.126244000,192.168.0.148,192.168.0.178,53414,25565,26729,3789571,36,0,0x0018
7229,2026-08-15T10:14:05.994199000-0500,41.127240000,192.168.0.148,192.168.0.178,53414,25565,26765,3789571,3,0,0x0018
7230,2026-08-15T10:14:05.994916000-0500,41.127957000,192.168.0.178,192.168.0.148,25565,53414,3789571,26768,0,0,0x0010
7231,2026-08-15T10:14:06.029066000-0500,41.162107000,192.168.0.178,192.168.0.148,25565,53414,3789571,26768,964,0,0x0018
7232,2026-08-15T10:14:06.042225000-0500,41.175266000,192.168.0.148,192.168.0.178,53414,25565,26768,3790535,36,0,0x0018
7233,2026-08-15T10:14:06.043013000-0500,41.176054000,192.168.0.148,192.168.0.178,53414,25565,26804,3790535,3,0,0x0018
7234,2026-08-15T10:14:06.043792000-0500,41.176833000,192.168.0.178,192.168.0.148,25565,53414,3790535,26807,0,0,0x0010
7235,2026-08-15T10:14:06.078218000-0500,41.211259000,192.168.0.178,192.168.0.148,25565,53414,3790535,26807,561,0,0x0018
7236,2026-08-15T10:14:06.093372000-0500,41.226413000,192.168.0.148,192.168.0.178,53414,25565,26807,3791096,36,0,0x0018
7237,2026-08-15T10:14:06.094617000-0500,41.227658000,192.168.0.148,192.168.0.178,53414,25565,26843,3791096,3,0,0x0018
7238,2026-08-15T10:14:06.095361000-0500,41.228402000,192.168.0.178,192.168.0.148,25565,53414,3791096,26846,0,0,0x0010
7239,2026-08-15T10:14:06.128211000-0500,41.261252000,192.168.0.178,192.168.0.148,25565,53414,3791096,26846,468,0,0x0018
7240,2026-08-15T10:14:06.143907000-0500,41.276948000,192.168.0.148,192.168.0.178,53414,25565,26846,3791564,36,0,0x0018
7241,2026-08-15T10:14:06.145309000-0500,41.278350000,192.168.0.148,192.168.0.178,53414,25565,26882,3791564,3,0,0x0018
7242,2026-08-15T10:14:06.146022000-0500,41.279063000,192.168.0.178,192.168.0.148,25565,53414,3791564,26885,0,0,0x0010
7243,2026-08-15T10:14:06.177972000-0500,41.311013000,192.168.0.178,192.168.0.148,25565,53414,3791564,26885,794,0,0x0018
7244,2026-08-15T10:14:06.193329000-0500,41.326370000,192.168.0.148,192.168.0.178,53414,25565,26885,3792358,36,0,0x0018
7245,2026-08-15T10:14:06.194499000-0500,41.327540000,192.168.0.148,192.168.0.178,53414,25565,26921,3792358,3,0,0x0018
7246,2026-08-15T10:14:06.195310000-0500,41.328351000,192.168.0.178,192.168.0.148,25565,53414,3792358,26924,0,0,0x0010
7247,2026-08-15T10:14:06.228527000-0500,41.361568000,192.168.0.178,192.168.0.148,25565,53414,3792358,26924,380,0,0x0018
7248,2026-08-15T10:14:06.243512000-0500,41.376553000,192.168.0.148,192.168.0.178,53414,25565,26924,3792738,36,0,0x0018
7249,2026-08-15T10:14:06.244825000-0500,41.377866000,192.168.0.148,192.168.0.178,53414,25565,26960,3792738,3,0,0x0018
7250,2026-08-15T10:14:06.245494000-0500,41.378535000,192.168.0.178,192.168.0.148,25565,53414,3792738,26963,0,0,0x0010
7251,2026-08-15T10:14:06.278802000-0500,41.411843000,192.168.0.178,192.168.0.148,25565,53414,3792738,26963,498,0,0x0018
7252,2026-08-15T10:14:06.292966000-0500,41.426007000,192.168.0.148,192.168.0.178,53414,25565,26963,3793236,36,0,0x0018
7253,2026-08-15T10:14:06.293929000-0500,41.426970000,192.168.0.148,192.168.0.178,53414,25565,26999,3793236,3,0,0x0018
7254,2026-08-15T10:14:06.294559000-0500,41.427600000,192.168.0.178,192.168.0.148,25565,53414,3793236,27002,0,0,0x0010
7255,2026-08-15T10:14:06.327722000-0500,41.460763000,192.168.0.178,192.168.0.148,25565,53414,3793236,27002,1005,0,0x0018
7256,2026-08-15T10:14:06.328158000-0500,41.461199000,192.168.0.148,192.168.0.178,53414,25565,27002,3794241,11,0,0x0018
7257,2026-08-15T10:14:06.343888000-0500,41.476929000,192.168.0.148,192.168.0.178,53414,25565,27013,3794241,4,0,0x0018
7258,2026-08-15T10:14:06.343921000-0500,41.476962000,192.168.0.148,192.168.0.178,53414,25565,27017,3794241,28,0,0x0018
7259,2026-08-15T10:14:06.344700000-0500,41.477741000,192.168.0.178,192.168.0.148,25565,53414,3794241,27045,0,0,0x0010
7260,2026-08-15T10:14:06.345459000-0500,41.478500000,192.168.0.148,192.168.0.178,53414,25565,27045,3794241,3,0,0x0018
7261,2026-08-15T10:14:06.388380000-0500,41.521421000,192.168.0.178,192.168.0.148,25565,53414,3794241,27048,1085,0,0x0018
7262,2026-08-15T10:14:06.393888000-0500,41.526929000,192.168.0.148,192.168.0.178,53414,25565,27048,3795326,36,0,0x0018
7263,2026-08-15T10:14:06.395264000-0500,41.528305000,192.168.0.148,192.168.0.178,53414,25565,27084,3795326,3,0,0x0018
7264,2026-08-15T10:14:06.396058000-0500,41.529099000,192.168.0.178,192.168.0.148,25565,53414,3795326,27087,0,0,0x0010
7265,2026-08-15T10:14:06.427972000-0500,41.561013000,192.168.0.178,192.168.0.148,25565,53414,3795326,27087,383,0,0x0018
7266,2026-08-15T10:14:06.443300000-0500,41.576341000,192.168.0.148,192.168.0.178,53414,25565,27087,3795709,4,0,0x0018
7267,2026-08-15T10:14:06.443334000-0500,41.576375000,192.168.0.148,192.168.0.178,53414,25565,27091,3795709,36,0,0x0018
7268,2026-08-15T10:14:06.444133000-0500,41.577174000,192.168.0.178,192.168.0.148,25565,53414,3795709,27127,0,0,0x0010
7269,2026-08-15T10:14:06.444549000-0500,41.577590000,192.168.0.148,192.168.0.178,53414,25565,27127,3795709,3,0,0x0018
7270,2026-08-15T10:14:06.479195000-0500,41.612236000,192.168.0.178,192.168.0.148,25565,53414,3795709,27130,773,0,0x0018
7271,2026-08-15T10:14:06.493597000-0500,41.626638000,192.168.0.148,192.168.0.178,53414,25565,27130,3796482,36,0,0x0018
7272,2026-08-15T10:14:06.494757000-0500,41.627798000,192.168.0.148,192.168.0.178,53414,25565,27166,3796482,3,0,0x0018
7273,2026-08-15T10:14:06.495516000-0500,41.628557000,192.168.0.178,192.168.0.148,25565,53414,3796482,27169,0,0,0x0010
7274,2026-08-15T10:14:06.528538000-0500,41.661579000,192.168.0.178,192.168.0.148,25565,53414,3796482,27169,616,0,0x0018
7275,2026-08-15T10:14:06.543832000-0500,41.676873000,192.168.0.148,192.168.0.178,53414,25565,27169,3797098,4,0,0x0018
7276,2026-08-15T10:14:06.543859000-0500,41.676900000,192.168.0.148,192.168.0.178,53414,25565,27173,3797098,4,0,0x0018
7277,2026-08-15T10:14:06.543869000-0500,41.676910000,192.168.0.148,192.168.0.178,53414,25565,27177,3797098,36,0,0x0018
7278,2026-08-15T10:14:06.544599000-0500,41.677640000,192.168.0.178,192.168.0.148,25565,53414,3797098,27213,0,0,0x0010
7279,2026-08-15T10:14:06.544799000-0500,41.677840000,192.168.0.148,192.168.0.178,53414,25565,27213,3797098,3,0,0x0018
7280,2026-08-15T10:14:06.578928000-0500,41.711969000,192.168.0.178,192.168.0.148,25565,53414,3797098,27216,726,0,0x0018
7281,2026-08-15T10:14:06.593465000-0500,41.726506000,192.168.0.148,192.168.0.178,53414,25565,27216,3797824,36,0,0x0018
7282,2026-08-15T10:14:06.594778000-0500,41.727819000,192.168.0.148,192.168.0.178,53414,25565,27252,3797824,3,0,0x0018
7283,2026-08-15T10:14:06.596530000-0500,41.729571000,192.168.0.178,192.168.0.148,25565,53414,3797824,27255,0,0,0x0010
7284,2026-08-15T10:14:06.629733000-0500,41.762774000,192.168.0.178,192.168.0.148,25565,53414,3797824,27255,699,0,0x0018
7285,2026-08-15T10:14:06.643468000-0500,41.776509000,192.168.0.148,192.168.0.178,53414,25565,27255,3798523,4,0,0x0018
7286,2026-08-15T10:14:06.643498000-0500,41.776539000,192.168.0.148,192.168.0.178,53414,25565,27259,3798523,36,0,0x0018
7287,2026-08-15T10:14:06.644042000-0500,41.777083000,192.168.0.178,192.168.0.148,25565,53414,3798523,27295,0,0,0x0010
7288,2026-08-15T10:14:06.644751000-0500,41.777792000,192.168.0.148,192.168.0.178,53414,25565,27295,3798523,3,0,0x0018
7289,2026-08-15T10:14:06.682215000-0500,41.815256000,192.168.0.178,192.168.0.148,25565,53414,3798523,27298,709,0,0x0018
7290,2026-08-15T10:14:06.693123000-0500,41.826164000,192.168.0.148,192.168.0.178,53414,25565,27298,3799232,36,0,0x0018
7291,2026-08-15T10:14:06.694459000-0500,41.827500000,192.168.0.148,192.168.0.178,53414,25565,27334,3799232,3,0,0x0018
7292,2026-08-15T10:14:06.704741000-0500,41.837782000,192.168.0.178,192.168.0.148,25565,53414,3799232,27337,0,0,0x0010
7293,2026-08-15T10:14:06.705423000-0500,41.838464000,192.168.0.178,192.168.0.148,25565,53414,3799232,27337,11,0,0x0018
7294,2026-08-15T10:14:06.705423000-0500,41.838464000,192.168.0.178,192.168.0.148,25565,53414,3799243,27337,11,0,0x0018
7295,2026-08-15T10:14:06.705461000-0500,41.838502000,192.168.0.148,192.168.0.178,53414,25565,27337,3799254,0,0,0x0010
7296,2026-08-15T10:14:06.705490000-0500,41.838531000,192.168.0.178,192.168.0.148,25565,53414,3799254,27337,11,0,0x0018
7297,2026-08-15T10:14:06.705490000-0500,41.838531000,192.168.0.178,192.168.0.148,25565,53414,3799265,27337,11,0,0x0018
7298,2026-08-15T10:14:06.705497000-0500,41.838538000,192.168.0.148,192.168.0.178,53414,25565,27337,3799276,0,0,0x0010
7299,2026-08-15T10:14:06.705538000-0500,41.838579000,192.168.0.178,192.168.0.148,25565,53414,3799276,27337,11,0,0x0018
7300,2026-08-15T10:14:06.705714000-0500,41.838755000,192.168.0.178,192.168.0.148,25565,53414,3799287,27337,11,0,0x0018
7301,2026-08-15T10:14:06.705744000-0500,41.838785000,192.168.0.148,192.168.0.178,53414,25565,27337,3799298,0,0,0x0010
7302,2026-08-15T10:14:06.705820000-0500,41.838861000,192.168.0.178,192.168.0.148,25565,53414,3799298,27337,11,0,0x0018
7303,2026-08-15T10:14:06.705820000-0500,41.838861000,192.168.0.178,192.168.0.148,25565,53414,3799309,27337,11,0,0x0018
7304,2026-08-15T10:14:06.705835000-0500,41.838876000,192.168.0.148,192.168.0.178,53414,25565,27337,3799320,0,0,0x0010
7305,2026-08-15T10:14:06.706034000-0500,41.839075000,192.168.0.178,192.168.0.148,25565,53414,3799320,27337,11,0,0x0018
7306,2026-08-15T10:14:06.706034000-0500,41.839075000,192.168.0.178,192.168.0.148,25565,53414,3799331,27337,11,0,0x0018
7307,2026-08-15T10:14:06.706034000-0500,41.839075000,192.168.0.178,192.168.0.148,25565,53414,3799342,27337,11,0,0x0018
7308,2026-08-15T10:14:06.706065000-0500,41.839106000,192.168.0.148,192.168.0.178,53414,25565,27337,3799353,0,0,0x0010
7309,2026-08-15T10:14:06.706108000-0500,41.839149000,192.168.0.178,192.168.0.148,25565,53414,3799353,27337,11,0,0x0018
7310,2026-08-15T10:14:06.706108000-0500,41.839149000,192.168.0.178,192.168.0.148,25565,53414,3799364,27337,11,0,0x0018
7311,2026-08-15T10:14:06.706117000-0500,41.839158000,192.168.0.148,192.168.0.178,53414,25565,27337,3799375,0,0,0x0010
7312,2026-08-15T10:14:06.706157000-0500,41.839198000,192.168.0.178,192.168.0.148,25565,53414,3799375,27337,11,0,0x0018
7313,2026-08-15T10:14:06.706157000-0500,41.839198000,192.168.0.178,192.168.0.148,25565,53414,3799386,27337,11,0,0x0018
7314,2026-08-15T10:14:06.706165000-0500,41.839206000,192.168.0.148,192.168.0.178,53414,25565,27337,3799397,0,0,0x0010
7315,2026-08-15T10:14:06.706215000-0500,41.839256000,192.168.0.178,192.168.0.148,25565,53414,3799397,27337,11,0,0x0018
7316,2026-08-15T10:14:06.706222000-0500,41.839263000,192.168.0.148,192.168.0.178,53414,25565,27337,3799408,0,0,0x0010
7317,2026-08-15T10:14:06.706247000-0500,41.839288000,192.168.0.178,192.168.0.148,25565,53414,3799408,27337,11,0,0x0018
7318,2026-08-15T10:14:06.706611000-0500,41.839652000,192.168.0.178,192.168.0.148,25565,53414,3799419,27337,11,0,0x0018
7319,2026-08-15T10:14:06.706708000-0500,41.839749000,192.168.0.148,192.168.0.178,53414,25565,27337,3799430,0,0,0x0010
7320,2026-08-15T10:14:06.706789000-0500,41.839830000,192.168.0.178,192.168.0.148,25565,53414,3799430,27337,11,0,0x0018
7321,2026-08-15T10:14:06.706789000-0500,41.839830000,192.168.0.178,192.168.0.148,25565,53414,3799441,27337,13,0,0x0018
7322,2026-08-15T10:14:06.706800000-0500,41.839841000,192.168.0.148,192.168.0.178,53414,25565,27337,3799454,0,0,0x0010
7323,2026-08-15T10:14:06.732664000-0500,41.865705000,192.168.0.178,192.168.0.148,25565,53414,3799454,27337,624,0,0x0018
7324,2026-08-15T10:14:06.742745000-0500,41.875786000,192.168.0.148,192.168.0.178,53414,25565,27337,3800078,4,0,0x0018
7325,2026-08-15T10:14:06.742774000-0500,41.875815000,192.168.0.148,192.168.0.178,53414,25565,27341,3800078,36,0,0x0018
7326,2026-08-15T10:14:06.743524000-0500,41.876565000,192.168.0.178,192.168.0.148,25565,53414,3800078,27377,0,0,0x0010
7327,2026-08-15T10:14:06.743756000-0500,41.876797000,192.168.0.148,192.168.0.178,53414,25565,27377,3800078,3,0,0x0018
7328,2026-08-15T10:14:06.780744000-0500,41.913785000,192.168.0.178,192.168.0.148,25565,53414,3800078,27380,1001,0,0x0018
7329,2026-08-15T10:14:06.793371000-0500,41.926412000,192.168.0.148,192.168.0.178,53414,25565,27380,3801079,36,0,0x0018
7330,2026-08-15T10:14:06.794425000-0500,41.927466000,192.168.0.148,192.168.0.178,53414,25565,27416,3801079,3,0,0x0018
7331,2026-08-15T10:14:06.795068000-0500,41.928109000,192.168.0.178,192.168.0.148,25565,53414,3801079,27419,0,0,0x0010
7332,2026-08-15T10:14:06.828259000-0500,41.961300000,192.168.0.178,192.168.0.148,25565,53414,3801079,27419,768,0,0x0018
7333,2026-08-15T10:14:06.843333000-0500,41.976374000,192.168.0.148,192.168.0.178,53414,25565,27419,3801847,4,0,0x0018
7334,2026-08-15T10:14:06.843362000-0500,41.976403000,192.168.0.148,192.168.0.178,53414,25565,27423,3801847,36,0,0x0018
7335,2026-08-15T10:14:06.844246000-0500,41.977287000,192.168.0.178,192.168.0.148,25565,53414,3801847,27459,0,0,0x0010
7336,2026-08-15T10:14:06.844444000-0500,41.977485000,192.168.0.148,192.168.0.178,53414,25565,27459,3801847,3,0,0x0018
7337,2026-08-15T10:14:06.878266000-0500,42.011307000,192.168.0.178,192.168.0.148,25565,53414,3801847,27462,297,0,0x0018
7338,2026-08-15T10:14:06.893445000-0500,42.026486000,192.168.0.148,192.168.0.178,53414,25565,27462,3802144,36,0,0x0018
7339,2026-08-15T10:14:06.894992000-0500,42.028033000,192.168.0.148,192.168.0.178,53414,25565,27498,3802144,3,0,0x0018
7340,2026-08-15T10:14:06.895813000-0500,42.028854000,192.168.0.178,192.168.0.148,25565,53414,3802144,27501,0,0,0x0010
7341,2026-08-15T10:14:06.928701000-0500,42.061742000,192.168.0.178,192.168.0.148,25565,53414,3802144,27501,931,0,0x0018
7342,2026-08-15T10:14:06.943332000-0500,42.076373000,192.168.0.148,192.168.0.178,53414,25565,27501,3803075,28,0,0x0018
7343,2026-08-15T10:14:06.945069000-0500,42.078110000,192.168.0.148,192.168.0.178,53414,25565,27529,3803075,3,0,0x0018
7344,2026-08-15T10:14:06.945716000-0500,42.078757000,192.168.0.178,192.168.0.148,25565,53414,3803075,27532,0,0,0x0010
7345,2026-08-15T10:14:06.978483000-0500,42.111524000,192.168.0.178,192.168.0.148,25565,53414,3803075,27532,460,0,0x0018
7346,2026-08-15T10:14:06.993565000-0500,42.126606000,192.168.0.148,192.168.0.178,53414,25565,27532,3803535,28,0,0x0018
7347,2026-08-15T10:14:06.994979000-0500,42.128020000,192.168.0.148,192.168.0.178,53414,25565,27560,3803535,3,0,0x0018
7348,2026-08-15T10:14:06.995324000-0500,42.128365000,192.168.0.178,192.168.0.148,25565,53414,3803535,27560,13,0,0x0018
7349,2026-08-15T10:14:07.027609000-0500,42.160650000,192.168.0.178,192.168.0.148,25565,53414,3803548,27563,730,0,0x0018
7350,2026-08-15T10:14:07.027668000-0500,42.160709000,192.168.0.148,192.168.0.178,53414,25565,27563,3804278,0,0,0x0010
7351,2026-08-15T10:14:07.042813000-0500,42.175854000,192.168.0.148,192.168.0.178,53414,25565,27563,3804278,4,0,0x0018
7352,2026-08-15T10:14:07.042837000-0500,42.175878000,192.168.0.148,192.168.0.178,53414,25565,27567,3804278,28,0,0x0018
7353,2026-08-15T10:14:07.043565000-0500,42.176606000,192.168.0.148,192.168.0.178,53414,25565,27595,3804278,3,0,0x0018
7354,2026-08-15T10:14:07.043564000-0500,42.176605000,192.168.0.178,192.168.0.148,25565,53414,3804278,27595,0,0,0x0010
7355,2026-08-15T10:14:07.080727000-0500,42.213768000,192.168.0.178,192.168.0.148,25565,53414,3804278,27598,1460,0,0x0010
7356,2026-08-15T10:14:07.080727000-0500,42.213768000,192.168.0.178,192.168.0.148,25565,53414,3805738,27598,367,0,0x0018
7357,2026-08-15T10:14:07.080778000-0500,42.213819000,192.168.0.148,192.168.0.178,53414,25565,27598,3806105,0,0,0x0010
7358,2026-08-15T10:14:07.093361000-0500,42.226402000,192.168.0.148,192.168.0.178,53414,25565,27598,3806105,28,0,0x0018
7359,2026-08-15T10:14:07.094716000-0500,42.227757000,192.168.0.148,192.168.0.178,53414,25565,27626,3806105,3,0,0x0018
7360,2026-08-15T10:14:07.095410000-0500,42.228451000,192.168.0.178,192.168.0.148,25565,53414,3806105,27629,0,0,0x0010
7361,2026-08-15T10:14:07.128851000-0500,42.261892000,192.168.0.178,192.168.0.148,25565,53414,3806105,27629,1460,0,0x0010
7362,2026-08-15T10:14:07.128851000-0500,42.261892000,192.168.0.178,192.168.0.148,25565,53414,3807565,27629,1460,0,0x0010
7363,2026-08-15T10:14:07.128946000-0500,42.261987000,192.168.0.148,192.168.0.178,53414,25565,27629,3809025,0,0,0x0010
7364,2026-08-15T10:14:07.128988000-0500,42.262029000,192.168.0.178,192.168.0.148,25565,53414,3809025,27629,1460,0,0x0010
7365,2026-08-15T10:14:07.129025000-0500,42.262066000,192.168.0.178,192.168.0.148,25565,53414,3810485,27629,1460,0,0x0010
7366,2026-08-15T10:14:07.129031000-0500,42.262072000,192.168.0.148,192.168.0.178,53414,25565,27629,3811945,0,0,0x0010
7367,2026-08-15T10:14:07.129189000-0500,42.262230000,192.168.0.178,192.168.0.148,25565,53414,3811945,27629,1460,0,0x0010
7368,2026-08-15T10:14:07.129276000-0500,42.262317000,192.168.0.178,192.168.0.148,25565,53414,3813405,27629,1460,0,0x0010
7369,2026-08-15T10:14:07.129295000-0500,42.262336000,192.168.0.148,192.168.0.178,53414,25565,27629,3814865,0,0,0x0010
7370,2026-08-15T10:14:07.129506000-0500,42.262547000,192.168.0.178,192.168.0.148,25565,53414,3814865,27629,1460,0,0x0010
7371,2026-08-15T10:14:07.129569000-0500,42.262610000,192.168.0.178,192.168.0.148,25565,53414,3816325,27629,1460,0,0x0010
7372,2026-08-15T10:14:07.129586000-0500,42.262627000,192.168.0.148,192.168.0.178,53414,25565,27629,3817785,0,0,0x0010
7373,2026-08-15T10:14:07.129661000-0500,42.262702000,192.168.0.178,192.168.0.148,25565,53414,3817785,27629,1460,0,0x0018
7374,2026-08-15T10:14:07.129858000-0500,42.262899000,192.168.0.178,192.168.0.148,25565,53414,3819245,27629,1460,0,0x0010
7375,2026-08-15T10:14:07.129858000-0500,42.262899000,192.168.0.178,192.168.0.148,25565,53414,3820705,27629,998,0,0x0018
7376,2026-08-15T10:14:07.129900000-0500,42.262941000,192.168.0.148,192.168.0.178,53414,25565,27629,3821703,0,0,0x0010
7377,2026-08-15T10:14:07.143610000-0500,42.276651000,192.168.0.148,192.168.0.178,53414,25565,27629,3821703,28,0,0x0018
7378,2026-08-15T10:14:07.144915000-0500,42.277956000,192.168.0.148,192.168.0.178,53414,25565,27657,3821703,3,0,0x0018
7379,2026-08-15T10:14:07.145646000-0500,42.278687000,192.168.0.178,192.168.0.148,25565,53414,3821703,27660,0,0,0x0010
7380,2026-08-15T10:14:07.179353000-0500,42.312394000,192.168.0.178,192.168.0.148,25565,53414,3821703,27660,1460,0,0x0010
7381,2026-08-15T10:14:07.179353000-0500,42.312394000,192.168.0.178,192.168.0.148,25565,53414,3823163,27660,1460,0,0x0010
7382,2026-08-15T10:14:07.179405000-0500,42.312446000,192.168.0.148,192.168.0.178,53414,25565,27660,3824623,0,0,0x0010
7383,2026-08-15T10:14:07.179464000-0500,42.312505000,192.168.0.178,192.168.0.148,25565,53414,3824623,27660,1460,0,0x0010
7384,2026-08-15T10:14:07.179678000-0500,42.312719000,192.168.0.178,192.168.0.148,25565,53414,3826083,27660,1460,0,0x0010
7385,2026-08-15T10:14:07.179697000-0500,42.312738000,192.168.0.148,192.168.0.178,53414,25565,27660,3827543,0,0,0x0010
7386,2026-08-15T10:14:07.179738000-0500,42.312779000,192.168.0.178,192.168.0.148,25565,53414,3827543,27660,1460,0,0x0010
7387,2026-08-15T10:14:07.179877000-0500,42.312918000,192.168.0.178,192.168.0.148,25565,53414,3829003,27660,1460,0,0x0010
7388,2026-08-15T10:14:07.179897000-0500,42.312938000,192.168.0.148,192.168.0.178,53414,25565,27660,3830463,0,0,0x0010
7389,2026-08-15T10:14:07.179958000-0500,42.312999000,192.168.0.178,192.168.0.148,25565,53414,3830463,27660,1460,0,0x0010
7390,2026-08-15T10:14:07.180178000-0500,42.313219000,192.168.0.178,192.168.0.148,25565,53414,3831923,27660,1460,0,0x0010
7391,2026-08-15T10:14:07.180203000-0500,42.313244000,192.168.0.148,192.168.0.178,53414,25565,27660,3833383,0,0,0x0010
7392,2026-08-15T10:14:07.180237000-0500,42.313278000,192.168.0.178,192.168.0.148,25565,53414,3833383,27660,1460,0,0x0018
7393,2026-08-15T10:14:07.180365000-0500,42.313406000,192.168.0.178,192.168.0.148,25565,53414,3834843,27660,1460,0,0x0010
7394,2026-08-15T10:14:07.180387000-0500,42.313428000,192.168.0.148,192.168.0.178,53414,25565,27660,3836303,0,0,0x0010
7395,2026-08-15T10:14:07.180449000-0500,42.313490000,192.168.0.178,192.168.0.148,25565,53414,3836303,27660,1460,0,0x0010
7396,2026-08-15T10:14:07.180537000-0500,42.313578000,192.168.0.178,192.168.0.148,25565,53414,3837763,27660,79,0,0x0018
7397,2026-08-15T10:14:07.180541000-0500,42.313582000,192.168.0.148,192.168.0.178,53414,25565,27660,3837842,0,0,0x0010
7398,2026-08-15T10:14:07.192992000-0500,42.326033000,192.168.0.148,192.168.0.178,53414,25565,27660,3837842,4,0,0x0018
7399,2026-08-15T10:14:07.193014000-0500,42.326055000,192.168.0.148,192.168.0.178,53414,25565,27664,3837842,28,0,0x0018
7400,2026-08-15T10:14:07.193798000-0500,42.326839000,192.168.0.148,192.168.0.178,53414,25565,27692,3837842,3,0,0x0018
7401,2026-08-15T10:14:07.193801000-0500,42.326842000,192.168.0.178,192.168.0.148,25565,53414,3837842,27692,0,0,0x0010
7402,2026-08-15T10:14:07.230825000-0500,42.363866000,192.168.0.178,192.168.0.148,25565,53414,3837842,27695,1460,0,0x0010
7403,2026-08-15T10:14:07.230825000-0500,42.363866000,192.168.0.178,192.168.0.148,25565,53414,3839302,27695,1460,0,0x0010
7404,2026-08-15T10:14:07.230925000-0500,42.363966000,192.168.0.148,192.168.0.178,53414,25565,27695,3840762,0,0,0x0010
7405,2026-08-15T10:14:07.230983000-0500,42.364024000,192.168.0.178,192.168.0.148,25565,53414,3840762,27695,1460,0,0x0010
7406,2026-08-15T10:14:07.231003000-0500,42.364044000,192.168.0.178,192.168.0.148,25565,53414,3842222,27695,1460,0,0x0010
7407,2026-08-15T10:14:07.231006000-0500,42.364047000,192.168.0.148,192.168.0.178,53414,25565,27695,3843682,0,0,0x0010
7408,2026-08-15T10:14:07.231155000-0500,42.364196000,192.168.0.178,192.168.0.148,25565,53414,3843682,27695,1460,0,0x0010
7409,2026-08-15T10:14:07.231373000-0500,42.364414000,192.168.0.178,192.168.0.148,25565,53414,3845142,27695,1460,0,0x0010
7410,2026-08-15T10:14:07.231373000-0500,42.364414000,192.168.0.178,192.168.0.148,25565,53414,3846602,27695,1460,0,0x0010
7411,2026-08-15T10:14:07.231395000-0500,42.364436000,192.168.0.148,192.168.0.178,53414,25565,27695,3848062,0,0,0x0010
7412,2026-08-15T10:14:07.231650000-0500,42.364691000,192.168.0.178,192.168.0.148,25565,53414,3848062,27695,1460,0,0x0010
7413,2026-08-15T10:14:07.231650000-0500,42.364691000,192.168.0.178,192.168.0.148,25565,53414,3849522,27695,518,0,0x0018
7414,2026-08-15T10:14:07.231669000-0500,42.364710000,192.168.0.148,192.168.0.178,53414,25565,27695,3850040,0,0,0x0010
7415,2026-08-15T10:14:07.243175000-0500,42.376216000,192.168.0.148,192.168.0.178,53414,25565,27695,3850040,28,0,0x0018
7416,2026-08-15T10:14:07.243922000-0500,42.376963000,192.168.0.148,192.168.0.178,53414,25565,27723,3850040,3,0,0x0018
7417,2026-08-15T10:14:07.244448000-0500,42.377489000,192.168.0.178,192.168.0.148,25565,53414,3850040,27726,0,0,0x0010
7418,2026-08-15T10:14:07.287960000-0500,42.421001000,192.168.0.178,192.168.0.148,25565,53414,3850040,27726,1460,0,0x0010
7419,2026-08-15T10:14:07.288075000-0500,42.421116000,192.168.0.178,192.168.0.148,25565,53414,3851500,27726,1460,0,0x0010
7420,2026-08-15T10:14:07.288092000-0500,42.421133000,192.168.0.148,192.168.0.178,53414,25565,27726,3852960,0,0,0x0010
7421,2026-08-15T10:14:07.288138000-0500,42.421179000,192.168.0.178,192.168.0.148,25565,53414,3852960,27726,1460,0,0x0010
7422,2026-08-15T10:14:07.288339000-0500,42.421380000,192.168.0.178,192.168.0.148,25565,53414,3854420,27726,1460,0,0x0010
7423,2026-08-15T10:14:07.288365000-0500,42.421406000,192.168.0.148,192.168.0.178,53414,25565,27726,3855880,0,0,0x0010
7424,2026-08-15T10:14:07.288402000-0500,42.421443000,192.168.0.178,192.168.0.148,25565,53414,3855880,27726,1460,0,0x0010
7425,2026-08-15T10:14:07.288607000-0500,42.421648000,192.168.0.178,192.168.0.148,25565,53414,3857340,27726,1460,0,0x0010
7426,2026-08-15T10:14:07.288607000-0500,42.421648000,192.168.0.178,192.168.0.148,25565,53414,3858800,27726,1460,0,0x0010
7427,2026-08-15T10:14:07.288638000-0500,42.421679000,192.168.0.148,192.168.0.178,53414,25565,27726,3860260,0,0,0x0010
7428,2026-08-15T10:14:07.288849000-0500,42.421890000,192.168.0.178,192.168.0.148,25565,53414,3860260,27726,1460,0,0x0010
7429,2026-08-15T10:14:07.288849000-0500,42.421890000,192.168.0.178,192.168.0.148,25565,53414,3861720,27726,1460,0,0x0018
7430,2026-08-15T10:14:07.288883000-0500,42.421924000,192.168.0.148,192.168.0.178,53414,25565,27726,3863180,0,0,0x0010
7431,2026-08-15T10:14:07.289085000-0500,42.422126000,192.168.0.178,192.168.0.148,25565,53414,3863180,27726,1460,0,0x0010
7432,2026-08-15T10:14:07.289085000-0500,42.422126000,192.168.0.178,192.168.0.148,25565,53414,3864640,27726,1285,0,0x0018
7433,2026-08-15T10:14:07.289118000-0500,42.422159000,192.168.0.148,192.168.0.178,53414,25565,27726,3865925,0,0,0x0010
7434,2026-08-15T10:14:07.292853000-0500,42.425894000,192.168.0.148,192.168.0.178,53414,25565,27726,3865925,28,0,0x0018
7435,2026-08-15T10:14:07.293756000-0500,42.426797000,192.168.0.148,192.168.0.178,53414,25565,27754,3865925,3,0,0x0018
7436,2026-08-15T10:14:07.295073000-0500,42.428114000,192.168.0.178,192.168.0.148,25565,53414,3865925,27757,0,0,0x0010
7437,2026-08-15T10:14:07.332418000-0500,42.465459000,192.168.0.178,192.168.0.148,25565,53414,3865925,27757,1460,0,0x0010
7438,2026-08-15T10:14:07.332418000-0500,42.465459000,192.168.0.178,192.168.0.148,25565,53414,3867385,27757,1460,0,0x0010
7439,2026-08-15T10:14:07.332469000-0500,42.465510000,192.168.0.148,192.168.0.178,53414,25565,27757,3868845,0,0,0x0010
7440,2026-08-15T10:14:07.332510000-0500,42.465551000,192.168.0.178,192.168.0.148,25565,53414,3868845,27757,1460,0,0x0010
7441,2026-08-15T10:14:07.332750000-0500,42.465791000,192.168.0.178,192.168.0.148,25565,53414,3870305,27757,1460,0,0x0010
7442,2026-08-15T10:14:07.332750000-0500,42.465791000,192.168.0.178,192.168.0.148,25565,53414,3871765,27757,1460,0,0x0010
7443,2026-08-15T10:14:07.332774000-0500,42.465815000,192.168.0.148,192.168.0.178,53414,25565,27757,3873225,0,0,0x0010
7444,2026-08-15T10:14:07.332994000-0500,42.466035000,192.168.0.178,192.168.0.148,25565,53414,3873225,27757,1460,0,0x0010
7445,2026-08-15T10:14:07.332994000-0500,42.466035000,192.168.0.178,192.168.0.148,25565,53414,3874685,27757,1460,0,0x0010
7446,2026-08-15T10:14:07.333020000-0500,42.466061000,192.168.0.148,192.168.0.178,53414,25565,27757,3876145,0,0,0x0010
7447,2026-08-15T10:14:07.333239000-0500,42.466280000,192.168.0.178,192.168.0.148,25565,53414,3876145,27757,1460,0,0x0010
7448,2026-08-15T10:14:07.333239000-0500,42.466280000,192.168.0.178,192.168.0.148,25565,53414,3877605,27757,1460,0,0x0018
7449,2026-08-15T10:14:07.333270000-0500,42.466311000,192.168.0.148,192.168.0.178,53414,25565,27757,3879065,0,0,0x0010
7450,2026-08-15T10:14:07.333439000-0500,42.466480000,192.168.0.178,192.168.0.148,25565,53414,3879065,27757,1460,0,0x0010
7451,2026-08-15T10:14:07.333451000-0500,42.466492000,192.168.0.148,192.168.0.178,53414,25565,27757,3880525,0,0,0x0010
7452,2026-08-15T10:14:07.333537000-0500,42.466578000,192.168.0.178,192.168.0.148,25565,53414,3880525,27757,1460,0,0x0010
7453,2026-08-15T10:14:07.333596000-0500,42.466637000,192.168.0.178,192.168.0.148,25565,53414,3881985,27757,1217,0,0x0018
7454,2026-08-15T10:14:07.333608000-0500,42.466649000,192.168.0.148,192.168.0.178,53414,25565,27757,3883202,0,0,0x0010
7455,2026-08-15T10:14:07.333832000-0500,42.466873000,192.168.0.148,192.168.0.178,53414,25565,27757,3883202,11,0,0x0018
7456,2026-08-15T10:14:07.343569000-0500,42.476610000,192.168.0.148,192.168.0.178,53414,25565,27768,3883202,28,0,0x0018
7457,2026-08-15T10:14:07.344357000-0500,42.477398000,192.168.0.178,192.168.0.148,25565,53414,3883202,27796,0,0,0x0010
7458,2026-08-15T10:14:07.344987000-0500,42.478028000,192.168.0.148,192.168.0.178,53414,25565,27796,3883202,3,0,0x0018
7459,2026-08-15T10:14:07.382109000-0500,42.515150000,192.168.0.178,192.168.0.148,25565,53414,3883202,27799,711,0,0x0018
7460,2026-08-15T10:14:07.393693000-0500,42.526734000,192.168.0.148,192.168.0.178,53414,25565,27799,3883913,4,0,0x0018
7461,2026-08-15T10:14:07.393721000-0500,42.526762000,192.168.0.148,192.168.0.178,53414,25565,27803,3883913,28,0,0x0018
7462,2026-08-15T10:14:07.394528000-0500,42.527569000,192.168.0.178,192.168.0.148,25565,53414,3883913,27831,0,0,0x0010
7463,2026-08-15T10:14:07.395027000-0500,42.528068000,192.168.0.148,192.168.0.178,53414,25565,27831,3883913,3,0,0x0018
7464,2026-08-15T10:14:07.429938000-0500,42.562979000,192.168.0.178,192.168.0.148,25565,53414,3883913,27834,286,0,0x0018
7465,2026-08-15T10:14:07.443431000-0500,42.576472000,192.168.0.148,192.168.0.178,53414,25565,27834,3884199,28,0,0x0018
7466,2026-08-15T10:14:07.444928000-0500,42.577969000,192.168.0.148,192.168.0.178,53414,25565,27862,3884199,3,0,0x0018
7467,2026-08-15T10:14:07.445543000-0500,42.578584000,192.168.0.178,192.168.0.148,25565,53414,3884199,27865,0,0,0x0010
7468,2026-08-15T10:14:07.484320000-0500,42.617361000,192.168.0.178,192.168.0.148,25565,53414,3884199,27865,319,0,0x0018
7469,2026-08-15T10:14:07.492222000-0500,42.625263000,192.168.0.148,192.168.0.178,53414,25565,27865,3884518,28,0,0x0018
7470,2026-08-15T10:14:07.493038000-0500,42.626079000,192.168.0.148,192.168.0.178,53414,25565,27893,3884518,3,0,0x0018
7471,2026-08-15T10:14:07.493771000-0500,42.626812000,192.168.0.178,192.168.0.148,25565,53414,3884518,27896,0,0,0x0010
7472,2026-08-15T10:14:07.528214000-0500,42.661255000,192.168.0.178,192.168.0.148,25565,53414,3884518,27896,912,0,0x0018
7473,2026-08-15T10:14:07.542682000-0500,42.675723000,192.168.0.148,192.168.0.178,53414,25565,27896,3885430,28,0,0x0018
7474,2026-08-15T10:14:07.543840000-0500,42.676881000,192.168.0.148,192.168.0.178,53414,25565,27924,3885430,3,0,0x0018
7475,2026-08-15T10:14:07.544478000-0500,42.677519000,192.168.0.178,192.168.0.148,25565,53414,3885430,27927,0,0,0x0010
7476,2026-08-15T10:14:07.578057000-0500,42.711098000,192.168.0.178,192.168.0.148,25565,53414,3885430,27927,480,0,0x0018
7477,2026-08-15T10:14:07.592284000-0500,42.725325000,192.168.0.148,192.168.0.178,53414,25565,27927,3885910,28,0,0x0018
7478,2026-08-15T10:14:07.593101000-0500,42.726142000,192.168.0.148,192.168.0.178,53414,25565,27955,3885910,3,0,0x0018
7479,2026-08-15T10:14:07.593820000-0500,42.726861000,192.168.0.178,192.168.0.148,25565,53414,3885910,27958,0,0,0x0010
7480,2026-08-15T10:14:07.627922000-0500,42.760963000,192.168.0.178,192.168.0.148,25565,53414,3885910,27958,326,0,0x0018
7481,2026-08-15T10:14:07.642376000-0500,42.775417000,192.168.0.148,192.168.0.178,53414,25565,27958,3886236,28,0,0x0018
7482,2026-08-15T10:14:07.643143000-0500,42.776184000,192.168.0.148,192.168.0.178,53414,25565,27986,3886236,3,0,0x0018
7483,2026-08-15T10:14:07.645145000-0500,42.778186000,192.168.0.178,192.168.0.148,25565,53414,3886236,27989,0,0,0x0010
7484,2026-08-15T10:14:07.678358000-0500,42.811399000,192.168.0.178,192.168.0.148,25565,53414,3886236,27989,644,0,0x0018
7485,2026-08-15T10:14:07.693329000-0500,42.826370000,192.168.0.148,192.168.0.178,53414,25565,27989,3886880,28,0,0x0018
7486,2026-08-15T10:14:07.694599000-0500,42.827640000,192.168.0.148,192.168.0.178,53414,25565,28017,3886880,3,0,0x0018
7487,2026-08-15T10:14:07.695233000-0500,42.828274000,192.168.0.178,192.168.0.148,25565,53414,3886880,28020,0,0,0x0010
7488,2026-08-15T10:14:07.728055000-0500,42.861096000,192.168.0.178,192.168.0.148,25565,53414,3886880,28020,166,0,0x0018
7489,2026-08-15T10:14:07.743685000-0500,42.876726000,192.168.0.148,192.168.0.178,53414,25565,28020,3887046,28,0,0x0018
7490,2026-08-15T10:14:07.745400000-0500,42.878441000,192.168.0.148,192.168.0.178,53414,25565,28048,3887046,3,0,0x0018
7491,2026-08-15T10:14:07.745862000-0500,42.878903000,192.168.0.178,192.168.0.148,25565,53414,3887046,28051,0,0,0x0010
7492,2026-08-15T10:14:07.780361000-0500,42.913402000,192.168.0.178,192.168.0.148,25565,53414,3887046,28051,451,0,0x0018
7493,2026-08-15T10:14:07.793579000-0500,42.926620000,192.168.0.148,192.168.0.178,53414,25565,28051,3887497,28,0,0x0018
7494,2026-08-15T10:14:07.794918000-0500,42.927959000,192.168.0.148,192.168.0.178,53414,25565,28079,3887497,3,0,0x0018
7495,2026-08-15T10:14:07.795709000-0500,42.928750000,192.168.0.178,192.168.0.148,25565,53414,3887497,28082,0,0,0x0010
7496,2026-08-15T10:14:07.828177000-0500,42.961218000,192.168.0.178,192.168.0.148,25565,53414,3887497,28082,1211,0,0x0018
7497,2026-08-15T10:14:07.842566000-0500,42.975607000,192.168.0.148,192.168.0.178,53414,25565,28082,3888708,28,0,0x0018
7498,2026-08-15T10:14:07.843323000-0500,42.976364000,192.168.0.148,192.168.0.178,53414,25565,28110,3888708,3,0,0x0018
7499,2026-08-15T10:14:07.844090000-0500,42.977131000,192.168.0.178,192.168.0.148,25565,53414,3888708,28113,0,0,0x0010
7500,2026-08-15T10:14:07.877886000-0500,43.010927000,192.168.0.178,192.168.0.148,25565,53414,3888708,28113,1180,0,0x0018
7501,2026-08-15T10:14:07.893555000-0500,43.026596000,192.168.0.148,192.168.0.178,53414,25565,28113,3889888,28,0,0x0018
7502,2026-08-15T10:14:07.894911000-0500,43.027952000,192.168.0.148,192.168.0.178,53414,25565,28141,3889888,3,0,0x0018
7503,2026-08-15T10:14:07.895690000-0500,43.028731000,192.168.0.178,192.168.0.148,25565,53414,3889888,28144,0,0,0x0010
7504,2026-08-15T10:14:07.928251000-0500,43.061292000,192.168.0.178,192.168.0.148,25565,53414,3889888,28144,286,0,0x0018
7505,2026-08-15T10:14:07.943376000-0500,43.076417000,192.168.0.148,192.168.0.178,53414,25565,28144,3890174,28,0,0x0018
7506,2026-08-15T10:14:07.944747000-0500,43.077788000,192.168.0.148,192.168.0.178,53414,25565,28172,3890174,3,0,0x0018
7507,2026-08-15T10:14:07.945529000-0500,43.078570000,192.168.0.178,192.168.0.148,25565,53414,3890174,28175,0,0,0x0010
7508,2026-08-15T10:14:07.982953000-0500,43.115994000,192.168.0.178,192.168.0.148,25565,53414,3890174,28175,678,0,0x0018
7509,2026-08-15T10:14:07.993888000-0500,43.126929000,192.168.0.148,192.168.0.178,53414,25565,28175,3890852,28,0,0x0018
7510,2026-08-15T10:14:07.995258000-0500,43.128299000,192.168.0.148,192.168.0.178,53414,25565,28203,3890852,3,0,0x0018
7511,2026-08-15T10:14:07.995934000-0500,43.128975000,192.168.0.178,192.168.0.148,25565,53414,3890852,28206,0,0,0x0010
7512,2026-08-15T10:14:08.028308000-0500,43.161349000,192.168.0.178,192.168.0.148,25565,53414,3890852,28206,454,0,0x0018
7513,2026-08-15T10:14:08.042467000-0500,43.175508000,192.168.0.148,192.168.0.178,53414,25565,28206,3891306,28,0,0x0018
7514,2026-08-15T10:14:08.043396000-0500,43.176437000,192.168.0.148,192.168.0.178,53414,25565,28234,3891306,3,0,0x0018
7515,2026-08-15T10:14:08.044121000-0500,43.177162000,192.168.0.178,192.168.0.148,25565,53414,3891306,28237,0,0,0x0010
7516,2026-08-15T10:14:08.078067000-0500,43.211108000,192.168.0.178,192.168.0.148,25565,53414,3891306,28237,778,0,0x0018
7517,2026-08-15T10:14:08.093121000-0500,43.226162000,192.168.0.148,192.168.0.178,53414,25565,28237,3892084,28,0,0x0018
7518,2026-08-15T10:14:08.094210000-0500,43.227251000,192.168.0.148,192.168.0.178,53414,25565,28265,3892084,3,0,0x0018
7519,2026-08-15T10:14:08.094819000-0500,43.227860000,192.168.0.178,192.168.0.148,25565,53414,3892084,28268,0,0,0x0010
7520,2026-08-15T10:14:08.127718000-0500,43.260759000,192.168.0.178,192.168.0.148,25565,53414,3892084,28268,646,0,0x0018
7521,2026-08-15T10:14:08.142592000-0500,43.275633000,192.168.0.148,192.168.0.178,53414,25565,28268,3892730,28,0,0x0018
7522,2026-08-15T10:14:08.143480000-0500,43.276521000,192.168.0.148,192.168.0.178,53414,25565,28296,3892730,3,0,0x0018
7523,2026-08-15T10:14:08.144270000-0500,43.277311000,192.168.0.178,192.168.0.148,25565,53414,3892730,28299,0,0,0x0010
7524,2026-08-15T10:14:08.177716000-0500,43.310757000,192.168.0.178,192.168.0.148,25565,53414,3892730,28299,665,0,0x0018
7525,2026-08-15T10:14:08.192774000-0500,43.325815000,192.168.0.148,192.168.0.178,53414,25565,28299,3893395,28,0,0x0018
7526,2026-08-15T10:14:08.193941000-0500,43.326982000,192.168.0.148,192.168.0.178,53414,25565,28327,3893395,3,0,0x0018
7527,2026-08-15T10:14:08.194589000-0500,43.327630000,192.168.0.178,192.168.0.148,25565,53414,3893395,28330,0,0,0x0010
7528,2026-08-15T10:14:08.227630000-0500,43.360671000,192.168.0.178,192.168.0.148,25565,53414,3893395,28330,204,0,0x0018
7529,2026-08-15T10:14:08.243261000-0500,43.376302000,192.168.0.148,192.168.0.178,53414,25565,28330,3893599,28,0,0x0018
7530,2026-08-15T10:14:08.244537000-0500,43.377578000,192.168.0.148,192.168.0.178,53414,25565,28358,3893599,3,0,0x0018
7531,2026-08-15T10:14:08.245202000-0500,43.378243000,192.168.0.178,192.168.0.148,25565,53414,3893599,28361,0,0,0x0010
7532,2026-08-15T10:14:08.277904000-0500,43.410945000,192.168.0.178,192.168.0.148,25565,53414,3893599,28361,829,0,0x0018
7533,2026-08-15T10:14:08.293281000-0500,43.426322000,192.168.0.148,192.168.0.178,53414,25565,28361,3894428,4,0,0x0018
7534,2026-08-15T10:14:08.293316000-0500,43.426357000,192.168.0.148,192.168.0.178,53414,25565,28365,3894428,36,0,0x0018
7535,2026-08-15T10:14:08.294090000-0500,43.427131000,192.168.0.178,192.168.0.148,25565,53414,3894428,28401,0,0,0x0010
7536,2026-08-15T10:14:08.294772000-0500,43.427813000,192.168.0.148,192.168.0.178,53414,25565,28401,3894428,3,0,0x0018
7537,2026-08-15T10:14:08.327391000-0500,43.460432000,192.168.0.178,192.168.0.148,25565,53414,3894428,28404,756,0,0x0018
7538,2026-08-15T10:14:08.343913000-0500,43.476954000,192.168.0.148,192.168.0.178,53414,25565,28404,3895184,4,0,0x0018
7539,2026-08-15T10:14:08.343958000-0500,43.476999000,192.168.0.148,192.168.0.178,53414,25565,28408,3895184,28,0,0x0018
7540,2026-08-15T10:14:08.344669000-0500,43.477710000,192.168.0.178,192.168.0.148,25565,53414,3895184,28436,0,0,0x0010
7541,2026-08-15T10:14:08.345688000-0500,43.478729000,192.168.0.148,192.168.0.178,53414,25565,28436,3895184,3,0,0x0018
7542,2026-08-15T10:14:08.377398000-0500,43.510439000,192.168.0.178,192.168.0.148,25565,53414,3895184,28439,260,0,0x0018
7543,2026-08-15T10:14:08.377575000-0500,43.510616000,192.168.0.148,192.168.0.178,53414,25565,28439,3895444,11,0,0x0018
7544,2026-08-15T10:14:08.393214000-0500,43.526255000,192.168.0.148,192.168.0.178,53414,25565,28450,3895444,28,0,0x0018
7545,2026-08-15T10:14:08.393935000-0500,43.526976000,192.168.0.178,192.168.0.148,25565,53414,3895444,28478,0,0,0x0010
7546,2026-08-15T10:14:08.394117000-0500,43.527158000,192.168.0.148,192.168.0.178,53414,25565,28478,3895444,3,0,0x0018
7547,2026-08-15T10:14:08.427881000-0500,43.560922000,192.168.0.178,192.168.0.148,25565,53414,3895444,28481,631,0,0x0018
7548,2026-08-15T10:14:08.443438000-0500,43.576479000,192.168.0.148,192.168.0.178,53414,25565,28481,3896075,28,0,0x0018
7549,2026-08-15T10:14:08.444889000-0500,43.577930000,192.168.0.148,192.168.0.178,53414,25565,28509,3896075,3,0,0x0018
7550,2026-08-15T10:14:08.445382000-0500,43.578423000,192.168.0.178,192.168.0.148,25565,53414,3896075,28512,0,0,0x0010
7551,2026-08-15T10:14:08.483520000-0500,43.616561000,192.168.0.178,192.168.0.148,25565,53414,3896075,28512,359,0,0x0018
7552,2026-08-15T10:14:08.493778000-0500,43.626819000,192.168.0.148,192.168.0.178,53414,25565,28512,3896434,28,0,0x0018
7553,2026-08-15T10:14:08.495064000-0500,43.628105000,192.168.0.148,192.168.0.178,53414,25565,28540,3896434,3,0,0x0018
7554,2026-08-15T10:14:08.495824000-0500,43.628865000,192.168.0.178,192.168.0.148,25565,53414,3896434,28543,0,0,0x0010
7555,2026-08-15T10:14:08.527931000-0500,43.660972000,192.168.0.178,192.168.0.148,25565,53414,3896434,28543,251,0,0x0018
7556,2026-08-15T10:14:08.543336000-0500,43.676377000,192.168.0.148,192.168.0.178,53414,25565,28543,3896685,28,0,0x0018
7557,2026-08-15T10:14:08.544755000-0500,43.677796000,192.168.0.148,192.168.0.178,53414,25565,28571,3896685,3,0,0x0018
7558,2026-08-15T10:14:08.545537000-0500,43.678578000,192.168.0.178,192.168.0.148,25565,53414,3896685,28574,0,0,0x0010
7559,2026-08-15T10:14:08.581877000-0500,43.714918000,192.168.0.178,192.168.0.148,25565,53414,3896685,28574,883,0,0x0018
7560,2026-08-15T10:14:08.593420000-0500,43.726461000,192.168.0.148,192.168.0.178,53414,25565,28574,3897568,36,0,0x0018
7561,2026-08-15T10:14:08.594694000-0500,43.727735000,192.168.0.148,192.168.0.178,53414,25565,28610,3897568,3,0,0x0018
7562,2026-08-15T10:14:08.595549000-0500,43.728590000,192.168.0.178,192.168.0.148,25565,53414,3897568,28613,0,0,0x0010
7563,2026-08-15T10:14:08.631458000-0500,43.764499000,192.168.0.178,192.168.0.148,25565,53414,3897568,28613,199,0,0x0018
7564,2026-08-15T10:14:08.642339000-0500,43.775380000,192.168.0.148,192.168.0.178,53414,25565,28613,3897767,36,0,0x0018
7565,2026-08-15T10:14:08.643163000-0500,43.776204000,192.168.0.148,192.168.0.178,53414,25565,28649,3897767,3,0,0x0018
7566,2026-08-15T10:14:08.644021000-0500,43.777062000,192.168.0.178,192.168.0.148,25565,53414,3897767,28652,0,0,0x0010
7567,2026-08-15T10:14:08.685407000-0500,43.818448000,192.168.0.178,192.168.0.148,25565,53414,3897767,28652,1460,0,0x0010
7568,2026-08-15T10:14:08.685407000-0500,43.818448000,192.168.0.178,192.168.0.148,25565,53414,3899227,28652,11,0,0x0018
7569,2026-08-15T10:14:08.685471000-0500,43.818512000,192.168.0.148,192.168.0.178,53414,25565,28652,3899238,0,0,0x0010
7570,2026-08-15T10:14:08.693366000-0500,43.826407000,192.168.0.148,192.168.0.178,53414,25565,28652,3899238,36,0,0x0018
7571,2026-08-15T10:14:08.694632000-0500,43.827673000,192.168.0.148,192.168.0.178,53414,25565,28688,3899238,3,0,0x0018
7572,2026-08-15T10:14:08.695297000-0500,43.828338000,192.168.0.178,192.168.0.148,25565,53414,3899238,28691,0,0,0x0010
7573,2026-08-15T10:14:08.733057000-0500,43.866098000,192.168.0.178,192.168.0.148,25565,53414,3899238,28691,590,0,0x0018
7574,2026-08-15T10:14:08.743500000-0500,43.876541000,192.168.0.148,192.168.0.178,53414,25565,28691,3899828,36,0,0x0018
7575,2026-08-15T10:14:08.744911000-0500,43.877952000,192.168.0.148,192.168.0.178,53414,25565,28727,3899828,3,0,0x0018
7576,2026-08-15T10:14:08.745689000-0500,43.878730000,192.168.0.178,192.168.0.148,25565,53414,3899828,28730,0,0,0x0010
7577,2026-08-15T10:14:08.781401000-0500,43.914442000,192.168.0.178,192.168.0.148,25565,53414,3899828,28730,864,0,0x0018
7578,2026-08-15T10:14:08.793820000-0500,43.926861000,192.168.0.148,192.168.0.178,53414,25565,28730,3900692,36,0,0x0018
7579,2026-08-15T10:14:08.795191000-0500,43.928232000,192.168.0.148,192.168.0.178,53414,25565,28766,3900692,3,0,0x0018
7580,2026-08-15T10:14:08.795625000-0500,43.928666000,192.168.0.178,192.168.0.148,25565,53414,3900692,28769,0,0,0x0010
7581,2026-08-15T10:14:08.830409000-0500,43.963450000,192.168.0.178,192.168.0.148,25565,53414,3900692,28769,608,0,0x0018
7582,2026-08-15T10:14:08.843441000-0500,43.976482000,192.168.0.148,192.168.0.178,53414,25565,28769,3901300,36,0,0x0018
7583,2026-08-15T10:14:08.844574000-0500,43.977615000,192.168.0.148,192.168.0.178,53414,25565,28805,3901300,3,0,0x0018
7584,2026-08-15T10:14:08.845223000-0500,43.978264000,192.168.0.178,192.168.0.148,25565,53414,3901300,28808,0,0,0x0010
7585,2026-08-15T10:14:08.877650000-0500,44.010691000,192.168.0.178,192.168.0.148,25565,53414,3901300,28808,558,0,0x0018
7586,2026-08-15T10:14:08.893219000-0500,44.026260000,192.168.0.148,192.168.0.178,53414,25565,28808,3901858,36,0,0x0018
7587,2026-08-15T10:14:08.894303000-0500,44.027344000,192.168.0.148,192.168.0.178,53414,25565,28844,3901858,3,0,0x0018
7588,2026-08-15T10:14:08.895096000-0500,44.028137000,192.168.0.178,192.168.0.148,25565,53414,3901858,28847,0,0,0x0010
7589,2026-08-15T10:14:08.928830000-0500,44.061871000,192.168.0.178,192.168.0.148,25565,53414,3901858,28847,283,0,0x0018
7590,2026-08-15T10:14:08.942783000-0500,44.075824000,192.168.0.148,192.168.0.178,53414,25565,28847,3902141,36,0,0x0018
7591,2026-08-15T10:14:08.944252000-0500,44.077293000,192.168.0.148,192.168.0.178,53414,25565,28883,3902141,3,0,0x0018
7592,2026-08-15T10:14:08.944983000-0500,44.078024000,192.168.0.178,192.168.0.148,25565,53414,3902141,28886,0,0,0x0010
7593,2026-08-15T10:14:08.977559000-0500,44.110600000,192.168.0.178,192.168.0.148,25565,53414,3902141,28886,281,0,0x0018
7594,2026-08-15T10:14:08.993613000-0500,44.126654000,192.168.0.148,192.168.0.178,53414,25565,28886,3902422,36,0,0x0018
7595,2026-08-15T10:14:08.995068000-0500,44.128109000,192.168.0.148,192.168.0.178,53414,25565,28922,3902422,3,0,0x0018
7596,2026-08-15T10:14:09.001031000-0500,44.134072000,192.168.0.178,192.168.0.148,25565,53414,3902422,28925,0,0,0x0010
7597,2026-08-15T10:14:09.028804000-0500,44.161845000,192.168.0.178,192.168.0.148,25565,53414,3902422,28925,600,0,0x0018
7598,2026-08-15T10:14:09.043639000-0500,44.176680000,192.168.0.148,192.168.0.178,53414,25565,28925,3903022,28,0,0x0018
7599,2026-08-15T10:14:09.045074000-0500,44.178115000,192.168.0.148,192.168.0.178,53414,25565,28953,3903022,3,0,0x0018
7600,2026-08-15T10:14:09.045948000-0500,44.178989000,192.168.0.178,192.168.0.148,25565,53414,3903022,28956,0,0,0x0010
7601,2026-08-15T10:14:09.078976000-0500,44.212017000,192.168.0.178,192.168.0.148,25565,53414,3903022,28956,926,0,0x0018
7602,2026-08-15T10:14:09.093180000-0500,44.226221000,192.168.0.148,192.168.0.178,53414,25565,28956,3903948,36,0,0x0018
7603,2026-08-15T10:14:09.094336000-0500,44.227377000,192.168.0.148,192.168.0.178,53414,25565,28992,3903948,3,0,0x0018
7604,2026-08-15T10:14:09.095075000-0500,44.228116000,192.168.0.178,192.168.0.148,25565,53414,3903948,28995,0,0,0x0010
7605,2026-08-15T10:14:09.127495000-0500,44.260536000,192.168.0.178,192.168.0.148,25565,53414,3903948,28995,199,0,0x0018
7606,2026-08-15T10:14:09.143142000-0500,44.276183000,192.168.0.148,192.168.0.178,53414,25565,28995,3904147,36,0,0x0018
7607,2026-08-15T10:14:09.144403000-0500,44.277444000,192.168.0.148,192.168.0.178,53414,25565,29031,3904147,3,0,0x0018
7608,2026-08-15T10:14:09.145078000-0500,44.278119000,192.168.0.178,192.168.0.148,25565,53414,3904147,29034,0,0,0x0010
7609,2026-08-15T10:14:09.177927000-0500,44.310968000,192.168.0.178,192.168.0.148,25565,53414,3904147,29034,690,0,0x0018
7610,2026-08-15T10:14:09.192869000-0500,44.325910000,192.168.0.148,192.168.0.178,53414,25565,29034,3904837,28,0,0x0018
7611,2026-08-15T10:14:09.193839000-0500,44.326880000,192.168.0.178,192.168.0.148,25565,53414,3904837,29062,46,0,0x0018
7612,2026-08-15T10:14:09.193946000-0500,44.326987000,192.168.0.148,192.168.0.178,53414,25565,29062,3904883,3,0,0x0018
7613,2026-08-15T10:14:09.229134000-0500,44.362175000,192.168.0.178,192.168.0.148,25565,53414,3904883,29065,274,0,0x0018
7614,2026-08-15T10:14:09.243710000-0500,44.376751000,192.168.0.148,192.168.0.178,53414,25565,29065,3905157,28,0,0x0018
7615,2026-08-15T10:14:09.245098000-0500,44.378139000,192.168.0.148,192.168.0.178,53414,25565,29093,3905157,3,0,0x0018
7616,2026-08-15T10:14:09.245860000-0500,44.378901000,192.168.0.178,192.168.0.148,25565,53414,3905157,29096,0,0,0x0010
7617,2026-08-15T10:14:09.280320000-0500,44.413361000,192.168.0.178,192.168.0.148,25565,53414,3905157,29096,241,0,0x0018
7618,2026-08-15T10:14:09.293558000-0500,44.426599000,192.168.0.148,192.168.0.178,53414,25565,29096,3905398,28,0,0x0018
7619,2026-08-15T10:14:09.295193000-0500,44.428234000,192.168.0.148,192.168.0.178,53414,25565,29124,3905398,3,0,0x0018
7620,2026-08-15T10:14:09.295871000-0500,44.428912000,192.168.0.178,192.168.0.148,25565,53414,3905398,29127,0,0,0x0010
7621,2026-08-15T10:14:09.327639000-0500,44.460680000,192.168.0.178,192.168.0.148,25565,53414,3905398,29127,1036,0,0x0018
7622,2026-08-15T10:14:09.343325000-0500,44.476366000,192.168.0.148,192.168.0.178,53414,25565,29127,3906434,4,0,0x0018
7623,2026-08-15T10:14:09.343364000-0500,44.476405000,192.168.0.148,192.168.0.178,53414,25565,29131,3906434,28,0,0x0018
7624,2026-08-15T10:14:09.344170000-0500,44.477211000,192.168.0.178,192.168.0.148,25565,53414,3906434,29159,0,0,0x0010
7625,2026-08-15T10:14:09.345165000-0500,44.478206000,192.168.0.148,192.168.0.178,53414,25565,29159,3906434,3,0,0x0018
7626,2026-08-15T10:14:09.378131000-0500,44.511172000,192.168.0.178,192.168.0.148,25565,53414,3906434,29162,1019,0,0x0018
7627,2026-08-15T10:14:09.378457000-0500,44.511498000,192.168.0.148,192.168.0.178,53414,25565,29162,3907453,11,0,0x0018
7628,2026-08-15T10:14:09.392154000-0500,44.525195000,192.168.0.148,192.168.0.178,53414,25565,29173,3907453,28,0,0x0018
7629,2026-08-15T10:14:09.392985000-0500,44.526026000,192.168.0.178,192.168.0.148,25565,53414,3907453,29201,0,0,0x0010
7630,2026-08-15T10:14:09.393019000-0500,44.526060000,192.168.0.148,192.168.0.178,53414,25565,29201,3907453,3,0,0x0018
7631,2026-08-15T10:14:09.430952000-0500,44.563993000,192.168.0.178,192.168.0.148,25565,53414,3907453,29204,185,0,0x0018
7632,2026-08-15T10:14:09.442795000-0500,44.575836000,192.168.0.148,192.168.0.178,53414,25565,29204,3907638,28,0,0x0018
7633,2026-08-15T10:14:09.444038000-0500,44.577079000,192.168.0.148,192.168.0.178,53414,25565,29232,3907638,3,0,0x0018
7634,2026-08-15T10:14:09.444767000-0500,44.577808000,192.168.0.178,192.168.0.148,25565,53414,3907638,29235,0,0,0x0010
7635,2026-08-15T10:14:09.493723000-0500,44.626764000,192.168.0.148,192.168.0.178,53414,25565,29235,3907638,28,0,0x0018
7636,2026-08-15T10:14:09.494976000-0500,44.628017000,192.168.0.148,192.168.0.178,53414,25565,29263,3907638,3,0,0x0018
7637,2026-08-15T10:14:09.504077000-0500,44.637118000,192.168.0.178,192.168.0.148,25565,53414,3907638,29266,0,0,0x0010
7638,2026-08-15T10:14:09.504139000-0500,44.637180000,192.168.0.178,192.168.0.148,25565,53414,3907638,29266,543,0,0x0018
7639,2026-08-15T10:14:09.529524000-0500,44.662565000,192.168.0.178,192.168.0.148,25565,53414,3908181,29266,302,0,0x0018
7640,2026-08-15T10:14:09.529583000-0500,44.662624000,192.168.0.148,192.168.0.178,53414,25565,29266,3908483,0,0,0x0010
7641,2026-08-15T10:14:09.543313000-0500,44.676354000,192.168.0.148,192.168.0.178,53414,25565,29266,3908483,28,0,0x0018
7642,2026-08-15T10:14:09.544990000-0500,44.678031000,192.168.0.148,192.168.0.178,53414,25565,29294,3908483,3,0,0x0018
7643,2026-08-15T10:14:09.545683000-0500,44.678724000,192.168.0.178,192.168.0.148,25565,53414,3908483,29297,0,0,0x0010
7644,2026-08-15T10:14:09.578960000-0500,44.712001000,192.168.0.178,192.168.0.148,25565,53414,3908483,29297,631,0,0x0018
7645,2026-08-15T10:14:09.593437000-0500,44.726478000,192.168.0.148,192.168.0.178,53414,25565,29297,3909114,4,0,0x0018
7646,2026-08-15T10:14:09.593466000-0500,44.726507000,192.168.0.148,192.168.0.178,53414,25565,29301,3909114,36,0,0x0018
7647,2026-08-15T10:14:09.594185000-0500,44.727226000,192.168.0.178,192.168.0.148,25565,53414,3909114,29337,0,0,0x0010
7648,2026-08-15T10:14:09.594808000-0500,44.727849000,192.168.0.148,192.168.0.178,53414,25565,29337,3909114,3,0,0x0018
7649,2026-08-15T10:14:09.627773000-0500,44.760814000,192.168.0.178,192.168.0.148,25565,53414,3909114,29340,563,0,0x0018
7650,2026-08-15T10:14:09.643213000-0500,44.776254000,192.168.0.148,192.168.0.178,53414,25565,29340,3909677,36,0,0x0018
7651,2026-08-15T10:14:09.644357000-0500,44.777398000,192.168.0.148,192.168.0.178,53414,25565,29376,3909677,3,0,0x0018
7652,2026-08-15T10:14:09.645067000-0500,44.778108000,192.168.0.178,192.168.0.148,25565,53414,3909677,29379,0,0,0x0010
7653,2026-08-15T10:14:09.678975000-0500,44.812016000,192.168.0.178,192.168.0.148,25565,53414,3909677,29379,706,0,0x0018
7654,2026-08-15T10:14:09.692588000-0500,44.825629000,192.168.0.148,192.168.0.178,53414,25565,29379,3910383,36,0,0x0018
7655,2026-08-15T10:14:09.693390000-0500,44.826431000,192.168.0.148,192.168.0.178,53414,25565,29415,3910383,3,0,0x0018
7656,2026-08-15T10:14:09.694188000-0500,44.827229000,192.168.0.178,192.168.0.148,25565,53414,3910383,29418,0,0,0x0010
7657,2026-08-15T10:14:09.729371000-0500,44.862412000,192.168.0.178,192.168.0.148,25565,53414,3910383,29418,158,0,0x0018
7658,2026-08-15T10:14:09.743377000-0500,44.876418000,192.168.0.148,192.168.0.178,53414,25565,29418,3910541,36,0,0x0018
7659,2026-08-15T10:14:09.744636000-0500,44.877677000,192.168.0.148,192.168.0.178,53414,25565,29454,3910541,3,0,0x0018
7660,2026-08-15T10:14:09.745439000-0500,44.878480000,192.168.0.178,192.168.0.148,25565,53414,3910541,29457,0,0,0x0010
7661,2026-08-15T10:14:09.781879000-0500,44.914920000,192.168.0.178,192.168.0.148,25565,53414,3910541,29457,696,0,0x0018
7662,2026-08-15T10:14:09.792759000-0500,44.925800000,192.168.0.148,192.168.0.178,53414,25565,29457,3911237,36,0,0x0018
7663,2026-08-15T10:14:09.793777000-0500,44.926818000,192.168.0.148,192.168.0.178,53414,25565,29493,3911237,3,0,0x0018
7664,2026-08-15T10:14:09.794531000-0500,44.927572000,192.168.0.178,192.168.0.148,25565,53414,3911237,29496,0,0,0x0010
7665,2026-08-15T10:14:09.831724000-0500,44.964765000,192.168.0.178,192.168.0.148,25565,53414,3911237,29496,590,0,0x0018
7666,2026-08-15T10:14:09.843385000-0500,44.976426000,192.168.0.148,192.168.0.178,53414,25565,29496,3911827,36,0,0x0018
7667,2026-08-15T10:14:09.844600000-0500,44.977641000,192.168.0.148,192.168.0.178,53414,25565,29532,3911827,3,0,0x0018
7668,2026-08-15T10:14:09.845453000-0500,44.978494000,192.168.0.178,192.168.0.148,25565,53414,3911827,29535,0,0,0x0010
7669,2026-08-15T10:14:09.883166000-0500,45.016207000,192.168.0.178,192.168.0.148,25565,53414,3911827,29535,202,0,0x0018
7670,2026-08-15T10:14:09.892458000-0500,45.025499000,192.168.0.148,192.168.0.178,53414,25565,29535,3912029,36,0,0x0018
7671,2026-08-15T10:14:09.893266000-0500,45.026307000,192.168.0.148,192.168.0.178,53414,25565,29571,3912029,3,0,0x0018
7672,2026-08-15T10:14:09.893966000-0500,45.027007000,192.168.0.178,192.168.0.148,25565,53414,3912029,29574,0,0,0x0010
7673,2026-08-15T10:14:09.929393000-0500,45.062434000,192.168.0.178,192.168.0.148,25565,53414,3912029,29574,578,0,0x0018
7674,2026-08-15T10:14:09.943206000-0500,45.076247000,192.168.0.148,192.168.0.178,53414,25565,29574,3912607,4,0,0x0018
7675,2026-08-15T10:14:09.943237000-0500,45.076278000,192.168.0.148,192.168.0.178,53414,25565,29578,3912607,28,0,0x0018
7676,2026-08-15T10:14:09.943900000-0500,45.076941000,192.168.0.178,192.168.0.148,25565,53414,3912607,29606,0,0,0x0010
7677,2026-08-15T10:14:09.944441000-0500,45.077482000,192.168.0.148,192.168.0.178,53414,25565,29606,3912607,3,0,0x0018
7678,2026-08-15T10:14:09.979226000-0500,45.112267000,192.168.0.178,192.168.0.148,25565,53414,3912607,29609,208,0,0x0018
7679,2026-08-15T10:14:09.993725000-0500,45.126766000,192.168.0.148,192.168.0.178,53414,25565,29609,3912815,28,0,0x0018
7680,2026-08-15T10:14:09.994926000-0500,45.127967000,192.168.0.148,192.168.0.178,53414,25565,29637,3912815,3,0,0x0018
7681,2026-08-15T10:14:09.995684000-0500,45.128725000,192.168.0.178,192.168.0.148,25565,53414,3912815,29640,0,0,0x0010
7682,2026-08-15T10:14:10.034381000-0500,45.167422000,192.168.0.178,192.168.0.148,25565,53414,3912815,29640,260,0,0x0018
7683,2026-08-15T10:14:10.042833000-0500,45.175874000,192.168.0.148,192.168.0.178,53414,25565,29640,3913075,28,0,0x0018
7684,2026-08-15T10:14:10.044206000-0500,45.177247000,192.168.0.148,192.168.0.178,53414,25565,29668,3913075,3,0,0x0018
7685,2026-08-15T10:14:10.045387000-0500,45.178428000,192.168.0.178,192.168.0.148,25565,53414,3913075,29671,0,0,0x0010
7686,2026-08-15T10:14:10.079251000-0500,45.212292000,192.168.0.178,192.168.0.148,25565,53414,3913075,29671,1460,0,0x0010
7687,2026-08-15T10:14:10.079251000-0500,45.212292000,192.168.0.178,192.168.0.148,25565,53414,3914535,29671,177,0,0x0018
7688,2026-08-15T10:14:10.079325000-0500,45.212366000,192.168.0.148,192.168.0.178,53414,25565,29671,3914712,0,0,0x0010
7689,2026-08-15T10:14:10.093399000-0500,45.226440000,192.168.0.148,192.168.0.178,53414,25565,29671,3914712,28,0,0x0018
7690,2026-08-15T10:14:10.094732000-0500,45.227773000,192.168.0.148,192.168.0.178,53414,25565,29699,3914712,3,0,0x0018
7691,2026-08-15T10:14:10.095428000-0500,45.228469000,192.168.0.178,192.168.0.148,25565,53414,3914712,29702,0,0,0x0010
7692,2026-08-15T10:14:10.130107000-0500,45.263148000,192.168.0.178,192.168.0.148,25565,53414,3914712,29702,210,0,0x0018
7693,2026-08-15T10:14:10.143319000-0500,45.276360000,192.168.0.148,192.168.0.178,53414,25565,29702,3914922,4,0,0x0018
7694,2026-08-15T10:14:10.143356000-0500,45.276397000,192.168.0.148,192.168.0.178,53414,25565,29706,3914922,28,0,0x0018
7695,2026-08-15T10:14:10.144034000-0500,45.277075000,192.168.0.178,192.168.0.148,25565,53414,3914922,29734,0,0,0x0010
7696,2026-08-15T10:14:10.144369000-0500,45.277410000,192.168.0.178,192.168.0.148,25565,53414,3914922,29734,46,0,0x0018
7697,2026-08-15T10:14:10.144822000-0500,45.277863000,192.168.0.148,192.168.0.178,53414,25565,29734,3914968,3,0,0x0018
7698,2026-08-15T10:14:10.180208000-0500,45.313249000,192.168.0.178,192.168.0.148,25565,53414,3914968,29737,422,0,0x0018
7699,2026-08-15T10:14:10.192896000-0500,45.325937000,192.168.0.148,192.168.0.178,53414,25565,29737,3915390,28,0,0x0018
7700,2026-08-15T10:14:10.194089000-0500,45.327130000,192.168.0.148,192.168.0.178,53414,25565,29765,3915390,3,0,0x0018
7701,2026-08-15T10:14:10.194860000-0500,45.327901000,192.168.0.178,192.168.0.148,25565,53414,3915390,29768,0,0,0x0010
7702,2026-08-15T10:14:10.228383000-0500,45.361424000,192.168.0.178,192.168.0.148,25565,53414,3915390,29768,605,0,0x0018
7703,2026-08-15T10:14:10.242368000-0500,45.375409000,192.168.0.148,192.168.0.178,53414,25565,29768,3915995,28,0,0x0018
7704,2026-08-15T10:14:10.243424000-0500,45.376465000,192.168.0.148,192.168.0.178,53414,25565,29796,3915995,3,0,0x0018
7705,2026-08-15T10:14:10.244128000-0500,45.377169000,192.168.0.178,192.168.0.148,25565,53414,3915995,29799,0,0,0x0010
7706,2026-08-15T10:14:10.278047000-0500,45.411088000,192.168.0.178,192.168.0.148,25565,53414,3915995,29799,270,0,0x0018
7707,2026-08-15T10:14:10.293665000-0500,45.426706000,192.168.0.148,192.168.0.178,53414,25565,29799,3916265,28,0,0x0018
7708,2026-08-15T10:14:10.295247000-0500,45.428288000,192.168.0.148,192.168.0.178,53414,25565,29827,3916265,3,0,0x0018
7709,2026-08-15T10:14:10.296032000-0500,45.429073000,192.168.0.178,192.168.0.148,25565,53414,3916265,29830,0,0,0x0010
7710,2026-08-15T10:14:10.327459000-0500,45.460500000,192.168.0.178,192.168.0.148,25565,53414,3916265,29830,682,0,0x0018
7711,2026-08-15T10:14:10.343340000-0500,45.476381000,192.168.0.148,192.168.0.178,53414,25565,29830,3916947,28,0,0x0018
7712,2026-08-15T10:14:10.344826000-0500,45.477867000,192.168.0.148,192.168.0.178,53414,25565,29858,3916947,3,0,0x0018
7713,2026-08-15T10:14:10.345638000-0500,45.478679000,192.168.0.178,192.168.0.148,25565,53414,3916947,29861,0,0,0x0010
7714,2026-08-15T10:14:10.378259000-0500,45.511300000,192.168.0.178,192.168.0.148,25565,53414,3916947,29861,550,0,0x0018
7715,2026-08-15T10:14:10.378533000-0500,45.511574000,192.168.0.148,192.168.0.178,53414,25565,29861,3917497,11,0,0x0018
7716,2026-08-15T10:14:10.393286000-0500,45.526327000,192.168.0.148,192.168.0.178,53414,25565,29872,3917497,28,0,0x0018
7717,2026-08-15T10:14:10.394114000-0500,45.527155000,192.168.0.178,192.168.0.148,25565,53414,3917497,29900,0,0,0x0010
7718,2026-08-15T10:14:10.394389000-0500,45.527430000,192.168.0.148,192.168.0.178,53414,25565,29900,3917497,3,0,0x0018
7719,2026-08-15T10:14:10.428460000-0500,45.561501000,192.168.0.178,192.168.0.148,25565,53414,3917497,29903,282,0,0x0018
7720,2026-08-15T10:14:10.443338000-0500,45.576379000,192.168.0.148,192.168.0.178,53414,25565,29903,3917779,28,0,0x0018
7721,2026-08-15T10:14:10.444813000-0500,45.577854000,192.168.0.148,192.168.0.178,53414,25565,29931,3917779,3,0,0x0018
7722,2026-08-15T10:14:10.445490000-0500,45.578531000,192.168.0.178,192.168.0.148,25565,53414,3917779,29934,0,0,0x0010
7723,2026-08-15T10:14:10.477759000-0500,45.610800000,192.168.0.178,192.168.0.148,25565,53414,3917779,29934,185,0,0x0018
7724,2026-08-15T10:14:10.492398000-0500,45.625439000,192.168.0.148,192.168.0.178,53414,25565,29934,3917964,28,0,0x0018
7725,2026-08-15T10:14:10.493338000-0500,45.626379000,192.168.0.148,192.168.0.178,53414,25565,29962,3917964,3,0,0x0018
7726,2026-08-15T10:14:10.494119000-0500,45.627160000,192.168.0.178,192.168.0.148,25565,53414,3917964,29965,0,0,0x0010
7727,2026-08-15T10:14:10.528049000-0500,45.661090000,192.168.0.178,192.168.0.148,25565,53414,3917964,29965,554,0,0x0018
7728,2026-08-15T10:14:10.543432000-0500,45.676473000,192.168.0.148,192.168.0.178,53414,25565,29965,3918518,36,0,0x0018
7729,2026-08-15T10:14:10.544761000-0500,45.677802000,192.168.0.148,192.168.0.178,53414,25565,30001,3918518,3,0,0x0018
7730,2026-08-15T10:14:10.545391000-0500,45.678432000,192.168.0.178,192.168.0.148,25565,53414,3918518,30004,0,0,0x0010
7731,2026-08-15T10:14:10.578408000-0500,45.711449000,192.168.0.178,192.168.0.148,25565,53414,3918518,30004,621,0,0x0018
7732,2026-08-15T10:14:10.593619000-0500,45.726660000,192.168.0.148,192.168.0.178,53414,25565,30004,3919139,36,0,0x0018
7733,2026-08-15T10:14:10.595107000-0500,45.728148000,192.168.0.148,192.168.0.178,53414,25565,30040,3919139,3,0,0x0018
7734,2026-08-15T10:14:10.595813000-0500,45.728854000,192.168.0.178,192.168.0.148,25565,53414,3919139,30043,0,0,0x0010
7735,2026-08-15T10:14:10.626895000-0500,45.759936000,192.168.0.178,192.168.0.148,25565,53414,3919139,30043,267,0,0x0018
7736,2026-08-15T10:14:10.642663000-0500,45.775704000,192.168.0.148,192.168.0.178,53414,25565,30043,3919406,4,0,0x0018
7737,2026-08-15T10:14:10.642689000-0500,45.775730000,192.168.0.148,192.168.0.178,53414,25565,30047,3919406,28,0,0x0018
7738,2026-08-15T10:14:10.643428000-0500,45.776469000,192.168.0.178,192.168.0.148,25565,53414,3919406,30075,0,0,0x0010
7739,2026-08-15T10:14:10.643712000-0500,45.776753000,192.168.0.148,192.168.0.178,53414,25565,30075,3919406,3,0,0x0018
7740,2026-08-15T10:14:10.644046000-0500,45.777087000,192.168.0.178,192.168.0.148,25565,53414,3919406,30075,11,0,0x0018
7741,2026-08-15T10:14:10.644046000-0500,45.777087000,192.168.0.178,192.168.0.148,25565,53414,3919417,30075,11,0,0x0018
7742,2026-08-15T10:14:10.644046000-0500,45.777087000,192.168.0.178,192.168.0.148,25565,53414,3919428,30075,11,0,0x0018
7743,2026-08-15T10:14:10.644046000-0500,45.777087000,192.168.0.178,192.168.0.148,25565,53414,3919439,30075,11,0,0x0018
7744,2026-08-15T10:14:10.644046000-0500,45.777087000,192.168.0.178,192.168.0.148,25565,53414,3919450,30075,11,0,0x0018
7745,2026-08-15T10:14:10.644086000-0500,45.777127000,192.168.0.148,192.168.0.178,53414,25565,30078,3919461,0,0,0x0010
7746,2026-08-15T10:14:10.644135000-0500,45.777176000,192.168.0.178,192.168.0.148,25565,53414,3919461,30078,11,0,0x0018
7747,2026-08-15T10:14:10.644135000-0500,45.777176000,192.168.0.178,192.168.0.148,25565,53414,3919472,30078,11,0,0x0018
7748,2026-08-15T10:14:10.644152000-0500,45.777193000,192.168.0.148,192.168.0.178,53414,25565,30078,3919483,0,0,0x0010
7749,2026-08-15T10:14:10.644189000-0500,45.777230000,192.168.0.178,192.168.0.148,25565,53414,3919483,30078,11,0,0x0018
7750,2026-08-15T10:14:10.644189000-0500,45.777230000,192.168.0.178,192.168.0.148,25565,53414,3919494,30078,11,0,0x0018
7751,2026-08-15T10:14:10.644195000-0500,45.777236000,192.168.0.148,192.168.0.178,53414,25565,30078,3919505,0,0,0x0010
7752,2026-08-15T10:14:10.644225000-0500,45.777266000,192.168.0.178,192.168.0.148,25565,53414,3919505,30078,11,0,0x0018
7753,2026-08-15T10:14:10.644229000-0500,45.777270000,192.168.0.148,192.168.0.178,53414,25565,30078,3919516,0,0,0x0010
7754,2026-08-15T10:14:10.644277000-0500,45.777318000,192.168.0.178,192.168.0.148,25565,53414,3919516,30078,11,0,0x0018
7755,2026-08-15T10:14:10.644562000-0500,45.777603000,192.168.0.178,192.168.0.148,25565,53414,3919527,30078,11,0,0x0018
7756,2026-08-15T10:14:10.644562000-0500,45.777603000,192.168.0.178,192.168.0.148,25565,53414,3919538,30078,11,0,0x0018
7757,2026-08-15T10:14:10.644562000-0500,45.777603000,192.168.0.178,192.168.0.148,25565,53414,3919549,30078,11,0,0x0018
7758,2026-08-15T10:14:10.644562000-0500,45.777603000,192.168.0.178,192.168.0.148,25565,53414,3919560,30078,11,0,0x0018
7759,2026-08-15T10:14:10.644562000-0500,45.777603000,192.168.0.178,192.168.0.148,25565,53414,3919571,30078,11,0,0x0018
7760,2026-08-15T10:14:10.644595000-0500,45.777636000,192.168.0.148,192.168.0.178,53414,25565,30078,3919582,0,0,0x0010
7761,2026-08-15T10:14:10.644644000-0500,45.777685000,192.168.0.178,192.168.0.148,25565,53414,3919582,30078,11,0,0x0018
7762,2026-08-15T10:14:10.644644000-0500,45.777685000,192.168.0.178,192.168.0.148,25565,53414,3919593,30078,11,0,0x0018
7763,2026-08-15T10:14:10.644651000-0500,45.777692000,192.168.0.148,192.168.0.178,53414,25565,30078,3919604,0,0,0x0010
7764,2026-08-15T10:14:10.644701000-0500,45.777742000,192.168.0.178,192.168.0.148,25565,53414,3919604,30078,11,0,0x0018
7765,2026-08-15T10:14:10.644701000-0500,45.777742000,192.168.0.178,192.168.0.148,25565,53414,3919615,30078,13,0,0x0018
7766,2026-08-15T10:14:10.644706000-0500,45.777747000,192.168.0.148,192.168.0.178,53414,25565,30078,3919628,0,0,0x0010
7767,2026-08-15T10:14:10.678386000-0500,45.811427000,192.168.0.178,192.168.0.148,25565,53414,3919628,30078,711,0,0x0018
7768,2026-08-15T10:14:10.693404000-0500,45.826445000,192.168.0.148,192.168.0.178,53414,25565,30078,3920339,28,0,0x0018
7769,2026-08-15T10:14:10.694968000-0500,45.828009000,192.168.0.148,192.168.0.178,53414,25565,30106,3920339,3,0,0x0018
7770,2026-08-15T10:14:10.695713000-0500,45.828754000,192.168.0.178,192.168.0.148,25565,53414,3920339,30109,0,0,0x0010
7771,2026-08-15T10:14:10.727532000-0500,45.860573000,192.168.0.178,192.168.0.148,25565,53414,3920339,30109,224,0,0x0018
7772,2026-08-15T10:14:10.743894000-0500,45.876935000,192.168.0.148,192.168.0.178,53414,25565,30109,3920563,28,0,0x0018
7773,2026-08-15T10:14:10.744643000-0500,45.877684000,192.168.0.148,192.168.0.178,53414,25565,30137,3920563,3,0,0x0018
7774,2026-08-15T10:14:10.745328000-0500,45.878369000,192.168.0.178,192.168.0.148,25565,53414,3920563,30140,0,0,0x0010
7775,2026-08-15T10:14:10.781963000-0500,45.915004000,192.168.0.178,192.168.0.148,25565,53414,3920563,30140,1460,0,0x0010
7776,2026-08-15T10:14:10.781963000-0500,45.915004000,192.168.0.178,192.168.0.148,25565,53414,3922023,30140,1460,0,0x0010
7777,2026-08-15T10:14:10.782026000-0500,45.915067000,192.168.0.148,192.168.0.178,53414,25565,30140,3923483,0,0,0x0010
7778,2026-08-15T10:14:10.782071000-0500,45.915112000,192.168.0.178,192.168.0.148,25565,53414,3923483,30140,1460,0,0x0010
7779,2026-08-15T10:14:10.782295000-0500,45.915336000,192.168.0.178,192.168.0.148,25565,53414,3924943,30140,1460,0,0x0010
7780,2026-08-15T10:14:10.782295000-0500,45.915336000,192.168.0.178,192.168.0.148,25565,53414,3926403,30140,1460,0,0x0010
7781,2026-08-15T10:14:10.782328000-0500,45.915369000,192.168.0.148,192.168.0.178,53414,25565,30140,3927863,0,0,0x0010
7782,2026-08-15T10:14:10.782554000-0500,45.915595000,192.168.0.178,192.168.0.148,25565,53414,3927863,30140,1460,0,0x0010
7783,2026-08-15T10:14:10.782554000-0500,45.915595000,192.168.0.178,192.168.0.148,25565,53414,3929323,30140,1460,0,0x0010
7784,2026-08-15T10:14:10.782589000-0500,45.915630000,192.168.0.148,192.168.0.178,53414,25565,30140,3930783,0,0,0x0010
7785,2026-08-15T10:14:10.782671000-0500,45.915712000,192.168.0.178,192.168.0.148,25565,53414,3930783,30140,1460,0,0x0010
7786,2026-08-15T10:14:10.782678000-0500,45.915719000,192.168.0.148,192.168.0.178,53414,25565,30140,3932243,0,0,0x0010
7787,2026-08-15T10:14:10.782899000-0500,45.915940000,192.168.0.178,192.168.0.148,25565,53414,3932243,30140,1460,0,0x0018
7788,2026-08-15T10:14:10.782899000-0500,45.915940000,192.168.0.178,192.168.0.148,25565,53414,3933703,30140,1460,0,0x0010
7789,2026-08-15T10:14:10.782937000-0500,45.915978000,192.168.0.148,192.168.0.178,53414,25565,30140,3935163,0,0,0x0010
7790,2026-08-15T10:14:10.783000000-0500,45.916041000,192.168.0.178,192.168.0.148,25565,53414,3935163,30140,1197,0,0x0018
7791,2026-08-15T10:14:10.794343000-0500,45.927384000,192.168.0.148,192.168.0.178,53414,25565,30140,3936360,4,0,0x0018
7792,2026-08-15T10:14:10.794363000-0500,45.927404000,192.168.0.148,192.168.0.178,53414,25565,30144,3936360,28,0,0x0018
7793,2026-08-15T10:14:10.795207000-0500,45.928248000,192.168.0.178,192.168.0.148,25565,53414,3936360,30172,0,0,0x0010
7794,2026-08-15T10:14:10.795352000-0500,45.928393000,192.168.0.148,192.168.0.178,53414,25565,30172,3936360,3,0,0x0018
7795,2026-08-15T10:14:10.829227000-0500,45.962268000,192.168.0.178,192.168.0.148,25565,53414,3936360,30175,1460,0,0x0010
7796,2026-08-15T10:14:10.829227000-0500,45.962268000,192.168.0.178,192.168.0.148,25565,53414,3937820,30175,1460,0,0x0010
7797,2026-08-15T10:14:10.829286000-0500,45.962327000,192.168.0.148,192.168.0.178,53414,25565,30175,3939280,0,0,0x0010
7798,2026-08-15T10:14:10.829347000-0500,45.962388000,192.168.0.178,192.168.0.148,25565,53414,3939280,30175,1460,0,0x0010
7799,2026-08-15T10:14:10.829581000-0500,45.962622000,192.168.0.178,192.168.0.148,25565,53414,3940740,30175,1460,0,0x0010
7800,2026-08-15T10:14:10.829581000-0500,45.962622000,192.168.0.178,192.168.0.148,25565,53414,3942200,30175,1460,0,0x0010
7801,2026-08-15T10:14:10.829601000-0500,45.962642000,192.168.0.148,192.168.0.178,53414,25565,30175,3943660,0,0,0x0010
7802,2026-08-15T10:14:10.829820000-0500,45.962861000,192.168.0.178,192.168.0.148,25565,53414,3943660,30175,1460,0,0x0010
7803,2026-08-15T10:14:10.829820000-0500,45.962861000,192.168.0.178,192.168.0.148,25565,53414,3945120,30175,1460,0,0x0010
7804,2026-08-15T10:14:10.829840000-0500,45.962881000,192.168.0.148,192.168.0.178,53414,25565,30175,3946580,0,0,0x0010
7805,2026-08-15T10:14:10.830055000-0500,45.963096000,192.168.0.178,192.168.0.148,25565,53414,3946580,30175,1460,0,0x0010
7806,2026-08-15T10:14:10.830055000-0500,45.963096000,192.168.0.178,192.168.0.148,25565,53414,3948040,30175,938,0,0x0018
7807,2026-08-15T10:14:10.830055000-0500,45.963096000,192.168.0.178,192.168.0.148,25565,53414,3948978,30175,46,0,0x0018
7808,2026-08-15T10:14:10.830077000-0500,45.963118000,192.168.0.148,192.168.0.178,53414,25565,30175,3949024,0,0,0x0010
7809,2026-08-15T10:14:10.843165000-0500,45.976206000,192.168.0.148,192.168.0.178,53414,25565,30175,3949024,4,0,0x0018
7810,2026-08-15T10:14:10.843190000-0500,45.976231000,192.168.0.148,192.168.0.178,53414,25565,30179,3949024,28,0,0x0018
7811,2026-08-15T10:14:10.843899000-0500,45.976940000,192.168.0.178,192.168.0.148,25565,53414,3949024,30207,0,0,0x0010
7812,2026-08-15T10:14:10.844178000-0500,45.977219000,192.168.0.148,192.168.0.178,53414,25565,30207,3949024,3,0,0x0018
7813,2026-08-15T10:14:10.879838000-0500,46.012879000,192.168.0.178,192.168.0.148,25565,53414,3949024,30210,1460,0,0x0010
7814,2026-08-15T10:14:10.879838000-0500,46.012879000,192.168.0.178,192.168.0.148,25565,53414,3950484,30210,1460,0,0x0010
7815,2026-08-15T10:14:10.879898000-0500,46.012939000,192.168.0.148,192.168.0.178,53414,25565,30210,3951944,0,0,0x0010
7816,2026-08-15T10:14:10.879942000-0500,46.012983000,192.168.0.178,192.168.0.148,25565,53414,3951944,30210,1460,0,0x0010
7817,2026-08-15T10:14:10.880178000-0500,46.013219000,192.168.0.178,192.168.0.148,25565,53414,3953404,30210,1460,0,0x0010
7818,2026-08-15T10:14:10.880178000-0500,46.013219000,192.168.0.178,192.168.0.148,25565,53414,3954864,30210,1460,0,0x0010
7819,2026-08-15T10:14:10.880202000-0500,46.013243000,192.168.0.148,192.168.0.178,53414,25565,30210,3956324,0,0,0x0010
7820,2026-08-15T10:14:10.880411000-0500,46.013452000,192.168.0.178,192.168.0.148,25565,53414,3956324,30210,1460,0,0x0010
7821,2026-08-15T10:14:10.880411000-0500,46.013452000,192.168.0.178,192.168.0.148,25565,53414,3957784,30210,1460,0,0x0010
7822,2026-08-15T10:14:10.880436000-0500,46.013477000,192.168.0.148,192.168.0.178,53414,25565,30210,3959244,0,0,0x0010
7823,2026-08-15T10:14:10.880654000-0500,46.013695000,192.168.0.178,192.168.0.148,25565,53414,3959244,30210,1460,0,0x0010
7824,2026-08-15T10:14:10.880654000-0500,46.013695000,192.168.0.178,192.168.0.148,25565,53414,3960704,30210,1460,0,0x0018
7825,2026-08-15T10:14:10.880680000-0500,46.013721000,192.168.0.148,192.168.0.178,53414,25565,30210,3962164,0,0,0x0010
7826,2026-08-15T10:14:10.880909000-0500,46.013950000,192.168.0.178,192.168.0.148,25565,53414,3962164,30210,1460,0,0x0010
7827,2026-08-15T10:14:10.880909000-0500,46.013950000,192.168.0.178,192.168.0.148,25565,53414,3963624,30210,1460,0,0x0010
7828,2026-08-15T10:14:10.880935000-0500,46.013976000,192.168.0.148,192.168.0.178,53414,25565,30210,3965084,0,0,0x0010
7829,2026-08-15T10:14:10.881194000-0500,46.014235000,192.168.0.178,192.168.0.148,25565,53414,3965084,30210,1460,0,0x0010
7830,2026-08-15T10:14:10.881194000-0500,46.014235000,192.168.0.178,192.168.0.148,25565,53414,3966544,30210,294,0,0x0018
7831,2026-08-15T10:14:10.881216000-0500,46.014257000,192.168.0.148,192.168.0.178,53414,25565,30210,3966838,0,0,0x0010
7832,2026-08-15T10:14:10.892881000-0500,46.025922000,192.168.0.148,192.168.0.178,53414,25565,30210,3966838,36,0,0x0018
7833,2026-08-15T10:14:10.893615000-0500,46.026656000,192.168.0.148,192.168.0.178,53414,25565,30246,3966838,3,0,0x0018
7834,2026-08-15T10:14:10.894412000-0500,46.027453000,192.168.0.178,192.168.0.148,25565,53414,3966838,30249,0,0,0x0010
7835,2026-08-15T10:14:10.933162000-0500,46.066203000,192.168.0.178,192.168.0.148,25565,53414,3966838,30249,1460,0,0x0010
7836,2026-08-15T10:14:10.933162000-0500,46.066203000,192.168.0.178,192.168.0.148,25565,53414,3968298,30249,1460,0,0x0010
7837,2026-08-15T10:14:10.933226000-0500,46.066267000,192.168.0.148,192.168.0.178,53414,25565,30249,3969758,0,0,0x0010
7838,2026-08-15T10:14:10.933269000-0500,46.066310000,192.168.0.178,192.168.0.148,25565,53414,3969758,30249,1460,0,0x0010
7839,2026-08-15T10:14:10.933486000-0500,46.066527000,192.168.0.178,192.168.0.148,25565,53414,3971218,30249,1460,0,0x0010
7840,2026-08-15T10:14:10.933486000-0500,46.066527000,192.168.0.178,192.168.0.148,25565,53414,3972678,30249,1460,0,0x0010
7841,2026-08-15T10:14:10.933512000-0500,46.066553000,192.168.0.148,192.168.0.178,53414,25565,30249,3974138,0,0,0x0010
7842,2026-08-15T10:14:10.933728000-0500,46.066769000,192.168.0.178,192.168.0.148,25565,53414,3974138,30249,1460,0,0x0010
7843,2026-08-15T10:14:10.933728000-0500,46.066769000,192.168.0.178,192.168.0.148,25565,53414,3975598,30249,1460,0,0x0010
7844,2026-08-15T10:14:10.933754000-0500,46.066795000,192.168.0.148,192.168.0.178,53414,25565,30249,3977058,0,0,0x0010
7845,2026-08-15T10:14:10.933975000-0500,46.067016000,192.168.0.178,192.168.0.148,25565,53414,3977058,30249,1460,0,0x0010
7846,2026-08-15T10:14:10.933975000-0500,46.067016000,192.168.0.178,192.168.0.148,25565,53414,3978518,30249,1460,0,0x0018
7847,2026-08-15T10:14:10.934001000-0500,46.067042000,192.168.0.148,192.168.0.178,53414,25565,30249,3979978,0,0,0x0010
7848,2026-08-15T10:14:10.934221000-0500,46.067262000,192.168.0.178,192.168.0.148,25565,53414,3979978,30249,1460,0,0x0010
7849,2026-08-15T10:14:10.934221000-0500,46.067262000,192.168.0.178,192.168.0.148,25565,53414,3981438,30249,1460,0,0x0010
7850,2026-08-15T10:14:10.934248000-0500,46.067289000,192.168.0.148,192.168.0.178,53414,25565,30249,3982898,0,0,0x0010
7851,2026-08-15T10:14:10.934301000-0500,46.067342000,192.168.0.178,192.168.0.148,25565,53414,3982898,30249,911,0,0x0018
7852,2026-08-15T10:14:10.934310000-0500,46.067351000,192.168.0.148,192.168.0.178,53414,25565,30249,3983809,0,0,0x0010
7853,2026-08-15T10:14:10.942712000-0500,46.075753000,192.168.0.148,192.168.0.178,53414,25565,30249,3983809,36,0,0x0018
7854,2026-08-15T10:14:10.943674000-0500,46.076715000,192.168.0.148,192.168.0.178,53414,25565,30285,3983809,3,0,0x0018
7855,2026-08-15T10:14:10.944458000-0500,46.077499000,192.168.0.178,192.168.0.148,25565,53414,3983809,30288,0,0,0x0010
7856,2026-08-15T10:14:10.981999000-0500,46.115040000,192.168.0.178,192.168.0.148,25565,53414,3983809,30288,1460,0,0x0010
7857,2026-08-15T10:14:10.981999000-0500,46.115040000,192.168.0.178,192.168.0.148,25565,53414,3985269,30288,1460,0,0x0010
7858,2026-08-15T10:14:10.982067000-0500,46.115108000,192.168.0.148,192.168.0.178,53414,25565,30288,3986729,0,0,0x0010
7859,2026-08-15T10:14:10.982116000-0500,46.115157000,192.168.0.178,192.168.0.148,25565,53414,3986729,30288,1460,0,0x0010
7860,2026-08-15T10:14:10.982328000-0500,46.115369000,192.168.0.178,192.168.0.148,25565,53414,3988189,30288,1460,0,0x0010
7861,2026-08-15T10:14:10.982328000-0500,46.115369000,192.168.0.178,192.168.0.148,25565,53414,3989649,30288,1460,0,0x0010
7862,2026-08-15T10:14:10.982359000-0500,46.115400000,192.168.0.148,192.168.0.178,53414,25565,30288,3991109,0,0,0x0010
7863,2026-08-15T10:14:10.982578000-0500,46.115619000,192.168.0.178,192.168.0.148,25565,53414,3991109,30288,1460,0,0x0010
7864,2026-08-15T10:14:10.982578000-0500,46.115619000,192.168.0.178,192.168.0.148,25565,53414,3992569,30288,1460,0,0x0010
7865,2026-08-15T10:14:10.982612000-0500,46.115653000,192.168.0.148,192.168.0.178,53414,25565,30288,3994029,0,0,0x0010
7866,2026-08-15T10:14:10.982825000-0500,46.115866000,192.168.0.178,192.168.0.148,25565,53414,3994029,30288,1460,0,0x0010
7867,2026-08-15T10:14:10.982825000-0500,46.115866000,192.168.0.178,192.168.0.148,25565,53414,3995489,30288,1460,0,0x0018
7868,2026-08-15T10:14:10.982859000-0500,46.115900000,192.168.0.148,192.168.0.178,53414,25565,30288,3996949,0,0,0x0010
7869,2026-08-15T10:14:10.983081000-0500,46.116122000,192.168.0.178,192.168.0.148,25565,53414,3996949,30288,1460,0,0x0010
7870,2026-08-15T10:14:10.983081000-0500,46.116122000,192.168.0.178,192.168.0.148,25565,53414,3998409,30288,1460,0,0x0010
7871,2026-08-15T10:14:10.983120000-0500,46.116161000,192.168.0.148,192.168.0.178,53414,25565,30288,3999869,0,0,0x0010
7872,2026-08-15T10:14:10.983182000-0500,46.116223000,192.168.0.178,192.168.0.148,25565,53414,3999869,30288,1122,0,0x0018
7873,2026-08-15T10:14:10.983194000-0500,46.116235000,192.168.0.148,192.168.0.178,53414,25565,30288,4000991,0,0,0x0010
7874,2026-08-15T10:14:10.992549000-0500,46.125590000,192.168.0.148,192.168.0.178,53414,25565,30288,4000991,4,0,0x0018
7875,2026-08-15T10:14:10.992563000-0500,46.125604000,192.168.0.148,192.168.0.178,53414,25565,30292,4000991,28,0,0x0018
7876,2026-08-15T10:14:10.993282000-0500,46.126323000,192.168.0.148,192.168.0.178,53414,25565,30320,4000991,3,0,0x0018
7877,2026-08-15T10:14:10.993396000-0500,46.126437000,192.168.0.178,192.168.0.148,25565,53414,4000991,30320,0,0,0x0010
7878,2026-08-15T10:14:11.027862000-0500,46.160903000,192.168.0.178,192.168.0.148,25565,53414,4000991,30323,225,0,0x0018
7879,2026-08-15T10:14:11.042774000-0500,46.175815000,192.168.0.148,192.168.0.178,53414,25565,30323,4001216,36,0,0x0018
7880,2026-08-15T10:14:11.043797000-0500,46.176838000,192.168.0.148,192.168.0.178,53414,25565,30359,4001216,3,0,0x0018
7881,2026-08-15T10:14:11.044633000-0500,46.177674000,192.168.0.178,192.168.0.148,25565,53414,4001216,30362,0,0,0x0010
7882,2026-08-15T10:14:11.080091000-0500,46.213132000,192.168.0.178,192.168.0.148,25565,53414,4001216,30362,305,0,0x0018
7883,2026-08-15T10:14:11.093523000-0500,46.226564000,192.168.0.148,192.168.0.178,53414,25565,30362,4001521,36,0,0x0018
7884,2026-08-15T10:14:11.094740000-0500,46.227781000,192.168.0.148,192.168.0.178,53414,25565,30398,4001521,3,0,0x0018
7885,2026-08-15T10:14:11.095585000-0500,46.228626000,192.168.0.178,192.168.0.148,25565,53414,4001521,30401,0,0,0x0010
7886,2026-08-15T10:14:11.129140000-0500,46.262181000,192.168.0.178,192.168.0.148,25565,53414,4001521,30401,544,0,0x0018
7887,2026-08-15T10:14:11.143918000-0500,46.276959000,192.168.0.148,192.168.0.178,53414,25565,30401,4002065,36,0,0x0018
7888,2026-08-15T10:14:11.145257000-0500,46.278298000,192.168.0.148,192.168.0.178,53414,25565,30437,4002065,3,0,0x0018
7889,2026-08-15T10:14:11.146057000-0500,46.279098000,192.168.0.178,192.168.0.148,25565,53414,4002065,30440,0,0,0x0010
7890,2026-08-15T10:14:11.181091000-0500,46.314132000,192.168.0.178,192.168.0.148,25565,53414,4002065,30440,825,0,0x0018
7891,2026-08-15T10:14:11.193510000-0500,46.326551000,192.168.0.148,192.168.0.178,53414,25565,30440,4002890,4,0,0x0018
7892,2026-08-15T10:14:11.193541000-0500,46.326582000,192.168.0.148,192.168.0.178,53414,25565,30444,4002890,36,0,0x0018
7893,2026-08-15T10:14:11.194370000-0500,46.327411000,192.168.0.178,192.168.0.148,25565,53414,4002890,30480,0,0,0x0010
7894,2026-08-15T10:14:11.194969000-0500,46.328010000,192.168.0.148,192.168.0.178,53414,25565,30480,4002890,3,0,0x0018
7895,2026-08-15T10:14:11.231720000-0500,46.364761000,192.168.0.178,192.168.0.148,25565,53414,4002890,30483,209,0,0x0018
7896,2026-08-15T10:14:11.242149000-0500,46.375190000,192.168.0.148,192.168.0.178,53414,25565,30483,4003099,36,0,0x0018
7897,2026-08-15T10:14:11.242945000-0500,46.375986000,192.168.0.148,192.168.0.178,53414,25565,30519,4003099,3,0,0x0018
7898,2026-08-15T10:14:11.243631000-0500,46.376672000,192.168.0.178,192.168.0.148,25565,53414,4003099,30522,0,0,0x0010
7899,2026-08-15T10:14:11.281608000-0500,46.414649000,192.168.0.178,192.168.0.148,25565,53414,4003099,30522,522,0,0x0018
7900,2026-08-15T10:14:11.292784000-0500,46.425825000,192.168.0.148,192.168.0.178,53414,25565,30522,4003621,36,0,0x0018
7901,2026-08-15T10:14:11.293540000-0500,46.426581000,192.168.0.148,192.168.0.178,53414,25565,30558,4003621,3,0,0x0018
7902,2026-08-15T10:14:11.294277000-0500,46.427318000,192.168.0.178,192.168.0.148,25565,53414,4003621,30561,0,0,0x0010
7903,2026-08-15T10:14:11.328705000-0500,46.461746000,192.168.0.178,192.168.0.148,25565,53414,4003621,30561,216,0,0x0018
7904,2026-08-15T10:14:11.343101000-0500,46.476142000,192.168.0.148,192.168.0.178,53414,25565,30561,4003837,36,0,0x0018
7905,2026-08-15T10:14:11.344684000-0500,46.477725000,192.168.0.148,192.168.0.178,53414,25565,30597,4003837,3,0,0x0018
7906,2026-08-15T10:14:11.345423000-0500,46.478464000,192.168.0.178,192.168.0.148,25565,53414,4003837,30600,0,0,0x0010
7907,2026-08-15T10:14:11.379661000-0500,46.512702000,192.168.0.178,192.168.0.148,25565,53414,4003837,30600,369,0,0x0018
7908,2026-08-15T10:14:11.379877000-0500,46.512918000,192.168.0.148,192.168.0.178,53414,25565,30600,4004206,11,0,0x0018
7909,2026-08-15T10:14:11.393654000-0500,46.526695000,192.168.0.148,192.168.0.178,53414,25565,30611,4004206,4,0,0x0018
7910,2026-08-15T10:14:11.393682000-0500,46.526723000,192.168.0.148,192.168.0.178,53414,25565,30615,4004206,36,0,0x0018
7911,2026-08-15T10:14:11.394342000-0500,46.527383000,192.168.0.178,192.168.0.148,25565,53414,4004206,30651,0,0,0x0010
7912,2026-08-15T10:14:11.394851000-0500,46.527892000,192.168.0.148,192.168.0.178,53414,25565,30651,4004206,3,0,0x0018
7913,2026-08-15T10:14:11.427472000-0500,46.560513000,192.168.0.178,192.168.0.148,25565,53414,4004206,30654,568,0,0x0018
7914,2026-08-15T10:14:11.442643000-0500,46.575684000,192.168.0.148,192.168.0.178,53414,25565,30654,4004774,36,0,0x0018
7915,2026-08-15T10:14:11.443626000-0500,46.576667000,192.168.0.148,192.168.0.178,53414,25565,30690,4004774,3,0,0x0018
7916,2026-08-15T10:14:11.444321000-0500,46.577362000,192.168.0.178,192.168.0.148,25565,53414,4004774,30693,0,0,0x0010
7917,2026-08-15T10:14:11.477805000-0500,46.610846000,192.168.0.178,192.168.0.148,25565,53414,4004774,30693,318,0,0x0018
7918,2026-08-15T10:14:11.493469000-0500,46.626510000,192.168.0.148,192.168.0.178,53414,25565,30693,4005092,28,0,0x0018
7919,2026-08-15T10:14:11.494977000-0500,46.628018000,192.168.0.148,192.168.0.178,53414,25565,30721,4005092,3,0,0x0018
7920,2026-08-15T10:14:11.495821000-0500,46.628862000,192.168.0.178,192.168.0.148,25565,53414,4005092,30724,0,0,0x0010
7921,2026-08-15T10:14:11.527697000-0500,46.660738000,192.168.0.178,192.168.0.148,25565,53414,4005092,30724,464,0,0x0018
7922,2026-08-15T10:14:11.543691000-0500,46.676732000,192.168.0.148,192.168.0.178,53414,25565,30724,4005556,4,0,0x0018
7923,2026-08-15T10:14:11.543723000-0500,46.676764000,192.168.0.148,192.168.0.178,53414,25565,30728,4005556,28,0,0x0018
7924,2026-08-15T10:14:11.544421000-0500,46.677462000,192.168.0.178,192.168.0.148,25565,53414,4005556,30756,0,0,0x0010
7925,2026-08-15T10:14:11.544458000-0500,46.677499000,192.168.0.148,192.168.0.178,53414,25565,30756,4005556,3,0,0x0018
7926,2026-08-15T10:14:11.577085000-0500,46.710126000,192.168.0.178,192.168.0.148,25565,53414,4005556,30759,746,0,0x0018
7927,2026-08-15T10:14:11.593087000-0500,46.726128000,192.168.0.148,192.168.0.178,53414,25565,30759,4006302,4,0,0x0018
7928,2026-08-15T10:14:11.593112000-0500,46.726153000,192.168.0.148,192.168.0.178,53414,25565,30763,4006302,28,0,0x0018
7929,2026-08-15T10:14:11.593809000-0500,46.726850000,192.168.0.178,192.168.0.148,25565,53414,4006302,30791,0,0,0x0010
7930,2026-08-15T10:14:11.593989000-0500,46.727030000,192.168.0.148,192.168.0.178,53414,25565,30791,4006302,3,0,0x0018
7931,2026-08-15T10:14:11.627237000-0500,46.760278000,192.168.0.178,192.168.0.148,25565,53414,4006302,30794,219,0,0x0018
7932,2026-08-15T10:14:11.642138000-0500,46.775179000,192.168.0.148,192.168.0.178,53414,25565,30794,4006521,28,0,0x0018
7933,2026-08-15T10:14:11.642895000-0500,46.775936000,192.168.0.148,192.168.0.178,53414,25565,30822,4006521,3,0,0x0018
7934,2026-08-15T10:14:11.643650000-0500,46.776691000,192.168.0.178,192.168.0.148,25565,53414,4006521,30825,0,0,0x0010
7935,2026-08-15T10:14:11.678033000-0500,46.811074000,192.168.0.178,192.168.0.148,25565,53414,4006521,30825,316,0,0x0018
7936,2026-08-15T10:14:11.692377000-0500,46.825418000,192.168.0.148,192.168.0.178,53414,25565,30825,4006837,28,0,0x0018
7937,2026-08-15T10:14:11.693126000-0500,46.826167000,192.168.0.148,192.168.0.178,53414,25565,30853,4006837,3,0,0x0018
7938,2026-08-15T10:14:11.693953000-0500,46.826994000,192.168.0.178,192.168.0.148,25565,53414,4006837,30856,0,0,0x0010
7939,2026-08-15T10:14:11.728231000-0500,46.861272000,192.168.0.178,192.168.0.148,25565,53414,4006837,30856,354,0,0x0018
7940,2026-08-15T10:14:11.743455000-0500,46.876496000,192.168.0.148,192.168.0.178,53414,25565,30856,4007191,4,0,0x0018
7941,2026-08-15T10:14:11.743492000-0500,46.876533000,192.168.0.148,192.168.0.178,53414,25565,30860,4007191,36,0,0x0018
7942,2026-08-15T10:14:11.744202000-0500,46.877243000,192.168.0.178,192.168.0.148,25565,53414,4007191,30896,0,0,0x0010
7943,2026-08-15T10:14:11.744278000-0500,46.877319000,192.168.0.178,192.168.0.148,25565,53414,4007191,30896,46,0,0x0018
7944,2026-08-15T10:14:11.744845000-0500,46.877886000,192.168.0.148,192.168.0.178,53414,25565,30896,4007237,3,0,0x0018
7945,2026-08-15T10:14:11.779468000-0500,46.912509000,192.168.0.178,192.168.0.148,25565,53414,4007237,30899,542,0,0x0018
7946,2026-08-15T10:14:11.793514000-0500,46.926555000,192.168.0.148,192.168.0.178,53414,25565,30899,4007779,36,0,0x0018
7947,2026-08-15T10:14:11.795073000-0500,46.928114000,192.168.0.148,192.168.0.178,53414,25565,30935,4007779,3,0,0x0018
7948,2026-08-15T10:14:11.795726000-0500,46.928767000,192.168.0.178,192.168.0.148,25565,53414,4007779,30938,0,0,0x0010
7949,2026-08-15T10:14:11.826620000-0500,46.959661000,192.168.0.178,192.168.0.148,25565,53414,4007779,30938,197,0,0x0018
7950,2026-08-15T10:14:11.842482000-0500,46.975523000,192.168.0.148,192.168.0.178,53414,25565,30938,4007976,28,0,0x0018
7951,2026-08-15T10:14:11.843317000-0500,46.976358000,192.168.0.148,192.168.0.178,53414,25565,30966,4007976,3,0,0x0018
7952,2026-08-15T10:14:11.844014000-0500,46.977055000,192.168.0.178,192.168.0.148,25565,53414,4007976,30969,0,0,0x0010
7953,2026-08-15T10:14:11.877314000-0500,47.010355000,192.168.0.178,192.168.0.148,25565,53414,4007976,30969,443,0,0x0018
7954,2026-08-15T10:14:11.893522000-0500,47.026563000,192.168.0.148,192.168.0.178,53414,25565,30969,4008419,36,0,0x0018
7955,2026-08-15T10:14:11.894892000-0500,47.027933000,192.168.0.148,192.168.0.178,53414,25565,31005,4008419,3,0,0x0018
7956,2026-08-15T10:14:11.895616000-0500,47.028657000,192.168.0.178,192.168.0.148,25565,53414,4008419,31008,0,0,0x0010
7957,2026-08-15T10:14:11.928875000-0500,47.061916000,192.168.0.178,192.168.0.148,25565,53414,4008419,31008,346,0,0x0018
7958,2026-08-15T10:14:11.943050000-0500,47.076091000,192.168.0.148,192.168.0.178,53414,25565,31008,4008765,36,0,0x0018
7959,2026-08-15T10:14:11.944080000-0500,47.077121000,192.168.0.148,192.168.0.178,53414,25565,31044,4008765,3,0,0x0018
7960,2026-08-15T10:14:11.944823000-0500,47.077864000,192.168.0.178,192.168.0.148,25565,53414,4008765,31047,0,0,0x0010
7961,2026-08-15T10:14:11.978038000-0500,47.111079000,192.168.0.178,192.168.0.148,25565,53414,4008765,31047,188,0,0x0018
7962,2026-08-15T10:14:11.993374000-0500,47.126415000,192.168.0.148,192.168.0.178,53414,25565,31047,4008953,36,0,0x0018
7963,2026-08-15T10:14:11.994458000-0500,47.127499000,192.168.0.148,192.168.0.178,53414,25565,31083,4008953,3,0,0x0018
7964,2026-08-15T10:14:11.994985000-0500,47.128026000,192.168.0.178,192.168.0.148,25565,53414,4008953,31086,0,0,0x0010
7965,2026-08-15T10:14:12.028086000-0500,47.161127000,192.168.0.178,192.168.0.148,25565,53414,4008953,31086,562,0,0x0018
7966,2026-08-15T10:14:12.043182000-0500,47.176223000,192.168.0.148,192.168.0.178,53414,25565,31086,4009515,36,0,0x0018
7967,2026-08-15T10:14:12.044293000-0500,47.177334000,192.168.0.148,192.168.0.178,53414,25565,31122,4009515,3,0,0x0018
7968,2026-08-15T10:14:12.045121000-0500,47.178162000,192.168.0.178,192.168.0.148,25565,53414,4009515,31125,0,0,0x0010
7969,2026-08-15T10:14:12.077865000-0500,47.210906000,192.168.0.178,192.168.0.148,25565,53414,4009515,31125,387,0,0x0018
7970,2026-08-15T10:14:12.092853000-0500,47.225894000,192.168.0.148,192.168.0.178,53414,25565,31125,4009902,36,0,0x0018
7971,2026-08-15T10:14:12.093689000-0500,47.226730000,192.168.0.148,192.168.0.178,53414,25565,31161,4009902,3,0,0x0018
7972,2026-08-15T10:14:12.094410000-0500,47.227451000,192.168.0.178,192.168.0.148,25565,53414,4009902,31164,0,0,0x0010
7973,2026-08-15T10:14:12.127827000-0500,47.260868000,192.168.0.178,192.168.0.148,25565,53414,4009902,31164,214,0,0x0018
7974,2026-08-15T10:14:12.142558000-0500,47.275599000,192.168.0.148,192.168.0.178,53414,25565,31164,4010116,36,0,0x0018
7975,2026-08-15T10:14:12.143665000-0500,47.276706000,192.168.0.148,192.168.0.178,53414,25565,31200,4010116,3,0,0x0018
7976,2026-08-15T10:14:12.144384000-0500,47.277425000,192.168.0.178,192.168.0.148,25565,53414,4010116,31203,0,0,0x0010
7977,2026-08-15T10:14:12.177705000-0500,47.310746000,192.168.0.178,192.168.0.148,25565,53414,4010116,31203,551,0,0x0018
7978,2026-08-15T10:14:12.193446000-0500,47.326487000,192.168.0.148,192.168.0.178,53414,25565,31203,4010667,4,0,0x0018
7979,2026-08-15T10:14:12.193478000-0500,47.326519000,192.168.0.148,192.168.0.178,53414,25565,31207,4010667,36,0,0x0018
7980,2026-08-15T10:14:12.194349000-0500,47.327390000,192.168.0.178,192.168.0.148,25565,53414,4010667,31243,0,0,0x0010
7981,2026-08-15T10:14:12.194880000-0500,47.327921000,192.168.0.148,192.168.0.178,53414,25565,31243,4010667,3,0,0x0018
7982,2026-08-15T10:14:12.228521000-0500,47.361562000,192.168.0.178,192.168.0.148,25565,53414,4010667,31246,294,0,0x0018
7983,2026-08-15T10:14:12.243016000-0500,47.376057000,192.168.0.148,192.168.0.178,53414,25565,31246,4010961,36,0,0x0018
7984,2026-08-15T10:14:12.243970000-0500,47.377011000,192.168.0.148,192.168.0.178,53414,25565,31282,4010961,3,0,0x0018
7985,2026-08-15T10:14:12.244821000-0500,47.377862000,192.168.0.178,192.168.0.148,25565,53414,4010961,31285,0,0,0x0010
7986,2026-08-15T10:14:12.282212000-0500,47.415253000,192.168.0.178,192.168.0.148,25565,53414,4010961,31285,223,0,0x0018
7987,2026-08-15T10:14:12.293374000-0500,47.426415000,192.168.0.148,192.168.0.178,53414,25565,31285,4011184,36,0,0x0018
7988,2026-08-15T10:14:12.294569000-0500,47.427610000,192.168.0.148,192.168.0.178,53414,25565,31321,4011184,3,0,0x0018
7989,2026-08-15T10:14:12.296726000-0500,47.429767000,192.168.0.178,192.168.0.148,25565,53414,4011184,31324,0,0,0x0010
7990,2026-08-15T10:14:12.336382000-0500,47.469423000,192.168.0.178,192.168.0.148,25565,53414,4011184,31324,566,0,0x0018
7991,2026-08-15T10:14:12.342645000-0500,47.475686000,192.168.0.148,192.168.0.178,53414,25565,31324,4011750,36,0,0x0018
7992,2026-08-15T10:14:12.343421000-0500,47.476462000,192.168.0.148,192.168.0.178,53414,25565,31360,4011750,3,0,0x0018
7993,2026-08-15T10:14:12.344464000-0500,47.477505000,192.168.0.178,192.168.0.148,25565,53414,4011750,31363,0,0,0x0010
7994,2026-08-15T10:14:12.383229000-0500,47.516270000,192.168.0.178,192.168.0.148,25565,53414,4011750,31363,638,0,0x0018
7995,2026-08-15T10:14:12.383406000-0500,47.516447000,192.168.0.148,192.168.0.178,53414,25565,31363,4012388,11,0,0x0018
7996,2026-08-15T10:14:12.392306000-0500,47.525347000,192.168.0.148,192.168.0.178,53414,25565,31374,4012388,4,0,0x0018
7997,2026-08-15T10:14:12.392323000-0500,47.525364000,192.168.0.148,192.168.0.178,53414,25565,31378,4012388,28,0,0x0018
7998,2026-08-15T10:14:12.392972000-0500,47.526013000,192.168.0.178,192.168.0.148,25565,53414,4012388,31406,0,0,0x0010
7999,2026-08-15T10:14:12.393149000-0500,47.526190000,192.168.0.148,192.168.0.178,53414,25565,31406,4012388,3,0,0x0018
8000,2026-08-15T10:14:12.433522000-0500,47.566563000,192.168.0.178,192.168.0.148,25565,53414,4012388,31409,254,0,0x0018
8001,2026-08-15T10:14:12.442846000-0500,47.575887000,192.168.0.148,192.168.0.178,53414,25565,31409,4012642,28,0,0x0018
8002,2026-08-15T10:14:12.444057000-0500,47.577098000,192.168.0.148,192.168.0.178,53414,25565,31437,4012642,3,0,0x0018
8003,2026-08-15T10:14:12.444659000-0500,47.577700000,192.168.0.178,192.168.0.148,25565,53414,4012642,31440,0,0,0x0010
8004,2026-08-15T10:14:12.483644000-0500,47.616685000,192.168.0.178,192.168.0.148,25565,53414,4012642,31440,434,0,0x0018
8005,2026-08-15T10:14:12.492977000-0500,47.626018000,192.168.0.148,192.168.0.178,53414,25565,31440,4013076,36,0,0x0018
8006,2026-08-15T10:14:12.494113000-0500,47.627154000,192.168.0.148,192.168.0.178,53414,25565,31476,4013076,3,0,0x0018
8007,2026-08-15T10:14:12.494742000-0500,47.627783000,192.168.0.178,192.168.0.148,25565,53414,4013076,31479,0,0,0x0010
8008,2026-08-15T10:14:12.532228000-0500,47.665269000,192.168.0.178,192.168.0.148,25565,53414,4013076,31479,338,0,0x0018
8009,2026-08-15T10:14:12.542281000-0500,47.675322000,192.168.0.148,192.168.0.178,53414,25565,31479,4013414,36,0,0x0018
8010,2026-08-15T10:14:12.542947000-0500,47.675988000,192.168.0.148,192.168.0.178,53414,25565,31515,4013414,3,0,0x0018
8011,2026-08-15T10:14:12.543525000-0500,47.676566000,192.168.0.178,192.168.0.148,25565,53414,4013414,31518,0,0,0x0010
8012,2026-08-15T10:14:12.592641000-0500,47.725682000,192.168.0.148,192.168.0.178,53414,25565,31518,4013414,36,0,0x0018
8013,2026-08-15T10:14:12.593397000-0500,47.726438000,192.168.0.148,192.168.0.178,53414,25565,31554,4013414,3,0,0x0018
8014,2026-08-15T10:14:12.594010000-0500,47.727051000,192.168.0.178,192.168.0.148,25565,53414,4013414,31557,0,0,0x0010
8015,2026-08-15T10:14:12.594593000-0500,47.727634000,192.168.0.178,192.168.0.148,25565,53414,4013414,31557,204,0,0x0018
8016,2026-08-15T10:14:12.628369000-0500,47.761410000,192.168.0.178,192.168.0.148,25565,53414,4013618,31557,561,0,0x0018
8017,2026-08-15T10:14:12.628421000-0500,47.761462000,192.168.0.148,192.168.0.178,53414,25565,31557,4014179,0,0,0x0010
8018,2026-08-15T10:14:12.642760000-0500,47.775801000,192.168.0.148,192.168.0.178,53414,25565,31557,4014179,36,0,0x0018
8019,2026-08-15T10:14:12.643538000-0500,47.776579000,192.168.0.148,192.168.0.178,53414,25565,31593,4014179,3,0,0x0018
8020,2026-08-15T10:14:12.644353000-0500,47.777394000,192.168.0.178,192.168.0.148,25565,53414,4014179,31596,0,0,0x0010
8021,2026-08-15T10:14:12.678409000-0500,47.811450000,192.168.0.178,192.168.0.148,25565,53414,4014179,31596,886,0,0x0018
8022,2026-08-15T10:14:12.693170000-0500,47.826211000,192.168.0.148,192.168.0.178,53414,25565,31596,4015065,36,0,0x0018
8023,2026-08-15T10:14:12.694293000-0500,47.827334000,192.168.0.148,192.168.0.178,53414,25565,31632,4015065,3,0,0x0018
8024,2026-08-15T10:14:12.695023000-0500,47.828064000,192.168.0.178,192.168.0.148,25565,53414,4015065,31635,0,0,0x0010
8025,2026-08-15T10:14:12.727707000-0500,47.860748000,192.168.0.178,192.168.0.148,25565,53414,4015065,31635,177,0,0x0018
8026,2026-08-15T10:14:12.743189000-0500,47.876230000,192.168.0.148,192.168.0.178,53414,25565,31635,4015242,36,0,0x0018
8027,2026-08-15T10:14:12.744381000-0500,47.877422000,192.168.0.148,192.168.0.178,53414,25565,31671,4015242,3,0,0x0018
8028,2026-08-15T10:14:12.745010000-0500,47.878051000,192.168.0.178,192.168.0.148,25565,53414,4015242,31674,0,0,0x0010
8029,2026-08-15T10:14:12.779215000-0500,47.912256000,192.168.0.178,192.168.0.148,25565,53414,4015242,31674,536,0,0x0018
8030,2026-08-15T10:14:12.779580000-0500,47.912621000,192.168.0.148,192.168.0.178,53414,25565,31674,4015778,4,0,0x0018
8031,2026-08-15T10:14:12.779619000-0500,47.912660000,192.168.0.148,192.168.0.178,53414,25565,31678,4015778,28,0,0x0018
8032,2026-08-15T10:14:12.780379000-0500,47.913420000,192.168.0.178,192.168.0.148,25565,53414,4015778,31706,0,0,0x0010
8033,2026-08-15T10:14:12.780502000-0500,47.913543000,192.168.0.148,192.168.0.178,53414,25565,31706,4015778,3,0,0x0018
8034,2026-08-15T10:14:12.825176000-0500,47.958217000,192.168.0.178,192.168.0.148,25565,53414,4015778,31709,0,0,0x0010
8035,2026-08-15T10:14:12.827492000-0500,47.960533000,192.168.0.178,192.168.0.148,25565,53414,4015778,31709,282,0,0x0018
8036,2026-08-15T10:14:12.842996000-0500,47.976037000,192.168.0.148,192.168.0.178,53414,25565,31709,4016060,4,0,0x0018
8037,2026-08-15T10:14:12.843021000-0500,47.976062000,192.168.0.148,192.168.0.178,53414,25565,31713,4016060,28,0,0x0018
8038,2026-08-15T10:14:12.843749000-0500,47.976790000,192.168.0.178,192.168.0.148,25565,53414,4016060,31741,0,0,0x0010
8039,2026-08-15T10:14:12.843946000-0500,47.976987000,192.168.0.148,192.168.0.178,53414,25565,31741,4016060,3,0,0x0018
8040,2026-08-15T10:14:12.844626000-0500,47.977667000,192.168.0.178,192.168.0.148,25565,53414,4016060,31744,0,0,0x0010
8041,2026-08-15T10:14:12.877083000-0500,48.010124000,192.168.0.178,192.168.0.148,25565,53414,4016060,31744,230,0,0x0018
8042,2026-08-15T10:14:12.892729000-0500,48.025770000,192.168.0.148,192.168.0.178,53414,25565,31744,4016290,4,0,0x0018
8043,2026-08-15T10:14:12.892775000-0500,48.025816000,192.168.0.148,192.168.0.178,53414,25565,31748,4016290,28,0,0x0018
8044,2026-08-15T10:14:12.893438000-0500,48.026479000,192.168.0.178,192.168.0.148,25565,53414,4016290,31776,0,0,0x0010
8045,2026-08-15T10:14:12.893655000-0500,48.026696000,192.168.0.148,192.168.0.178,53414,25565,31776,4016290,3,0,0x0018
8046,2026-08-15T10:14:12.928884000-0500,48.061925000,192.168.0.178,192.168.0.148,25565,53414,4016290,31779,516,0,0x0018
8047,2026-08-15T10:14:12.943384000-0500,48.076425000,192.168.0.148,192.168.0.178,53414,25565,31779,4016806,28,0,0x0018
8048,2026-08-15T10:14:12.944573000-0500,48.077614000,192.168.0.148,192.168.0.178,53414,25565,31807,4016806,3,0,0x0018
8049,2026-08-15T10:14:12.945284000-0500,48.078325000,192.168.0.178,192.168.0.148,25565,53414,4016806,31810,0,0,0x0010
8050,2026-08-15T10:14:12.978432000-0500,48.111473000,192.168.0.178,192.168.0.148,25565,53414,4016806,31810,284,0,0x0018
8051,2026-08-15T10:14:12.993456000-0500,48.126497000,192.168.0.148,192.168.0.178,53414,25565,31810,4017090,4,0,0x0018
8052,2026-08-15T10:14:12.993483000-0500,48.126524000,192.168.0.148,192.168.0.178,53414,25565,31814,4017090,28,0,0x0018
8053,2026-08-15T10:14:12.994258000-0500,48.127299000,192.168.0.178,192.168.0.148,25565,53414,4017090,31842,0,0,0x0010
8054,2026-08-15T10:14:12.994454000-0500,48.127495000,192.168.0.148,192.168.0.178,53414,25565,31842,4017090,3,0,0x0018
8055,2026-08-15T10:14:13.029726000-0500,48.162767000,192.168.0.178,192.168.0.148,25565,53414,4017090,31845,200,0,0x0018
8056,2026-08-15T10:14:13.043438000-0500,48.176479000,192.168.0.148,192.168.0.178,53414,25565,31845,4017290,36,0,0x0018
8057,2026-08-15T10:14:13.044609000-0500,48.177650000,192.168.0.148,192.168.0.178,53414,25565,31881,4017290,3,0,0x0018
8058,2026-08-15T10:14:13.045336000-0500,48.178377000,192.168.0.178,192.168.0.148,25565,53414,4017290,31884,0,0,0x0010
8059,2026-08-15T10:14:13.077221000-0500,48.210262000,192.168.0.178,192.168.0.148,25565,53414,4017290,31884,635,0,0x0018
8060,2026-08-15T10:14:13.092432000-0500,48.225473000,192.168.0.148,192.168.0.178,53414,25565,31884,4017925,4,0,0x0018
8061,2026-08-15T10:14:13.092454000-0500,48.225495000,192.168.0.148,192.168.0.178,53414,25565,31888,4017925,36,0,0x0018
8062,2026-08-15T10:14:13.093074000-0500,48.226115000,192.168.0.178,192.168.0.148,25565,53414,4017925,31924,0,0,0x0010
8063,2026-08-15T10:14:13.093117000-0500,48.226158000,192.168.0.148,192.168.0.178,53414,25565,31924,4017925,3,0,0x0018
8064,2026-08-15T10:14:13.127214000-0500,48.260255000,192.168.0.178,192.168.0.148,25565,53414,4017925,31927,362,0,0x0018
8065,2026-08-15T10:14:13.142765000-0500,48.275806000,192.168.0.148,192.168.0.178,53414,25565,31927,4018287,36,0,0x0018
8066,2026-08-15T10:14:13.143539000-0500,48.276580000,192.168.0.148,192.168.0.178,53414,25565,31963,4018287,3,0,0x0018
8067,2026-08-15T10:14:13.144251000-0500,48.277292000,192.168.0.178,192.168.0.148,25565,53414,4018287,31966,0,0,0x0010
8068,2026-08-15T10:14:13.176771000-0500,48.309812000,192.168.0.178,192.168.0.148,25565,53414,4018287,31966,348,0,0x0018
8069,2026-08-15T10:14:13.193447000-0500,48.326488000,192.168.0.148,192.168.0.178,53414,25565,31966,4018635,36,0,0x0018
8070,2026-08-15T10:14:13.194866000-0500,48.327907000,192.168.0.148,192.168.0.178,53414,25565,32002,4018635,3,0,0x0018
8071,2026-08-15T10:14:13.195568000-0500,48.328609000,192.168.0.178,192.168.0.148,25565,53414,4018635,32005,0,0,0x0010
8072,2026-08-15T10:14:13.228589000-0500,48.361630000,192.168.0.178,192.168.0.148,25565,53414,4018635,32005,545,0,0x0018
8073,2026-08-15T10:14:13.244041000-0500,48.377082000,192.168.0.148,192.168.0.178,53414,25565,32005,4019180,4,0,0x0018
8074,2026-08-15T10:14:13.244070000-0500,48.377111000,192.168.0.148,192.168.0.178,53414,25565,32009,4019180,36,0,0x0018
8075,2026-08-15T10:14:13.244992000-0500,48.378033000,192.168.0.178,192.168.0.148,25565,53414,4019180,32045,0,0,0x0010
8076,2026-08-15T10:14:13.245109000-0500,48.378150000,192.168.0.148,192.168.0.178,53414,25565,32045,4019180,3,0,0x0018
8077,2026-08-15T10:14:13.277845000-0500,48.410886000,192.168.0.178,192.168.0.148,25565,53414,4019180,32048,752,0,0x0018
8078,2026-08-15T10:14:13.293575000-0500,48.426616000,192.168.0.148,192.168.0.178,53414,25565,32048,4019932,36,0,0x0018
8079,2026-08-15T10:14:13.294555000-0500,48.427596000,192.168.0.148,192.168.0.178,53414,25565,32084,4019932,3,0,0x0018
8080,2026-08-15T10:14:13.295246000-0500,48.428287000,192.168.0.178,192.168.0.148,25565,53414,4019932,32087,0,0,0x0010
8081,2026-08-15T10:14:13.327245000-0500,48.460286000,192.168.0.178,192.168.0.148,25565,53414,4019932,32087,209,0,0x0018
8082,2026-08-15T10:14:13.342785000-0500,48.475826000,192.168.0.148,192.168.0.178,53414,25565,32087,4020141,36,0,0x0018
8083,2026-08-15T10:14:13.343826000-0500,48.476867000,192.168.0.148,192.168.0.178,53414,25565,32123,4020141,3,0,0x0018
8084,2026-08-15T10:14:13.345709000-0500,48.478750000,192.168.0.178,192.168.0.148,25565,53414,4020141,32126,0,0,0x0010
8085,2026-08-15T10:14:13.377750000-0500,48.510791000,192.168.0.178,192.168.0.148,25565,53414,4020141,32126,494,0,0x0018
8086,2026-08-15T10:14:13.392817000-0500,48.525858000,192.168.0.148,192.168.0.178,53414,25565,32126,4020635,36,0,0x0018
8087,2026-08-15T10:14:13.393574000-0500,48.526615000,192.168.0.148,192.168.0.178,53414,25565,32162,4020635,3,0,0x0018
8088,2026-08-15T10:14:13.394382000-0500,48.527423000,192.168.0.178,192.168.0.148,25565,53414,4020635,32165,0,0,0x0010
8089,2026-08-15T10:14:13.427537000-0500,48.560578000,192.168.0.178,192.168.0.148,25565,53414,4020635,32165,395,0,0x0018
8090,2026-08-15T10:14:13.427740000-0500,48.560781000,192.168.0.148,192.168.0.178,53414,25565,32165,4021030,11,0,0x0018
8091,2026-08-15T10:14:13.443071000-0500,48.576112000,192.168.0.148,192.168.0.178,53414,25565,32176,4021030,36,0,0x0018
8092,2026-08-15T10:14:13.443871000-0500,48.576912000,192.168.0.178,192.168.0.148,25565,53414,4021030,32212,0,0,0x0010
8093,2026-08-15T10:14:13.444053000-0500,48.577094000,192.168.0.148,192.168.0.178,53414,25565,32212,4021030,3,0,0x0018
8094,2026-08-15T10:14:13.477594000-0500,48.610635000,192.168.0.178,192.168.0.148,25565,53414,4021030,32215,248,0,0x0018
8095,2026-08-15T10:14:13.492970000-0500,48.626011000,192.168.0.148,192.168.0.178,53414,25565,32215,4021278,36,0,0x0018
8096,2026-08-15T10:14:13.494064000-0500,48.627105000,192.168.0.148,192.168.0.178,53414,25565,32251,4021278,3,0,0x0018
8097,2026-08-15T10:14:13.494731000-0500,48.627772000,192.168.0.178,192.168.0.148,25565,53414,4021278,32254,0,0,0x0010
8098,2026-08-15T10:14:13.527844000-0500,48.660885000,192.168.0.178,192.168.0.148,25565,53414,4021278,32254,442,0,0x0018
8099,2026-08-15T10:14:13.543703000-0500,48.676744000,192.168.0.148,192.168.0.178,53414,25565,32254,4021720,4,0,0x0018
8100,2026-08-15T10:14:13.543740000-0500,48.676781000,192.168.0.148,192.168.0.178,53414,25565,32258,4021720,36,0,0x0018
8101,2026-08-15T10:14:13.544529000-0500,48.677570000,192.168.0.178,192.168.0.148,25565,53414,4021720,32294,0,0,0x0010
8102,2026-08-15T10:14:13.544798000-0500,48.677839000,192.168.0.148,192.168.0.178,53414,25565,32294,4021720,3,0,0x0018
8103,2026-08-15T10:14:13.576439000-0500,48.709480000,192.168.0.178,192.168.0.148,25565,53414,4021720,32297,303,0,0x0018
8104,2026-08-15T10:14:13.593507000-0500,48.726548000,192.168.0.148,192.168.0.178,53414,25565,32297,4022023,36,0,0x0018
8105,2026-08-15T10:14:13.594570000-0500,48.727611000,192.168.0.148,192.168.0.178,53414,25565,32333,4022023,3,0,0x0018
8106,2026-08-15T10:14:13.595429000-0500,48.728470000,192.168.0.178,192.168.0.148,25565,53414,4022023,32336,0,0,0x0010
8107,2026-08-15T10:14:13.627582000-0500,48.760623000,192.168.0.178,192.168.0.148,25565,53414,4022023,32336,222,0,0x0018
8108,2026-08-15T10:14:13.642851000-0500,48.775892000,192.168.0.148,192.168.0.178,53414,25565,32336,4022245,4,0,0x0018
8109,2026-08-15T10:14:13.642886000-0500,48.775927000,192.168.0.148,192.168.0.178,53414,25565,32340,4022245,36,0,0x0018
8110,2026-08-15T10:14:13.643631000-0500,48.776672000,192.168.0.148,192.168.0.178,53414,25565,32376,4022245,3,0,0x0018
8111,2026-08-15T10:14:13.643635000-0500,48.776676000,192.168.0.178,192.168.0.148,25565,53414,4022245,32376,0,0,0x0010
8112,2026-08-15T10:14:13.677458000-0500,48.810499000,192.168.0.178,192.168.0.148,25565,53414,4022245,32379,514,0,0x0018
8113,2026-08-15T10:14:13.693824000-0500,48.826865000,192.168.0.148,192.168.0.178,53414,25565,32379,4022759,28,0,0x0018
8114,2026-08-15T10:14:13.695046000-0500,48.828087000,192.168.0.148,192.168.0.178,53414,25565,32407,4022759,3,0,0x0018
8115,2026-08-15T10:14:13.695864000-0500,48.828905000,192.168.0.178,192.168.0.148,25565,53414,4022759,32410,0,0,0x0010
8116,2026-08-15T10:14:13.727562000-0500,48.860603000,192.168.0.178,192.168.0.148,25565,53414,4022759,32410,167,0,0x0018
8117,2026-08-15T10:14:13.743408000-0500,48.876449000,192.168.0.148,192.168.0.178,53414,25565,32410,4022926,28,0,0x0018
8118,2026-08-15T10:14:13.744541000-0500,48.877582000,192.168.0.148,192.168.0.178,53414,25565,32438,4022926,3,0,0x0018
8119,2026-08-15T10:14:13.745357000-0500,48.878398000,192.168.0.178,192.168.0.148,25565,53414,4022926,32441,0,0,0x0010
8120,2026-08-15T10:14:13.777382000-0500,48.910423000,192.168.0.178,192.168.0.148,25565,53414,4022926,32441,169,0,0x0018
8121,2026-08-15T10:14:13.793436000-0500,48.926477000,192.168.0.148,192.168.0.178,53414,25565,32441,4023095,28,0,0x0018
8122,2026-08-15T10:14:13.794786000-0500,48.927827000,192.168.0.148,192.168.0.178,53414,25565,32469,4023095,3,0,0x0018
8123,2026-08-15T10:14:13.795571000-0500,48.928612000,192.168.0.178,192.168.0.148,25565,53414,4023095,32472,0,0,0x0010
8124,2026-08-15T10:14:13.828391000-0500,48.961432000,192.168.0.178,192.168.0.148,25565,53414,4023095,32472,529,0,0x0018
8125,2026-08-15T10:14:13.843355000-0500,48.976396000,192.168.0.148,192.168.0.178,53414,25565,32472,4023624,28,0,0x0018
8126,2026-08-15T10:14:13.844642000-0500,48.977683000,192.168.0.148,192.168.0.178,53414,25565,32500,4023624,3,0,0x0018
8127,2026-08-15T10:14:13.845499000-0500,48.978540000,192.168.0.178,192.168.0.148,25565,53414,4023624,32503,0,0,0x0010
8128,2026-08-15T10:14:13.883525000-0500,49.016566000,192.168.0.178,192.168.0.148,25565,53414,4023624,32503,646,0,0x0018
8129,2026-08-15T10:14:13.892411000-0500,49.025452000,192.168.0.148,192.168.0.178,53414,25565,32503,4024270,4,0,0x0018
8130,2026-08-15T10:14:13.892432000-0500,49.025473000,192.168.0.148,192.168.0.178,53414,25565,32507,4024270,28,0,0x0018
8131,2026-08-15T10:14:13.893008000-0500,49.026049000,192.168.0.178,192.168.0.148,25565,53414,4024270,32535,0,0,0x0010
8132,2026-08-15T10:14:13.893184000-0500,49.026225000,192.168.0.148,192.168.0.178,53414,25565,32535,4024270,3,0,0x0018
8133,2026-08-15T10:14:13.936922000-0500,49.069963000,192.168.0.178,192.168.0.148,25565,53414,4024270,32538,0,0,0x0010
8134,2026-08-15T10:14:13.941828000-0500,49.074869000,192.168.0.178,192.168.0.148,25565,53414,4024270,32538,238,0,0x0018
8135,2026-08-15T10:14:13.942800000-0500,49.075841000,192.168.0.148,192.168.0.178,53414,25565,32538,4024508,28,0,0x0018
8136,2026-08-15T10:14:13.943328000-0500,49.076369000,192.168.0.178,192.168.0.148,25565,53414,4024508,32566,0,0,0x0010
8137,2026-08-15T10:14:13.943898000-0500,49.076939000,192.168.0.148,192.168.0.178,53414,25565,32566,4024508,3,0,0x0018
8138,2026-08-15T10:14:13.944469000-0500,49.077510000,192.168.0.178,192.168.0.148,25565,53414,4024508,32569,0,0,0x0010
8139,2026-08-15T10:14:13.989810000-0500,49.122851000,192.168.0.178,192.168.0.148,25565,53414,4024508,32569,518,0,0x0018
8140,2026-08-15T10:14:13.993532000-0500,49.126573000,192.168.0.148,192.168.0.178,53414,25565,32569,4025026,28,0,0x0018
8141,2026-08-15T10:14:13.994085000-0500,49.127126000,192.168.0.178,192.168.0.148,25565,53414,4025026,32597,0,0,0x0010
8142,2026-08-15T10:14:13.994772000-0500,49.127813000,192.168.0.148,192.168.0.178,53414,25565,32597,4025026,3,0,0x0018
8143,2026-08-15T10:14:13.995364000-0500,49.128405000,192.168.0.178,192.168.0.148,25565,53414,4025026,32600,0,0,0x0010
8144,2026-08-15T10:14:14.038918000-0500,49.171959000,192.168.0.178,192.168.0.148,25565,53414,4025026,32600,231,0,0x0018
8145,2026-08-15T10:14:14.043403000-0500,49.176444000,192.168.0.148,192.168.0.178,53414,25565,32600,4025257,4,0,0x0018
8146,2026-08-15T10:14:14.043436000-0500,49.176477000,192.168.0.148,192.168.0.178,53414,25565,32604,4025257,28,0,0x0018
8147,2026-08-15T10:14:14.043863000-0500,49.176904000,192.168.0.178,192.168.0.148,25565,53414,4025257,32632,0,0,0x0010
8148,2026-08-15T10:14:14.044764000-0500,49.177805000,192.168.0.148,192.168.0.178,53414,25565,32632,4025257,3,0,0x0018
8149,2026-08-15T10:14:14.045503000-0500,49.178544000,192.168.0.178,192.168.0.148,25565,53414,4025257,32635,0,0,0x0010
8150,2026-08-15T10:14:14.084719000-0500,49.217760000,192.168.0.178,192.168.0.148,25565,53414,4025257,32635,205,0,0x0018
8151,2026-08-15T10:14:14.093122000-0500,49.226163000,192.168.0.148,192.168.0.178,53414,25565,32635,4025462,4,0,0x0018
8152,2026-08-15T10:14:14.093154000-0500,49.226195000,192.168.0.148,192.168.0.178,53414,25565,32639,4025462,28,0,0x0018
8153,2026-08-15T10:14:14.094110000-0500,49.227151000,192.168.0.178,192.168.0.148,25565,53414,4025462,32667,0,0,0x0010
8154,2026-08-15T10:14:14.094160000-0500,49.227201000,192.168.0.148,192.168.0.178,53414,25565,32667,4025462,3,0,0x0018
8155,2026-08-15T10:14:14.133864000-0500,49.266905000,192.168.0.178,192.168.0.148,25565,53414,4025462,32670,515,0,0x0018
8156,2026-08-15T10:14:14.142070000-0500,49.275111000,192.168.0.148,192.168.0.178,53414,25565,32670,4025977,28,0,0x0018
8157,2026-08-15T10:14:14.142795000-0500,49.275836000,192.168.0.148,192.168.0.178,53414,25565,32698,4025977,3,0,0x0018
8158,2026-08-15T10:14:14.143303000-0500,49.276344000,192.168.0.178,192.168.0.148,25565,53414,4025977,32701,0,0,0x0010
8159,2026-08-15T10:14:14.180954000-0500,49.313995000,192.168.0.178,192.168.0.148,25565,53414,4025977,32701,778,0,0x0018
8160,2026-08-15T10:14:14.192597000-0500,49.325638000,192.168.0.148,192.168.0.178,53414,25565,32701,4026755,28,0,0x0018
8161,2026-08-15T10:14:14.193593000-0500,49.326634000,192.168.0.148,192.168.0.178,53414,25565,32729,4026755,3,0,0x0018
8162,2026-08-15T10:14:14.194336000-0500,49.327377000,192.168.0.178,192.168.0.148,25565,53414,4026755,32732,0,0,0x0010
8163,2026-08-15T10:14:14.228540000-0500,49.361581000,192.168.0.178,192.168.0.148,25565,53414,4026755,32732,169,0,0x0018
8164,2026-08-15T10:14:14.243288000-0500,49.376329000,192.168.0.148,192.168.0.178,53414,25565,32732,4026924,28,0,0x0018
8165,2026-08-15T10:14:14.244316000-0500,49.377357000,192.168.0.148,192.168.0.178,53414,25565,32760,4026924,3,0,0x0018
8166,2026-08-15T10:14:14.245004000-0500,49.378045000,192.168.0.178,192.168.0.148,25565,53414,4026924,32763,0,0,0x0010
8167,2026-08-15T10:14:14.282349000-0500,49.415390000,192.168.0.178,192.168.0.148,25565,53414,4026924,32763,476,0,0x0018
8168,2026-08-15T10:14:14.293377000-0500,49.426418000,192.168.0.148,192.168.0.178,53414,25565,32763,4027400,4,0,0x0018
8169,2026-08-15T10:14:14.293407000-0500,49.426448000,192.168.0.148,192.168.0.178,53414,25565,32767,4027400,28,0,0x0018
8170,2026-08-15T10:14:14.294118000-0500,49.427159000,192.168.0.178,192.168.0.148,25565,53414,4027400,32795,0,0,0x0010
8171,2026-08-15T10:14:14.294499000-0500,49.427540000,192.168.0.148,192.168.0.178,53414,25565,32795,4027400,3,0,0x0018
8172,2026-08-15T10:14:14.329871000-0500,49.462912000,192.168.0.178,192.168.0.148,25565,53414,4027400,32798,264,0,0x0018
8173,2026-08-15T10:14:14.343037000-0500,49.476078000,192.168.0.148,192.168.0.178,53414,25565,32798,4027664,4,0,0x0018
8174,2026-08-15T10:14:14.343061000-0500,49.476102000,192.168.0.148,192.168.0.178,53414,25565,32802,4027664,28,0,0x0018
8175,2026-08-15T10:14:14.343782000-0500,49.476823000,192.168.0.178,192.168.0.148,25565,53414,4027664,32830,0,0,0x0010
8176,2026-08-15T10:14:14.344357000-0500,49.477398000,192.168.0.148,192.168.0.178,53414,25565,32830,4027664,3,0,0x0018
8177,2026-08-15T10:14:14.381024000-0500,49.514065000,192.168.0.178,192.168.0.148,25565,53414,4027664,32833,249,0,0x0018
8178,2026-08-15T10:14:14.392782000-0500,49.525823000,192.168.0.148,192.168.0.178,53414,25565,32833,4027913,36,0,0x0018
8179,2026-08-15T10:14:14.393826000-0500,49.526867000,192.168.0.148,192.168.0.178,53414,25565,32869,4027913,3,0,0x0018
8180,2026-08-15T10:14:14.394517000-0500,49.527558000,192.168.0.178,192.168.0.148,25565,53414,4027913,32872,0,0,0x0010
8181,2026-08-15T10:14:14.428033000-0500,49.561074000,192.168.0.178,192.168.0.148,25565,53414,4027913,32872,522,0,0x0018
8182,2026-08-15T10:14:14.428233000-0500,49.561274000,192.168.0.148,192.168.0.178,53414,25565,32872,4028435,11,0,0x0018
8183,2026-08-15T10:14:14.442756000-0500,49.575797000,192.168.0.148,192.168.0.178,53414,25565,32883,4028435,36,0,0x0018
8184,2026-08-15T10:14:14.443496000-0500,49.576537000,192.168.0.178,192.168.0.148,25565,53414,4028435,32919,0,0,0x0010
8185,2026-08-15T10:14:14.443541000-0500,49.576582000,192.168.0.148,192.168.0.178,53414,25565,32919,4028435,3,0,0x0018
8186,2026-08-15T10:14:14.480590000-0500,49.613631000,192.168.0.178,192.168.0.148,25565,53414,4028435,32922,296,0,0x0018
8187,2026-08-15T10:14:14.493395000-0500,49.626436000,192.168.0.148,192.168.0.178,53414,25565,32922,4028731,4,0,0x0018
8188,2026-08-15T10:14:14.493423000-0500,49.626464000,192.168.0.148,192.168.0.178,53414,25565,32926,4028731,36,0,0x0018
8189,2026-08-15T10:14:14.494191000-0500,49.627232000,192.168.0.178,192.168.0.148,25565,53414,4028731,32962,0,0,0x0010
8190,2026-08-15T10:14:14.494516000-0500,49.627557000,192.168.0.148,192.168.0.178,53414,25565,32962,4028731,3,0,0x0018
8191,2026-08-15T10:14:14.531845000-0500,49.664886000,192.168.0.178,192.168.0.148,25565,53414,4028731,32965,237,0,0x0018
8192,2026-08-15T10:14:14.543722000-0500,49.676763000,192.168.0.148,192.168.0.178,53414,25565,32965,4028968,36,0,0x0018
8193,2026-08-15T10:14:14.545230000-0500,49.678271000,192.168.0.148,192.168.0.178,53414,25565,33001,4028968,3,0,0x0018
8194,2026-08-15T10:14:14.545975000-0500,49.679016000,192.168.0.178,192.168.0.148,25565,53414,4028968,33004,0,0,0x0010
8195,2026-08-15T10:14:14.580876000-0500,49.713917000,192.168.0.178,192.168.0.148,25565,53414,4028968,33004,638,0,0x0018
8196,2026-08-15T10:14:14.592516000-0500,49.725557000,192.168.0.148,192.168.0.178,53414,25565,33004,4029606,36,0,0x0018
8197,2026-08-15T10:14:14.593248000-0500,49.726289000,192.168.0.148,192.168.0.178,53414,25565,33040,4029606,3,0,0x0018
8198,2026-08-15T10:14:14.594021000-0500,49.727062000,192.168.0.178,192.168.0.148,25565,53414,4029606,33043,0,0,0x0010
8199,2026-08-15T10:14:14.627388000-0500,49.760429000,192.168.0.178,192.168.0.148,25565,53414,4029606,33043,223,0,0x0018
8200,2026-08-15T10:14:14.644066000-0500,49.777107000,192.168.0.148,192.168.0.178,53414,25565,33043,4029829,4,0,0x0018
8201,2026-08-15T10:14:14.644091000-0500,49.777132000,192.168.0.148,192.168.0.178,53414,25565,33047,4029829,36,0,0x0018
8202,2026-08-15T10:14:14.644510000-0500,49.777551000,192.168.0.148,192.168.0.178,53414,25565,33083,4029829,3,0,0x0018
8203,2026-08-15T10:14:14.644787000-0500,49.777828000,192.168.0.178,192.168.0.148,25565,53414,4029829,33083,0,0,0x0010
8204,2026-08-15T10:14:14.679248000-0500,49.812289000,192.168.0.178,192.168.0.148,25565,53414,4029829,33086,396,0,0x0018
8205,2026-08-15T10:14:14.692920000-0500,49.825961000,192.168.0.148,192.168.0.178,53414,25565,33086,4030225,36,0,0x0018
8206,2026-08-15T10:14:14.693840000-0500,49.826881000,192.168.0.148,192.168.0.178,53414,25565,33122,4030225,3,0,0x0018
8207,2026-08-15T10:14:14.694628000-0500,49.827669000,192.168.0.178,192.168.0.148,25565,53414,4030225,33125,0,0,0x0010
8208,2026-08-15T10:14:14.728904000-0500,49.861945000,192.168.0.178,192.168.0.148,25565,53414,4030225,33125,484,0,0x0018
8209,2026-08-15T10:14:14.743699000-0500,49.876740000,192.168.0.148,192.168.0.178,53414,25565,33125,4030709,36,0,0x0018
8210,2026-08-15T10:14:14.745054000-0500,49.878095000,192.168.0.148,192.168.0.178,53414,25565,33161,4030709,3,0,0x0018
8211,2026-08-15T10:14:14.745755000-0500,49.878796000,192.168.0.178,192.168.0.148,25565,53414,4030709,33164,0,0,0x0010
8212,2026-08-15T10:14:14.778231000-0500,49.911272000,192.168.0.178,192.168.0.148,25565,53414,4030709,33164,589,0,0x0018
8213,2026-08-15T10:14:14.796348000-0500,49.929389000,192.168.0.148,192.168.0.178,53414,25565,33164,4031298,28,0,0x0018
8214,2026-08-15T10:14:14.797083000-0500,49.930124000,192.168.0.148,192.168.0.178,53414,25565,33192,4031298,3,0,0x0018
8215,2026-08-15T10:14:14.800829000-0500,49.933870000,192.168.0.178,192.168.0.148,25565,53414,4031298,33195,0,0,0x0010
8216,2026-08-15T10:14:14.827089000-0500,49.960130000,192.168.0.178,192.168.0.148,25565,53414,4031298,33195,168,0,0x0018
8217,2026-08-15T10:14:14.842271000-0500,49.975312000,192.168.0.148,192.168.0.178,53414,25565,33195,4031466,4,0,0x0018
8218,2026-08-15T10:14:14.842296000-0500,49.975337000,192.168.0.148,192.168.0.178,53414,25565,33199,4031466,36,0,0x0018
8219,2026-08-15T10:14:14.842995000-0500,49.976036000,192.168.0.148,192.168.0.178,53414,25565,33235,4031466,3,0,0x0018
8220,2026-08-15T10:14:14.843077000-0500,49.976118000,192.168.0.178,192.168.0.148,25565,53414,4031466,33235,0,0,0x0010
8221,2026-08-15T10:14:14.877522000-0500,50.010563000,192.168.0.178,192.168.0.148,25565,53414,4031466,33238,534,0,0x0018
8222,2026-08-15T10:14:14.894646000-0500,50.027687000,192.168.0.148,192.168.0.178,53414,25565,33238,4032000,4,0,0x0018
8223,2026-08-15T10:14:14.894679000-0500,50.027720000,192.168.0.148,192.168.0.178,53414,25565,33242,4032000,36,0,0x0018
8224,2026-08-15T10:14:14.895310000-0500,50.028351000,192.168.0.148,192.168.0.178,53414,25565,33278,4032000,3,0,0x0018
8225,2026-08-15T10:14:14.895405000-0500,50.028446000,192.168.0.178,192.168.0.148,25565,53414,4032000,33278,0,0,0x0010
8226,2026-08-15T10:14:14.927744000-0500,50.060785000,192.168.0.178,192.168.0.148,25565,53414,4032000,33281,282,0,0x0018
8227,2026-08-15T10:14:14.942554000-0500,50.075595000,192.168.0.148,192.168.0.178,53414,25565,33281,4032282,36,0,0x0018
8228,2026-08-15T10:14:14.943277000-0500,50.076318000,192.168.0.148,192.168.0.178,53414,25565,33317,4032282,3,0,0x0018
8229,2026-08-15T10:14:14.944095000-0500,50.077136000,192.168.0.178,192.168.0.148,25565,53414,4032282,33320,0,0,0x0010
8230,2026-08-15T10:14:14.978180000-0500,50.111221000,192.168.0.178,192.168.0.148,25565,53414,4032282,33320,229,0,0x0018
8231,2026-08-15T10:14:14.993157000-0500,50.126198000,192.168.0.148,192.168.0.178,53414,25565,33320,4032511,4,0,0x0018
8232,2026-08-15T10:14:14.993187000-0500,50.126228000,192.168.0.148,192.168.0.178,53414,25565,33324,4032511,36,0,0x0018
8233,2026-08-15T10:14:14.994057000-0500,50.127098000,192.168.0.178,192.168.0.148,25565,53414,4032511,33360,0,0,0x0010
8234,2026-08-15T10:14:14.994239000-0500,50.127280000,192.168.0.148,192.168.0.178,53414,25565,33360,4032511,3,0,0x0018
8235,2026-08-15T10:14:15.028012000-0500,50.161053000,192.168.0.178,192.168.0.148,25565,53414,4032511,33363,439,0,0x0018
8236,2026-08-15T10:14:15.043363000-0500,50.176404000,192.168.0.148,192.168.0.178,53414,25565,33363,4032950,4,0,0x0018
8237,2026-08-15T10:14:15.043389000-0500,50.176430000,192.168.0.148,192.168.0.178,53414,25565,33367,4032950,4,0,0x0018
8238,2026-08-15T10:14:15.043401000-0500,50.176442000,192.168.0.148,192.168.0.178,53414,25565,33371,4032950,36,0,0x0018
8239,2026-08-15T10:14:15.044213000-0500,50.177254000,192.168.0.178,192.168.0.148,25565,53414,4032950,33407,0,0,0x0010
8240,2026-08-15T10:14:15.044656000-0500,50.177697000,192.168.0.148,192.168.0.178,53414,25565,33407,4032950,3,0,0x0018
8241,2026-08-15T10:14:15.077387000-0500,50.210428000,192.168.0.178,192.168.0.148,25565,53414,4032950,33410,400,0,0x0018
8242,2026-08-15T10:14:15.094034000-0500,50.227075000,192.168.0.148,192.168.0.178,53414,25565,33410,4033350,36,0,0x0018
8243,2026-08-15T10:14:15.095308000-0500,50.228349000,192.168.0.148,192.168.0.178,53414,25565,33446,4033350,3,0,0x0018
8244,2026-08-15T10:14:15.096104000-0500,50.229145000,192.168.0.178,192.168.0.148,25565,53414,4033350,33449,0,0,0x0010
8245,2026-08-15T10:14:15.129944000-0500,50.262985000,192.168.0.178,192.168.0.148,25565,53414,4033350,33449,234,0,0x0018
8246,2026-08-15T10:14:15.143493000-0500,50.276534000,192.168.0.148,192.168.0.178,53414,25565,33449,4033584,36,0,0x0018
8247,2026-08-15T10:14:15.144660000-0500,50.277701000,192.168.0.148,192.168.0.178,53414,25565,33485,4033584,3,0,0x0018
8248,2026-08-15T10:14:15.145431000-0500,50.278472000,192.168.0.178,192.168.0.148,25565,53414,4033584,33488,0,0,0x0010
8249,2026-08-15T10:14:15.178527000-0500,50.311568000,192.168.0.178,192.168.0.148,25565,53414,4033584,33488,577,0,0x0018
8250,2026-08-15T10:14:15.193832000-0500,50.326873000,192.168.0.148,192.168.0.178,53414,25565,33488,4034161,4,0,0x0018
8251,2026-08-15T10:14:15.193864000-0500,50.326905000,192.168.0.148,192.168.0.178,53414,25565,33492,4034161,28,0,0x0018
8252,2026-08-15T10:14:15.194768000-0500,50.327809000,192.168.0.178,192.168.0.148,25565,53414,4034161,33520,0,0,0x0010
8253,2026-08-15T10:14:15.195011000-0500,50.328052000,192.168.0.148,192.168.0.178,53414,25565,33520,4034161,3,0,0x0018
8254,2026-08-15T10:14:15.228744000-0500,50.361785000,192.168.0.178,192.168.0.148,25565,53414,4034161,33523,402,0,0x0018
8255,2026-08-15T10:14:15.242976000-0500,50.376017000,192.168.0.148,192.168.0.178,53414,25565,33523,4034563,36,0,0x0018
8256,2026-08-15T10:14:15.243842000-0500,50.376883000,192.168.0.148,192.168.0.178,53414,25565,33559,4034563,3,0,0x0018
8257,2026-08-15T10:14:15.244693000-0500,50.377734000,192.168.0.178,192.168.0.148,25565,53414,4034563,33562,11,0,0x0018
8258,2026-08-15T10:14:15.244693000-0500,50.377734000,192.168.0.178,192.168.0.148,25565,53414,4034574,33562,22,0,0x0018
8259,2026-08-15T10:14:15.244693000-0500,50.377734000,192.168.0.178,192.168.0.148,25565,53414,4034596,33562,11,0,0x0018
8260,2026-08-15T10:14:15.244730000-0500,50.377771000,192.168.0.148,192.168.0.178,53414,25565,33562,4034607,0,0,0x0010
8261,2026-08-15T10:14:15.244754000-0500,50.377795000,192.168.0.178,192.168.0.148,25565,53414,4034607,33562,22,0,0x0018
8262,2026-08-15T10:14:15.244759000-0500,50.377800000,192.168.0.148,192.168.0.178,53414,25565,33562,4034629,0,0,0x0010
8263,2026-08-15T10:14:15.244973000-0500,50.378014000,192.168.0.178,192.168.0.148,25565,53414,4034629,33562,156,0,0x0018
8264,2026-08-15T10:14:15.278050000-0500,50.411091000,192.168.0.178,192.168.0.148,25565,53414,4034785,33562,154,0,0x0018
8265,2026-08-15T10:14:15.278105000-0500,50.411146000,192.168.0.148,192.168.0.178,53414,25565,33562,4034939,0,0,0x0010
8266,2026-08-15T10:14:15.293508000-0500,50.426549000,192.168.0.148,192.168.0.178,53414,25565,33562,4034939,36,0,0x0018
8267,2026-08-15T10:14:15.294560000-0500,50.427601000,192.168.0.178,192.168.0.148,25565,53414,4034939,33598,46,0,0x0018
8268,2026-08-15T10:14:15.295112000-0500,50.428153000,192.168.0.148,192.168.0.178,53414,25565,33598,4034985,3,0,0x0018
8269,2026-08-15T10:14:15.328186000-0500,50.461227000,192.168.0.178,192.168.0.148,25565,53414,4034985,33601,592,0,0x0018
8270,2026-08-15T10:14:15.343437000-0500,50.476478000,192.168.0.148,192.168.0.178,53414,25565,33601,4035577,28,0,0x0018
8271,2026-08-15T10:14:15.344866000-0500,50.477907000,192.168.0.148,192.168.0.178,53414,25565,33629,4035577,3,0,0x0018
8272,2026-08-15T10:14:15.345563000-0500,50.478604000,192.168.0.178,192.168.0.148,25565,53414,4035577,33632,0,0,0x0010
8273,2026-08-15T10:14:15.377900000-0500,50.510941000,192.168.0.178,192.168.0.148,25565,53414,4035577,33632,1460,0,0x0010
8274,2026-08-15T10:14:15.377900000-0500,50.510941000,192.168.0.178,192.168.0.148,25565,53414,4037037,33632,1460,0,0x0010
8275,2026-08-15T10:14:15.377982000-0500,50.511023000,192.168.0.148,192.168.0.178,53414,25565,33632,4038497,0,0,0x0010
8276,2026-08-15T10:14:15.378027000-0500,50.511068000,192.168.0.178,192.168.0.148,25565,53414,4038497,33632,1460,0,0x0010
8277,2026-08-15T10:14:15.378084000-0500,50.511125000,192.168.0.178,192.168.0.148,25565,53414,4039957,33632,1460,0,0x0010
8278,2026-08-15T10:14:15.378092000-0500,50.511133000,192.168.0.148,192.168.0.178,53414,25565,33632,4041417,0,0,0x0010
8279,2026-08-15T10:14:15.378345000-0500,50.511386000,192.168.0.178,192.168.0.148,25565,53414,4041417,33632,1460,0,0x0010
8280,2026-08-15T10:14:15.378345000-0500,50.511386000,192.168.0.178,192.168.0.148,25565,53414,4042877,33632,1460,0,0x0010
8281,2026-08-15T10:14:15.378394000-0500,50.511435000,192.168.0.148,192.168.0.178,53414,25565,33632,4044337,0,0,0x0010
8282,2026-08-15T10:14:15.378460000-0500,50.511501000,192.168.0.178,192.168.0.148,25565,53414,4044337,33632,1460,0,0x0010
8283,2026-08-15T10:14:15.378730000-0500,50.511771000,192.168.0.178,192.168.0.148,25565,53414,4045797,33632,1460,0,0x0010
8284,2026-08-15T10:14:15.378730000-0500,50.511771000,192.168.0.178,192.168.0.148,25565,53414,4047257,33632,1460,0,0x0018
8285,2026-08-15T10:14:15.378788000-0500,50.511829000,192.168.0.148,192.168.0.178,53414,25565,33632,4048717,0,0,0x0010
8286,2026-08-15T10:14:15.378853000-0500,50.511894000,192.168.0.178,192.168.0.148,25565,53414,4048717,33632,1460,0,0x0010
8287,2026-08-15T10:14:15.378863000-0500,50.511904000,192.168.0.148,192.168.0.178,53414,25565,33632,4050177,0,0,0x0010
8288,2026-08-15T10:14:15.379087000-0500,50.512128000,192.168.0.178,192.168.0.148,25565,53414,4050177,33632,1460,0,0x0010
8289,2026-08-15T10:14:15.379087000-0500,50.512128000,192.168.0.178,192.168.0.148,25565,53414,4051637,33632,1175,0,0x0018
8290,2026-08-15T10:14:15.379147000-0500,50.512188000,192.168.0.148,192.168.0.178,53414,25565,33632,4052812,0,0,0x0010
8291,2026-08-15T10:14:15.392591000-0500,50.525632000,192.168.0.148,192.168.0.178,53414,25565,33632,4052812,28,0,0x0018
8292,2026-08-15T10:14:15.393295000-0500,50.526336000,192.168.0.148,192.168.0.178,53414,25565,33660,4052812,3,0,0x0018
8293,2026-08-15T10:14:15.394503000-0500,50.527544000,192.168.0.178,192.168.0.148,25565,53414,4052812,33663,0,0,0x0010
8294,2026-08-15T10:14:15.428642000-0500,50.561683000,192.168.0.178,192.168.0.148,25565,53414,4052812,33663,1460,0,0x0010
8295,2026-08-15T10:14:15.428642000-0500,50.561683000,192.168.0.178,192.168.0.148,25565,53414,4054272,33663,1460,0,0x0010
8296,2026-08-15T10:14:15.428704000-0500,50.561745000,192.168.0.148,192.168.0.178,53414,25565,33663,4055732,0,0,0x0010
8297,2026-08-15T10:14:15.428752000-0500,50.561793000,192.168.0.178,192.168.0.148,25565,53414,4055732,33663,1460,0,0x0010
8298,2026-08-15T10:14:15.428962000-0500,50.562003000,192.168.0.178,192.168.0.148,25565,53414,4057192,33663,1460,0,0x0010
8299,2026-08-15T10:14:15.428962000-0500,50.562003000,192.168.0.178,192.168.0.148,25565,53414,4058652,33663,1460,0,0x0010
8300,2026-08-15T10:14:15.428992000-0500,50.562033000,192.168.0.148,192.168.0.178,53414,25565,33663,4060112,0,0,0x0010
8301,2026-08-15T10:14:15.429208000-0500,50.562249000,192.168.0.178,192.168.0.148,25565,53414,4060112,33663,1460,0,0x0010
8302,2026-08-15T10:14:15.429208000-0500,50.562249000,192.168.0.178,192.168.0.148,25565,53414,4061572,33663,1460,0,0x0010
8303,2026-08-15T10:14:15.429235000-0500,50.562276000,192.168.0.148,192.168.0.178,53414,25565,33663,4063032,0,0,0x0010
8304,2026-08-15T10:14:15.429487000-0500,50.562528000,192.168.0.178,192.168.0.148,25565,53414,4063032,33663,1460,0,0x0010
8305,2026-08-15T10:14:15.429487000-0500,50.562528000,192.168.0.178,192.168.0.148,25565,53414,4064492,33663,417,0,0x0018
8306,2026-08-15T10:14:15.429518000-0500,50.562559000,192.168.0.148,192.168.0.178,53414,25565,33663,4064909,0,0,0x0010
8307,2026-08-15T10:14:15.429703000-0500,50.562744000,192.168.0.148,192.168.0.178,53414,25565,33663,4064909,11,0,0x0018
8308,2026-08-15T10:14:15.443608000-0500,50.576649000,192.168.0.148,192.168.0.178,53414,25565,33674,4064909,28,0,0x0018
8309,2026-08-15T10:14:15.444430000-0500,50.577471000,192.168.0.178,192.168.0.148,25565,53414,4064909,33702,0,0,0x0010
8310,2026-08-15T10:14:15.444926000-0500,50.577967000,192.168.0.148,192.168.0.178,53414,25565,33702,4064909,3,0,0x0018
8311,2026-08-15T10:14:15.482530000-0500,50.615571000,192.168.0.178,192.168.0.148,25565,53414,4064909,33705,1460,0,0x0010
8312,2026-08-15T10:14:15.482530000-0500,50.615571000,192.168.0.178,192.168.0.148,25565,53414,4066369,33705,1460,0,0x0010
8313,2026-08-15T10:14:15.482591000-0500,50.615632000,192.168.0.148,192.168.0.178,53414,25565,33705,4067829,0,0,0x0010
8314,2026-08-15T10:14:15.482638000-0500,50.615679000,192.168.0.178,192.168.0.148,25565,53414,4067829,33705,1460,0,0x0010
8315,2026-08-15T10:14:15.482863000-0500,50.615904000,192.168.0.178,192.168.0.148,25565,53414,4069289,33705,1460,0,0x0010
8316,2026-08-15T10:14:15.482863000-0500,50.615904000,192.168.0.178,192.168.0.148,25565,53414,4070749,33705,1460,0,0x0010
8317,2026-08-15T10:14:15.482898000-0500,50.615939000,192.168.0.148,192.168.0.178,53414,25565,33705,4072209,0,0,0x0010
8318,2026-08-15T10:14:15.483112000-0500,50.616153000,192.168.0.178,192.168.0.148,25565,53414,4072209,33705,1460,0,0x0010
8319,2026-08-15T10:14:15.483112000-0500,50.616153000,192.168.0.178,192.168.0.148,25565,53414,4073669,33705,1460,0,0x0010
8320,2026-08-15T10:14:15.483147000-0500,50.616188000,192.168.0.148,192.168.0.178,53414,25565,33705,4075129,0,0,0x0010
8321,2026-08-15T10:14:15.483353000-0500,50.616394000,192.168.0.178,192.168.0.148,25565,53414,4075129,33705,1460,0,0x0010
8322,2026-08-15T10:14:15.483353000-0500,50.616394000,192.168.0.178,192.168.0.148,25565,53414,4076589,33705,1460,0,0x0018
8323,2026-08-15T10:14:15.483389000-0500,50.616430000,192.168.0.148,192.168.0.178,53414,25565,33705,4078049,0,0,0x0010
8324,2026-08-15T10:14:15.483468000-0500,50.616509000,192.168.0.178,192.168.0.148,25565,53414,4078049,33705,1460,0,0x0010
8325,2026-08-15T10:14:15.483478000-0500,50.616519000,192.168.0.148,192.168.0.178,53414,25565,33705,4079509,0,0,0x0010
8326,2026-08-15T10:14:15.483680000-0500,50.616721000,192.168.0.178,192.168.0.148,25565,53414,4079509,33705,1460,0,0x0010
8327,2026-08-15T10:14:15.483755000-0500,50.616796000,192.168.0.178,192.168.0.148,25565,53414,4080969,33705,1460,0,0x0010
8328,2026-08-15T10:14:15.483770000-0500,50.616811000,192.168.0.148,192.168.0.178,53414,25565,33705,4082429,0,0,0x0010
8329,2026-08-15T10:14:15.483848000-0500,50.616889000,192.168.0.178,192.168.0.148,25565,53414,4082429,33705,1407,0,0x0018
8330,2026-08-15T10:14:15.492526000-0500,50.625567000,192.168.0.148,192.168.0.178,53414,25565,33705,4083836,36,0,0x0018
8331,2026-08-15T10:14:15.493209000-0500,50.626250000,192.168.0.148,192.168.0.178,53414,25565,33741,4083836,3,0,0x0018
8332,2026-08-15T10:14:15.494031000-0500,50.627072000,192.168.0.178,192.168.0.148,25565,53414,4083836,33744,0,0,0x0010
8333,2026-08-15T10:14:15.540325000-0500,50.673366000,192.168.0.178,192.168.0.148,25565,53414,4083836,33744,1460,0,0x0010
8334,2026-08-15T10:14:15.540325000-0500,50.673366000,192.168.0.178,192.168.0.148,25565,53414,4085296,33744,1460,0,0x0010
8335,2026-08-15T10:14:15.540400000-0500,50.673441000,192.168.0.148,192.168.0.178,53414,25565,33744,4086756,0,0,0x0010
8336,2026-08-15T10:14:15.540452000-0500,50.673493000,192.168.0.178,192.168.0.148,25565,53414,4086756,33744,1460,0,0x0010
8337,2026-08-15T10:14:15.540679000-0500,50.673720000,192.168.0.178,192.168.0.148,25565,53414,4088216,33744,1460,0,0x0010
8338,2026-08-15T10:14:15.540679000-0500,50.673720000,192.168.0.178,192.168.0.148,25565,53414,4089676,33744,1460,0,0x0010
8339,2026-08-15T10:14:15.540716000-0500,50.673757000,192.168.0.148,192.168.0.178,53414,25565,33744,4091136,0,0,0x0010
8340,2026-08-15T10:14:15.540778000-0500,50.673819000,192.168.0.178,192.168.0.148,25565,53414,4091136,33744,1460,0,0x0010
8341,2026-08-15T10:14:15.540798000-0500,50.673839000,192.168.0.148,192.168.0.178,53414,25565,33744,4092596,0,0,0x0010
8342,2026-08-15T10:14:15.541000000-0500,50.674041000,192.168.0.178,192.168.0.148,25565,53414,4092596,33744,1460,0,0x0010
8343,2026-08-15T10:14:15.541062000-0500,50.674103000,192.168.0.178,192.168.0.148,25565,53414,4094056,33744,1460,0,0x0010
8344,2026-08-15T10:14:15.541086000-0500,50.674127000,192.168.0.148,192.168.0.178,53414,25565,33744,4095516,0,0,0x0010
8345,2026-08-15T10:14:15.541144000-0500,50.674185000,192.168.0.178,192.168.0.148,25565,53414,4095516,33744,1460,0,0x0018
8346,2026-08-15T10:14:15.541412000-0500,50.674453000,192.168.0.178,192.168.0.148,25565,53414,4096976,33744,1460,0,0x0010
8347,2026-08-15T10:14:15.541412000-0500,50.674453000,192.168.0.178,192.168.0.148,25565,53414,4098436,33744,1460,0,0x0010
8348,2026-08-15T10:14:15.541462000-0500,50.674503000,192.168.0.148,192.168.0.178,53414,25565,33744,4099896,0,0,0x0010
8349,2026-08-15T10:14:15.541512000-0500,50.674553000,192.168.0.178,192.168.0.148,25565,53414,4099896,33744,1460,0,0x0010
8350,2026-08-15T10:14:15.541523000-0500,50.674564000,192.168.0.148,192.168.0.178,53414,25565,33744,4101356,0,0,0x0010
8351,2026-08-15T10:14:15.541577000-0500,50.674618000,192.168.0.178,192.168.0.148,25565,53414,4101356,33744,719,0,0x0018
8352,2026-08-15T10:14:15.543821000-0500,50.676862000,192.168.0.148,192.168.0.178,53414,25565,33744,4102075,36,0,0x0018
8353,2026-08-15T10:14:15.544849000-0500,50.677890000,192.168.0.148,192.168.0.178,53414,25565,33780,4102075,3,0,0x0018
8354,2026-08-15T10:14:15.545582000-0500,50.678623000,192.168.0.178,192.168.0.148,25565,53414,4102075,33783,0,0,0x0010
8355,2026-08-15T10:14:15.589101000-0500,50.722142000,192.168.0.178,192.168.0.148,25565,53414,4102075,33783,1460,0,0x0010
8356,2026-08-15T10:14:15.589101000-0500,50.722142000,192.168.0.178,192.168.0.148,25565,53414,4103535,33783,1460,0,0x0010
8357,2026-08-15T10:14:15.589178000-0500,50.722219000,192.168.0.148,192.168.0.178,53414,25565,33783,4104995,0,0,0x0010
8358,2026-08-15T10:14:15.589228000-0500,50.722269000,192.168.0.178,192.168.0.148,25565,53414,4104995,33783,1460,0,0x0010
8359,2026-08-15T10:14:15.589322000-0500,50.722363000,192.168.0.178,192.168.0.148,25565,53414,4106455,33783,1460,0,0x0010
8360,2026-08-15T10:14:15.589335000-0500,50.722376000,192.168.0.148,192.168.0.178,53414,25565,33783,4107915,0,0,0x0010
8361,2026-08-15T10:14:15.589571000-0500,50.722612000,192.168.0.178,192.168.0.148,25565,53414,4107915,33783,1460,0,0x0010
8362,2026-08-15T10:14:15.589571000-0500,50.722612000,192.168.0.178,192.168.0.148,25565,53414,4109375,33783,1460,0,0x0010
8363,2026-08-15T10:14:15.589627000-0500,50.722668000,192.168.0.148,192.168.0.178,53414,25565,33783,4110835,0,0,0x0010
8364,2026-08-15T10:14:15.589696000-0500,50.722737000,192.168.0.178,192.168.0.148,25565,53414,4110835,33783,1460,0,0x0010
8365,2026-08-15T10:14:15.589952000-0500,50.722993000,192.168.0.178,192.168.0.148,25565,53414,4112295,33783,1460,0,0x0010
8366,2026-08-15T10:14:15.589952000-0500,50.722993000,192.168.0.178,192.168.0.148,25565,53414,4113755,33783,1460,0,0x0018
8367,2026-08-15T10:14:15.589992000-0500,50.723033000,192.168.0.148,192.168.0.178,53414,25565,33783,4115215,0,0,0x0010
8368,2026-08-15T10:14:15.590066000-0500,50.723107000,192.168.0.178,192.168.0.148,25565,53414,4115215,33783,1460,0,0x0010
8369,2026-08-15T10:14:15.590077000-0500,50.723118000,192.168.0.148,192.168.0.178,53414,25565,33783,4116675,0,0,0x0010
8370,2026-08-15T10:14:15.590313000-0500,50.723354000,192.168.0.178,192.168.0.148,25565,53414,4116675,33783,1460,0,0x0010
8371,2026-08-15T10:14:15.590313000-0500,50.723354000,192.168.0.178,192.168.0.148,25565,53414,4118135,33783,1460,0,0x0010
8372,2026-08-15T10:14:15.590365000-0500,50.723406000,192.168.0.148,192.168.0.178,53414,25565,33783,4119595,0,0,0x0010
8373,2026-08-15T10:14:15.590443000-0500,50.723484000,192.168.0.178,192.168.0.148,25565,53414,4119595,33783,1460,0,0x0010
8374,2026-08-15T10:14:15.590667000-0500,50.723708000,192.168.0.178,192.168.0.148,25565,53414,4121055,33783,1460,0,0x0010
8375,2026-08-15T10:14:15.590667000-0500,50.723708000,192.168.0.178,192.168.0.148,25565,53414,4122515,33783,1038,0,0x0018
8376,2026-08-15T10:14:15.590723000-0500,50.723764000,192.168.0.148,192.168.0.178,53414,25565,33783,4123553,0,0,0x0010
8377,2026-08-15T10:14:15.593894000-0500,50.726935000,192.168.0.148,192.168.0.178,53414,25565,33783,4123553,36,0,0x0018
8378,2026-08-15T10:14:15.595051000-0500,50.728092000,192.168.0.148,192.168.0.178,53414,25565,33819,4123553,3,0,0x0018
8379,2026-08-15T10:14:15.595780000-0500,50.728821000,192.168.0.178,192.168.0.148,25565,53414,4123553,33822,0,0,0x0010
8380,2026-08-15T10:14:15.632144000-0500,50.765185000,192.168.0.178,192.168.0.148,25565,53414,4123553,33822,584,0,0x0018
8381,2026-08-15T10:14:15.642286000-0500,50.775327000,192.168.0.148,192.168.0.178,53414,25565,33822,4124137,36,0,0x0018
8382,2026-08-15T10:14:15.643026000-0500,50.776067000,192.168.0.148,192.168.0.178,53414,25565,33858,4124137,3,0,0x0018
8383,2026-08-15T10:14:15.643833000-0500,50.776874000,192.168.0.178,192.168.0.148,25565,53414,4124137,33861,0,0,0x0010
8384,2026-08-15T10:14:15.679541000-0500,50.812582000,192.168.0.178,192.168.0.148,25565,53414,4124137,33861,266,0,0x0018
8385,2026-08-15T10:14:15.693127000-0500,50.826168000,192.168.0.148,192.168.0.178,53414,25565,33861,4124403,28,0,0x0018
8386,2026-08-15T10:14:15.694406000-0500,50.827447000,192.168.0.148,192.168.0.178,53414,25565,33889,4124403,3,0,0x0018
8387,2026-08-15T10:14:15.695271000-0500,50.828312000,192.168.0.178,192.168.0.148,25565,53414,4124403,33892,0,0,0x0010
8388,2026-08-15T10:14:15.743226000-0500,50.876267000,192.168.0.148,192.168.0.178,53414,25565,33892,4124403,28,0,0x0018
8389,2026-08-15T10:14:15.744689000-0500,50.877730000,192.168.0.148,192.168.0.178,53414,25565,33920,4124403,3,0,0x0018
8390,2026-08-15T10:14:15.746862000-0500,50.879903000,192.168.0.178,192.168.0.148,25565,53414,4124403,33923,0,0,0x0010
8391,2026-08-15T10:14:15.752212000-0500,50.885253000,192.168.0.178,192.168.0.148,25565,53414,4124403,33923,127,0,0x0018
8392,2026-08-15T10:14:15.778538000-0500,50.911579000,192.168.0.178,192.168.0.148,25565,53414,4124530,33923,468,0,0x0018
8393,2026-08-15T10:14:15.778587000-0500,50.911628000,192.168.0.148,192.168.0.178,53414,25565,33923,4124998,0,0,0x0010
8394,2026-08-15T10:14:15.792940000-0500,50.925981000,192.168.0.148,192.168.0.178,53414,25565,33923,4124998,4,0,0x0018
8395,2026-08-15T10:14:15.793014000-0500,50.926055000,192.168.0.148,192.168.0.178,53414,25565,33927,4124998,36,0,0x0018
8396,2026-08-15T10:14:15.793679000-0500,50.926720000,192.168.0.148,192.168.0.178,53414,25565,33963,4124998,3,0,0x0018
8397,2026-08-15T10:14:15.793734000-0500,50.926775000,192.168.0.178,192.168.0.148,25565,53414,4124998,33963,0,0,0x0010
8398,2026-08-15T10:14:15.833811000-0500,50.966852000,192.168.0.178,192.168.0.148,25565,53414,4124998,33966,243,0,0x0018
8399,2026-08-15T10:14:15.843177000-0500,50.976218000,192.168.0.148,192.168.0.178,53414,25565,33966,4125241,36,0,0x0018
8400,2026-08-15T10:14:15.844406000-0500,50.977447000,192.168.0.148,192.168.0.178,53414,25565,34002,4125241,3,0,0x0018
8401,2026-08-15T10:14:15.844988000-0500,50.978029000,192.168.0.178,192.168.0.148,25565,53414,4125241,34005,0,0,0x0010
8402,2026-08-15T10:14:15.885362000-0500,51.018403000,192.168.0.178,192.168.0.148,25565,53414,4125241,34005,206,0,0x0018
8403,2026-08-15T10:14:15.893464000-0500,51.026505000,192.168.0.148,192.168.0.178,53414,25565,34005,4125447,36,0,0x0018
8404,2026-08-15T10:14:15.894818000-0500,51.027859000,192.168.0.148,192.168.0.178,53414,25565,34041,4125447,3,0,0x0018
8405,2026-08-15T10:14:15.895503000-0500,51.028544000,192.168.0.178,192.168.0.148,25565,53414,4125447,34044,0,0,0x0010
8406,2026-08-15T10:14:15.934423000-0500,51.067464000,192.168.0.178,192.168.0.148,25565,53414,4125447,34044,580,0,0x0018
8407,2026-08-15T10:14:15.943383000-0500,51.076424000,192.168.0.148,192.168.0.178,53414,25565,34044,4126027,36,0,0x0018
8408,2026-08-15T10:14:15.944670000-0500,51.077711000,192.168.0.148,192.168.0.178,53414,25565,34080,4126027,3,0,0x0018
8409,2026-08-15T10:14:15.945347000-0500,51.078388000,192.168.0.178,192.168.0.148,25565,53414,4126027,34083,0,0,0x0010
8410,2026-08-15T10:14:15.983442000-0500,51.116483000,192.168.0.178,192.168.0.148,25565,53414,4126027,34083,357,0,0x0018
8411,2026-08-15T10:14:15.988960000-0500,51.122001000,192.168.0.178,192.168.0.148,25565,53414,4126384,34083,46,0,0x0018
8412,2026-08-15T10:14:15.989011000-0500,51.122052000,192.168.0.148,192.168.0.178,53414,25565,34083,4126430,0,0,0x0010
8413,2026-08-15T10:14:15.993757000-0500,51.126798000,192.168.0.148,192.168.0.178,53414,25565,34083,4126430,4,0,0x0018
8414,2026-08-15T10:14:15.993791000-0500,51.126832000,192.168.0.148,192.168.0.178,53414,25565,34087,4126430,36,0,0x0018
8415,2026-08-15T10:14:15.994537000-0500,51.127578000,192.168.0.178,192.168.0.148,25565,53414,4126430,34123,0,0,0x0010
8416,2026-08-15T10:14:15.995074000-0500,51.128115000,192.168.0.148,192.168.0.178,53414,25565,34123,4126430,3,0,0x0018
8417,2026-08-15T10:14:16.027920000-0500,51.160961000,192.168.0.178,192.168.0.148,25565,53414,4126430,34126,188,0,0x0018
8418,2026-08-15T10:14:16.042939000-0500,51.175980000,192.168.0.148,192.168.0.178,53414,25565,34126,4126618,36,0,0x0018
8419,2026-08-15T10:14:16.043690000-0500,51.176731000,192.168.0.148,192.168.0.178,53414,25565,34162,4126618,3,0,0x0018
8420,2026-08-15T10:14:16.043957000-0500,51.176998000,192.168.0.178,192.168.0.148,25565,53414,4126618,34162,11,0,0x0018
8421,2026-08-15T10:14:16.044035000-0500,51.177076000,192.168.0.178,192.168.0.148,25565,53414,4126629,34162,11,0,0x0018
8422,2026-08-15T10:14:16.044035000-0500,51.177076000,192.168.0.178,192.168.0.148,25565,53414,4126640,34162,22,0,0x0018
8423,2026-08-15T10:14:16.044044000-0500,51.177085000,192.168.0.148,192.168.0.178,53414,25565,34165,4126662,0,0,0x0010
8424,2026-08-15T10:14:16.044207000-0500,51.177248000,192.168.0.178,192.168.0.148,25565,53414,4126662,34162,33,0,0x0018
8425,2026-08-15T10:14:16.044207000-0500,51.177248000,192.168.0.178,192.168.0.148,25565,53414,4126695,34162,33,0,0x0018
8426,2026-08-15T10:14:16.044207000-0500,51.177248000,192.168.0.178,192.168.0.148,25565,53414,4126728,34165,44,0,0x0018
8427,2026-08-15T10:14:16.044207000-0500,51.177248000,192.168.0.178,192.168.0.148,25565,53414,4126772,34165,11,0,0x0018
8428,2026-08-15T10:14:16.044207000-0500,51.177248000,192.168.0.178,192.168.0.148,25565,53414,4126783,34165,22,0,0x0018
8429,2026-08-15T10:14:16.044231000-0500,51.177272000,192.168.0.148,192.168.0.178,53414,25565,34165,4126805,0,0,0x0010
8430,2026-08-15T10:14:16.044271000-0500,51.177312000,192.168.0.178,192.168.0.148,25565,53414,4126805,34165,11,0,0x0018
8431,2026-08-15T10:14:16.044271000-0500,51.177312000,192.168.0.178,192.168.0.148,25565,53414,4126816,34165,24,0,0x0018
8432,2026-08-15T10:14:16.044275000-0500,51.177316000,192.168.0.148,192.168.0.178,53414,25565,34165,4126840,0,0,0x0010
8433,2026-08-15T10:14:16.079965000-0500,51.213006000,192.168.0.178,192.168.0.148,25565,53414,4126840,34165,619,0,0x0018
8434,2026-08-15T10:14:16.093502000-0500,51.226543000,192.168.0.148,192.168.0.178,53414,25565,34165,4127459,36,0,0x0018
8435,2026-08-15T10:14:16.094606000-0500,51.227647000,192.168.0.148,192.168.0.178,53414,25565,34201,4127459,3,0,0x0018
8436,2026-08-15T10:14:16.096871000-0500,51.229912000,192.168.0.178,192.168.0.148,25565,53414,4127459,34204,0,0,0x0010
8437,2026-08-15T10:14:16.135898000-0500,51.268939000,192.168.0.178,192.168.0.148,25565,53414,4127459,34204,299,0,0x0018
8438,2026-08-15T10:14:16.143215000-0500,51.276256000,192.168.0.148,192.168.0.178,53414,25565,34204,4127758,4,0,0x0018
8439,2026-08-15T10:14:16.143250000-0500,51.276291000,192.168.0.148,192.168.0.178,53414,25565,34208,4127758,36,0,0x0018
8440,2026-08-15T10:14:16.144010000-0500,51.277051000,192.168.0.178,192.168.0.148,25565,53414,4127758,34244,0,0,0x0010
8441,2026-08-15T10:14:16.144322000-0500,51.277363000,192.168.0.148,192.168.0.178,53414,25565,34244,4127758,3,0,0x0018
8442,2026-08-15T10:14:16.183180000-0500,51.316221000,192.168.0.178,192.168.0.148,25565,53414,4127758,34247,1460,0,0x0010
8443,2026-08-15T10:14:16.183180000-0500,51.316221000,192.168.0.178,192.168.0.148,25565,53414,4129218,34247,1460,0,0x0010
8444,2026-08-15T10:14:16.183235000-0500,51.316276000,192.168.0.148,192.168.0.178,53414,25565,34247,4130678,0,0,0x0010
8445,2026-08-15T10:14:16.183297000-0500,51.316338000,192.168.0.178,192.168.0.148,25565,53414,4130678,34247,1460,0,0x0010
8446,2026-08-15T10:14:16.183521000-0500,51.316562000,192.168.0.178,192.168.0.148,25565,53414,4132138,34247,1460,0,0x0010
8447,2026-08-15T10:14:16.183521000-0500,51.316562000,192.168.0.178,192.168.0.148,25565,53414,4133598,34247,1460,0,0x0010
8448,2026-08-15T10:14:16.183553000-0500,51.316594000,192.168.0.148,192.168.0.178,53414,25565,34247,4135058,0,0,0x0010
8449,2026-08-15T10:14:16.183764000-0500,51.316805000,192.168.0.178,192.168.0.148,25565,53414,4135058,34247,1460,0,0x0010
8450,2026-08-15T10:14:16.183764000-0500,51.316805000,192.168.0.178,192.168.0.148,25565,53414,4136518,34247,1460,0,0x0010
8451,2026-08-15T10:14:16.183796000-0500,51.316837000,192.168.0.148,192.168.0.178,53414,25565,34247,4137978,0,0,0x0010
8452,2026-08-15T10:14:16.184008000-0500,51.317049000,192.168.0.178,192.168.0.148,25565,53414,4137978,34247,1460,0,0x0010
8453,2026-08-15T10:14:16.184008000-0500,51.317049000,192.168.0.178,192.168.0.148,25565,53414,4139438,34247,1460,0,0x0018
8454,2026-08-15T10:14:16.184046000-0500,51.317087000,192.168.0.148,192.168.0.178,53414,25565,34247,4140898,0,0,0x0010
8455,2026-08-15T10:14:16.184290000-0500,51.317331000,192.168.0.178,192.168.0.148,25565,53414,4140898,34247,1460,0,0x0010
8456,2026-08-15T10:14:16.184322000-0500,51.317363000,192.168.0.148,192.168.0.178,53414,25565,34247,4142358,0,0,0x0010
8457,2026-08-15T10:14:16.184546000-0500,51.317587000,192.168.0.178,192.168.0.148,25565,53414,4142358,34247,1460,0,0x0010
8458,2026-08-15T10:14:16.184546000-0500,51.317587000,192.168.0.178,192.168.0.148,25565,53414,4143818,34247,1460,0,0x0010
8459,2026-08-15T10:14:16.184579000-0500,51.317620000,192.168.0.148,192.168.0.178,53414,25565,34247,4145278,0,0,0x0010
8460,2026-08-15T10:14:16.184649000-0500,51.317690000,192.168.0.178,192.168.0.148,25565,53414,4145278,34247,1009,0,0x0018
8461,2026-08-15T10:14:16.192619000-0500,51.325660000,192.168.0.148,192.168.0.178,53414,25565,34247,4146287,36,0,0x0018
8462,2026-08-15T10:14:16.193277000-0500,51.326318000,192.168.0.148,192.168.0.178,53414,25565,34283,4146287,3,0,0x0018
8463,2026-08-15T10:14:16.194126000-0500,51.327167000,192.168.0.178,192.168.0.148,25565,53414,4146287,34286,0,0,0x0010
8464,2026-08-15T10:14:16.233333000-0500,51.366374000,192.168.0.178,192.168.0.148,25565,53414,4146287,34286,1460,0,0x0010
8465,2026-08-15T10:14:16.233333000-0500,51.366374000,192.168.0.178,192.168.0.148,25565,53414,4147747,34286,1460,0,0x0010
8466,2026-08-15T10:14:16.233388000-0500,51.366429000,192.168.0.148,192.168.0.178,53414,25565,34286,4149207,0,0,0x0010
8467,2026-08-15T10:14:16.233436000-0500,51.366477000,192.168.0.178,192.168.0.148,25565,53414,4149207,34286,1460,0,0x0010
8468,2026-08-15T10:14:16.233665000-0500,51.366706000,192.168.0.178,192.168.0.148,25565,53414,4150667,34286,1460,0,0x0010
8469,2026-08-15T10:14:16.233665000-0500,51.366706000,192.168.0.178,192.168.0.148,25565,53414,4152127,34286,1460,0,0x0010
8470,2026-08-15T10:14:16.233698000-0500,51.366739000,192.168.0.148,192.168.0.178,53414,25565,34286,4153587,0,0,0x0010
8471,2026-08-15T10:14:16.233907000-0500,51.366948000,192.168.0.178,192.168.0.148,25565,53414,4153587,34286,1460,0,0x0010
8472,2026-08-15T10:14:16.233907000-0500,51.366948000,192.168.0.178,192.168.0.148,25565,53414,4155047,34286,1460,0,0x0010
8473,2026-08-15T10:14:16.233944000-0500,51.366985000,192.168.0.148,192.168.0.178,53414,25565,34286,4156507,0,0,0x0010
8474,2026-08-15T10:14:16.234149000-0500,51.367190000,192.168.0.178,192.168.0.148,25565,53414,4156507,34286,1460,0,0x0010
8475,2026-08-15T10:14:16.234149000-0500,51.367190000,192.168.0.178,192.168.0.148,25565,53414,4157967,34286,1129,0,0x0018
8476,2026-08-15T10:14:16.234190000-0500,51.367231000,192.168.0.148,192.168.0.178,53414,25565,34286,4159096,0,0,0x0010
8477,2026-08-15T10:14:16.243643000-0500,51.376684000,192.168.0.148,192.168.0.178,53414,25565,34286,4159096,36,0,0x0018
8478,2026-08-15T10:14:16.244741000-0500,51.377782000,192.168.0.148,192.168.0.178,53414,25565,34322,4159096,3,0,0x0018
8479,2026-08-15T10:14:16.245509000-0500,51.378550000,192.168.0.178,192.168.0.148,25565,53414,4159096,34325,0,0,0x0010
8480,2026-08-15T10:14:16.280429000-0500,51.413470000,192.168.0.178,192.168.0.148,25565,53414,4159096,34325,1460,0,0x0010
8481,2026-08-15T10:14:16.280429000-0500,51.413470000,192.168.0.178,192.168.0.148,25565,53414,4160556,34325,1460,0,0x0010
8482,2026-08-15T10:14:16.280429000-0500,51.413470000,192.168.0.178,192.168.0.148,25565,53414,4162016,34325,1460,0,0x0010
8483,2026-08-15T10:14:16.280429000-0500,51.413470000,192.168.0.178,192.168.0.148,25565,53414,4163476,34325,1460,0,0x0010
8484,2026-08-15T10:14:16.280429000-0500,51.413470000,192.168.0.178,192.168.0.148,25565,53414,4164936,34325,1460,0,0x0010
8485,2026-08-15T10:14:16.280482000-0500,51.413523000,192.168.0.148,192.168.0.178,53414,25565,34325,4166396,0,0,0x0010
8486,2026-08-15T10:14:16.280655000-0500,51.413696000,192.168.0.178,192.168.0.148,25565,53414,4166396,34325,1460,0,0x0010
8487,2026-08-15T10:14:16.280655000-0500,51.413696000,192.168.0.178,192.168.0.148,25565,53414,4167856,34325,1460,0,0x0010
8488,2026-08-15T10:14:16.280665000-0500,51.413706000,192.168.0.148,192.168.0.178,53414,25565,34325,4169316,0,0,0x0010
8489,2026-08-15T10:14:16.280794000-0500,51.413835000,192.168.0.178,192.168.0.148,25565,53414,4169316,34325,1460,0,0x0010
8490,2026-08-15T10:14:16.280800000-0500,51.413841000,192.168.0.148,192.168.0.178,53414,25565,34325,4170776,0,0,0x0010
8491,2026-08-15T10:14:16.280909000-0500,51.413950000,192.168.0.178,192.168.0.148,25565,53414,4170776,34325,1460,0,0x0018
8492,2026-08-15T10:14:16.280927000-0500,51.413968000,192.168.0.178,192.168.0.148,25565,53414,4172236,34325,1460,0,0x0010
8493,2026-08-15T10:14:16.280931000-0500,51.413972000,192.168.0.148,192.168.0.178,53414,25565,34325,4173696,0,0,0x0010
8494,2026-08-15T10:14:16.281057000-0500,51.414098000,192.168.0.178,192.168.0.148,25565,53414,4173696,34325,1460,0,0x0010
8495,2026-08-15T10:14:16.281297000-0500,51.414338000,192.168.0.178,192.168.0.148,25565,53414,4175156,34325,1156,0,0x0018
8496,2026-08-15T10:14:16.281317000-0500,51.414358000,192.168.0.148,192.168.0.178,53414,25565,34325,4176312,0,0,0x0010
8497,2026-08-15T10:14:16.292449000-0500,51.425490000,192.168.0.148,192.168.0.178,53414,25565,34325,4176312,4,0,0x0018
8498,2026-08-15T10:14:16.292463000-0500,51.425504000,192.168.0.148,192.168.0.178,53414,25565,34329,4176312,36,0,0x0018
8499,2026-08-15T10:14:16.293153000-0500,51.426194000,192.168.0.148,192.168.0.178,53414,25565,34365,4176312,3,0,0x0018
8500,2026-08-15T10:14:16.296769000-0500,51.429810000,192.168.0.178,192.168.0.148,25565,53414,4176312,34368,0,0,0x0010
8501,2026-08-15T10:14:16.329522000-0500,51.462563000,192.168.0.178,192.168.0.148,25565,53414,4176312,34368,1460,0,0x0010
8502,2026-08-15T10:14:16.329522000-0500,51.462563000,192.168.0.178,192.168.0.148,25565,53414,4177772,34368,1460,0,0x0010
8503,2026-08-15T10:14:16.329573000-0500,51.462614000,192.168.0.148,192.168.0.178,53414,25565,34368,4179232,0,0,0x0010
8504,2026-08-15T10:14:16.329629000-0500,51.462670000,192.168.0.178,192.168.0.148,25565,53414,4179232,34368,1460,0,0x0010
8505,2026-08-15T10:14:16.329773000-0500,51.462814000,192.168.0.178,192.168.0.148,25565,53414,4180692,34368,1460,0,0x0010
8506,2026-08-15T10:14:16.329791000-0500,51.462832000,192.168.0.148,192.168.0.178,53414,25565,34368,4182152,0,0,0x0010
8507,2026-08-15T10:14:16.329989000-0500,51.463030000,192.168.0.178,192.168.0.148,25565,53414,4182152,34368,1460,0,0x0010
8508,2026-08-15T10:14:16.329989000-0500,51.463030000,192.168.0.178,192.168.0.148,25565,53414,4183612,34368,1460,0,0x0010
8509,2026-08-15T10:14:16.330007000-0500,51.463048000,192.168.0.148,192.168.0.178,53414,25565,34368,4185072,0,0,0x0010
8510,2026-08-15T10:14:16.330241000-0500,51.463282000,192.168.0.178,192.168.0.148,25565,53414,4185072,34368,1460,0,0x0010
8511,2026-08-15T10:14:16.330241000-0500,51.463282000,192.168.0.178,192.168.0.148,25565,53414,4186532,34368,1460,0,0x0010
8512,2026-08-15T10:14:16.330260000-0500,51.463301000,192.168.0.148,192.168.0.178,53414,25565,34368,4187992,0,0,0x0010
8513,2026-08-15T10:14:16.330468000-0500,51.463509000,192.168.0.178,192.168.0.148,25565,53414,4187992,34368,1460,0,0x0018
8514,2026-08-15T10:14:16.330539000-0500,51.463580000,192.168.0.178,192.168.0.148,25565,53414,4189452,34368,1460,0,0x0010
8515,2026-08-15T10:14:16.330546000-0500,51.463587000,192.168.0.148,192.168.0.178,53414,25565,34368,4190912,0,0,0x0010
8516,2026-08-15T10:14:16.330601000-0500,51.463642000,192.168.0.178,192.168.0.148,25565,53414,4190912,34368,1460,0,0x0010
8517,2026-08-15T10:14:16.330853000-0500,51.463894000,192.168.0.178,192.168.0.148,25565,53414,4192372,34368,1460,0,0x0010
8518,2026-08-15T10:14:16.330853000-0500,51.463894000,192.168.0.178,192.168.0.148,25565,53414,4193832,34368,431,0,0x0018
8519,2026-08-15T10:14:16.330874000-0500,51.463915000,192.168.0.148,192.168.0.178,53414,25565,34368,4194263,0,0,0x0010
8520,2026-08-15T10:14:16.342467000-0500,51.475508000,192.168.0.148,192.168.0.178,53414,25565,34368,4194263,36,0,0x0018
8521,2026-08-15T10:14:16.343195000-0500,51.476236000,192.168.0.148,192.168.0.178,53414,25565,34404,4194263,3,0,0x0018
8522,2026-08-15T10:14:16.348854000-0500,51.481895000,192.168.0.178,192.168.0.148,25565,53414,4194263,34407,0,0,0x0010
8523,2026-08-15T10:14:16.380662000-0500,51.513703000,192.168.0.178,192.168.0.148,25565,53414,4194263,34407,1460,0,0x0010
8524,2026-08-15T10:14:16.380662000-0500,51.513703000,192.168.0.178,192.168.0.148,25565,53414,4195723,34407,1460,0,0x0010
8525,2026-08-15T10:14:16.380708000-0500,51.513749000,192.168.0.148,192.168.0.178,53414,25565,34407,4197183,0,0,0x0010
8526,2026-08-15T10:14:16.380765000-0500,51.513806000,192.168.0.178,192.168.0.148,25565,53414,4197183,34407,1460,0,0x0010
8527,2026-08-15T10:14:16.380986000-0500,51.514027000,192.168.0.178,192.168.0.148,25565,53414,4198643,34407,1460,0,0x0010
8528,2026-08-15T10:14:16.380986000-0500,51.514027000,192.168.0.178,192.168.0.148,25565,53414,4200103,34407,1460,0,0x0010
8529,2026-08-15T10:14:16.381005000-0500,51.514046000,192.168.0.148,192.168.0.178,53414,25565,34407,4201563,0,0,0x0010
8530,2026-08-15T10:14:16.381220000-0500,51.514261000,192.168.0.178,192.168.0.148,25565,53414,4201563,34407,1460,0,0x0010
8531,2026-08-15T10:14:16.381243000-0500,51.514284000,192.168.0.148,192.168.0.178,53414,25565,34407,4203023,0,0,0x0010
8532,2026-08-15T10:14:16.381293000-0500,51.514334000,192.168.0.178,192.168.0.148,25565,53414,4203023,34407,1460,0,0x0010
8533,2026-08-15T10:14:16.381481000-0500,51.514522000,192.168.0.178,192.168.0.148,25565,53414,4204483,34407,1460,0,0x0010
8534,2026-08-15T10:14:16.381481000-0500,51.514522000,192.168.0.178,192.168.0.148,25565,53414,4205943,34407,1460,0,0x0018
8535,2026-08-15T10:14:16.381500000-0500,51.514541000,192.168.0.148,192.168.0.178,53414,25565,34407,4207403,0,0,0x0010
8536,2026-08-15T10:14:16.381674000-0500,51.514715000,192.168.0.178,192.168.0.148,25565,53414,4207403,34407,1460,0,0x0010
8537,2026-08-15T10:14:16.381693000-0500,51.514734000,192.168.0.148,192.168.0.178,53414,25565,34407,4208863,0,0,0x0010
8538,2026-08-15T10:14:16.381729000-0500,51.514770000,192.168.0.178,192.168.0.148,25565,53414,4208863,34407,1237,0,0x0018
8539,2026-08-15T10:14:16.392751000-0500,51.525792000,192.168.0.148,192.168.0.178,53414,25565,34407,4210100,36,0,0x0018
8540,2026-08-15T10:14:16.393605000-0500,51.526646000,192.168.0.148,192.168.0.178,53414,25565,34443,4210100,3,0,0x0018
8541,2026-08-15T10:14:16.394375000-0500,51.527416000,192.168.0.178,192.168.0.148,25565,53414,4210100,34446,0,0,0x0010
8542,2026-08-15T10:14:16.429766000-0500,51.562807000,192.168.0.178,192.168.0.148,25565,53414,4210100,34446,392,0,0x0018
8543,2026-08-15T10:14:16.430016000-0500,51.563057000,192.168.0.148,192.168.0.178,53414,25565,34446,4210492,11,0,0x0018
8544,2026-08-15T10:14:16.443966000-0500,51.577007000,192.168.0.148,192.168.0.178,53414,25565,34457,4210492,36,0,0x0018
8545,2026-08-15T10:14:16.444518000-0500,51.577559000,192.168.0.148,192.168.0.178,53414,25565,34493,4210492,3,0,0x0018
8546,2026-08-15T10:14:16.444837000-0500,51.577878000,192.168.0.178,192.168.0.148,25565,53414,4210492,34493,0,0,0x0010
8547,2026-08-15T10:14:16.481098000-0500,51.614139000,192.168.0.178,192.168.0.148,25565,53414,4210492,34496,288,0,0x0018
8548,2026-08-15T10:14:16.494024000-0500,51.627065000,192.168.0.148,192.168.0.178,53414,25565,34496,4210780,36,0,0x0018
8549,2026-08-15T10:14:16.495274000-0500,51.628315000,192.168.0.148,192.168.0.178,53414,25565,34532,4210780,3,0,0x0018
8550,2026-08-15T10:14:16.495656000-0500,51.628697000,192.168.0.178,192.168.0.148,25565,53414,4210780,34535,0,0,0x0010
8551,2026-08-15T10:14:16.529673000-0500,51.662714000,192.168.0.178,192.168.0.148,25565,53414,4210780,34535,610,0,0x0018
8552,2026-08-15T10:14:16.543421000-0500,51.676462000,192.168.0.148,192.168.0.178,53414,25565,34535,4211390,36,0,0x0018
8553,2026-08-15T10:14:16.544780000-0500,51.677821000,192.168.0.148,192.168.0.178,53414,25565,34571,4211390,3,0,0x0018
8554,2026-08-15T10:14:16.545539000-0500,51.678580000,192.168.0.178,192.168.0.148,25565,53414,4211390,34574,0,0,0x0010
8555,2026-08-15T10:14:16.582073000-0500,51.715114000,192.168.0.178,192.168.0.148,25565,53414,4211390,34574,529,0,0x0018
8556,2026-08-15T10:14:16.593439000-0500,51.726480000,192.168.0.148,192.168.0.178,53414,25565,34574,4211919,36,0,0x0018
8557,2026-08-15T10:14:16.594695000-0500,51.727736000,192.168.0.148,192.168.0.178,53414,25565,34610,4211919,3,0,0x0018
8558,2026-08-15T10:14:16.595533000-0500,51.728574000,192.168.0.178,192.168.0.148,25565,53414,4211919,34613,0,0,0x0010
8559,2026-08-15T10:14:16.631797000-0500,51.764838000,192.168.0.178,192.168.0.148,25565,53414,4211919,34613,161,0,0x0018
8560,2026-08-15T10:14:16.631797000-0500,51.764838000,192.168.0.178,192.168.0.148,25565,53414,4212080,34613,46,0,0x0018
8561,2026-08-15T10:14:16.631847000-0500,51.764888000,192.168.0.148,192.168.0.178,53414,25565,34613,4212126,0,0,0x0010
8562,2026-08-15T10:14:16.642771000-0500,51.775812000,192.168.0.148,192.168.0.178,53414,25565,34613,4212126,28,0,0x0018
8563,2026-08-15T10:14:16.643620000-0500,51.776661000,192.168.0.148,192.168.0.178,53414,25565,34641,4212126,3,0,0x0018
8564,2026-08-15T10:14:16.644249000-0500,51.777290000,192.168.0.178,192.168.0.148,25565,53414,4212126,34644,0,0,0x0010
8565,2026-08-15T10:14:16.681041000-0500,51.814082000,192.168.0.178,192.168.0.148,25565,53414,4212126,34644,732,0,0x0018
8566,2026-08-15T10:14:16.692966000-0500,51.826007000,192.168.0.148,192.168.0.178,53414,25565,34644,4212858,4,0,0x0018
8567,2026-08-15T10:14:16.692996000-0500,51.826037000,192.168.0.148,192.168.0.178,53414,25565,34648,4212858,28,0,0x0018
8568,2026-08-15T10:14:16.693816000-0500,51.826857000,192.168.0.178,192.168.0.148,25565,53414,4212858,34676,0,0,0x0010
8569,2026-08-15T10:14:16.693947000-0500,51.826988000,192.168.0.148,192.168.0.178,53414,25565,34676,4212858,3,0,0x0018
8570,2026-08-15T10:14:16.730554000-0500,51.863595000,192.168.0.178,192.168.0.148,25565,53414,4212858,34679,279,0,0x0018
8571,2026-08-15T10:14:16.743318000-0500,51.876359000,192.168.0.148,192.168.0.178,53414,25565,34679,4213137,28,0,0x0018
8572,2026-08-15T10:14:16.744657000-0500,51.877698000,192.168.0.148,192.168.0.178,53414,25565,34707,4213137,3,0,0x0018
8573,2026-08-15T10:14:16.745479000-0500,51.878520000,192.168.0.178,192.168.0.148,25565,53414,4213137,34710,0,0,0x0010
8574,2026-08-15T10:14:16.781477000-0500,51.914518000,192.168.0.178,192.168.0.148,25565,53414,4213137,34710,163,0,0x0018
8575,2026-08-15T10:14:16.793477000-0500,51.926518000,192.168.0.148,192.168.0.178,53414,25565,34710,4213300,28,0,0x0018
8576,2026-08-15T10:14:16.794866000-0500,51.927907000,192.168.0.148,192.168.0.178,53414,25565,34738,4213300,3,0,0x0018
8577,2026-08-15T10:14:16.795578000-0500,51.928619000,192.168.0.178,192.168.0.148,25565,53414,4213300,34741,0,0,0x0010
8578,2026-08-15T10:14:16.829650000-0500,51.962691000,192.168.0.178,192.168.0.148,25565,53414,4213300,34741,690,0,0x0018
8579,2026-08-15T10:14:16.843296000-0500,51.976337000,192.168.0.148,192.168.0.178,53414,25565,34741,4213990,28,0,0x0018
8580,2026-08-15T10:14:16.844552000-0500,51.977593000,192.168.0.148,192.168.0.178,53414,25565,34769,4213990,3,0,0x0018
8581,2026-08-15T10:14:16.845088000-0500,51.978129000,192.168.0.178,192.168.0.148,25565,53414,4213990,34772,0,0,0x0010
8582,2026-08-15T10:14:16.879846000-0500,52.012887000,192.168.0.178,192.168.0.148,25565,53414,4213990,34772,469,0,0x0018
8583,2026-08-15T10:14:16.893538000-0500,52.026579000,192.168.0.148,192.168.0.178,53414,25565,34772,4214459,4,0,0x0018
8584,2026-08-15T10:14:16.893570000-0500,52.026611000,192.168.0.148,192.168.0.178,53414,25565,34776,4214459,28,0,0x0018
8585,2026-08-15T10:14:16.894369000-0500,52.027410000,192.168.0.178,192.168.0.148,25565,53414,4214459,34804,0,0,0x0010
8586,2026-08-15T10:14:16.895159000-0500,52.028200000,192.168.0.148,192.168.0.178,53414,25565,34804,4214459,3,0,0x0018
8587,2026-08-15T10:14:16.929410000-0500,52.062451000,192.168.0.178,192.168.0.148,25565,53414,4214459,34807,260,0,0x0018
8588,2026-08-15T10:14:16.942340000-0500,52.075381000,192.168.0.148,192.168.0.178,53414,25565,34807,4214719,36,0,0x0018
8589,2026-08-15T10:14:16.943362000-0500,52.076403000,192.168.0.148,192.168.0.178,53414,25565,34843,4214719,3,0,0x0018
8590,2026-08-15T10:14:16.944114000-0500,52.077155000,192.168.0.178,192.168.0.148,25565,53414,4214719,34846,0,0,0x0010
8591,2026-08-15T10:14:16.978421000-0500,52.111462000,192.168.0.178,192.168.0.148,25565,53414,4214719,34846,619,0,0x0018
8592,2026-08-15T10:14:16.993640000-0500,52.126681000,192.168.0.148,192.168.0.178,53414,25565,34846,4215338,36,0,0x0018
8593,2026-08-15T10:14:16.994948000-0500,52.127989000,192.168.0.148,192.168.0.178,53414,25565,34882,4215338,3,0,0x0018
8594,2026-08-15T10:14:16.996737000-0500,52.129778000,192.168.0.178,192.168.0.148,25565,53414,4215338,34885,0,0,0x0010
8595,2026-08-15T10:14:17.028237000-0500,52.161278000,192.168.0.178,192.168.0.148,25565,53414,4215338,34885,220,0,0x0018
8596,2026-08-15T10:14:17.043422000-0500,52.176463000,192.168.0.148,192.168.0.178,53414,25565,34885,4215558,36,0,0x0018
8597,2026-08-15T10:14:17.044698000-0500,52.177739000,192.168.0.148,192.168.0.178,53414,25565,34921,4215558,3,0,0x0018
8598,2026-08-15T10:14:17.045380000-0500,52.178421000,192.168.0.178,192.168.0.148,25565,53414,4215558,34924,0,0,0x0010
8599,2026-08-15T10:14:17.077648000-0500,52.210689000,192.168.0.178,192.168.0.148,25565,53414,4215558,34924,209,0,0x0018
8600,2026-08-15T10:14:17.093477000-0500,52.226518000,192.168.0.148,192.168.0.178,53414,25565,34924,4215767,36,0,0x0018
8601,2026-08-15T10:14:17.094819000-0500,52.227860000,192.168.0.148,192.168.0.178,53414,25565,34960,4215767,3,0,0x0018
8602,2026-08-15T10:14:17.095635000-0500,52.228676000,192.168.0.178,192.168.0.148,25565,53414,4215767,34963,0,0,0x0010
8603,2026-08-15T10:14:17.128701000-0500,52.261742000,192.168.0.178,192.168.0.148,25565,53414,4215767,34963,916,0,0x0018
8604,2026-08-15T10:14:17.143789000-0500,52.276830000,192.168.0.148,192.168.0.178,53414,25565,34963,4216683,28,0,0x0018
8605,2026-08-15T10:14:17.145153000-0500,52.278194000,192.168.0.148,192.168.0.178,53414,25565,34991,4216683,3,0,0x0018
8606,2026-08-15T10:14:17.145974000-0500,52.279015000,192.168.0.178,192.168.0.148,25565,53414,4216683,34994,0,0,0x0010
8607,2026-08-15T10:14:17.180456000-0500,52.313497000,192.168.0.178,192.168.0.148,25565,53414,4216683,34994,665,0,0x0018
8608,2026-08-15T10:14:17.193072000-0500,52.326113000,192.168.0.148,192.168.0.178,53414,25565,34994,4217348,28,0,0x0018
8609,2026-08-15T10:14:17.193863000-0500,52.326904000,192.168.0.148,192.168.0.178,53414,25565,35022,4217348,3,0,0x0018
8610,2026-08-15T10:14:17.194652000-0500,52.327693000,192.168.0.178,192.168.0.148,25565,53414,4217348,35025,0,0,0x0010
8611,2026-08-15T10:14:17.228667000-0500,52.361708000,192.168.0.178,192.168.0.148,25565,53414,4217348,35025,250,0,0x0018
8612,2026-08-15T10:14:17.243039000-0500,52.376080000,192.168.0.148,192.168.0.178,53414,25565,35025,4217598,28,0,0x0018
8613,2026-08-15T10:14:17.244246000-0500,52.377287000,192.168.0.148,192.168.0.178,53414,25565,35053,4217598,3,0,0x0018
8614,2026-08-15T10:14:17.247325000-0500,52.380366000,192.168.0.178,192.168.0.148,25565,53414,4217598,35056,0,0,0x0010
8615,2026-08-15T10:14:17.280880000-0500,52.413921000,192.168.0.178,192.168.0.148,25565,53414,4217598,35056,627,0,0x0018
8616,2026-08-15T10:14:17.293638000-0500,52.426679000,192.168.0.148,192.168.0.178,53414,25565,35056,4218225,28,0,0x0018
8617,2026-08-15T10:14:17.295134000-0500,52.428175000,192.168.0.148,192.168.0.178,53414,25565,35084,4218225,3,0,0x0018
8618,2026-08-15T10:14:17.295951000-0500,52.428992000,192.168.0.178,192.168.0.148,25565,53414,4218225,35087,0,0,0x0010
8619,2026-08-15T10:14:17.328901000-0500,52.461942000,192.168.0.178,192.168.0.148,25565,53414,4218225,35087,247,0,0x0018
8620,2026-08-15T10:14:17.343354000-0500,52.476395000,192.168.0.148,192.168.0.178,53414,25565,35087,4218472,28,0,0x0018
8621,2026-08-15T10:14:17.345003000-0500,52.478044000,192.168.0.148,192.168.0.178,53414,25565,35115,4218472,3,0,0x0018
8622,2026-08-15T10:14:17.345788000-0500,52.478829000,192.168.0.178,192.168.0.148,25565,53414,4218472,35118,0,0,0x0010
8623,2026-08-15T10:14:17.378055000-0500,52.511096000,192.168.0.178,192.168.0.148,25565,53414,4218472,35118,225,0,0x0018
8624,2026-08-15T10:14:17.393412000-0500,52.526453000,192.168.0.148,192.168.0.178,53414,25565,35118,4218697,28,0,0x0018
8625,2026-08-15T10:14:17.395349000-0500,52.528390000,192.168.0.148,192.168.0.178,53414,25565,35146,4218697,3,0,0x0018
8626,2026-08-15T10:14:17.395945000-0500,52.528986000,192.168.0.178,192.168.0.148,25565,53414,4218697,35149,0,0,0x0010
8627,2026-08-15T10:14:17.428817000-0500,52.561858000,192.168.0.178,192.168.0.148,25565,53414,4218697,35149,728,0,0x0018
8628,2026-08-15T10:14:17.442770000-0500,52.575811000,192.168.0.148,192.168.0.178,53414,25565,35149,4219425,28,0,0x0018
8629,2026-08-15T10:14:17.443611000-0500,52.576652000,192.168.0.148,192.168.0.178,53414,25565,35177,4219425,3,0,0x0018
8630,2026-08-15T10:14:17.444298000-0500,52.577339000,192.168.0.178,192.168.0.148,25565,53414,4219425,35180,0,0,0x0010
8631,2026-08-15T10:14:17.480895000-0500,52.613936000,192.168.0.178,192.168.0.148,25565,53414,4219425,35180,330,0,0x0018
8632,2026-08-15T10:14:17.481050000-0500,52.614091000,192.168.0.148,192.168.0.178,53414,25565,35180,4219755,11,0,0x0018
8633,2026-08-15T10:14:17.492929000-0500,52.625970000,192.168.0.148,192.168.0.178,53414,25565,35191,4219755,28,0,0x0018
8634,2026-08-15T10:14:17.493645000-0500,52.626686000,192.168.0.178,192.168.0.148,25565,53414,4219755,35219,0,0,0x0010
8635,2026-08-15T10:14:17.494130000-0500,52.627171000,192.168.0.148,192.168.0.178,53414,25565,35219,4219755,3,0,0x0018
8636,2026-08-15T10:14:17.528225000-0500,52.661266000,192.168.0.178,192.168.0.148,25565,53414,4219755,35222,143,0,0x0018
8637,2026-08-15T10:14:17.543214000-0500,52.676255000,192.168.0.148,192.168.0.178,53414,25565,35222,4219898,28,0,0x0018
8638,2026-08-15T10:14:17.544654000-0500,52.677695000,192.168.0.148,192.168.0.178,53414,25565,35250,4219898,3,0,0x0018
8639,2026-08-15T10:14:17.545283000-0500,52.678324000,192.168.0.178,192.168.0.148,25565,53414,4219898,35253,0,0,0x0010
8640,2026-08-15T10:14:17.579857000-0500,52.712898000,192.168.0.178,192.168.0.148,25565,53414,4219898,35253,880,0,0x0018
8641,2026-08-15T10:14:17.594451000-0500,52.727492000,192.168.0.148,192.168.0.178,53414,25565,35253,4220778,28,0,0x0018
8642,2026-08-15T10:14:17.595800000-0500,52.728841000,192.168.0.148,192.168.0.178,53414,25565,35281,4220778,3,0,0x0018
8643,2026-08-15T10:14:17.596616000-0500,52.729657000,192.168.0.178,192.168.0.148,25565,53414,4220778,35284,0,0,0x0010
8644,2026-08-15T10:14:17.627656000-0500,52.760697000,192.168.0.178,192.168.0.148,25565,53414,4220778,35284,393,0,0x0018
8645,2026-08-15T10:14:17.642742000-0500,52.775783000,192.168.0.148,192.168.0.178,53414,25565,35284,4221171,28,0,0x0018
8646,2026-08-15T10:14:17.643776000-0500,52.776817000,192.168.0.148,192.168.0.178,53414,25565,35312,4221171,3,0,0x0018
8647,2026-08-15T10:14:17.644447000-0500,52.777488000,192.168.0.178,192.168.0.148,25565,53414,4221171,35315,0,0,0x0010
8648,2026-08-15T10:14:17.681031000-0500,52.814072000,192.168.0.178,192.168.0.148,25565,53414,4221171,35315,303,0,0x0018
8649,2026-08-15T10:14:17.692539000-0500,52.825580000,192.168.0.148,192.168.0.178,53414,25565,35315,4221474,28,0,0x0018
8650,2026-08-15T10:14:17.693434000-0500,52.826475000,192.168.0.148,192.168.0.178,53414,25565,35343,4221474,3,0,0x0018
8651,2026-08-15T10:14:17.694238000-0500,52.827279000,192.168.0.178,192.168.0.148,25565,53414,4221474,35346,0,0,0x0010
8652,2026-08-15T10:14:17.728050000-0500,52.861091000,192.168.0.178,192.168.0.148,25565,53414,4221474,35346,997,0,0x0018
8653,2026-08-15T10:14:17.743610000-0500,52.876651000,192.168.0.148,192.168.0.178,53414,25565,35346,4222471,28,0,0x0018
8654,2026-08-15T10:14:17.744849000-0500,52.877890000,192.168.0.148,192.168.0.178,53414,25565,35374,4222471,3,0,0x0018
8655,2026-08-15T10:14:17.745704000-0500,52.878745000,192.168.0.178,192.168.0.148,25565,53414,4222471,35377,0,0,0x0010
8656,2026-08-15T10:14:17.778196000-0500,52.911237000,192.168.0.178,192.168.0.148,25565,53414,4222471,35377,991,0,0x0018
8657,2026-08-15T10:14:17.793335000-0500,52.926376000,192.168.0.148,192.168.0.178,53414,25565,35377,4223462,28,0,0x0018
8658,2026-08-15T10:14:17.795093000-0500,52.928134000,192.168.0.148,192.168.0.178,53414,25565,35405,4223462,3,0,0x0018
8659,2026-08-15T10:14:17.795820000-0500,52.928861000,192.168.0.178,192.168.0.148,25565,53414,4223462,35408,0,0,0x0010
8660,2026-08-15T10:14:17.828459000-0500,52.961500000,192.168.0.178,192.168.0.148,25565,53414,4223462,35408,195,0,0x0018
8661,2026-08-15T10:14:17.843343000-0500,52.976384000,192.168.0.148,192.168.0.178,53414,25565,35408,4223657,28,0,0x0018
8662,2026-08-15T10:14:17.844877000-0500,52.977918000,192.168.0.148,192.168.0.178,53414,25565,35436,4223657,3,0,0x0018
8663,2026-08-15T10:14:17.845670000-0500,52.978711000,192.168.0.178,192.168.0.148,25565,53414,4223657,35439,0,0,0x0010
8664,2026-08-15T10:14:17.877704000-0500,53.010745000,192.168.0.178,192.168.0.148,25565,53414,4223657,35439,807,0,0x0018
8665,2026-08-15T10:14:17.893498000-0500,53.026539000,192.168.0.148,192.168.0.178,53414,25565,35439,4224464,28,0,0x0018
8666,2026-08-15T10:14:17.895277000-0500,53.028318000,192.168.0.148,192.168.0.178,53414,25565,35467,4224464,3,0,0x0018
8667,2026-08-15T10:14:17.895971000-0500,53.029012000,192.168.0.178,192.168.0.148,25565,53414,4224464,35470,0,0,0x0010
8668,2026-08-15T10:14:17.927640000-0500,53.060681000,192.168.0.178,192.168.0.148,25565,53414,4224464,35470,240,0,0x0018
8669,2026-08-15T10:14:17.943266000-0500,53.076307000,192.168.0.148,192.168.0.178,53414,25565,35470,4224704,28,0,0x0018
8670,2026-08-15T10:14:17.944591000-0500,53.077632000,192.168.0.148,192.168.0.178,53414,25565,35498,4224704,3,0,0x0018
8671,2026-08-15T10:14:17.945361000-0500,53.078402000,192.168.0.178,192.168.0.148,25565,53414,4224704,35501,0,0,0x0010
8672,2026-08-15T10:14:17.978136000-0500,53.111177000,192.168.0.178,192.168.0.148,25565,53414,4224704,35501,95,0,0x0018
8673,2026-08-15T10:14:17.992935000-0500,53.125976000,192.168.0.148,192.168.0.178,53414,25565,35501,4224799,28,0,0x0018
8674,2026-08-15T10:14:17.994033000-0500,53.127074000,192.168.0.178,192.168.0.148,25565,53414,4224799,35529,46,0,0x0018
8675,2026-08-15T10:14:17.994292000-0500,53.127333000,192.168.0.148,192.168.0.178,53414,25565,35529,4224845,3,0,0x0018
8676,2026-08-15T10:14:18.028567000-0500,53.161608000,192.168.0.178,192.168.0.148,25565,53414,4224845,35532,680,0,0x0018
8677,2026-08-15T10:14:18.043242000-0500,53.176283000,192.168.0.148,192.168.0.178,53414,25565,35532,4225525,28,0,0x0018
8678,2026-08-15T10:14:18.044541000-0500,53.177582000,192.168.0.178,192.168.0.148,25565,53414,4225525,35560,11,0,0x0018
8679,2026-08-15T10:14:18.044541000-0500,53.177582000,192.168.0.178,192.168.0.148,25565,53414,4225536,35560,11,0,0x0018
8680,2026-08-15T10:14:18.044541000-0500,53.177582000,192.168.0.178,192.168.0.148,25565,53414,4225547,35560,11,0,0x0018
8681,2026-08-15T10:14:18.044541000-0500,53.177582000,192.168.0.178,192.168.0.148,25565,53414,4225558,35560,11,0,0x0018
8682,2026-08-15T10:14:18.044584000-0500,53.177625000,192.168.0.148,192.168.0.178,53414,25565,35560,4225569,0,0,0x0010
8683,2026-08-15T10:14:18.044645000-0500,53.177686000,192.168.0.178,192.168.0.148,25565,53414,4225569,35560,11,0,0x0018
8684,2026-08-15T10:14:18.044645000-0500,53.177686000,192.168.0.178,192.168.0.148,25565,53414,4225580,35560,11,0,0x0018
8685,2026-08-15T10:14:18.044653000-0500,53.177694000,192.168.0.148,192.168.0.178,53414,25565,35560,4225591,0,0,0x0010
8686,2026-08-15T10:14:18.044698000-0500,53.177739000,192.168.0.178,192.168.0.148,25565,53414,4225591,35560,11,0,0x0018
8687,2026-08-15T10:14:18.044711000-0500,53.177752000,192.168.0.178,192.168.0.148,25565,53414,4225602,35560,11,0,0x0018
8688,2026-08-15T10:14:18.044716000-0500,53.177757000,192.168.0.148,192.168.0.178,53414,25565,35560,4225613,0,0,0x0010
8689,2026-08-15T10:14:18.044876000-0500,53.177917000,192.168.0.178,192.168.0.148,25565,53414,4225613,35560,11,0,0x0018
8690,2026-08-15T10:14:18.044876000-0500,53.177917000,192.168.0.178,192.168.0.148,25565,53414,4225624,35560,11,0,0x0018
8691,2026-08-15T10:14:18.044876000-0500,53.177917000,192.168.0.178,192.168.0.148,25565,53414,4225635,35560,11,0,0x0018
8692,2026-08-15T10:14:18.044905000-0500,53.177946000,192.168.0.148,192.168.0.178,53414,25565,35560,4225646,0,0,0x0010
8693,2026-08-15T10:14:18.044974000-0500,53.178015000,192.168.0.178,192.168.0.148,25565,53414,4225646,35560,11,0,0x0018
8694,2026-08-15T10:14:18.044983000-0500,53.178024000,192.168.0.148,192.168.0.178,53414,25565,35560,4225657,0,0,0x0010
8695,2026-08-15T10:14:18.045081000-0500,53.178122000,192.168.0.148,192.168.0.178,53414,25565,35560,4225657,3,0,0x0018
8696,2026-08-15T10:14:18.045271000-0500,53.178312000,192.168.0.178,192.168.0.148,25565,53414,4225657,35560,11,0,0x0018
8697,2026-08-15T10:14:18.045271000-0500,53.178312000,192.168.0.178,192.168.0.148,25565,53414,4225668,35560,11,0,0x0018
8698,2026-08-15T10:14:18.045271000-0500,53.178312000,192.168.0.178,192.168.0.148,25565,53414,4225679,35560,11,0,0x0018
8699,2026-08-15T10:14:18.045271000-0500,53.178312000,192.168.0.178,192.168.0.148,25565,53414,4225690,35560,11,0,0x0018
8700,2026-08-15T10:14:18.045301000-0500,53.178342000,192.168.0.148,192.168.0.178,53414,25565,35563,4225701,0,0,0x0010
8701,2026-08-15T10:14:18.045348000-0500,53.178389000,192.168.0.178,192.168.0.148,25565,53414,4225701,35563,11,0,0x0018
8702,2026-08-15T10:14:18.045348000-0500,53.178389000,192.168.0.178,192.168.0.148,25565,53414,4225712,35563,11,0,0x0018
8703,2026-08-15T10:14:18.045358000-0500,53.178399000,192.168.0.148,192.168.0.178,53414,25565,35563,4225723,0,0,0x0010
8704,2026-08-15T10:14:18.045404000-0500,53.178445000,192.168.0.178,192.168.0.148,25565,53414,4225723,35563,11,0,0x0018
8705,2026-08-15T10:14:18.045404000-0500,53.178445000,192.168.0.178,192.168.0.148,25565,53414,4225734,35563,13,0,0x0018
8706,2026-08-15T10:14:18.045410000-0500,53.178451000,192.168.0.148,192.168.0.178,53414,25565,35563,4225747,0,0,0x0010
8707,2026-08-15T10:14:18.079532000-0500,53.212573000,192.168.0.178,192.168.0.148,25565,53414,4225747,35563,341,0,0x0018
8708,2026-08-15T10:14:18.093205000-0500,53.226246000,192.168.0.148,192.168.0.178,53414,25565,35563,4226088,28,0,0x0018
8709,2026-08-15T10:14:18.094390000-0500,53.227431000,192.168.0.148,192.168.0.178,53414,25565,35591,4226088,3,0,0x0018
8710,2026-08-15T10:14:18.095169000-0500,53.228210000,192.168.0.178,192.168.0.148,25565,53414,4226088,35594,0,0,0x0010
8711,2026-08-15T10:14:18.129986000-0500,53.263027000,192.168.0.178,192.168.0.148,25565,53414,4226088,35594,150,0,0x0018
8712,2026-08-15T10:14:18.143460000-0500,53.276501000,192.168.0.148,192.168.0.178,53414,25565,35594,4226238,28,0,0x0018
8713,2026-08-15T10:14:18.144909000-0500,53.277950000,192.168.0.148,192.168.0.178,53414,25565,35622,4226238,3,0,0x0018
8714,2026-08-15T10:14:18.145509000-0500,53.278550000,192.168.0.178,192.168.0.148,25565,53414,4226238,35625,0,0,0x0010
8715,2026-08-15T10:14:18.183013000-0500,53.316054000,192.168.0.178,192.168.0.148,25565,53414,4226238,35625,1460,0,0x0010
8716,2026-08-15T10:14:18.183013000-0500,53.316054000,192.168.0.178,192.168.0.148,25565,53414,4227698,35625,1460,0,0x0010
8717,2026-08-15T10:14:18.183074000-0500,53.316115000,192.168.0.148,192.168.0.178,53414,25565,35625,4229158,0,0,0x0010
8718,2026-08-15T10:14:18.183125000-0500,53.316166000,192.168.0.178,192.168.0.148,25565,53414,4229158,35625,1460,0,0x0010
8719,2026-08-15T10:14:18.183346000-0500,53.316387000,192.168.0.178,192.168.0.148,25565,53414,4230618,35625,1460,0,0x0010
8720,2026-08-15T10:14:18.183346000-0500,53.316387000,192.168.0.178,192.168.0.148,25565,53414,4232078,35625,1460,0,0x0010
8721,2026-08-15T10:14:18.183381000-0500,53.316422000,192.168.0.148,192.168.0.178,53414,25565,35625,4233538,0,0,0x0010
8722,2026-08-15T10:14:18.183597000-0500,53.316638000,192.168.0.178,192.168.0.148,25565,53414,4233538,35625,1460,0,0x0010
8723,2026-08-15T10:14:18.183597000-0500,53.316638000,192.168.0.178,192.168.0.148,25565,53414,4234998,35625,1460,0,0x0010
8724,2026-08-15T10:14:18.183630000-0500,53.316671000,192.168.0.148,192.168.0.178,53414,25565,35625,4236458,0,0,0x0010
8725,2026-08-15T10:14:18.183859000-0500,53.316900000,192.168.0.178,192.168.0.148,25565,53414,4236458,35625,1460,0,0x0010
8726,2026-08-15T10:14:18.183859000-0500,53.316900000,192.168.0.178,192.168.0.148,25565,53414,4237918,35625,1460,0,0x0018
8727,2026-08-15T10:14:18.183898000-0500,53.316939000,192.168.0.148,192.168.0.178,53414,25565,35625,4239378,0,0,0x0010
8728,2026-08-15T10:14:18.183958000-0500,53.316999000,192.168.0.178,192.168.0.148,25565,53414,4239378,35625,1460,0,0x0010
8729,2026-08-15T10:14:18.183965000-0500,53.317006000,192.168.0.148,192.168.0.178,53414,25565,35625,4240838,0,0,0x0010
8730,2026-08-15T10:14:18.184015000-0500,53.317056000,192.168.0.178,192.168.0.148,25565,53414,4240838,35625,680,0,0x0018
8731,2026-08-15T10:14:18.192319000-0500,53.325360000,192.168.0.148,192.168.0.178,53414,25565,35625,4241518,28,0,0x0018
8732,2026-08-15T10:14:18.193059000-0500,53.326100000,192.168.0.148,192.168.0.178,53414,25565,35653,4241518,3,0,0x0018
8733,2026-08-15T10:14:18.193886000-0500,53.326927000,192.168.0.178,192.168.0.148,25565,53414,4241518,35656,0,0,0x0010
8734,2026-08-15T10:14:18.238913000-0500,53.371954000,192.168.0.178,192.168.0.148,25565,53414,4241518,35656,1460,0,0x0010
8735,2026-08-15T10:14:18.238913000-0500,53.371954000,192.168.0.178,192.168.0.148,25565,53414,4242978,35656,1460,0,0x0010
8736,2026-08-15T10:14:18.238988000-0500,53.372029000,192.168.0.148,192.168.0.178,53414,25565,35656,4244438,0,0,0x0010
8737,2026-08-15T10:14:18.239035000-0500,53.372076000,192.168.0.178,192.168.0.148,25565,53414,4244438,35656,1460,0,0x0010
8738,2026-08-15T10:14:18.239256000-0500,53.372297000,192.168.0.178,192.168.0.148,25565,53414,4245898,35656,1460,0,0x0010
8739,2026-08-15T10:14:18.239256000-0500,53.372297000,192.168.0.178,192.168.0.148,25565,53414,4247358,35656,1460,0,0x0010
8740,2026-08-15T10:14:18.239312000-0500,53.372353000,192.168.0.148,192.168.0.178,53414,25565,35656,4248818,0,0,0x0010
8741,2026-08-15T10:14:18.239351000-0500,53.372392000,192.168.0.178,192.168.0.148,25565,53414,4248818,35656,1460,0,0x0010
8742,2026-08-15T10:14:18.239362000-0500,53.372403000,192.168.0.148,192.168.0.178,53414,25565,35656,4250278,0,0,0x0010
8743,2026-08-15T10:14:18.239610000-0500,53.372651000,192.168.0.178,192.168.0.148,25565,53414,4250278,35656,1460,0,0x0010
8744,2026-08-15T10:14:18.239610000-0500,53.372651000,192.168.0.178,192.168.0.148,25565,53414,4251738,35656,1460,0,0x0010
8745,2026-08-15T10:14:18.239651000-0500,53.372692000,192.168.0.148,192.168.0.178,53414,25565,35656,4253198,0,0,0x0010
8746,2026-08-15T10:14:18.239723000-0500,53.372764000,192.168.0.178,192.168.0.148,25565,53414,4253198,35656,1460,0,0x0018
8747,2026-08-15T10:14:18.239975000-0500,53.373016000,192.168.0.178,192.168.0.148,25565,53414,4254658,35656,1460,0,0x0010
8748,2026-08-15T10:14:18.239975000-0500,53.373016000,192.168.0.178,192.168.0.148,25565,53414,4256118,35656,1460,0,0x0010
8749,2026-08-15T10:14:18.240033000-0500,53.373074000,192.168.0.148,192.168.0.178,53414,25565,35656,4257578,0,0,0x0010
8750,2026-08-15T10:14:18.240125000-0500,53.373166000,192.168.0.178,192.168.0.148,25565,53414,4257578,35656,599,0,0x0018
8751,2026-08-15T10:14:18.240146000-0500,53.373187000,192.168.0.148,192.168.0.178,53414,25565,35656,4258177,0,0,0x0010
8752,2026-08-15T10:14:18.243643000-0500,53.376684000,192.168.0.148,192.168.0.178,53414,25565,35656,4258177,28,0,0x0018
8753,2026-08-15T10:14:18.244928000-0500,53.377969000,192.168.0.148,192.168.0.178,53414,25565,35684,4258177,3,0,0x0018
8754,2026-08-15T10:14:18.245668000-0500,53.378709000,192.168.0.178,192.168.0.148,25565,53414,4258177,35687,0,0,0x0010
8755,2026-08-15T10:14:18.284694000-0500,53.417735000,192.168.0.178,192.168.0.148,25565,53414,4258177,35687,1460,0,0x0010
8756,2026-08-15T10:14:18.284694000-0500,53.417735000,192.168.0.178,192.168.0.148,25565,53414,4259637,35687,1460,0,0x0010
8757,2026-08-15T10:14:18.284746000-0500,53.417787000,192.168.0.148,192.168.0.178,53414,25565,35687,4261097,0,0,0x0010
8758,2026-08-15T10:14:18.284804000-0500,53.417845000,192.168.0.178,192.168.0.148,25565,53414,4261097,35687,1460,0,0x0010
8759,2026-08-15T10:14:18.285042000-0500,53.418083000,192.168.0.178,192.168.0.148,25565,53414,4262557,35687,1460,0,0x0010
8760,2026-08-15T10:14:18.285042000-0500,53.418083000,192.168.0.178,192.168.0.148,25565,53414,4264017,35687,1460,0,0x0010
8761,2026-08-15T10:14:18.285061000-0500,53.418102000,192.168.0.148,192.168.0.178,53414,25565,35687,4265477,0,0,0x0010
8762,2026-08-15T10:14:18.285275000-0500,53.418316000,192.168.0.178,192.168.0.148,25565,53414,4265477,35687,1460,0,0x0010
8763,2026-08-15T10:14:18.285297000-0500,53.418338000,192.168.0.148,192.168.0.178,53414,25565,35687,4266937,0,0,0x0010
8764,2026-08-15T10:14:18.285346000-0500,53.418387000,192.168.0.178,192.168.0.148,25565,53414,4266937,35687,1460,0,0x0010
8765,2026-08-15T10:14:18.285507000-0500,53.418548000,192.168.0.178,192.168.0.148,25565,53414,4268397,35687,1460,0,0x0010
8766,2026-08-15T10:14:18.285524000-0500,53.418565000,192.168.0.148,192.168.0.178,53414,25565,35687,4269857,0,0,0x0010
8767,2026-08-15T10:14:18.285557000-0500,53.418598000,192.168.0.178,192.168.0.148,25565,53414,4269857,35687,1460,0,0x0018
8768,2026-08-15T10:14:18.285696000-0500,53.418737000,192.168.0.178,192.168.0.148,25565,53414,4271317,35687,1460,0,0x0010
8769,2026-08-15T10:14:18.285716000-0500,53.418757000,192.168.0.148,192.168.0.178,53414,25565,35687,4272777,0,0,0x0010
8770,2026-08-15T10:14:18.285774000-0500,53.418815000,192.168.0.178,192.168.0.148,25565,53414,4272777,35687,1460,0,0x0010
8771,2026-08-15T10:14:18.286020000-0500,53.419061000,192.168.0.178,192.168.0.148,25565,53414,4274237,35687,1460,0,0x0010
8772,2026-08-15T10:14:18.286020000-0500,53.419061000,192.168.0.178,192.168.0.148,25565,53414,4275697,35687,47,0,0x0018
8773,2026-08-15T10:14:18.286039000-0500,53.419080000,192.168.0.148,192.168.0.178,53414,25565,35687,4275744,0,0,0x0010
8774,2026-08-15T10:14:18.292343000-0500,53.425384000,192.168.0.148,192.168.0.178,53414,25565,35687,4275744,28,0,0x0018
8775,2026-08-15T10:14:18.293066000-0500,53.426107000,192.168.0.148,192.168.0.178,53414,25565,35715,4275744,3,0,0x0018
8776,2026-08-15T10:14:18.295512000-0500,53.428553000,192.168.0.178,192.168.0.148,25565,53414,4275744,35718,0,0,0x0010
8777,2026-08-15T10:14:18.334771000-0500,53.467812000,192.168.0.178,192.168.0.148,25565,53414,4275744,35718,1460,0,0x0010
8778,2026-08-15T10:14:18.334771000-0500,53.467812000,192.168.0.178,192.168.0.148,25565,53414,4277204,35718,1460,0,0x0010
8779,2026-08-15T10:14:18.334817000-0500,53.467858000,192.168.0.148,192.168.0.178,53414,25565,35718,4278664,0,0,0x0010
8780,2026-08-15T10:14:18.334873000-0500,53.467914000,192.168.0.178,192.168.0.148,25565,53414,4278664,35718,1460,0,0x0010
8781,2026-08-15T10:14:18.335012000-0500,53.468053000,192.168.0.178,192.168.0.148,25565,53414,4280124,35718,1460,0,0x0010
8782,2026-08-15T10:14:18.335030000-0500,53.468071000,192.168.0.148,192.168.0.178,53414,25565,35718,4281584,0,0,0x0010
8783,2026-08-15T10:14:18.335098000-0500,53.468139000,192.168.0.178,192.168.0.148,25565,53414,4281584,35718,1460,0,0x0010
8784,2026-08-15T10:14:18.335344000-0500,53.468385000,192.168.0.178,192.168.0.148,25565,53414,4283044,35718,1460,0,0x0010
8785,2026-08-15T10:14:18.335344000-0500,53.468385000,192.168.0.178,192.168.0.148,25565,53414,4284504,35718,1460,0,0x0010
8786,2026-08-15T10:14:18.335362000-0500,53.468403000,192.168.0.148,192.168.0.178,53414,25565,35718,4285964,0,0,0x0010
8787,2026-08-15T10:14:18.335574000-0500,53.468615000,192.168.0.178,192.168.0.148,25565,53414,4285964,35718,1460,0,0x0010
8788,2026-08-15T10:14:18.335594000-0500,53.468635000,192.168.0.148,192.168.0.178,53414,25565,35718,4287424,0,0,0x0010
8789,2026-08-15T10:14:18.335623000-0500,53.468664000,192.168.0.178,192.168.0.148,25565,53414,4287424,35718,1460,0,0x0018
8790,2026-08-15T10:14:18.335893000-0500,53.468934000,192.168.0.178,192.168.0.148,25565,53414,4288884,35718,1460,0,0x0010
8791,2026-08-15T10:14:18.335893000-0500,53.468934000,192.168.0.178,192.168.0.148,25565,53414,4290344,35718,108,0,0x0018
8792,2026-08-15T10:14:18.335916000-0500,53.468957000,192.168.0.148,192.168.0.178,53414,25565,35718,4290452,0,0,0x0010
8793,2026-08-15T10:14:18.342266000-0500,53.475307000,192.168.0.148,192.168.0.178,53414,25565,35718,4290452,28,0,0x0018
8794,2026-08-15T10:14:18.343009000-0500,53.476050000,192.168.0.148,192.168.0.178,53414,25565,35746,4290452,3,0,0x0018
8795,2026-08-15T10:14:18.343685000-0500,53.476726000,192.168.0.178,192.168.0.148,25565,53414,4290452,35749,0,0,0x0010
8796,2026-08-15T10:14:18.392330000-0500,53.525371000,192.168.0.148,192.168.0.178,53414,25565,35749,4290452,28,0,0x0018
8797,2026-08-15T10:14:18.393155000-0500,53.526196000,192.168.0.148,192.168.0.178,53414,25565,35777,4290452,3,0,0x0018
8798,2026-08-15T10:14:18.394707000-0500,53.527748000,192.168.0.178,192.168.0.148,25565,53414,4290452,35780,0,0,0x0010
8799,2026-08-15T10:14:18.401062000-0500,53.534103000,192.168.0.178,192.168.0.148,25565,53414,4290452,35780,1460,0,0x0010
8800,2026-08-15T10:14:18.401062000-0500,53.534103000,192.168.0.178,192.168.0.148,25565,53414,4291912,35780,1460,0,0x0010
8801,2026-08-15T10:14:18.401097000-0500,53.534138000,192.168.0.148,192.168.0.178,53414,25565,35780,4293372,0,0,0x0010
8802,2026-08-15T10:14:18.401159000-0500,53.534200000,192.168.0.178,192.168.0.148,25565,53414,4293372,35780,1460,0,0x0010
8803,2026-08-15T10:14:18.401408000-0500,53.534449000,192.168.0.178,192.168.0.148,25565,53414,4294832,35780,1460,0,0x0010
8804,2026-08-15T10:14:18.401408000-0500,53.534449000,192.168.0.178,192.168.0.148,25565,53414,4296292,35780,1460,0,0x0010
8805,2026-08-15T10:14:18.401428000-0500,53.534469000,192.168.0.148,192.168.0.178,53414,25565,35780,4297752,0,0,0x0010
8806,2026-08-15T10:14:18.401634000-0500,53.534675000,192.168.0.178,192.168.0.148,25565,53414,4297752,35780,1460,0,0x0010
8807,2026-08-15T10:14:18.401653000-0500,53.534694000,192.168.0.148,192.168.0.178,53414,25565,35780,4299212,0,0,0x0010
8808,2026-08-15T10:14:18.401687000-0500,53.534728000,192.168.0.178,192.168.0.148,25565,53414,4299212,35780,1460,0,0x0010
8809,2026-08-15T10:14:18.401811000-0500,53.534852000,192.168.0.178,192.168.0.148,25565,53414,4300672,35780,1460,0,0x0010
8810,2026-08-15T10:14:18.401830000-0500,53.534871000,192.168.0.148,192.168.0.178,53414,25565,35780,4302132,0,0,0x0010
8811,2026-08-15T10:14:18.401938000-0500,53.534979000,192.168.0.178,192.168.0.148,25565,53414,4302132,35780,1460,0,0x0018
8812,2026-08-15T10:14:18.402169000-0500,53.535210000,192.168.0.178,192.168.0.148,25565,53414,4303592,35780,1460,0,0x0010
8813,2026-08-15T10:14:18.402169000-0500,53.535210000,192.168.0.178,192.168.0.148,25565,53414,4305052,35780,1460,0,0x0010
8814,2026-08-15T10:14:18.402189000-0500,53.535230000,192.168.0.148,192.168.0.178,53414,25565,35780,4306512,0,0,0x0010
8815,2026-08-15T10:14:18.402398000-0500,53.535439000,192.168.0.178,192.168.0.148,25565,53414,4306512,35780,1460,0,0x0010
8816,2026-08-15T10:14:18.402398000-0500,53.535439000,192.168.0.178,192.168.0.148,25565,53414,4307972,35780,1460,0,0x0010
8817,2026-08-15T10:14:18.402419000-0500,53.535460000,192.168.0.148,192.168.0.178,53414,25565,35780,4309432,0,0,0x0010
8818,2026-08-15T10:14:18.402627000-0500,53.535668000,192.168.0.178,192.168.0.148,25565,53414,4309432,35780,1460,0,0x0010
8819,2026-08-15T10:14:18.402627000-0500,53.535668000,192.168.0.178,192.168.0.148,25565,53414,4310892,35780,1051,0,0x0018
8820,2026-08-15T10:14:18.402651000-0500,53.535692000,192.168.0.148,192.168.0.178,53414,25565,35780,4311943,0,0,0x0010
8821,2026-08-15T10:14:18.428766000-0500,53.561807000,192.168.0.178,192.168.0.148,25565,53414,4311943,35780,123,0,0x0018
8822,2026-08-15T10:14:18.428813000-0500,53.561854000,192.168.0.148,192.168.0.178,53414,25565,35780,4312066,0,0,0x0010
8823,2026-08-15T10:14:18.442798000-0500,53.575839000,192.168.0.148,192.168.0.178,53414,25565,35780,4312066,28,0,0x0018
8824,2026-08-15T10:14:18.444006000-0500,53.577047000,192.168.0.148,192.168.0.178,53414,25565,35808,4312066,3,0,0x0018
8825,2026-08-15T10:14:18.448709000-0500,53.581750000,192.168.0.178,192.168.0.148,25565,53414,4312066,35811,0,0,0x0010
8826,2026-08-15T10:14:18.484917000-0500,53.617958000,192.168.0.178,192.168.0.148,25565,53414,4312066,35811,726,0,0x0018
8827,2026-08-15T10:14:18.485123000-0500,53.618164000,192.168.0.148,192.168.0.178,53414,25565,35811,4312792,11,0,0x0018
8828,2026-08-15T10:14:18.492993000-0500,53.626034000,192.168.0.148,192.168.0.178,53414,25565,35822,4312792,28,0,0x0018
8829,2026-08-15T10:14:18.493795000-0500,53.626836000,192.168.0.178,192.168.0.148,25565,53414,4312792,35850,0,0,0x0010
8830,2026-08-15T10:14:18.494168000-0500,53.627209000,192.168.0.148,192.168.0.178,53414,25565,35850,4312792,3,0,0x0018
8831,2026-08-15T10:14:18.530536000-0500,53.663577000,192.168.0.178,192.168.0.148,25565,53414,4312792,35853,411,0,0x0018
8832,2026-08-15T10:14:18.543464000-0500,53.676505000,192.168.0.148,192.168.0.178,53414,25565,35853,4313203,36,0,0x0018
8833,2026-08-15T10:14:18.544932000-0500,53.677973000,192.168.0.148,192.168.0.178,53414,25565,35889,4313203,3,0,0x0018
8834,2026-08-15T10:14:18.545609000-0500,53.678650000,192.168.0.178,192.168.0.148,25565,53414,4313203,35892,0,0,0x0010
8835,2026-08-15T10:14:18.577489000-0500,53.710530000,192.168.0.178,192.168.0.148,25565,53414,4313203,35892,241,0,0x0018
8836,2026-08-15T10:14:18.593158000-0500,53.726199000,192.168.0.148,192.168.0.178,53414,25565,35892,4313444,36,0,0x0018
8837,2026-08-15T10:14:18.594393000-0500,53.727434000,192.168.0.148,192.168.0.178,53414,25565,35928,4313444,3,0,0x0018
8838,2026-08-15T10:14:18.595160000-0500,53.728201000,192.168.0.178,192.168.0.148,25565,53414,4313444,35931,0,0,0x0010
8839,2026-08-15T10:14:18.629165000-0500,53.762206000,192.168.0.178,192.168.0.148,25565,53414,4313444,35931,845,0,0x0018
8840,2026-08-15T10:14:18.642953000-0500,53.775994000,192.168.0.148,192.168.0.178,53414,25565,35931,4314289,36,0,0x0018
8841,2026-08-15T10:14:18.644135000-0500,53.777176000,192.168.0.148,192.168.0.178,53414,25565,35967,4314289,3,0,0x0018
8842,2026-08-15T10:14:18.644694000-0500,53.777735000,192.168.0.178,192.168.0.148,25565,53414,4314289,35970,0,0,0x0010
8843,2026-08-15T10:14:18.678559000-0500,53.811600000,192.168.0.178,192.168.0.148,25565,53414,4314289,35970,278,0,0x0018
8844,2026-08-15T10:14:18.692878000-0500,53.825919000,192.168.0.148,192.168.0.178,53414,25565,35970,4314567,4,0,0x0018
8845,2026-08-15T10:14:18.692982000-0500,53.826023000,192.168.0.148,192.168.0.178,53414,25565,35974,4314567,36,0,0x0018
8846,2026-08-15T10:14:18.693703000-0500,53.826744000,192.168.0.178,192.168.0.148,25565,53414,4314567,36010,0,0,0x0010
8847,2026-08-15T10:14:18.693821000-0500,53.826862000,192.168.0.148,192.168.0.178,53414,25565,36010,4314567,3,0,0x0018
8848,2026-08-15T10:14:18.694063000-0500,53.827104000,192.168.0.178,192.168.0.148,25565,53414,4314567,36010,11,0,0x0018
8849,2026-08-15T10:14:18.694125000-0500,53.827166000,192.168.0.178,192.168.0.148,25565,53414,4314578,36010,11,0,0x0018
8850,2026-08-15T10:14:18.694137000-0500,53.827178000,192.168.0.148,192.168.0.178,53414,25565,36013,4314589,0,0,0x0010
8851,2026-08-15T10:14:18.694157000-0500,53.827198000,192.168.0.178,192.168.0.148,25565,53414,4314589,36010,11,0,0x0018
8852,2026-08-15T10:14:18.694168000-0500,53.827209000,192.168.0.178,192.168.0.148,25565,53414,4314600,36010,11,0,0x0018
8853,2026-08-15T10:14:18.694171000-0500,53.827212000,192.168.0.148,192.168.0.178,53414,25565,36013,4314611,0,0,0x0010
8854,2026-08-15T10:14:18.694399000-0500,53.827440000,192.168.0.178,192.168.0.148,25565,53414,4314611,36013,11,0,0x0018
8855,2026-08-15T10:14:18.694399000-0500,53.827440000,192.168.0.178,192.168.0.148,25565,53414,4314622,36013,11,0,0x0018
8856,2026-08-15T10:14:18.694399000-0500,53.827440000,192.168.0.178,192.168.0.148,25565,53414,4314633,36013,11,0,0x0018
8857,2026-08-15T10:14:18.694399000-0500,53.827440000,192.168.0.178,192.168.0.148,25565,53414,4314644,36013,11,0,0x0018
8858,2026-08-15T10:14:18.694399000-0500,53.827440000,192.168.0.178,192.168.0.148,25565,53414,4314655,36013,11,0,0x0018
8859,2026-08-15T10:14:18.694423000-0500,53.827464000,192.168.0.148,192.168.0.178,53414,25565,36013,4314666,0,0,0x0010
8860,2026-08-15T10:14:18.694484000-0500,53.827525000,192.168.0.178,192.168.0.148,25565,53414,4314666,36013,11,0,0x0018
8861,2026-08-15T10:14:18.694484000-0500,53.827525000,192.168.0.178,192.168.0.148,25565,53414,4314677,36013,11,0,0x0018
8862,2026-08-15T10:14:18.694490000-0500,53.827531000,192.168.0.148,192.168.0.178,53414,25565,36013,4314688,0,0,0x0010
8863,2026-08-15T10:14:18.694538000-0500,53.827579000,192.168.0.178,192.168.0.148,25565,53414,4314688,36013,11,0,0x0018
8864,2026-08-15T10:14:18.694542000-0500,53.827583000,192.168.0.148,192.168.0.178,53414,25565,36013,4314699,0,0,0x0010
8865,2026-08-15T10:14:18.694730000-0500,53.827771000,192.168.0.178,192.168.0.148,25565,53414,4314699,36013,11,0,0x0018
8866,2026-08-15T10:14:18.694730000-0500,53.827771000,192.168.0.178,192.168.0.148,25565,53414,4314710,36013,11,0,0x0018
8867,2026-08-15T10:14:18.694730000-0500,53.827771000,192.168.0.178,192.168.0.148,25565,53414,4314721,36013,11,0,0x0018
8868,2026-08-15T10:14:18.694758000-0500,53.827799000,192.168.0.148,192.168.0.178,53414,25565,36013,4314732,0,0,0x0010
8869,2026-08-15T10:14:18.694834000-0500,53.827875000,192.168.0.178,192.168.0.148,25565,53414,4314732,36013,11,0,0x0018
8870,2026-08-15T10:14:18.694834000-0500,53.827875000,192.168.0.178,192.168.0.148,25565,53414,4314743,36013,11,0,0x0018
8871,2026-08-15T10:14:18.694839000-0500,53.827880000,192.168.0.148,192.168.0.178,53414,25565,36013,4314754,0,0,0x0010
8872,2026-08-15T10:14:18.694848000-0500,53.827889000,192.168.0.178,192.168.0.148,25565,53414,4314754,36013,11,0,0x0018
8873,2026-08-15T10:14:18.694851000-0500,53.827892000,192.168.0.148,192.168.0.178,53414,25565,36013,4314765,0,0,0x0010
8874,2026-08-15T10:14:18.695015000-0500,53.828056000,192.168.0.178,192.168.0.148,25565,53414,4314765,36013,11,0,0x0018
8875,2026-08-15T10:14:18.695015000-0500,53.828056000,192.168.0.178,192.168.0.148,25565,53414,4314776,36013,13,0,0x0018
8876,2026-08-15T10:14:18.695034000-0500,53.828075000,192.168.0.148,192.168.0.178,53414,25565,36013,4314789,0,0,0x0010
8877,2026-08-15T10:14:18.729337000-0500,53.862378000,192.168.0.178,192.168.0.148,25565,53414,4314789,36013,143,0,0x0018
8878,2026-08-15T10:14:18.742681000-0500,53.875722000,192.168.0.148,192.168.0.178,53414,25565,36013,4314932,4,0,0x0018
8879,2026-08-15T10:14:18.742707000-0500,53.875748000,192.168.0.148,192.168.0.178,53414,25565,36017,4314932,36,0,0x0018
8880,2026-08-15T10:14:18.743490000-0500,53.876531000,192.168.0.178,192.168.0.148,25565,53414,4314932,36053,0,0,0x0010
8881,2026-08-15T10:14:18.743763000-0500,53.876804000,192.168.0.148,192.168.0.178,53414,25565,36053,4314932,3,0,0x0018
8882,2026-08-15T10:14:18.780132000-0500,53.913173000,192.168.0.178,192.168.0.148,25565,53414,4314932,36056,687,0,0x0018
8883,2026-08-15T10:14:18.793734000-0500,53.926775000,192.168.0.148,192.168.0.178,53414,25565,36056,4315619,36,0,0x0018
8884,2026-08-15T10:14:18.795026000-0500,53.928067000,192.168.0.148,192.168.0.178,53414,25565,36092,4315619,3,0,0x0018
8885,2026-08-15T10:14:18.796700000-0500,53.929741000,192.168.0.178,192.168.0.148,25565,53414,4315619,36095,0,0,0x0010
8886,2026-08-15T10:14:18.833157000-0500,53.966198000,192.168.0.178,192.168.0.148,25565,53414,4315619,36095,1460,0,0x0010
8887,2026-08-15T10:14:18.833157000-0500,53.966198000,192.168.0.178,192.168.0.148,25565,53414,4317079,36095,1460,0,0x0010
8888,2026-08-15T10:14:18.833221000-0500,53.966262000,192.168.0.148,192.168.0.178,53414,25565,36095,4318539,0,0,0x0010
8889,2026-08-15T10:14:18.833271000-0500,53.966312000,192.168.0.178,192.168.0.148,25565,53414,4318539,36095,1460,0,0x0010
8890,2026-08-15T10:14:18.833495000-0500,53.966536000,192.168.0.178,192.168.0.148,25565,53414,4319999,36095,1460,0,0x0010
8891,2026-08-15T10:14:18.833495000-0500,53.966536000,192.168.0.178,192.168.0.148,25565,53414,4321459,36095,1460,0,0x0010
8892,2026-08-15T10:14:18.833533000-0500,53.966574000,192.168.0.148,192.168.0.178,53414,25565,36095,4322919,0,0,0x0010
8893,2026-08-15T10:14:18.833600000-0500,53.966641000,192.168.0.178,192.168.0.148,25565,53414,4322919,36095,1460,0,0x0010
8894,2026-08-15T10:14:18.833609000-0500,53.966650000,192.168.0.148,192.168.0.178,53414,25565,36095,4324379,0,0,0x0010
8895,2026-08-15T10:14:18.833833000-0500,53.966874000,192.168.0.178,192.168.0.148,25565,53414,4324379,36095,1460,0,0x0010
8896,2026-08-15T10:14:18.833898000-0500,53.966939000,192.168.0.178,192.168.0.148,25565,53414,4325839,36095,1460,0,0x0010
8897,2026-08-15T10:14:18.833920000-0500,53.966961000,192.168.0.148,192.168.0.178,53414,25565,36095,4327299,0,0,0x0010
8898,2026-08-15T10:14:18.833973000-0500,53.967014000,192.168.0.178,192.168.0.148,25565,53414,4327299,36095,1460,0,0x0018
8899,2026-08-15T10:14:18.834224000-0500,53.967265000,192.168.0.178,192.168.0.148,25565,53414,4328759,36095,1460,0,0x0010
8900,2026-08-15T10:14:18.834224000-0500,53.967265000,192.168.0.178,192.168.0.148,25565,53414,4330219,36095,1460,0,0x0010
8901,2026-08-15T10:14:18.834263000-0500,53.967304000,192.168.0.148,192.168.0.178,53414,25565,36095,4331679,0,0,0x0010
8902,2026-08-15T10:14:18.834294000-0500,53.967335000,192.168.0.178,192.168.0.148,25565,53414,4331679,36095,327,0,0x0018
8903,2026-08-15T10:14:18.834306000-0500,53.967347000,192.168.0.148,192.168.0.178,53414,25565,36095,4332006,0,0,0x0010
8904,2026-08-15T10:14:18.842208000-0500,53.975249000,192.168.0.148,192.168.0.178,53414,25565,36095,4332006,36,0,0x0018
8905,2026-08-15T10:14:18.842980000-0500,53.976021000,192.168.0.148,192.168.0.178,53414,25565,36131,4332006,3,0,0x0018
8906,2026-08-15T10:14:18.843657000-0500,53.976698000,192.168.0.178,192.168.0.148,25565,53414,4332006,36134,0,0,0x0010
8907,2026-08-15T10:14:18.879089000-0500,54.012130000,192.168.0.178,192.168.0.148,25565,53414,4332006,36134,1460,0,0x0010
8908,2026-08-15T10:14:18.879089000-0500,54.012130000,192.168.0.178,192.168.0.148,25565,53414,4333466,36134,1460,0,0x0010
8909,2026-08-15T10:14:18.879139000-0500,54.012180000,192.168.0.148,192.168.0.178,53414,25565,36134,4334926,0,0,0x0010
8910,2026-08-15T10:14:18.879173000-0500,54.012214000,192.168.0.178,192.168.0.148,25565,53414,4334926,36134,1460,0,0x0010
8911,2026-08-15T10:14:18.879418000-0500,54.012459000,192.168.0.178,192.168.0.148,25565,53414,4336386,36134,1460,0,0x0010
8912,2026-08-15T10:14:18.879418000-0500,54.012459000,192.168.0.178,192.168.0.148,25565,53414,4337846,36134,1460,0,0x0010
8913,2026-08-15T10:14:18.879440000-0500,54.012481000,192.168.0.148,192.168.0.178,53414,25565,36134,4339306,0,0,0x0010
8914,2026-08-15T10:14:18.879649000-0500,54.012690000,192.168.0.178,192.168.0.148,25565,53414,4339306,36134,1460,0,0x0010
8915,2026-08-15T10:14:18.879671000-0500,54.012712000,192.168.0.148,192.168.0.178,53414,25565,36134,4340766,0,0,0x0010
8916,2026-08-15T10:14:18.879701000-0500,54.012742000,192.168.0.178,192.168.0.148,25565,53414,4340766,36134,1460,0,0x0010
8917,2026-08-15T10:14:18.879919000-0500,54.012960000,192.168.0.178,192.168.0.148,25565,53414,4342226,36134,1460,0,0x0010
8918,2026-08-15T10:14:18.879919000-0500,54.012960000,192.168.0.178,192.168.0.148,25565,53414,4343686,36134,1460,0,0x0018
8919,2026-08-15T10:14:18.879939000-0500,54.012980000,192.168.0.148,192.168.0.178,53414,25565,36134,4345146,0,0,0x0010
8920,2026-08-15T10:14:18.880125000-0500,54.013166000,192.168.0.178,192.168.0.148,25565,53414,4345146,36134,1460,0,0x0010
8921,2026-08-15T10:14:18.880145000-0500,54.013186000,192.168.0.148,192.168.0.178,53414,25565,36134,4346606,0,0,0x0010
8922,2026-08-15T10:14:18.880211000-0500,54.013252000,192.168.0.178,192.168.0.148,25565,53414,4346606,36134,1460,0,0x0010
8923,2026-08-15T10:14:18.880458000-0500,54.013499000,192.168.0.178,192.168.0.148,25565,53414,4348066,36134,1460,0,0x0010
8924,2026-08-15T10:14:18.880458000-0500,54.013499000,192.168.0.178,192.168.0.148,25565,53414,4349526,36134,1460,0,0x0010
8925,2026-08-15T10:14:18.880477000-0500,54.013518000,192.168.0.148,192.168.0.178,53414,25565,36134,4350986,0,0,0x0010
8926,2026-08-15T10:14:18.880687000-0500,54.013728000,192.168.0.178,192.168.0.148,25565,53414,4350986,36134,1460,0,0x0010
8927,2026-08-15T10:14:18.880687000-0500,54.013728000,192.168.0.178,192.168.0.148,25565,53414,4352446,36134,1,0,0x0018
8928,2026-08-15T10:14:18.880708000-0500,54.013749000,192.168.0.148,192.168.0.178,53414,25565,36134,4352447,0,0,0x0010
8929,2026-08-15T10:14:18.893556000-0500,54.026597000,192.168.0.148,192.168.0.178,53414,25565,36134,4352447,28,0,0x0018
8930,2026-08-15T10:14:18.894870000-0500,54.027911000,192.168.0.148,192.168.0.178,53414,25565,36162,4352447,3,0,0x0018
8931,2026-08-15T10:14:18.895557000-0500,54.028598000,192.168.0.178,192.168.0.148,25565,53414,4352447,36165,0,0,0x0010
8932,2026-08-15T10:14:18.929294000-0500,54.062335000,192.168.0.178,192.168.0.148,25565,53414,4352447,36165,1460,0,0x0010
8933,2026-08-15T10:14:18.929294000-0500,54.062335000,192.168.0.178,192.168.0.148,25565,53414,4353907,36165,1460,0,0x0010
8934,2026-08-15T10:14:18.929348000-0500,54.062389000,192.168.0.148,192.168.0.178,53414,25565,36165,4355367,0,0,0x0010
8935,2026-08-15T10:14:18.929508000-0500,54.062549000,192.168.0.178,192.168.0.148,25565,53414,4355367,36165,1460,0,0x0010
8936,2026-08-15T10:14:18.929557000-0500,54.062598000,192.168.0.178,192.168.0.148,25565,53414,4356827,36165,1460,0,0x0010
8937,2026-08-15T10:14:18.929565000-0500,54.062606000,192.168.0.148,192.168.0.178,53414,25565,36165,4358287,0,0,0x0010
8938,2026-08-15T10:14:18.929773000-0500,54.062814000,192.168.0.178,192.168.0.148,25565,53414,4358287,36165,1460,0,0x0010
8939,2026-08-15T10:14:18.929805000-0500,54.062846000,192.168.0.178,192.168.0.148,25565,53414,4359747,36165,1460,0,0x0010
8940,2026-08-15T10:14:18.929812000-0500,54.062853000,192.168.0.148,192.168.0.178,53414,25565,36165,4361207,0,0,0x0010
8941,2026-08-15T10:14:18.930012000-0500,54.063053000,192.168.0.178,192.168.0.148,25565,53414,4361207,36165,1460,0,0x0010
8942,2026-08-15T10:14:18.930012000-0500,54.063053000,192.168.0.178,192.168.0.148,25565,53414,4362667,36165,1460,0,0x0010
8943,2026-08-15T10:14:18.930037000-0500,54.063078000,192.168.0.148,192.168.0.178,53414,25565,36165,4364127,0,0,0x0010
8944,2026-08-15T10:14:18.930237000-0500,54.063278000,192.168.0.178,192.168.0.148,25565,53414,4364127,36165,1460,0,0x0018
8945,2026-08-15T10:14:18.930297000-0500,54.063338000,192.168.0.178,192.168.0.148,25565,53414,4365587,36165,1460,0,0x0010
8946,2026-08-15T10:14:18.930309000-0500,54.063350000,192.168.0.148,192.168.0.178,53414,25565,36165,4367047,0,0,0x0010
8947,2026-08-15T10:14:18.930505000-0500,54.063546000,192.168.0.178,192.168.0.148,25565,53414,4367047,36165,1460,0,0x0010
8948,2026-08-15T10:14:18.930505000-0500,54.063546000,192.168.0.178,192.168.0.148,25565,53414,4368507,36165,1460,0,0x0010
8949,2026-08-15T10:14:18.930533000-0500,54.063574000,192.168.0.148,192.168.0.178,53414,25565,36165,4369967,0,0,0x0010
8950,2026-08-15T10:14:18.930570000-0500,54.063611000,192.168.0.178,192.168.0.148,25565,53414,4369967,36165,268,0,0x0018
8951,2026-08-15T10:14:18.942829000-0500,54.075870000,192.168.0.148,192.168.0.178,53414,25565,36165,4370235,28,0,0x0018
8952,2026-08-15T10:14:18.943538000-0500,54.076579000,192.168.0.148,192.168.0.178,53414,25565,36193,4370235,3,0,0x0018
8953,2026-08-15T10:14:18.945258000-0500,54.078299000,192.168.0.178,192.168.0.148,25565,53414,4370235,36196,0,0,0x0010
8954,2026-08-15T10:14:18.979911000-0500,54.112952000,192.168.0.178,192.168.0.148,25565,53414,4370235,36196,1460,0,0x0010
8955,2026-08-15T10:14:18.979911000-0500,54.112952000,192.168.0.178,192.168.0.148,25565,53414,4371695,36196,1460,0,0x0010
8956,2026-08-15T10:14:18.979964000-0500,54.113005000,192.168.0.148,192.168.0.178,53414,25565,36196,4373155,0,0,0x0010
8957,2026-08-15T10:14:18.980010000-0500,54.113051000,192.168.0.178,192.168.0.148,25565,53414,4373155,36196,1460,0,0x0010
8958,2026-08-15T10:14:18.980232000-0500,54.113273000,192.168.0.178,192.168.0.148,25565,53414,4374615,36196,1460,0,0x0010
8959,2026-08-15T10:14:18.980232000-0500,54.113273000,192.168.0.178,192.168.0.148,25565,53414,4376075,36196,1460,0,0x0010
8960,2026-08-15T10:14:18.980251000-0500,54.113292000,192.168.0.148,192.168.0.178,53414,25565,36196,4377535,0,0,0x0010
8961,2026-08-15T10:14:18.980461000-0500,54.113502000,192.168.0.178,192.168.0.148,25565,53414,4377535,36196,1460,0,0x0010
8962,2026-08-15T10:14:18.980483000-0500,54.113524000,192.168.0.148,192.168.0.178,53414,25565,36196,4378995,0,0,0x0010
8963,2026-08-15T10:14:18.980532000-0500,54.113573000,192.168.0.178,192.168.0.148,25565,53414,4378995,36196,1460,0,0x0010
8964,2026-08-15T10:14:18.980704000-0500,54.113745000,192.168.0.178,192.168.0.148,25565,53414,4380455,36196,1460,0,0x0010
8965,2026-08-15T10:14:18.980722000-0500,54.113763000,192.168.0.148,192.168.0.178,53414,25565,36196,4381915,0,0,0x0010
8966,2026-08-15T10:14:18.980754000-0500,54.113795000,192.168.0.178,192.168.0.148,25565,53414,4381915,36196,1460,0,0x0018
8967,2026-08-15T10:14:18.980893000-0500,54.113934000,192.168.0.178,192.168.0.148,25565,53414,4383375,36196,1460,0,0x0010
8968,2026-08-15T10:14:18.980911000-0500,54.113952000,192.168.0.148,192.168.0.178,53414,25565,36196,4384835,0,0,0x0010
8969,2026-08-15T10:14:18.981117000-0500,54.114158000,192.168.0.178,192.168.0.148,25565,53414,4384835,36196,1460,0,0x0010
8970,2026-08-15T10:14:18.981117000-0500,54.114158000,192.168.0.178,192.168.0.148,25565,53414,4386295,36196,1460,0,0x0010
8971,2026-08-15T10:14:18.981117000-0500,54.114158000,192.168.0.178,192.168.0.148,25565,53414,4387755,36196,35,0,0x0018
8972,2026-08-15T10:14:18.981137000-0500,54.114178000,192.168.0.148,192.168.0.178,53414,25565,36196,4387790,0,0,0x0010
8973,2026-08-15T10:14:18.992801000-0500,54.125842000,192.168.0.148,192.168.0.178,53414,25565,36196,4387790,4,0,0x0018
8974,2026-08-15T10:14:18.992821000-0500,54.125862000,192.168.0.148,192.168.0.178,53414,25565,36200,4387790,28,0,0x0018
8975,2026-08-15T10:14:18.993630000-0500,54.126671000,192.168.0.178,192.168.0.148,25565,53414,4387790,36228,0,0,0x0010
8976,2026-08-15T10:14:18.993836000-0500,54.126877000,192.168.0.148,192.168.0.178,53414,25565,36228,4387790,3,0,0x0018
8977,2026-08-15T10:14:19.035697000-0500,54.168738000,192.168.0.178,192.168.0.148,25565,53414,4387790,36231,1460,0,0x0010
8978,2026-08-15T10:14:19.035697000-0500,54.168738000,192.168.0.178,192.168.0.148,25565,53414,4389250,36231,1460,0,0x0010
8979,2026-08-15T10:14:19.035789000-0500,54.168830000,192.168.0.148,192.168.0.178,53414,25565,36231,4390710,0,0,0x0010
8980,2026-08-15T10:14:19.035836000-0500,54.168877000,192.168.0.178,192.168.0.148,25565,53414,4390710,36231,1460,0,0x0010
8981,2026-08-15T10:14:19.035889000-0500,54.168930000,192.168.0.178,192.168.0.148,25565,53414,4392170,36231,1460,0,0x0010
8982,2026-08-15T10:14:19.035898000-0500,54.168939000,192.168.0.148,192.168.0.178,53414,25565,36231,4393630,0,0,0x0010
8983,2026-08-15T10:14:19.036153000-0500,54.169194000,192.168.0.178,192.168.0.148,25565,53414,4393630,36231,1460,0,0x0010
8984,2026-08-15T10:14:19.036153000-0500,54.169194000,192.168.0.178,192.168.0.148,25565,53414,4395090,36231,1460,0,0x0010
8985,2026-08-15T10:14:19.036206000-0500,54.169247000,192.168.0.148,192.168.0.178,53414,25565,36231,4396550,0,0,0x0010
8986,2026-08-15T10:14:19.036272000-0500,54.169313000,192.168.0.178,192.168.0.148,25565,53414,4396550,36231,1460,0,0x0010
8987,2026-08-15T10:14:19.036540000-0500,54.169581000,192.168.0.178,192.168.0.148,25565,53414,4398010,36231,1460,0,0x0010
8988,2026-08-15T10:14:19.036540000-0500,54.169581000,192.168.0.178,192.168.0.148,25565,53414,4399470,36231,1460,0,0x0018
8989,2026-08-15T10:14:19.036585000-0500,54.169626000,192.168.0.148,192.168.0.178,53414,25565,36231,4400930,0,0,0x0010
8990,2026-08-15T10:14:19.036763000-0500,54.169804000,192.168.0.178,192.168.0.148,25565,53414,4400930,36231,1460,0,0x0010
8991,2026-08-15T10:14:19.036775000-0500,54.169816000,192.168.0.148,192.168.0.178,53414,25565,36231,4402390,0,0,0x0010
8992,2026-08-15T10:14:19.036793000-0500,54.169834000,192.168.0.178,192.168.0.148,25565,53414,4402390,36231,1460,0,0x0010
8993,2026-08-15T10:14:19.037047000-0500,54.170088000,192.168.0.178,192.168.0.148,25565,53414,4403850,36231,1460,0,0x0010
8994,2026-08-15T10:14:19.037047000-0500,54.170088000,192.168.0.178,192.168.0.148,25565,53414,4405310,36231,1460,0,0x0010
8995,2026-08-15T10:14:19.037102000-0500,54.170143000,192.168.0.148,192.168.0.178,53414,25565,36231,4406770,0,0,0x0010
8996,2026-08-15T10:14:19.037157000-0500,54.170198000,192.168.0.178,192.168.0.148,25565,53414,4406770,36231,1460,0,0x0010
8997,2026-08-15T10:14:19.037167000-0500,54.170208000,192.168.0.148,192.168.0.178,53414,25565,36231,4408230,0,0,0x0010
8998,2026-08-15T10:14:19.037433000-0500,54.170474000,192.168.0.178,192.168.0.148,25565,53414,4408230,36231,1460,0,0x0010
8999,2026-08-15T10:14:19.037433000-0500,54.170474000,192.168.0.178,192.168.0.148,25565,53414,4409690,36231,453,0,0x0018
9000,2026-08-15T10:14:19.037492000-0500,54.170533000,192.168.0.148,192.168.0.178,53414,25565,36231,4410143,0,0,0x0010
9001,2026-08-15T10:14:19.043967000-0500,54.177008000,192.168.0.148,192.168.0.178,53414,25565,36231,4410143,28,0,0x0018
9002,2026-08-15T10:14:19.045299000-0500,54.178340000,192.168.0.148,192.168.0.178,53414,25565,36259,4410143,3,0,0x0018
9003,2026-08-15T10:14:19.046143000-0500,54.179184000,192.168.0.178,192.168.0.148,25565,53414,4410143,36262,0,0,0x0010
9004,2026-08-15T10:14:19.079711000-0500,54.212752000,192.168.0.178,192.168.0.148,25565,53414,4410143,36262,946,0,0x0018
9005,2026-08-15T10:14:19.080047000-0500,54.213088000,192.168.0.178,192.168.0.148,25565,53414,4411089,36262,46,0,0x0018
9006,2026-08-15T10:14:19.080082000-0500,54.213123000,192.168.0.148,192.168.0.178,53414,25565,36262,4411135,0,0,0x0010
9007,2026-08-15T10:14:19.093576000-0500,54.226617000,192.168.0.148,192.168.0.178,53414,25565,36262,4411135,28,0,0x0018
9008,2026-08-15T10:14:19.095021000-0500,54.228062000,192.168.0.148,192.168.0.178,53414,25565,36290,4411135,3,0,0x0018
9009,2026-08-15T10:14:19.095797000-0500,54.228838000,192.168.0.178,192.168.0.148,25565,53414,4411135,36293,0,0,0x0010
9010,2026-08-15T10:14:19.132907000-0500,54.265948000,192.168.0.178,192.168.0.148,25565,53414,4411135,36293,402,0,0x0018
9011,2026-08-15T10:14:19.143662000-0500,54.276703000,192.168.0.148,192.168.0.178,53414,25565,36293,4411537,28,0,0x0018
9012,2026-08-15T10:14:19.144772000-0500,54.277813000,192.168.0.178,192.168.0.148,25565,53414,4411537,36321,46,0,0x0018
9013,2026-08-15T10:14:19.145215000-0500,54.278256000,192.168.0.148,192.168.0.178,53414,25565,36321,4411583,3,0,0x0018
9014,2026-08-15T10:14:19.178430000-0500,54.311471000,192.168.0.178,192.168.0.148,25565,53414,4411583,36324,312,0,0x0018
9015,2026-08-15T10:14:19.193381000-0500,54.326422000,192.168.0.148,192.168.0.178,53414,25565,36324,4411895,28,0,0x0018
9016,2026-08-15T10:14:19.194727000-0500,54.327768000,192.168.0.148,192.168.0.178,53414,25565,36352,4411895,3,0,0x0018
9017,2026-08-15T10:14:19.195421000-0500,54.328462000,192.168.0.178,192.168.0.148,25565,53414,4411895,36355,0,0,0x0010
9018,2026-08-15T10:14:19.228837000-0500,54.361878000,192.168.0.178,192.168.0.148,25565,53414,4411895,36355,835,0,0x0018
9019,2026-08-15T10:14:19.243312000-0500,54.376353000,192.168.0.148,192.168.0.178,53414,25565,36355,4412730,28,0,0x0018
9020,2026-08-15T10:14:19.244645000-0500,54.377686000,192.168.0.148,192.168.0.178,53414,25565,36383,4412730,3,0,0x0018
9021,2026-08-15T10:14:19.245536000-0500,54.378577000,192.168.0.178,192.168.0.148,25565,53414,4412730,36386,0,0,0x0010
9022,2026-08-15T10:14:19.279330000-0500,54.412371000,192.168.0.178,192.168.0.148,25565,53414,4412730,36386,620,0,0x0018
9023,2026-08-15T10:14:19.293598000-0500,54.426639000,192.168.0.148,192.168.0.178,53414,25565,36386,4413350,28,0,0x0018
9024,2026-08-15T10:14:19.295221000-0500,54.428262000,192.168.0.148,192.168.0.178,53414,25565,36414,4413350,3,0,0x0018
9025,2026-08-15T10:14:19.295911000-0500,54.428952000,192.168.0.178,192.168.0.148,25565,53414,4413350,36417,0,0,0x0010
9026,2026-08-15T10:14:19.329685000-0500,54.462726000,192.168.0.178,192.168.0.148,25565,53414,4413350,36417,135,0,0x0018
9027,2026-08-15T10:14:19.342637000-0500,54.475678000,192.168.0.148,192.168.0.178,53414,25565,36417,4413485,28,0,0x0018
9028,2026-08-15T10:14:19.343866000-0500,54.476907000,192.168.0.148,192.168.0.178,53414,25565,36445,4413485,3,0,0x0018
9029,2026-08-15T10:14:19.344558000-0500,54.477599000,192.168.0.178,192.168.0.148,25565,53414,4413485,36448,0,0,0x0010
9030,2026-08-15T10:14:19.381037000-0500,54.514078000,192.168.0.178,192.168.0.148,25565,53414,4413485,36448,659,0,0x0018
9031,2026-08-15T10:14:19.393467000-0500,54.526508000,192.168.0.148,192.168.0.178,53414,25565,36448,4414144,28,0,0x0018
9032,2026-08-15T10:14:19.395007000-0500,54.528048000,192.168.0.148,192.168.0.178,53414,25565,36476,4414144,3,0,0x0018
9033,2026-08-15T10:14:19.396880000-0500,54.529921000,192.168.0.178,192.168.0.148,25565,53414,4414144,36479,0,0,0x0010
9034,2026-08-15T10:14:19.428959000-0500,54.562000000,192.168.0.178,192.168.0.148,25565,53414,4414144,36479,157,0,0x0018
9035,2026-08-15T10:14:19.443563000-0500,54.576604000,192.168.0.148,192.168.0.178,53414,25565,36479,4414301,28,0,0x0018
9036,2026-08-15T10:14:19.445168000-0500,54.578209000,192.168.0.148,192.168.0.178,53414,25565,36507,4414301,3,0,0x0018
9037,2026-08-15T10:14:19.445791000-0500,54.578832000,192.168.0.178,192.168.0.148,25565,53414,4414301,36510,0,0,0x0010
9038,2026-08-15T10:14:19.478648000-0500,54.611689000,192.168.0.178,192.168.0.148,25565,53414,4414301,36510,182,0,0x0018
9039,2026-08-15T10:14:19.493715000-0500,54.626756000,192.168.0.148,192.168.0.178,53414,25565,36510,4414483,28,0,0x0018
9040,2026-08-15T10:14:19.495277000-0500,54.628318000,192.168.0.148,192.168.0.178,53414,25565,36538,4414483,3,0,0x0018
9041,2026-08-15T10:14:19.495936000-0500,54.628977000,192.168.0.178,192.168.0.148,25565,53414,4414483,36541,0,0,0x0010
9042,2026-08-15T10:14:19.528886000-0500,54.661927000,192.168.0.178,192.168.0.148,25565,53414,4414483,36541,661,0,0x0018
9043,2026-08-15T10:14:19.529160000-0500,54.662201000,192.168.0.148,192.168.0.178,53414,25565,36541,4415144,11,0,0x0018
9044,2026-08-15T10:14:19.543703000-0500,54.676744000,192.168.0.148,192.168.0.178,53414,25565,36552,4415144,28,0,0x0018
9045,2026-08-15T10:14:19.544413000-0500,54.677454000,192.168.0.178,192.168.0.148,25565,53414,4415144,36580,0,0,0x0010
9046,2026-08-15T10:14:19.545299000-0500,54.678340000,192.168.0.148,192.168.0.178,53414,25565,36580,4415144,3,0,0x0018
9047,2026-08-15T10:14:19.579020000-0500,54.712061000,192.168.0.178,192.168.0.148,25565,53414,4415144,36583,843,0,0x0018
9048,2026-08-15T10:14:19.593180000-0500,54.726221000,192.168.0.148,192.168.0.178,53414,25565,36583,4415987,28,0,0x0018
9049,2026-08-15T10:14:19.594016000-0500,54.727057000,192.168.0.148,192.168.0.178,53414,25565,36611,4415987,3,0,0x0018
9050,2026-08-15T10:14:19.594835000-0500,54.727876000,192.168.0.178,192.168.0.148,25565,53414,4415987,36614,0,0,0x0010
9051,2026-08-15T10:14:19.630192000-0500,54.763233000,192.168.0.178,192.168.0.148,25565,53414,4415987,36614,198,0,0x0018
9052,2026-08-15T10:14:19.643059000-0500,54.776100000,192.168.0.148,192.168.0.178,53414,25565,36614,4416185,28,0,0x0018
9053,2026-08-15T10:14:19.643999000-0500,54.777040000,192.168.0.148,192.168.0.178,53414,25565,36642,4416185,3,0,0x0018
9054,2026-08-15T10:14:19.644091000-0500,54.777132000,192.168.0.178,192.168.0.148,25565,53414,4416185,36642,11,0,0x0018
9055,2026-08-15T10:14:19.644091000-0500,54.777132000,192.168.0.178,192.168.0.148,25565,53414,4416196,36642,22,0,0x0018
9056,2026-08-15T10:14:19.644123000-0500,54.777164000,192.168.0.148,192.168.0.178,53414,25565,36645,4416218,0,0,0x0010
9057,2026-08-15T10:14:19.644410000-0500,54.777451000,192.168.0.178,192.168.0.148,25565,53414,4416218,36645,189,0,0x0018
9058,2026-08-15T10:14:19.682815000-0500,54.815856000,192.168.0.178,192.168.0.148,25565,53414,4416407,36645,548,0,0x0018
9059,2026-08-15T10:14:19.682877000-0500,54.815918000,192.168.0.148,192.168.0.178,53414,25565,36645,4416955,0,0,0x0010
9060,2026-08-15T10:14:19.693194000-0500,54.826235000,192.168.0.148,192.168.0.178,53414,25565,36645,4416955,28,0,0x0018
9061,2026-08-15T10:14:19.694349000-0500,54.827390000,192.168.0.148,192.168.0.178,53414,25565,36673,4416955,3,0,0x0018
9062,2026-08-15T10:14:19.695185000-0500,54.828226000,192.168.0.178,192.168.0.148,25565,53414,4416955,36676,0,0,0x0010
9063,2026-08-15T10:14:19.733853000-0500,54.866894000,192.168.0.178,192.168.0.148,25565,53414,4416955,36676,346,0,0x0018
9064,2026-08-15T10:14:19.743412000-0500,54.876453000,192.168.0.148,192.168.0.178,53414,25565,36676,4417301,28,0,0x0018
9065,2026-08-15T10:14:19.744982000-0500,54.878023000,192.168.0.148,192.168.0.178,53414,25565,36704,4417301,3,0,0x0018
9066,2026-08-15T10:14:19.745747000-0500,54.878788000,192.168.0.178,192.168.0.148,25565,53414,4417301,36707,0,0,0x0010
9067,2026-08-15T10:14:19.782085000-0500,54.915126000,192.168.0.178,192.168.0.148,25565,53414,4417301,36707,1460,0,0x0010
9068,2026-08-15T10:14:19.782085000-0500,54.915126000,192.168.0.178,192.168.0.148,25565,53414,4418761,36707,1460,0,0x0010
9069,2026-08-15T10:14:19.782145000-0500,54.915186000,192.168.0.148,192.168.0.178,53414,25565,36707,4420221,0,0,0x0010
9070,2026-08-15T10:14:19.782195000-0500,54.915236000,192.168.0.178,192.168.0.148,25565,53414,4420221,36707,1460,0,0x0010
9071,2026-08-15T10:14:19.782423000-0500,54.915464000,192.168.0.178,192.168.0.148,25565,53414,4421681,36707,1460,0,0x0010
9072,2026-08-15T10:14:19.782423000-0500,54.915464000,192.168.0.178,192.168.0.148,25565,53414,4423141,36707,1460,0,0x0010
9073,2026-08-15T10:14:19.782455000-0500,54.915496000,192.168.0.148,192.168.0.178,53414,25565,36707,4424601,0,0,0x0010
9074,2026-08-15T10:14:19.782669000-0500,54.915710000,192.168.0.178,192.168.0.148,25565,53414,4424601,36707,1460,0,0x0010
9075,2026-08-15T10:14:19.782669000-0500,54.915710000,192.168.0.178,192.168.0.148,25565,53414,4426061,36707,1460,0,0x0010
9076,2026-08-15T10:14:19.782703000-0500,54.915744000,192.168.0.148,192.168.0.178,53414,25565,36707,4427521,0,0,0x0010
9077,2026-08-15T10:14:19.782919000-0500,54.915960000,192.168.0.178,192.168.0.148,25565,53414,4427521,36707,1460,0,0x0010
9078,2026-08-15T10:14:19.782919000-0500,54.915960000,192.168.0.178,192.168.0.148,25565,53414,4428981,36707,1460,0,0x0018
9079,2026-08-15T10:14:19.782958000-0500,54.915999000,192.168.0.148,192.168.0.178,53414,25565,36707,4430441,0,0,0x0010
9080,2026-08-15T10:14:19.783164000-0500,54.916205000,192.168.0.178,192.168.0.148,25565,53414,4430441,36707,1460,0,0x0010
9081,2026-08-15T10:14:19.783164000-0500,54.916205000,192.168.0.178,192.168.0.148,25565,53414,4431901,36707,1460,0,0x0010
9082,2026-08-15T10:14:19.783193000-0500,54.916234000,192.168.0.148,192.168.0.178,53414,25565,36707,4433361,0,0,0x0010
9083,2026-08-15T10:14:19.783245000-0500,54.916286000,192.168.0.178,192.168.0.148,25565,53414,4433361,36707,706,0,0x0018
9084,2026-08-15T10:14:19.783266000-0500,54.916307000,192.168.0.148,192.168.0.178,53414,25565,36707,4434067,0,0,0x0010
9085,2026-08-15T10:14:19.792440000-0500,54.925481000,192.168.0.148,192.168.0.178,53414,25565,36707,4434067,28,0,0x0018
9086,2026-08-15T10:14:19.793165000-0500,54.926206000,192.168.0.148,192.168.0.178,53414,25565,36735,4434067,3,0,0x0018
9087,2026-08-15T10:14:19.794044000-0500,54.927085000,192.168.0.178,192.168.0.148,25565,53414,4434067,36738,0,0,0x0010
9088,2026-08-15T10:14:19.830342000-0500,54.963383000,192.168.0.178,192.168.0.148,25565,53414,4434067,36738,1460,0,0x0010
9089,2026-08-15T10:14:19.830342000-0500,54.963383000,192.168.0.178,192.168.0.148,25565,53414,4435527,36738,1460,0,0x0010
9090,2026-08-15T10:14:19.830390000-0500,54.963431000,192.168.0.148,192.168.0.178,53414,25565,36738,4436987,0,0,0x0010
9091,2026-08-15T10:14:19.830442000-0500,54.963483000,192.168.0.178,192.168.0.148,25565,53414,4436987,36738,1460,0,0x0010
9092,2026-08-15T10:14:19.830667000-0500,54.963708000,192.168.0.178,192.168.0.148,25565,53414,4438447,36738,1460,0,0x0010
9093,2026-08-15T10:14:19.830667000-0500,54.963708000,192.168.0.178,192.168.0.148,25565,53414,4439907,36738,1460,0,0x0010
9094,2026-08-15T10:14:19.830689000-0500,54.963730000,192.168.0.148,192.168.0.178,53414,25565,36738,4441367,0,0,0x0010
9095,2026-08-15T10:14:19.830905000-0500,54.963946000,192.168.0.178,192.168.0.148,25565,53414,4441367,36738,1460,0,0x0010
9096,2026-08-15T10:14:19.830925000-0500,54.963966000,192.168.0.148,192.168.0.178,53414,25565,36738,4442827,0,0,0x0010
9097,2026-08-15T10:14:19.830986000-0500,54.964027000,192.168.0.178,192.168.0.148,25565,53414,4442827,36738,1460,0,0x0010
9098,2026-08-15T10:14:19.830986000-0500,54.964027000,192.168.0.178,192.168.0.148,25565,53414,4444287,36738,497,0,0x0018
9099,2026-08-15T10:14:19.830996000-0500,54.964037000,192.168.0.148,192.168.0.178,53414,25565,36738,4444784,0,0,0x0010
9100,2026-08-15T10:14:19.843524000-0500,54.976565000,192.168.0.148,192.168.0.178,53414,25565,36738,4444784,28,0,0x0018
9101,2026-08-15T10:14:19.844738000-0500,54.977779000,192.168.0.148,192.168.0.178,53414,25565,36766,4444784,3,0,0x0018
9102,2026-08-15T10:14:19.845527000-0500,54.978568000,192.168.0.178,192.168.0.148,25565,53414,4444784,36769,0,0,0x0010
9103,2026-08-15T10:14:19.879797000-0500,55.012838000,192.168.0.178,192.168.0.148,25565,53414,4444784,36769,1460,0,0x0010
9104,2026-08-15T10:14:19.879797000-0500,55.012838000,192.168.0.178,192.168.0.148,25565,53414,4446244,36769,1460,0,0x0010
9105,2026-08-15T10:14:19.879866000-0500,55.012907000,192.168.0.148,192.168.0.178,53414,25565,36769,4447704,0,0,0x0010
9106,2026-08-15T10:14:19.879914000-0500,55.012955000,192.168.0.178,192.168.0.148,25565,53414,4447704,36769,1460,0,0x0010
9107,2026-08-15T10:14:19.880125000-0500,55.013166000,192.168.0.178,192.168.0.148,25565,53414,4449164,36769,1460,0,0x0010
9108,2026-08-15T10:14:19.880125000-0500,55.013166000,192.168.0.178,192.168.0.148,25565,53414,4450624,36769,1460,0,0x0010
9109,2026-08-15T10:14:19.880151000-0500,55.013192000,192.168.0.148,192.168.0.178,53414,25565,36769,4452084,0,0,0x0010
9110,2026-08-15T10:14:19.880340000-0500,55.013381000,192.168.0.178,192.168.0.148,25565,53414,4452084,36769,1460,0,0x0010
9111,2026-08-15T10:14:19.880364000-0500,55.013405000,192.168.0.148,192.168.0.178,53414,25565,36769,4453544,0,0,0x0010
9112,2026-08-15T10:14:19.880405000-0500,55.013446000,192.168.0.178,192.168.0.148,25565,53414,4453544,36769,1460,0,0x0010
9113,2026-08-15T10:14:19.880618000-0500,55.013659000,192.168.0.178,192.168.0.148,25565,53414,4455004,36769,1460,0,0x0010
9114,2026-08-15T10:14:19.880618000-0500,55.013659000,192.168.0.178,192.168.0.148,25565,53414,4456464,36769,1460,0,0x0018
9115,2026-08-15T10:14:19.880643000-0500,55.013684000,192.168.0.148,192.168.0.178,53414,25565,36769,4457924,0,0,0x0010
9116,2026-08-15T10:14:19.880696000-0500,55.013737000,192.168.0.178,192.168.0.148,25565,53414,4457924,36769,872,0,0x0018
9117,2026-08-15T10:14:19.880703000-0500,55.013744000,192.168.0.148,192.168.0.178,53414,25565,36769,4458796,0,0,0x0010
9118,2026-08-15T10:14:19.893671000-0500,55.026712000,192.168.0.148,192.168.0.178,53414,25565,36769,4458796,28,0,0x0018
9119,2026-08-15T10:14:19.895020000-0500,55.028061000,192.168.0.148,192.168.0.178,53414,25565,36797,4458796,3,0,0x0018
9120,2026-08-15T10:14:19.895815000-0500,55.028856000,192.168.0.178,192.168.0.148,25565,53414,4458796,36800,0,0,0x0010
9121,2026-08-15T10:14:19.932680000-0500,55.065721000,192.168.0.178,192.168.0.148,25565,53414,4458796,36800,1460,0,0x0010
9122,2026-08-15T10:14:19.932680000-0500,55.065721000,192.168.0.178,192.168.0.148,25565,53414,4460256,36800,1460,0,0x0010
9123,2026-08-15T10:14:19.932743000-0500,55.065784000,192.168.0.148,192.168.0.178,53414,25565,36800,4461716,0,0,0x0010
9124,2026-08-15T10:14:19.932790000-0500,55.065831000,192.168.0.178,192.168.0.148,25565,53414,4461716,36800,1460,0,0x0010
9125,2026-08-15T10:14:19.933015000-0500,55.066056000,192.168.0.178,192.168.0.148,25565,53414,4463176,36800,1460,0,0x0010
9126,2026-08-15T10:14:19.933015000-0500,55.066056000,192.168.0.178,192.168.0.148,25565,53414,4464636,36800,1460,0,0x0010
9127,2026-08-15T10:14:19.933030000-0500,55.066071000,192.168.0.148,192.168.0.178,53414,25565,36800,4466096,0,0,0x0010
9128,2026-08-15T10:14:19.933259000-0500,55.066300000,192.168.0.178,192.168.0.148,25565,53414,4466096,36800,1460,0,0x0010
9129,2026-08-15T10:14:19.933259000-0500,55.066300000,192.168.0.178,192.168.0.148,25565,53414,4467556,36800,1460,0,0x0010
9130,2026-08-15T10:14:19.933277000-0500,55.066318000,192.168.0.148,192.168.0.178,53414,25565,36800,4469016,0,0,0x0010
9131,2026-08-15T10:14:19.933482000-0500,55.066523000,192.168.0.178,192.168.0.148,25565,53414,4469016,36800,1460,0,0x0010
9132,2026-08-15T10:14:19.933499000-0500,55.066540000,192.168.0.148,192.168.0.178,53414,25565,36800,4470476,0,0,0x0010
9133,2026-08-15T10:14:19.933574000-0500,55.066615000,192.168.0.178,192.168.0.148,25565,53414,4470476,36800,1460,0,0x0018
9134,2026-08-15T10:14:19.933745000-0500,55.066786000,192.168.0.178,192.168.0.148,25565,53414,4471936,36800,1460,0,0x0010
9135,2026-08-15T10:14:19.933762000-0500,55.066803000,192.168.0.148,192.168.0.178,53414,25565,36800,4473396,0,0,0x0010
9136,2026-08-15T10:14:19.933807000-0500,55.066848000,192.168.0.178,192.168.0.148,25565,53414,4473396,36800,1460,0,0x0010
9137,2026-08-15T10:14:19.933839000-0500,55.066880000,192.168.0.178,192.168.0.148,25565,53414,4474856,36800,991,0,0x0018
9138,2026-08-15T10:14:19.933849000-0500,55.066890000,192.168.0.148,192.168.0.178,53414,25565,36800,4475847,0,0,0x0010
9139,2026-08-15T10:14:19.942628000-0500,55.075669000,192.168.0.148,192.168.0.178,53414,25565,36800,4475847,28,0,0x0018
9140,2026-08-15T10:14:19.943405000-0500,55.076446000,192.168.0.148,192.168.0.178,53414,25565,36828,4475847,3,0,0x0018
9141,2026-08-15T10:14:19.943491000-0500,55.076532000,192.168.0.178,192.168.0.148,25565,53414,4475847,36828,46,0,0x0018
9142,2026-08-15T10:14:19.979897000-0500,55.112938000,192.168.0.178,192.168.0.148,25565,53414,4475893,36831,1460,0,0x0010
9143,2026-08-15T10:14:19.979897000-0500,55.112938000,192.168.0.178,192.168.0.148,25565,53414,4477353,36831,1460,0,0x0010
9144,2026-08-15T10:14:19.979953000-0500,55.112994000,192.168.0.148,192.168.0.178,53414,25565,36831,4478813,0,0,0x0010
9145,2026-08-15T10:14:19.980014000-0500,55.113055000,192.168.0.178,192.168.0.148,25565,53414,4478813,36831,1460,0,0x0010
9146,2026-08-15T10:14:19.980021000-0500,55.113062000,192.168.0.148,192.168.0.178,53414,25565,36831,4480273,0,0,0x0010
9147,2026-08-15T10:14:19.980234000-0500,55.113275000,192.168.0.178,192.168.0.148,25565,53414,4480273,36831,1460,0,0x0010
9148,2026-08-15T10:14:19.980234000-0500,55.113275000,192.168.0.178,192.168.0.148,25565,53414,4481733,36831,1460,0,0x0010
9149,2026-08-15T10:14:19.980254000-0500,55.113295000,192.168.0.148,192.168.0.178,53414,25565,36831,4483193,0,0,0x0010
9150,2026-08-15T10:14:19.980471000-0500,55.113512000,192.168.0.178,192.168.0.148,25565,53414,4483193,36831,1460,0,0x0010
9151,2026-08-15T10:14:19.980471000-0500,55.113512000,192.168.0.178,192.168.0.148,25565,53414,4484653,36831,1460,0,0x0010
9152,2026-08-15T10:14:19.980492000-0500,55.113533000,192.168.0.148,192.168.0.178,53414,25565,36831,4486113,0,0,0x0010
9153,2026-08-15T10:14:19.980708000-0500,55.113749000,192.168.0.178,192.168.0.148,25565,53414,4486113,36831,1460,0,0x0010
9154,2026-08-15T10:14:19.980777000-0500,55.113818000,192.168.0.178,192.168.0.148,25565,53414,4487573,36831,1460,0,0x0018
9155,2026-08-15T10:14:19.980786000-0500,55.113827000,192.168.0.148,192.168.0.178,53414,25565,36831,4489033,0,0,0x0010
9156,2026-08-15T10:14:19.980847000-0500,55.113888000,192.168.0.178,192.168.0.148,25565,53414,4489033,36831,1460,0,0x0010
9157,2026-08-15T10:14:19.981093000-0500,55.114134000,192.168.0.178,192.168.0.148,25565,53414,4490493,36831,1460,0,0x0010
9158,2026-08-15T10:14:19.981093000-0500,55.114134000,192.168.0.178,192.168.0.148,25565,53414,4491953,36831,1460,0,0x0010
9159,2026-08-15T10:14:19.981115000-0500,55.114156000,192.168.0.148,192.168.0.178,53414,25565,36831,4493413,0,0,0x0010
9160,2026-08-15T10:14:19.981307000-0500,55.114348000,192.168.0.178,192.168.0.148,25565,53414,4493413,36831,1460,0,0x0010
9161,2026-08-15T10:14:19.981307000-0500,55.114348000,192.168.0.178,192.168.0.148,25565,53414,4494873,36831,811,0,0x0018
9162,2026-08-15T10:14:19.981334000-0500,55.114375000,192.168.0.148,192.168.0.178,53414,25565,36831,4495684,0,0,0x0010
9163,2026-08-15T10:14:19.993563000-0500,55.126604000,192.168.0.148,192.168.0.178,53414,25565,36831,4495684,28,0,0x0018
9164,2026-08-15T10:14:19.994692000-0500,55.127733000,192.168.0.148,192.168.0.178,53414,25565,36859,4495684,3,0,0x0018
9165,2026-08-15T10:14:19.995478000-0500,55.128519000,192.168.0.178,192.168.0.148,25565,53414,4495684,36862,0,0,0x0010
9166,2026-08-15T10:14:20.028270000-0500,55.161311000,192.168.0.178,192.168.0.148,25565,53414,4495684,36862,252,0,0x0018
9167,2026-08-15T10:14:20.043067000-0500,55.176108000,192.168.0.148,192.168.0.178,53414,25565,36862,4495936,28,0,0x0018
9168,2026-08-15T10:14:20.044380000-0500,55.177421000,192.168.0.148,192.168.0.178,53414,25565,36890,4495936,3,0,0x0018
9169,2026-08-15T10:14:20.045097000-0500,55.178138000,192.168.0.178,192.168.0.148,25565,53414,4495936,36893,0,0,0x0010
9170,2026-08-15T10:14:20.078657000-0500,55.211698000,192.168.0.178,192.168.0.148,25565,53414,4495936,36893,385,0,0x0018
9171,2026-08-15T10:14:20.093456000-0500,55.226497000,192.168.0.148,192.168.0.178,53414,25565,36893,4496321,28,0,0x0018
9172,2026-08-15T10:14:20.094765000-0500,55.227806000,192.168.0.148,192.168.0.178,53414,25565,36921,4496321,3,0,0x0018
9173,2026-08-15T10:14:20.095591000-0500,55.228632000,192.168.0.178,192.168.0.148,25565,53414,4496321,36924,0,0,0x0010
9174,2026-08-15T10:14:20.128586000-0500,55.261627000,192.168.0.178,192.168.0.148,25565,53414,4496321,36924,579,0,0x0018
9175,2026-08-15T10:14:20.143402000-0500,55.276443000,192.168.0.148,192.168.0.178,53414,25565,36924,4496900,28,0,0x0018
9176,2026-08-15T10:14:20.144590000-0500,55.277631000,192.168.0.148,192.168.0.178,53414,25565,36952,4496900,3,0,0x0018
9177,2026-08-15T10:14:20.145423000-0500,55.278464000,192.168.0.178,192.168.0.148,25565,53414,4496900,36955,0,0,0x0010
9178,2026-08-15T10:14:20.180250000-0500,55.313291000,192.168.0.178,192.168.0.148,25565,53414,4496900,36955,257,0,0x0018
9179,2026-08-15T10:14:20.193118000-0500,55.326159000,192.168.0.148,192.168.0.178,53414,25565,36955,4497157,28,0,0x0018
9180,2026-08-15T10:14:20.194267000-0500,55.327308000,192.168.0.148,192.168.0.178,53414,25565,36983,4497157,3,0,0x0018
9181,2026-08-15T10:14:20.195023000-0500,55.328064000,192.168.0.178,192.168.0.148,25565,53414,4497157,36986,0,0,0x0010
9182,2026-08-15T10:14:20.230246000-0500,55.363287000,192.168.0.178,192.168.0.148,25565,53414,4497157,36986,183,0,0x0018
9183,2026-08-15T10:14:20.242389000-0500,55.375430000,192.168.0.148,192.168.0.178,53414,25565,36986,4497340,28,0,0x0018
9184,2026-08-15T10:14:20.243283000-0500,55.376324000,192.168.0.148,192.168.0.178,53414,25565,37014,4497340,3,0,0x0018
9185,2026-08-15T10:14:20.244073000-0500,55.377114000,192.168.0.178,192.168.0.148,25565,53414,4497340,37017,0,0,0x0010
9186,2026-08-15T10:14:20.279200000-0500,55.412241000,192.168.0.178,192.168.0.148,25565,53414,4497340,37017,597,0,0x0018
9187,2026-08-15T10:14:20.293349000-0500,55.426390000,192.168.0.148,192.168.0.178,53414,25565,37017,4497937,28,0,0x0018
9188,2026-08-15T10:14:20.294398000-0500,55.427439000,192.168.0.148,192.168.0.178,53414,25565,37045,4497937,3,0,0x0018
9189,2026-08-15T10:14:20.295188000-0500,55.428229000,192.168.0.178,192.168.0.148,25565,53414,4497937,37048,0,0,0x0010
9190,2026-08-15T10:14:20.330203000-0500,55.463244000,192.168.0.178,192.168.0.148,25565,53414,4497937,37048,340,0,0x0018
9191,2026-08-15T10:14:20.343523000-0500,55.476564000,192.168.0.148,192.168.0.178,53414,25565,37048,4498277,28,0,0x0018
9192,2026-08-15T10:14:20.344952000-0500,55.477993000,192.168.0.148,192.168.0.178,53414,25565,37076,4498277,3,0,0x0018
9193,2026-08-15T10:14:20.345631000-0500,55.478672000,192.168.0.178,192.168.0.148,25565,53414,4498277,37079,0,0,0x0010
9194,2026-08-15T10:14:20.378652000-0500,55.511693000,192.168.0.178,192.168.0.148,25565,53414,4498277,37079,172,0,0x0018
9195,2026-08-15T10:14:20.393705000-0500,55.526746000,192.168.0.148,192.168.0.178,53414,25565,37079,4498449,28,0,0x0018
9196,2026-08-15T10:14:20.395120000-0500,55.528161000,192.168.0.148,192.168.0.178,53414,25565,37107,4498449,3,0,0x0018
9197,2026-08-15T10:14:20.395849000-0500,55.528890000,192.168.0.178,192.168.0.148,25565,53414,4498449,37110,0,0,0x0010
9198,2026-08-15T10:14:20.429594000-0500,55.562635000,192.168.0.178,192.168.0.148,25565,53414,4498449,37110,639,0,0x0018
9199,2026-08-15T10:14:20.443155000-0500,55.576196000,192.168.0.148,192.168.0.178,53414,25565,37110,4499088,28,0,0x0018
9200,2026-08-15T10:14:20.444590000-0500,55.577631000,192.168.0.148,192.168.0.178,53414,25565,37138,4499088,3,0,0x0018
9201,2026-08-15T10:14:20.445143000-0500,55.578184000,192.168.0.178,192.168.0.148,25565,53414,4499088,37141,0,0,0x0010
9202,2026-08-15T10:14:20.478721000-0500,55.611762000,192.168.0.178,192.168.0.148,25565,53414,4499088,37141,300,0,0x0018
9203,2026-08-15T10:14:20.493034000-0500,55.626075000,192.168.0.148,192.168.0.178,53414,25565,37141,4499388,4,0,0x0018
9204,2026-08-15T10:14:20.493058000-0500,55.626099000,192.168.0.148,192.168.0.178,53414,25565,37145,4499388,28,0,0x0018
9205,2026-08-15T10:14:20.493866000-0500,55.626907000,192.168.0.178,192.168.0.148,25565,53414,4499388,37173,0,0,0x0010
9206,2026-08-15T10:14:20.494106000-0500,55.627147000,192.168.0.148,192.168.0.178,53414,25565,37173,4499388,3,0,0x0018
9207,2026-08-15T10:14:20.528511000-0500,55.661552000,192.168.0.178,192.168.0.148,25565,53414,4499388,37176,190,0,0x0018
9208,2026-08-15T10:14:20.542326000-0500,55.675367000,192.168.0.148,192.168.0.178,53414,25565,37176,4499578,28,0,0x0018
9209,2026-08-15T10:14:20.543465000-0500,55.676506000,192.168.0.148,192.168.0.178,53414,25565,37204,4499578,3,0,0x0018
9210,2026-08-15T10:14:20.544232000-0500,55.677273000,192.168.0.178,192.168.0.148,25565,53414,4499578,37207,0,0,0x0010
9211,2026-08-15T10:14:20.578199000-0500,55.711240000,192.168.0.178,192.168.0.148,25565,53414,4499578,37207,1125,0,0x0018
9212,2026-08-15T10:14:20.578512000-0500,55.711553000,192.168.0.148,192.168.0.178,53414,25565,37207,4500703,11,0,0x0018
9213,2026-08-15T10:14:20.593429000-0500,55.726470000,192.168.0.148,192.168.0.178,53414,25565,37218,4500703,28,0,0x0018
9214,2026-08-15T10:14:20.594077000-0500,55.727118000,192.168.0.178,192.168.0.148,25565,53414,4500703,37246,0,0,0x0010
9215,2026-08-15T10:14:20.594657000-0500,55.727698000,192.168.0.148,192.168.0.178,53414,25565,37246,4500703,3,0,0x0018
9216,2026-08-15T10:14:20.630021000-0500,55.763062000,192.168.0.178,192.168.0.148,25565,53414,4500703,37249,380,0,0x0018
9217,2026-08-15T10:14:20.643384000-0500,55.776425000,192.168.0.148,192.168.0.178,53414,25565,37249,4501083,28,0,0x0018
9218,2026-08-15T10:14:20.644756000-0500,55.777797000,192.168.0.148,192.168.0.178,53414,25565,37277,4501083,3,0,0x0018
9219,2026-08-15T10:14:20.645468000-0500,55.778509000,192.168.0.178,192.168.0.148,25565,53414,4501083,37280,0,0,0x0010
9220,2026-08-15T10:14:20.678180000-0500,55.811221000,192.168.0.178,192.168.0.148,25565,53414,4501083,37280,1037,0,0x0018
9221,2026-08-15T10:14:20.693775000-0500,55.826816000,192.168.0.148,192.168.0.178,53414,25565,37280,4502120,28,0,0x0018
9222,2026-08-15T10:14:20.695317000-0500,55.828358000,192.168.0.148,192.168.0.178,53414,25565,37308,4502120,3,0,0x0018
9223,2026-08-15T10:14:20.696862000-0500,55.829903000,192.168.0.178,192.168.0.148,25565,53414,4502120,37311,0,0,0x0010
9224,2026-08-15T10:14:20.728620000-0500,55.861661000,192.168.0.178,192.168.0.148,25565,53414,4502120,37311,522,0,0x0018
9225,2026-08-15T10:14:20.743559000-0500,55.876600000,192.168.0.148,192.168.0.178,53414,25565,37311,4502642,28,0,0x0018
9226,2026-08-15T10:14:20.745383000-0500,55.878424000,192.168.0.148,192.168.0.178,53414,25565,37339,4502642,3,0,0x0018
9227,2026-08-15T10:14:20.746182000-0500,55.879223000,192.168.0.178,192.168.0.148,25565,53414,4502642,37342,0,0,0x0010
9228,2026-08-15T10:14:20.778468000-0500,55.911509000,192.168.0.178,192.168.0.148,25565,53414,4502642,37342,444,0,0x0018
9229,2026-08-15T10:14:20.792655000-0500,55.925696000,192.168.0.148,192.168.0.178,53414,25565,37342,4503086,28,0,0x0018
9230,2026-08-15T10:14:20.793644000-0500,55.926685000,192.168.0.148,192.168.0.178,53414,25565,37370,4503086,3,0,0x0018
9231,2026-08-15T10:14:20.794525000-0500,55.927566000,192.168.0.178,192.168.0.148,25565,53414,4503086,37373,0,0,0x0010
9232,2026-08-15T10:14:20.828887000-0500,55.961928000,192.168.0.178,192.168.0.148,25565,53414,4503086,37373,228,0,0x0018
9233,2026-08-15T10:14:20.843293000-0500,55.976334000,192.168.0.148,192.168.0.178,53414,25565,37373,4503314,28,0,0x0018
9234,2026-08-15T10:14:20.844714000-0500,55.977755000,192.168.0.148,192.168.0.178,53414,25565,37401,4503314,3,0,0x0018
9235,2026-08-15T10:14:20.845527000-0500,55.978568000,192.168.0.178,192.168.0.148,25565,53414,4503314,37404,0,0,0x0010
9236,2026-08-15T10:14:20.878276000-0500,56.011317000,192.168.0.178,192.168.0.148,25565,53414,4503314,37404,564,0,0x0018
9237,2026-08-15T10:14:20.893572000-0500,56.026613000,192.168.0.148,192.168.0.178,53414,25565,37404,4503878,28,0,0x0018
9238,2026-08-15T10:14:20.895158000-0500,56.028199000,192.168.0.148,192.168.0.178,53414,25565,37432,4503878,3,0,0x0018
9239,2026-08-15T10:14:20.898385000-0500,56.031426000,192.168.0.178,192.168.0.148,25565,53414,4503878,37435,0,0,0x0010
9240,2026-08-15T10:14:20.927854000-0500,56.060895000,192.168.0.178,192.168.0.148,25565,53414,4503878,37435,254,0,0x0018
9241,2026-08-15T10:14:20.943420000-0500,56.076461000,192.168.0.148,192.168.0.178,53414,25565,37435,4504132,28,0,0x0018
9242,2026-08-15T10:14:20.944598000-0500,56.077639000,192.168.0.178,192.168.0.148,25565,53414,4504132,37463,46,0,0x0018
9243,2026-08-15T10:14:20.945127000-0500,56.078168000,192.168.0.148,192.168.0.178,53414,25565,37463,4504178,3,0,0x0018
9244,2026-08-15T10:14:20.978487000-0500,56.111528000,192.168.0.178,192.168.0.148,25565,53414,4504178,37466,317,0,0x0018
9245,2026-08-15T10:14:20.993618000-0500,56.126659000,192.168.0.148,192.168.0.178,53414,25565,37466,4504495,28,0,0x0018
9246,2026-08-15T10:14:20.994731000-0500,56.127772000,192.168.0.148,192.168.0.178,53414,25565,37494,4504495,3,0,0x0018
9247,2026-08-15T10:14:20.995449000-0500,56.128490000,192.168.0.178,192.168.0.148,25565,53414,4504495,37497,0,0,0x0010
9248,2026-08-15T10:14:21.027957000-0500,56.160998000,192.168.0.178,192.168.0.148,25565,53414,4504495,37497,571,0,0x0018
9249,2026-08-15T10:14:21.042573000-0500,56.175614000,192.168.0.148,192.168.0.178,53414,25565,37497,4505066,28,0,0x0018
9250,2026-08-15T10:14:21.043626000-0500,56.176667000,192.168.0.148,192.168.0.178,53414,25565,37525,4505066,3,0,0x0018
9251,2026-08-15T10:14:21.044523000-0500,56.177564000,192.168.0.178,192.168.0.148,25565,53414,4505066,37528,0,0,0x0010
9252,2026-08-15T10:14:21.077001000-0500,56.210042000,192.168.0.178,192.168.0.148,25565,53414,4505066,37528,453,0,0x0018
9253,2026-08-15T10:14:21.093518000-0500,56.226559000,192.168.0.148,192.168.0.178,53414,25565,37528,4505519,28,0,0x0018
9254,2026-08-15T10:14:21.094954000-0500,56.227995000,192.168.0.148,192.168.0.178,53414,25565,37556,4505519,3,0,0x0018
9255,2026-08-15T10:14:21.095801000-0500,56.228842000,192.168.0.178,192.168.0.148,25565,53414,4505519,37559,0,0,0x0010
9256,2026-08-15T10:14:21.128329000-0500,56.261370000,192.168.0.178,192.168.0.148,25565,53414,4505519,37559,375,0,0x0018
9257,2026-08-15T10:14:21.143347000-0500,56.276388000,192.168.0.148,192.168.0.178,53414,25565,37559,4505894,28,0,0x0018
9258,2026-08-15T10:14:21.145105000-0500,56.278146000,192.168.0.148,192.168.0.178,53414,25565,37587,4505894,3,0,0x0018
9259,2026-08-15T10:14:21.145863000-0500,56.278904000,192.168.0.178,192.168.0.148,25565,53414,4505894,37590,0,0,0x0010
9260,2026-08-15T10:14:21.177167000-0500,56.310208000,192.168.0.178,192.168.0.148,25565,53414,4505894,37590,536,0,0x0018
9261,2026-08-15T10:14:21.193537000-0500,56.326578000,192.168.0.148,192.168.0.178,53414,25565,37590,4506430,28,0,0x0018
9262,2026-08-15T10:14:21.194932000-0500,56.327973000,192.168.0.148,192.168.0.178,53414,25565,37618,4506430,3,0,0x0018
9263,2026-08-15T10:14:21.195710000-0500,56.328751000,192.168.0.178,192.168.0.148,25565,53414,4506430,37621,0,0,0x0010
9264,2026-08-15T10:14:21.228493000-0500,56.361534000,192.168.0.178,192.168.0.148,25565,53414,4506430,37621,264,0,0x0018
9265,2026-08-15T10:14:21.243226000-0500,56.376267000,192.168.0.148,192.168.0.178,53414,25565,37621,4506694,28,0,0x0018
9266,2026-08-15T10:14:21.244700000-0500,56.377741000,192.168.0.148,192.168.0.178,53414,25565,37649,4506694,3,0,0x0018
9267,2026-08-15T10:14:21.254879000-0500,56.387920000,192.168.0.178,192.168.0.148,25565,53414,4506694,37652,0,0,0x0010
9268,2026-08-15T10:14:21.278080000-0500,56.411121000,192.168.0.178,192.168.0.148,25565,53414,4506694,37652,295,0,0x0018
9269,2026-08-15T10:14:21.292897000-0500,56.425938000,192.168.0.148,192.168.0.178,53414,25565,37652,4506989,28,0,0x0018
9270,2026-08-15T10:14:21.293729000-0500,56.426770000,192.168.0.148,192.168.0.178,53414,25565,37680,4506989,3,0,0x0018
9271,2026-08-15T10:14:21.294429000-0500,56.427470000,192.168.0.178,192.168.0.148,25565,53414,4506989,37683,0,0,0x0010
9272,2026-08-15T10:14:21.327786000-0500,56.460827000,192.168.0.178,192.168.0.148,25565,53414,4506989,37683,625,0,0x0018
9273,2026-08-15T10:14:21.343612000-0500,56.476653000,192.168.0.148,192.168.0.178,53414,25565,37683,4507614,28,0,0x0018
9274,2026-08-15T10:14:21.344994000-0500,56.478035000,192.168.0.148,192.168.0.178,53414,25565,37711,4507614,3,0,0x0018
9275,2026-08-15T10:14:21.345786000-0500,56.478827000,192.168.0.178,192.168.0.148,25565,53414,4507614,37714,0,0,0x0010
9276,2026-08-15T10:14:21.378040000-0500,56.511081000,192.168.0.178,192.168.0.148,25565,53414,4507614,37714,1296,0,0x0018
9277,2026-08-15T10:14:21.393531000-0500,56.526572000,192.168.0.148,192.168.0.178,53414,25565,37714,4508910,28,0,0x0018
9278,2026-08-15T10:14:21.394978000-0500,56.528019000,192.168.0.148,192.168.0.178,53414,25565,37742,4508910,3,0,0x0018
9279,2026-08-15T10:14:21.395691000-0500,56.528732000,192.168.0.178,192.168.0.148,25565,53414,4508910,37745,0,0,0x0010
9280,2026-08-15T10:14:21.427843000-0500,56.560884000,192.168.0.178,192.168.0.148,25565,53414,4508910,37745,291,0,0x0018
9281,2026-08-15T10:14:21.443442000-0500,56.576483000,192.168.0.148,192.168.0.178,53414,25565,37745,4509201,28,0,0x0018
9282,2026-08-15T10:14:21.445049000-0500,56.578090000,192.168.0.148,192.168.0.178,53414,25565,37773,4509201,3,0,0x0018
9283,2026-08-15T10:14:21.445772000-0500,56.578813000,192.168.0.178,192.168.0.148,25565,53414,4509201,37776,0,0,0x0010
9284,2026-08-15T10:14:21.477376000-0500,56.610417000,192.168.0.178,192.168.0.148,25565,53414,4509201,37776,452,0,0x0018
9285,2026-08-15T10:14:21.493797000-0500,56.626838000,192.168.0.148,192.168.0.178,53414,25565,37776,4509653,28,0,0x0018
9286,2026-08-15T10:14:21.495284000-0500,56.628325000,192.168.0.178,192.168.0.148,25565,53414,4509653,37804,11,0,0x0018
9287,2026-08-15T10:14:21.495284000-0500,56.628325000,192.168.0.178,192.168.0.148,25565,53414,4509664,37804,22,0,0x0018
9288,2026-08-15T10:14:21.495340000-0500,56.628381000,192.168.0.148,192.168.0.178,53414,25565,37804,4509686,0,0,0x0010
9289,2026-08-15T10:14:21.495461000-0500,56.628502000,192.168.0.148,192.168.0.178,53414,25565,37804,4509686,3,0,0x0018
9290,2026-08-15T10:14:21.495600000-0500,56.628641000,192.168.0.178,192.168.0.148,25565,53414,4509686,37804,189,0,0x0018
9291,2026-08-15T10:14:21.528744000-0500,56.661785000,192.168.0.178,192.168.0.148,25565,53414,4509875,37807,282,0,0x0018
9292,2026-08-15T10:14:21.528808000-0500,56.661849000,192.168.0.148,192.168.0.178,53414,25565,37807,4510157,0,0,0x0010
9293,2026-08-15T10:14:21.543233000-0500,56.676274000,192.168.0.148,192.168.0.178,53414,25565,37807,4510157,28,0,0x0018
9294,2026-08-15T10:14:21.544472000-0500,56.677513000,192.168.0.148,192.168.0.178,53414,25565,37835,4510157,3,0,0x0018
9295,2026-08-15T10:14:21.544920000-0500,56.677961000,192.168.0.178,192.168.0.148,25565,53414,4510157,37838,0,0,0x0010
9296,2026-08-15T10:14:21.577650000-0500,56.710691000,192.168.0.178,192.168.0.148,25565,53414,4510157,37838,325,0,0x0018
9297,2026-08-15T10:14:21.592805000-0500,56.725846000,192.168.0.148,192.168.0.178,53414,25565,37838,4510482,28,0,0x0018
9298,2026-08-15T10:14:21.593826000-0500,56.726867000,192.168.0.148,192.168.0.178,53414,25565,37866,4510482,3,0,0x0018
9299,2026-08-15T10:14:21.594669000-0500,56.727710000,192.168.0.178,192.168.0.148,25565,53414,4510482,37869,0,0,0x0010
9300,2026-08-15T10:14:21.628788000-0500,56.761829000,192.168.0.178,192.168.0.148,25565,53414,4510482,37869,1460,0,0x0010
9301,2026-08-15T10:14:21.628788000-0500,56.761829000,192.168.0.178,192.168.0.148,25565,53414,4511942,37869,1460,0,0x0010
9302,2026-08-15T10:14:21.628841000-0500,56.761882000,192.168.0.148,192.168.0.178,53414,25565,37869,4513402,0,0,0x0010
9303,2026-08-15T10:14:21.628896000-0500,56.761937000,192.168.0.178,192.168.0.148,25565,53414,4513402,37869,1460,0,0x0010
9304,2026-08-15T10:14:21.629120000-0500,56.762161000,192.168.0.178,192.168.0.148,25565,53414,4514862,37869,1460,0,0x0010
9305,2026-08-15T10:14:21.629120000-0500,56.762161000,192.168.0.178,192.168.0.148,25565,53414,4516322,37869,1460,0,0x0010
9306,2026-08-15T10:14:21.629143000-0500,56.762184000,192.168.0.148,192.168.0.178,53414,25565,37869,4517782,0,0,0x0010
9307,2026-08-15T10:14:21.629316000-0500,56.762357000,192.168.0.178,192.168.0.148,25565,53414,4517782,37869,1460,0,0x0010
9308,2026-08-15T10:14:21.629339000-0500,56.762380000,192.168.0.148,192.168.0.178,53414,25565,37869,4519242,0,0,0x0010
9309,2026-08-15T10:14:21.629385000-0500,56.762426000,192.168.0.178,192.168.0.148,25565,53414,4519242,37869,1460,0,0x0010
9310,2026-08-15T10:14:21.629611000-0500,56.762652000,192.168.0.178,192.168.0.148,25565,53414,4520702,37869,1460,0,0x0010
9311,2026-08-15T10:14:21.629611000-0500,56.762652000,192.168.0.178,192.168.0.148,25565,53414,4522162,37869,1460,0,0x0018
9312,2026-08-15T10:14:21.629635000-0500,56.762676000,192.168.0.148,192.168.0.178,53414,25565,37869,4523622,0,0,0x0010
9313,2026-08-15T10:14:21.629698000-0500,56.762739000,192.168.0.178,192.168.0.148,25565,53414,4523622,37869,758,0,0x0018
9314,2026-08-15T10:14:21.629708000-0500,56.762749000,192.168.0.148,192.168.0.178,53414,25565,37869,4524380,0,0,0x0010
9315,2026-08-15T10:14:21.629918000-0500,56.762959000,192.168.0.148,192.168.0.178,53414,25565,37869,4524380,11,0,0x0018
9316,2026-08-15T10:14:21.642404000-0500,56.775445000,192.168.0.148,192.168.0.178,53414,25565,37880,4524380,28,0,0x0018
9317,2026-08-15T10:14:21.643110000-0500,56.776151000,192.168.0.148,192.168.0.178,53414,25565,37908,4524380,3,0,0x0018
9318,2026-08-15T10:14:21.643249000-0500,56.776290000,192.168.0.178,192.168.0.148,25565,53414,4524380,37908,0,0,0x0010
9319,2026-08-15T10:14:21.677868000-0500,56.810909000,192.168.0.178,192.168.0.148,25565,53414,4524380,37911,1460,0,0x0010
9320,2026-08-15T10:14:21.677868000-0500,56.810909000,192.168.0.178,192.168.0.148,25565,53414,4525840,37911,1460,0,0x0010
9321,2026-08-15T10:14:21.677942000-0500,56.810983000,192.168.0.148,192.168.0.178,53414,25565,37911,4527300,0,0,0x0010
9322,2026-08-15T10:14:21.677989000-0500,56.811030000,192.168.0.178,192.168.0.148,25565,53414,4527300,37911,1460,0,0x0010
9323,2026-08-15T10:14:21.678314000-0500,56.811355000,192.168.0.178,192.168.0.148,25565,53414,4528760,37911,1460,0,0x0010
9324,2026-08-15T10:14:21.678314000-0500,56.811355000,192.168.0.178,192.168.0.148,25565,53414,4530220,37911,1460,0,0x0010
9325,2026-08-15T10:14:21.678314000-0500,56.811355000,192.168.0.178,192.168.0.148,25565,53414,4531680,37911,1460,0,0x0010
9326,2026-08-15T10:14:21.678362000-0500,56.811403000,192.168.0.148,192.168.0.178,53414,25565,37911,4533140,0,0,0x0010
9327,2026-08-15T10:14:21.678480000-0500,56.811521000,192.168.0.178,192.168.0.148,25565,53414,4533140,37911,1460,0,0x0010
9328,2026-08-15T10:14:21.678703000-0500,56.811744000,192.168.0.178,192.168.0.148,25565,53414,4534600,37911,1460,0,0x0010
9329,2026-08-15T10:14:21.678703000-0500,56.811744000,192.168.0.178,192.168.0.148,25565,53414,4536060,37911,1460,0,0x0018
9330,2026-08-15T10:14:21.678742000-0500,56.811783000,192.168.0.148,192.168.0.178,53414,25565,37911,4537520,0,0,0x0010
9331,2026-08-15T10:14:21.678818000-0500,56.811859000,192.168.0.178,192.168.0.148,25565,53414,4537520,37911,1460,0,0x0010
9332,2026-08-15T10:14:21.678818000-0500,56.811859000,192.168.0.178,192.168.0.148,25565,53414,4538980,37911,92,0,0x0018
9333,2026-08-15T10:14:21.678829000-0500,56.811870000,192.168.0.148,192.168.0.178,53414,25565,37911,4539072,0,0,0x0010
9334,2026-08-15T10:14:21.692943000-0500,56.825984000,192.168.0.148,192.168.0.178,53414,25565,37911,4539072,28,0,0x0018
9335,2026-08-15T10:14:21.693778000-0500,56.826819000,192.168.0.148,192.168.0.178,53414,25565,37939,4539072,3,0,0x0018
9336,2026-08-15T10:14:21.694454000-0500,56.827495000,192.168.0.178,192.168.0.148,25565,53414,4539072,37942,0,0,0x0010
9337,2026-08-15T10:14:21.729146000-0500,56.862187000,192.168.0.178,192.168.0.148,25565,53414,4539072,37942,1460,0,0x0010
9338,2026-08-15T10:14:21.729146000-0500,56.862187000,192.168.0.178,192.168.0.148,25565,53414,4540532,37942,1460,0,0x0010
9339,2026-08-15T10:14:21.729199000-0500,56.862240000,192.168.0.148,192.168.0.178,53414,25565,37942,4541992,0,0,0x0010
9340,2026-08-15T10:14:21.729317000-0500,56.862358000,192.168.0.178,192.168.0.148,25565,53414,4541992,37942,1460,0,0x0010
9341,2026-08-15T10:14:21.729376000-0500,56.862417000,192.168.0.178,192.168.0.148,25565,53414,4543452,37942,1460,0,0x0010
9342,2026-08-15T10:14:21.729383000-0500,56.862424000,192.168.0.148,192.168.0.178,53414,25565,37942,4544912,0,0,0x0010
9343,2026-08-15T10:14:21.729521000-0500,56.862562000,192.168.0.178,192.168.0.148,25565,53414,4544912,37942,1460,0,0x0010
9344,2026-08-15T10:14:21.729696000-0500,56.862737000,192.168.0.178,192.168.0.148,25565,53414,4546372,37942,1460,0,0x0010
9345,2026-08-15T10:14:21.729720000-0500,56.862761000,192.168.0.148,192.168.0.178,53414,25565,37942,4547832,0,0,0x0010
9346,2026-08-15T10:14:21.729756000-0500,56.862797000,192.168.0.178,192.168.0.148,25565,53414,4547832,37942,1460,0,0x0010
9347,2026-08-15T10:14:21.729904000-0500,56.862945000,192.168.0.178,192.168.0.148,25565,53414,4549292,37942,1460,0,0x0010
9348,2026-08-15T10:14:21.729927000-0500,56.862968000,192.168.0.148,192.168.0.178,53414,25565,37942,4550752,0,0,0x0010
9349,2026-08-15T10:14:21.730060000-0500,56.863101000,192.168.0.178,192.168.0.148,25565,53414,4550752,37942,1449,0,0x0018
9350,2026-08-15T10:14:21.743199000-0500,56.876240000,192.168.0.148,192.168.0.178,53414,25565,37942,4552201,28,0,0x0018
9351,2026-08-15T10:14:21.744666000-0500,56.877707000,192.168.0.148,192.168.0.178,53414,25565,37970,4552201,3,0,0x0018
9352,2026-08-15T10:14:21.749118000-0500,56.882159000,192.168.0.178,192.168.0.148,25565,53414,4552201,37973,0,0,0x0010
9353,2026-08-15T10:14:21.781276000-0500,56.914317000,192.168.0.178,192.168.0.148,25565,53414,4552201,37973,1460,0,0x0010
9354,2026-08-15T10:14:21.781276000-0500,56.914317000,192.168.0.178,192.168.0.148,25565,53414,4553661,37973,1460,0,0x0010
9355,2026-08-15T10:14:21.781332000-0500,56.914373000,192.168.0.148,192.168.0.178,53414,25565,37973,4555121,0,0,0x0010
9356,2026-08-15T10:14:21.781378000-0500,56.914419000,192.168.0.178,192.168.0.148,25565,53414,4555121,37973,1460,0,0x0010
9357,2026-08-15T10:14:21.781602000-0500,56.914643000,192.168.0.178,192.168.0.148,25565,53414,4556581,37973,1460,0,0x0010
9358,2026-08-15T10:14:21.781602000-0500,56.914643000,192.168.0.178,192.168.0.148,25565,53414,4558041,37973,1460,0,0x0010
9359,2026-08-15T10:14:21.781620000-0500,56.914661000,192.168.0.148,192.168.0.178,53414,25565,37973,4559501,0,0,0x0010
9360,2026-08-15T10:14:21.781817000-0500,56.914858000,192.168.0.178,192.168.0.148,25565,53414,4559501,37973,1460,0,0x0010
9361,2026-08-15T10:14:21.781834000-0500,56.914875000,192.168.0.148,192.168.0.178,53414,25565,37973,4560961,0,0,0x0010
9362,2026-08-15T10:14:21.781867000-0500,56.914908000,192.168.0.178,192.168.0.148,25565,53414,4560961,37973,1460,0,0x0010
9363,2026-08-15T10:14:21.782007000-0500,56.915048000,192.168.0.178,192.168.0.148,25565,53414,4562421,37973,1460,0,0x0010
9364,2026-08-15T10:14:21.782024000-0500,56.915065000,192.168.0.148,192.168.0.178,53414,25565,37973,4563881,0,0,0x0010
9365,2026-08-15T10:14:21.782093000-0500,56.915134000,192.168.0.178,192.168.0.148,25565,53414,4563881,37973,1460,0,0x0018
9366,2026-08-15T10:14:21.782341000-0500,56.915382000,192.168.0.178,192.168.0.148,25565,53414,4565341,37973,1460,0,0x0010
9367,2026-08-15T10:14:21.782341000-0500,56.915382000,192.168.0.178,192.168.0.148,25565,53414,4566801,37973,1460,0,0x0010
9368,2026-08-15T10:14:21.782359000-0500,56.915400000,192.168.0.148,192.168.0.178,53414,25565,37973,4568261,0,0,0x0010
9369,2026-08-15T10:14:21.782569000-0500,56.915610000,192.168.0.178,192.168.0.148,25565,53414,4568261,37973,1460,0,0x0010
9370,2026-08-15T10:14:21.782592000-0500,56.915633000,192.168.0.148,192.168.0.178,53414,25565,37973,4569721,0,0,0x0010
9371,2026-08-15T10:14:21.782605000-0500,56.915646000,192.168.0.178,192.168.0.148,25565,53414,4569721,37973,1460,0,0x0010
9372,2026-08-15T10:14:21.782605000-0500,56.915646000,192.168.0.178,192.168.0.148,25565,53414,4571181,37973,109,0,0x0018
9373,2026-08-15T10:14:21.782615000-0500,56.915656000,192.168.0.148,192.168.0.178,53414,25565,37973,4571290,0,0,0x0010
9374,2026-08-15T10:14:21.792743000-0500,56.925784000,192.168.0.148,192.168.0.178,53414,25565,37973,4571290,28,0,0x0018
9375,2026-08-15T10:14:21.793578000-0500,56.926619000,192.168.0.148,192.168.0.178,53414,25565,38001,4571290,3,0,0x0018
9376,2026-08-15T10:14:21.794458000-0500,56.927499000,192.168.0.178,192.168.0.148,25565,53414,4571290,38004,0,0,0x0010
9377,2026-08-15T10:14:21.828585000-0500,56.961626000,192.168.0.178,192.168.0.148,25565,53414,4571290,38004,1460,0,0x0010
9378,2026-08-15T10:14:21.828585000-0500,56.961626000,192.168.0.178,192.168.0.148,25565,53414,4572750,38004,1460,0,0x0010
9379,2026-08-15T10:14:21.828645000-0500,56.961686000,192.168.0.148,192.168.0.178,53414,25565,38004,4574210,0,0,0x0010
9380,2026-08-15T10:14:21.828681000-0500,56.961722000,192.168.0.178,192.168.0.148,25565,53414,4574210,38004,1460,0,0x0010
9381,2026-08-15T10:14:21.828923000-0500,56.961964000,192.168.0.178,192.168.0.148,25565,53414,4575670,38004,1460,0,0x0010
9382,2026-08-15T10:14:21.828923000-0500,56.961964000,192.168.0.178,192.168.0.148,25565,53414,4577130,38004,1460,0,0x0010
9383,2026-08-15T10:14:21.828952000-0500,56.961993000,192.168.0.148,192.168.0.178,53414,25565,38004,4578590,0,0,0x0010
9384,2026-08-15T10:14:21.829141000-0500,56.962182000,192.168.0.178,192.168.0.148,25565,53414,4578590,38004,1460,0,0x0010
9385,2026-08-15T10:14:21.829175000-0500,56.962216000,192.168.0.148,192.168.0.178,53414,25565,38004,4580050,0,0,0x0010
9386,2026-08-15T10:14:21.829211000-0500,56.962252000,192.168.0.178,192.168.0.148,25565,53414,4580050,38004,1460,0,0x0010
9387,2026-08-15T10:14:21.829281000-0500,56.962322000,192.168.0.178,192.168.0.148,25565,53414,4581510,38004,1460,0,0x0010
9388,2026-08-15T10:14:21.829289000-0500,56.962330000,192.168.0.148,192.168.0.178,53414,25565,38004,4582970,0,0,0x0010
9389,2026-08-15T10:14:21.829535000-0500,56.962576000,192.168.0.178,192.168.0.148,25565,53414,4582970,38004,1288,0,0x0018
9390,2026-08-15T10:14:21.843573000-0500,56.976614000,192.168.0.148,192.168.0.178,53414,25565,38004,4584258,28,0,0x0018
9391,2026-08-15T10:14:21.845034000-0500,56.978075000,192.168.0.148,192.168.0.178,53414,25565,38032,4584258,3,0,0x0018
9392,2026-08-15T10:14:21.847464000-0500,56.980505000,192.168.0.178,192.168.0.148,25565,53414,4584258,38035,0,0,0x0010
9393,2026-08-15T10:14:21.877383000-0500,57.010424000,192.168.0.178,192.168.0.148,25565,53414,4584258,38035,1460,0,0x0010
9394,2026-08-15T10:14:21.877383000-0500,57.010424000,192.168.0.178,192.168.0.148,25565,53414,4585718,38035,1460,0,0x0010
9395,2026-08-15T10:14:21.877443000-0500,57.010484000,192.168.0.148,192.168.0.178,53414,25565,38035,4587178,0,0,0x0010
9396,2026-08-15T10:14:21.877527000-0500,57.010568000,192.168.0.178,192.168.0.148,25565,53414,4587178,38035,1364,0,0x0018
9397,2026-08-15T10:14:21.892830000-0500,57.025871000,192.168.0.148,192.168.0.178,53414,25565,38035,4588542,28,0,0x0018
9398,2026-08-15T10:14:21.893890000-0500,57.026931000,192.168.0.148,192.168.0.178,53414,25565,38063,4588542,3,0,0x0018
9399,2026-08-15T10:14:21.894032000-0500,57.027073000,192.168.0.178,192.168.0.148,25565,53414,4588542,38063,11,0,0x0018
9400,2026-08-15T10:14:21.894032000-0500,57.027073000,192.168.0.178,192.168.0.148,25565,53414,4588553,38063,22,0,0x0018
9401,2026-08-15T10:14:21.894071000-0500,57.027112000,192.168.0.148,192.168.0.178,53414,25565,38066,4588575,0,0,0x0010
9402,2026-08-15T10:14:21.894117000-0500,57.027158000,192.168.0.178,192.168.0.148,25565,53414,4588575,38063,189,0,0x0018
9403,2026-08-15T10:14:21.894126000-0500,57.027167000,192.168.0.148,192.168.0.178,53414,25565,38066,4588764,0,0,0x0010
9404,2026-08-15T10:14:21.928218000-0500,57.061259000,192.168.0.178,192.168.0.148,25565,53414,4588764,38066,553,0,0x0018
9405,2026-08-15T10:14:21.928275000-0500,57.061316000,192.168.0.148,192.168.0.178,53414,25565,38066,4589317,0,0,0x0010
9406,2026-08-15T10:14:21.943309000-0500,57.076350000,192.168.0.148,192.168.0.178,53414,25565,38066,4589317,28,0,0x0018
9407,2026-08-15T10:14:21.944667000-0500,57.077708000,192.168.0.148,192.168.0.178,53414,25565,38094,4589317,3,0,0x0018
9408,2026-08-15T10:14:21.945495000-0500,57.078536000,192.168.0.178,192.168.0.148,25565,53414,4589317,38097,0,0,0x0010
9409,2026-08-15T10:14:21.978428000-0500,57.111469000,192.168.0.178,192.168.0.148,25565,53414,4589317,38097,271,0,0x0018
9410,2026-08-15T10:14:21.993903000-0500,57.126944000,192.168.0.148,192.168.0.178,53414,25565,38097,4589588,28,0,0x0018
9411,2026-08-15T10:14:21.995026000-0500,57.128067000,192.168.0.148,192.168.0.178,53414,25565,38125,4589588,3,0,0x0018
9412,2026-08-15T10:14:21.995675000-0500,57.128716000,192.168.0.178,192.168.0.148,25565,53414,4589588,38128,0,0,0x0010
9413,2026-08-15T10:14:22.028743000-0500,57.161784000,192.168.0.178,192.168.0.148,25565,53414,4589588,38128,1460,0,0x0010
9414,2026-08-15T10:14:22.028743000-0500,57.161784000,192.168.0.178,192.168.0.148,25565,53414,4591048,38128,1460,0,0x0010
9415,2026-08-15T10:14:22.028821000-0500,57.161862000,192.168.0.148,192.168.0.178,53414,25565,38128,4592508,0,0,0x0010
9416,2026-08-15T10:14:22.028872000-0500,57.161913000,192.168.0.178,192.168.0.148,25565,53414,4592508,38128,1460,0,0x0010
9417,2026-08-15T10:14:22.028943000-0500,57.161984000,192.168.0.178,192.168.0.148,25565,53414,4593968,38128,1460,0,0x0010
9418,2026-08-15T10:14:22.028950000-0500,57.161991000,192.168.0.148,192.168.0.178,53414,25565,38128,4595428,0,0,0x0010
9419,2026-08-15T10:14:22.029144000-0500,57.162185000,192.168.0.178,192.168.0.148,25565,53414,4595428,38128,1460,0,0x0010
9420,2026-08-15T10:14:22.029225000-0500,57.162266000,192.168.0.178,192.168.0.148,25565,53414,4596888,38128,1460,0,0x0010
9421,2026-08-15T10:14:22.029237000-0500,57.162278000,192.168.0.148,192.168.0.178,53414,25565,38128,4598348,0,0,0x0010
9422,2026-08-15T10:14:22.029310000-0500,57.162351000,192.168.0.178,192.168.0.148,25565,53414,4598348,38128,1460,0,0x0010
9423,2026-08-15T10:14:22.029573000-0500,57.162614000,192.168.0.178,192.168.0.148,25565,53414,4599808,38128,1460,0,0x0010
9424,2026-08-15T10:14:22.029573000-0500,57.162614000,192.168.0.178,192.168.0.148,25565,53414,4601268,38128,1460,0,0x0018
9425,2026-08-15T10:14:22.029616000-0500,57.162657000,192.168.0.148,192.168.0.178,53414,25565,38128,4602728,0,0,0x0010
9426,2026-08-15T10:14:22.029646000-0500,57.162687000,192.168.0.178,192.168.0.148,25565,53414,4602728,38128,451,0,0x0018
9427,2026-08-15T10:14:22.029663000-0500,57.162704000,192.168.0.148,192.168.0.178,53414,25565,38128,4603179,0,0,0x0010
9428,2026-08-15T10:14:22.042924000-0500,57.175965000,192.168.0.148,192.168.0.178,53414,25565,38128,4603179,28,0,0x0018
9429,2026-08-15T10:14:22.043651000-0500,57.176692000,192.168.0.148,192.168.0.178,53414,25565,38156,4603179,3,0,0x0018
9430,2026-08-15T10:14:22.044360000-0500,57.177401000,192.168.0.178,192.168.0.148,25565,53414,4603179,38159,0,0,0x0010
9431,2026-08-15T10:14:22.079691000-0500,57.212732000,192.168.0.178,192.168.0.148,25565,53414,4603179,38159,1460,0,0x0010
9432,2026-08-15T10:14:22.079691000-0500,57.212732000,192.168.0.178,192.168.0.148,25565,53414,4604639,38159,1460,0,0x0010
9433,2026-08-15T10:14:22.079739000-0500,57.212780000,192.168.0.148,192.168.0.178,53414,25565,38159,4606099,0,0,0x0010
9434,2026-08-15T10:14:22.079805000-0500,57.212846000,192.168.0.178,192.168.0.148,25565,53414,4606099,38159,1460,0,0x0010
9435,2026-08-15T10:14:22.080004000-0500,57.213045000,192.168.0.178,192.168.0.148,25565,53414,4607559,38159,1460,0,0x0010
9436,2026-08-15T10:14:22.080026000-0500,57.213067000,192.168.0.148,192.168.0.178,53414,25565,38159,4609019,0,0,0x0010
9437,2026-08-15T10:14:22.080069000-0500,57.213110000,192.168.0.178,192.168.0.148,25565,53414,4609019,38159,1460,0,0x0010
9438,2026-08-15T10:14:22.080188000-0500,57.213229000,192.168.0.178,192.168.0.148,25565,53414,4610479,38159,1460,0,0x0010
9439,2026-08-15T10:14:22.080197000-0500,57.213238000,192.168.0.148,192.168.0.178,53414,25565,38159,4611939,0,0,0x0010
9440,2026-08-15T10:14:22.080417000-0500,57.213458000,192.168.0.178,192.168.0.148,25565,53414,4611939,38159,1460,0,0x0010
9441,2026-08-15T10:14:22.080417000-0500,57.213458000,192.168.0.178,192.168.0.148,25565,53414,4613399,38159,1460,0,0x0010
9442,2026-08-15T10:14:22.080442000-0500,57.213483000,192.168.0.148,192.168.0.178,53414,25565,38159,4614859,0,0,0x0010
9443,2026-08-15T10:14:22.080511000-0500,57.213552000,192.168.0.178,192.168.0.148,25565,53414,4614859,38159,1460,0,0x0018
9444,2026-08-15T10:14:22.080764000-0500,57.213805000,192.168.0.178,192.168.0.148,25565,53414,4616319,38159,1460,0,0x0010
9445,2026-08-15T10:14:22.080764000-0500,57.213805000,192.168.0.178,192.168.0.148,25565,53414,4617779,38159,1460,0,0x0010
9446,2026-08-15T10:14:22.080792000-0500,57.213833000,192.168.0.148,192.168.0.178,53414,25565,38159,4619239,0,0,0x0010
9447,2026-08-15T10:14:22.081010000-0500,57.214051000,192.168.0.178,192.168.0.148,25565,53414,4619239,38159,1460,0,0x0010
9448,2026-08-15T10:14:22.081010000-0500,57.214051000,192.168.0.178,192.168.0.148,25565,53414,4620699,38159,1460,0,0x0010
9449,2026-08-15T10:14:22.081034000-0500,57.214075000,192.168.0.148,192.168.0.178,53414,25565,38159,4622159,0,0,0x0010
9450,2026-08-15T10:14:22.081253000-0500,57.214294000,192.168.0.178,192.168.0.148,25565,53414,4622159,38159,1460,0,0x0010
9451,2026-08-15T10:14:22.081253000-0500,57.214294000,192.168.0.178,192.168.0.148,25565,53414,4623619,38159,1460,0,0x0010
9452,2026-08-15T10:14:22.081277000-0500,57.214318000,192.168.0.148,192.168.0.178,53414,25565,38159,4625079,0,0,0x0010
9453,2026-08-15T10:14:22.081328000-0500,57.214369000,192.168.0.178,192.168.0.148,25565,53414,4625079,38159,860,0,0x0018
9454,2026-08-15T10:14:22.081337000-0500,57.214378000,192.168.0.148,192.168.0.178,53414,25565,38159,4625939,0,0,0x0010
9455,2026-08-15T10:14:22.093685000-0500,57.226726000,192.168.0.148,192.168.0.178,53414,25565,38159,4625939,28,0,0x0018
9456,2026-08-15T10:14:22.095076000-0500,57.228117000,192.168.0.148,192.168.0.178,53414,25565,38187,4625939,3,0,0x0018
9457,2026-08-15T10:14:22.095862000-0500,57.228903000,192.168.0.178,192.168.0.148,25565,53414,4625939,38190,0,0,0x0010
9458,2026-08-15T10:14:22.127871000-0500,57.260912000,192.168.0.178,192.168.0.148,25565,53414,4625939,38190,1460,0,0x0010
9459,2026-08-15T10:14:22.127871000-0500,57.260912000,192.168.0.178,192.168.0.148,25565,53414,4627399,38190,1460,0,0x0010
9460,2026-08-15T10:14:22.127929000-0500,57.260970000,192.168.0.148,192.168.0.178,53414,25565,38190,4628859,0,0,0x0010
9461,2026-08-15T10:14:22.127972000-0500,57.261013000,192.168.0.178,192.168.0.148,25565,53414,4628859,38190,1460,0,0x0010
9462,2026-08-15T10:14:22.128176000-0500,57.261217000,192.168.0.178,192.168.0.148,25565,53414,4630319,38190,1460,0,0x0010
9463,2026-08-15T10:14:22.128176000-0500,57.261217000,192.168.0.178,192.168.0.148,25565,53414,4631779,38190,1460,0,0x0010
9464,2026-08-15T10:14:22.128206000-0500,57.261247000,192.168.0.148,192.168.0.178,53414,25565,38190,4633239,0,0,0x0010
9465,2026-08-15T10:14:22.128449000-0500,57.261490000,192.168.0.178,192.168.0.148,25565,53414,4633239,38190,1460,0,0x0010
9466,2026-08-15T10:14:22.128449000-0500,57.261490000,192.168.0.178,192.168.0.148,25565,53414,4634699,38190,1460,0,0x0010
9467,2026-08-15T10:14:22.128481000-0500,57.261522000,192.168.0.148,192.168.0.178,53414,25565,38190,4636159,0,0,0x0010
9468,2026-08-15T10:14:22.128546000-0500,57.261587000,192.168.0.178,192.168.0.148,25565,53414,4636159,38190,1460,0,0x0010
9469,2026-08-15T10:14:22.128555000-0500,57.261596000,192.168.0.148,192.168.0.178,53414,25565,38190,4637619,0,0,0x0010
9470,2026-08-15T10:14:22.128764000-0500,57.261805000,192.168.0.178,192.168.0.148,25565,53414,4637619,38190,1460,0,0x0018
9471,2026-08-15T10:14:22.128827000-0500,57.261868000,192.168.0.178,192.168.0.148,25565,53414,4639079,38190,1460,0,0x0010
9472,2026-08-15T10:14:22.128835000-0500,57.261876000,192.168.0.148,192.168.0.178,53414,25565,38190,4640539,0,0,0x0010
9473,2026-08-15T10:14:22.129008000-0500,57.262049000,192.168.0.178,192.168.0.148,25565,53414,4640539,38190,1460,0,0x0010
9474,2026-08-15T10:14:22.129072000-0500,57.262113000,192.168.0.178,192.168.0.148,25565,53414,4641999,38190,1460,0,0x0010
9475,2026-08-15T10:14:22.129080000-0500,57.262121000,192.168.0.148,192.168.0.178,53414,25565,38190,4643459,0,0,0x0010
9476,2026-08-15T10:14:22.129260000-0500,57.262301000,192.168.0.178,192.168.0.148,25565,53414,4643459,38190,1460,0,0x0010
9477,2026-08-15T10:14:22.129314000-0500,57.262355000,192.168.0.178,192.168.0.148,25565,53414,4644919,38190,1460,0,0x0010
9478,2026-08-15T10:14:22.129324000-0500,57.262365000,192.168.0.148,192.168.0.178,53414,25565,38190,4646379,0,0,0x0010
9479,2026-08-15T10:14:22.129508000-0500,57.262549000,192.168.0.178,192.168.0.148,25565,53414,4646379,38190,1460,0,0x0010
9480,2026-08-15T10:14:22.129617000-0500,57.262658000,192.168.0.178,192.168.0.148,25565,53414,4647839,38190,1372,0,0x0018
9481,2026-08-15T10:14:22.129628000-0500,57.262669000,192.168.0.148,192.168.0.178,53414,25565,38190,4649211,0,0,0x0010
9482,2026-08-15T10:14:22.143721000-0500,57.276762000,192.168.0.148,192.168.0.178,53414,25565,38190,4649211,36,0,0x0018
9483,2026-08-15T10:14:22.144905000-0500,57.277946000,192.168.0.148,192.168.0.178,53414,25565,38226,4649211,3,0,0x0018
9484,2026-08-15T10:14:22.146602000-0500,57.279643000,192.168.0.178,192.168.0.148,25565,53414,4649211,38229,0,0,0x0010
9485,2026-08-15T10:14:22.181349000-0500,57.314390000,192.168.0.178,192.168.0.148,25565,53414,4649211,38229,1460,0,0x0010
9486,2026-08-15T10:14:22.181349000-0500,57.314390000,192.168.0.178,192.168.0.148,25565,53414,4650671,38229,1460,0,0x0010
9487,2026-08-15T10:14:22.181405000-0500,57.314446000,192.168.0.148,192.168.0.178,53414,25565,38229,4652131,0,0,0x0010
9488,2026-08-15T10:14:22.181453000-0500,57.314494000,192.168.0.178,192.168.0.148,25565,53414,4652131,38229,1460,0,0x0010
9489,2026-08-15T10:14:22.181678000-0500,57.314719000,192.168.0.178,192.168.0.148,25565,53414,4653591,38229,1460,0,0x0010
9490,2026-08-15T10:14:22.181678000-0500,57.314719000,192.168.0.178,192.168.0.148,25565,53414,4655051,38229,1460,0,0x0010
9491,2026-08-15T10:14:22.181696000-0500,57.314737000,192.168.0.148,192.168.0.178,53414,25565,38229,4656511,0,0,0x0010
9492,2026-08-15T10:14:22.181902000-0500,57.314943000,192.168.0.178,192.168.0.148,25565,53414,4656511,38229,1460,0,0x0010
9493,2026-08-15T10:14:22.181920000-0500,57.314961000,192.168.0.148,192.168.0.178,53414,25565,38229,4657971,0,0,0x0010
9494,2026-08-15T10:14:22.181954000-0500,57.314995000,192.168.0.178,192.168.0.148,25565,53414,4657971,38229,1460,0,0x0010
9495,2026-08-15T10:14:22.182081000-0500,57.315122000,192.168.0.178,192.168.0.148,25565,53414,4659431,38229,1460,0,0x0010
9496,2026-08-15T10:14:22.182098000-0500,57.315139000,192.168.0.148,192.168.0.178,53414,25565,38229,4660891,0,0,0x0010
9497,2026-08-15T10:14:22.182296000-0500,57.315337000,192.168.0.178,192.168.0.148,25565,53414,4660891,38229,1460,0,0x0018
9498,2026-08-15T10:14:22.182324000-0500,57.315365000,192.168.0.178,192.168.0.148,25565,53414,4662351,38229,1460,0,0x0010
9499,2026-08-15T10:14:22.182329000-0500,57.315370000,192.168.0.148,192.168.0.178,53414,25565,38229,4663811,0,0,0x0010
9500,2026-08-15T10:14:22.182545000-0500,57.315586000,192.168.0.178,192.168.0.148,25565,53414,4663811,38229,1460,0,0x0010
9501,2026-08-15T10:14:22.182545000-0500,57.315586000,192.168.0.178,192.168.0.148,25565,53414,4665271,38229,1460,0,0x0010
9502,2026-08-15T10:14:22.182563000-0500,57.315604000,192.168.0.148,192.168.0.178,53414,25565,38229,4666731,0,0,0x0010
9503,2026-08-15T10:14:22.182782000-0500,57.315823000,192.168.0.178,192.168.0.148,25565,53414,4666731,38229,1460,0,0x0010
9504,2026-08-15T10:14:22.182782000-0500,57.315823000,192.168.0.178,192.168.0.148,25565,53414,4668191,38229,1460,0,0x0010
9505,2026-08-15T10:14:22.182802000-0500,57.315843000,192.168.0.148,192.168.0.178,53414,25565,38229,4669651,0,0,0x0010
9506,2026-08-15T10:14:22.183038000-0500,57.316079000,192.168.0.178,192.168.0.148,25565,53414,4669651,38229,1191,0,0x0018
9507,2026-08-15T10:14:22.192443000-0500,57.325484000,192.168.0.148,192.168.0.178,53414,25565,38229,4670842,36,0,0x0018
9508,2026-08-15T10:14:22.193249000-0500,57.326290000,192.168.0.148,192.168.0.178,53414,25565,38265,4670842,3,0,0x0018
9509,2026-08-15T10:14:22.195693000-0500,57.328734000,192.168.0.178,192.168.0.148,25565,53414,4670842,38268,0,0,0x0010
9510,2026-08-15T10:14:22.228358000-0500,57.361399000,192.168.0.178,192.168.0.148,25565,53414,4670842,38268,1460,0,0x0010
9511,2026-08-15T10:14:22.228358000-0500,57.361399000,192.168.0.178,192.168.0.148,25565,53414,4672302,38268,1460,0,0x0010
9512,2026-08-15T10:14:22.228412000-0500,57.361453000,192.168.0.148,192.168.0.178,53414,25565,38268,4673762,0,0,0x0010
9513,2026-08-15T10:14:22.228468000-0500,57.361509000,192.168.0.178,192.168.0.148,25565,53414,4673762,38268,1460,0,0x0010
9514,2026-08-15T10:14:22.228689000-0500,57.361730000,192.168.0.178,192.168.0.148,25565,53414,4675222,38268,1460,0,0x0010
9515,2026-08-15T10:14:22.228709000-0500,57.361750000,192.168.0.148,192.168.0.178,53414,25565,38268,4676682,0,0,0x0010
9516,2026-08-15T10:14:22.228742000-0500,57.361783000,192.168.0.178,192.168.0.148,25565,53414,4676682,38268,1460,0,0x0010
9517,2026-08-15T10:14:22.228876000-0500,57.361917000,192.168.0.178,192.168.0.148,25565,53414,4678142,38268,1460,0,0x0010
9518,2026-08-15T10:14:22.228893000-0500,57.361934000,192.168.0.148,192.168.0.178,53414,25565,38268,4679602,0,0,0x0010
9519,2026-08-15T10:14:22.229000000-0500,57.362041000,192.168.0.178,192.168.0.148,25565,53414,4679602,38268,1460,0,0x0010
9520,2026-08-15T10:14:22.229185000-0500,57.362226000,192.168.0.178,192.168.0.148,25565,53414,4681062,38268,1460,0,0x0010
9521,2026-08-15T10:14:22.229204000-0500,57.362245000,192.168.0.148,192.168.0.178,53414,25565,38268,4682522,0,0,0x0010
9522,2026-08-15T10:14:22.229241000-0500,57.362282000,192.168.0.178,192.168.0.148,25565,53414,4682522,38268,1460,0,0x0018
9523,2026-08-15T10:14:22.229331000-0500,57.362372000,192.168.0.178,192.168.0.148,25565,53414,4683982,38268,1460,0,0x0010
9524,2026-08-15T10:14:22.229344000-0500,57.362385000,192.168.0.148,192.168.0.178,53414,25565,38268,4685442,0,0,0x0010
9525,2026-08-15T10:14:22.229548000-0500,57.362589000,192.168.0.178,192.168.0.148,25565,53414,4685442,38268,1460,0,0x0010
9526,2026-08-15T10:14:22.229548000-0500,57.362589000,192.168.0.178,192.168.0.148,25565,53414,4686902,38268,1068,0,0x0018
9527,2026-08-15T10:14:22.229571000-0500,57.362612000,192.168.0.148,192.168.0.178,53414,25565,38268,4687970,0,0,0x0010
9528,2026-08-15T10:14:22.243366000-0500,57.376407000,192.168.0.148,192.168.0.178,53414,25565,38268,4687970,36,0,0x0018
9529,2026-08-15T10:14:22.244419000-0500,57.377460000,192.168.0.148,192.168.0.178,53414,25565,38304,4687970,3,0,0x0018
9530,2026-08-15T10:14:22.246429000-0500,57.379470000,192.168.0.178,192.168.0.148,25565,53414,4687970,38307,0,0,0x0010
9531,2026-08-15T10:14:22.279285000-0500,57.412326000,192.168.0.178,192.168.0.148,25565,53414,4687970,38307,1460,0,0x0010
9532,2026-08-15T10:14:22.279285000-0500,57.412326000,192.168.0.178,192.168.0.148,25565,53414,4689430,38307,1460,0,0x0010
9533,2026-08-15T10:14:22.279340000-0500,57.412381000,192.168.0.148,192.168.0.178,53414,25565,38307,4690890,0,0,0x0010
9534,2026-08-15T10:14:22.279392000-0500,57.412433000,192.168.0.178,192.168.0.148,25565,53414,4690890,38307,1460,0,0x0010
9535,2026-08-15T10:14:22.279407000-0500,57.412448000,192.168.0.178,192.168.0.148,25565,53414,4692350,38307,464,0,0x0018
9536,2026-08-15T10:14:22.279419000-0500,57.412460000,192.168.0.148,192.168.0.178,53414,25565,38307,4692814,0,0,0x0010
9537,2026-08-15T10:14:22.293538000-0500,57.426579000,192.168.0.148,192.168.0.178,53414,25565,38307,4692814,28,0,0x0018
9538,2026-08-15T10:14:22.294664000-0500,57.427705000,192.168.0.148,192.168.0.178,53414,25565,38335,4692814,3,0,0x0018
9539,2026-08-15T10:14:22.298719000-0500,57.431760000,192.168.0.178,192.168.0.148,25565,53414,4692814,38338,0,0,0x0010
9540,2026-08-15T10:14:22.327767000-0500,57.460808000,192.168.0.178,192.168.0.148,25565,53414,4692814,38338,326,0,0x0018
9541,2026-08-15T10:14:22.343730000-0500,57.476771000,192.168.0.148,192.168.0.178,53414,25565,38338,4693140,36,0,0x0018
9542,2026-08-15T10:14:22.345234000-0500,57.478275000,192.168.0.148,192.168.0.178,53414,25565,38374,4693140,3,0,0x0018
9543,2026-08-15T10:14:22.346014000-0500,57.479055000,192.168.0.178,192.168.0.148,25565,53414,4693140,38377,0,0,0x0010
9544,2026-08-15T10:14:22.378304000-0500,57.511345000,192.168.0.178,192.168.0.148,25565,53414,4693140,38377,436,0,0x0018
9545,2026-08-15T10:14:22.393748000-0500,57.526789000,192.168.0.148,192.168.0.178,53414,25565,38377,4693576,36,0,0x0018
9546,2026-08-15T10:14:22.395396000-0500,57.528437000,192.168.0.148,192.168.0.178,53414,25565,38413,4693576,3,0,0x0018
9547,2026-08-15T10:14:22.396207000-0500,57.529248000,192.168.0.178,192.168.0.148,25565,53414,4693576,38416,0,0,0x0010
9548,2026-08-15T10:14:22.427179000-0500,57.560220000,192.168.0.178,192.168.0.148,25565,53414,4693576,38416,305,0,0x0018
9549,2026-08-15T10:14:22.443578000-0500,57.576619000,192.168.0.148,192.168.0.178,53414,25565,38416,4693881,36,0,0x0018
9550,2026-08-15T10:14:22.444782000-0500,57.577823000,192.168.0.148,192.168.0.178,53414,25565,38452,4693881,3,0,0x0018
9551,2026-08-15T10:14:22.445534000-0500,57.578575000,192.168.0.178,192.168.0.148,25565,53414,4693881,38455,0,0,0x0010
9552,2026-08-15T10:14:22.477300000-0500,57.610341000,192.168.0.178,192.168.0.148,25565,53414,4693881,38455,261,0,0x0018
9553,2026-08-15T10:14:22.492734000-0500,57.625775000,192.168.0.148,192.168.0.178,53414,25565,38455,4694142,36,0,0x0018
9554,2026-08-15T10:14:22.493523000-0500,57.626564000,192.168.0.148,192.168.0.178,53414,25565,38491,4694142,3,0,0x0018
9555,2026-08-15T10:14:22.494260000-0500,57.627301000,192.168.0.178,192.168.0.148,25565,53414,4694142,38494,0,0,0x0010
9556,2026-08-15T10:14:22.527713000-0500,57.660754000,192.168.0.178,192.168.0.148,25565,53414,4694142,38494,504,0,0x0018
9557,2026-08-15T10:14:22.543161000-0500,57.676202000,192.168.0.148,192.168.0.178,53414,25565,38494,4694646,36,0,0x0018
9558,2026-08-15T10:14:22.544228000-0500,57.677269000,192.168.0.148,192.168.0.178,53414,25565,38530,4694646,3,0,0x0018
9559,2026-08-15T10:14:22.544925000-0500,57.677966000,192.168.0.178,192.168.0.148,25565,53414,4694646,38533,0,0,0x0010
9560,2026-08-15T10:14:22.577671000-0500,57.710712000,192.168.0.178,192.168.0.148,25565,53414,4694646,38533,384,0,0x0018
9561,2026-08-15T10:14:22.593547000-0500,57.726588000,192.168.0.148,192.168.0.178,53414,25565,38533,4695030,28,0,0x0018
9562,2026-08-15T10:14:22.594849000-0500,57.727890000,192.168.0.148,192.168.0.178,53414,25565,38561,4695030,3,0,0x0018
9563,2026-08-15T10:14:22.596208000-0500,57.729249000,192.168.0.178,192.168.0.148,25565,53414,4695030,38564,0,0,0x0010
9564,2026-08-15T10:14:22.629052000-0500,57.762093000,192.168.0.178,192.168.0.148,25565,53414,4695030,38564,495,0,0x0018
9565,2026-08-15T10:14:22.643500000-0500,57.776541000,192.168.0.148,192.168.0.178,53414,25565,38564,4695525,28,0,0x0018
9566,2026-08-15T10:14:22.644720000-0500,57.777761000,192.168.0.148,192.168.0.178,53414,25565,38592,4695525,3,0,0x0018
9567,2026-08-15T10:14:22.645514000-0500,57.778555000,192.168.0.178,192.168.0.148,25565,53414,4695525,38595,0,0,0x0010
9568,2026-08-15T10:14:22.677592000-0500,57.810633000,192.168.0.178,192.168.0.148,25565,53414,4695525,38595,557,0,0x0018
9569,2026-08-15T10:14:22.677895000-0500,57.810936000,192.168.0.148,192.168.0.178,53414,25565,38595,4696082,11,0,0x0018
9570,2026-08-15T10:14:22.693232000-0500,57.826273000,192.168.0.148,192.168.0.178,53414,25565,38606,4696082,28,0,0x0018
9571,2026-08-15T10:14:22.694040000-0500,57.827081000,192.168.0.178,192.168.0.148,25565,53414,4696082,38634,0,0,0x0010
9572,2026-08-15T10:14:22.694726000-0500,57.827767000,192.168.0.148,192.168.0.178,53414,25565,38634,4696082,3,0,0x0018
9573,2026-08-15T10:14:22.727958000-0500,57.860999000,192.168.0.178,192.168.0.148,25565,53414,4696082,38637,313,0,0x0018
9574,2026-08-15T10:14:22.743830000-0500,57.876871000,192.168.0.148,192.168.0.178,53414,25565,38637,4696395,28,0,0x0018
9575,2026-08-15T10:14:22.745358000-0500,57.878399000,192.168.0.148,192.168.0.178,53414,25565,38665,4696395,3,0,0x0018
9576,2026-08-15T10:14:22.747455000-0500,57.880496000,192.168.0.178,192.168.0.148,25565,53414,4696395,38668,0,0,0x0010
9577,2026-08-15T10:14:22.779186000-0500,57.912227000,192.168.0.178,192.168.0.148,25565,53414,4696395,38668,601,0,0x0018
9578,2026-08-15T10:14:22.793799000-0500,57.926840000,192.168.0.148,192.168.0.178,53414,25565,38668,4696996,28,0,0x0018
9579,2026-08-15T10:14:22.795020000-0500,57.928061000,192.168.0.148,192.168.0.178,53414,25565,38696,4696996,3,0,0x0018
9580,2026-08-15T10:14:22.795672000-0500,57.928713000,192.168.0.178,192.168.0.148,25565,53414,4696996,38699,0,0,0x0010
9581,2026-08-15T10:14:22.827535000-0500,57.960576000,192.168.0.178,192.168.0.148,25565,53414,4696996,38699,556,0,0x0018
9582,2026-08-15T10:14:22.843462000-0500,57.976503000,192.168.0.148,192.168.0.178,53414,25565,38699,4697552,28,0,0x0018
9583,2026-08-15T10:14:22.845046000-0500,57.978087000,192.168.0.148,192.168.0.178,53414,25565,38727,4697552,3,0,0x0018
9584,2026-08-15T10:14:22.845740000-0500,57.978781000,192.168.0.178,192.168.0.148,25565,53414,4697552,38730,0,0,0x0010
9585,2026-08-15T10:14:22.877198000-0500,58.010239000,192.168.0.178,192.168.0.148,25565,53414,4697552,38730,324,0,0x0018
9586,2026-08-15T10:14:22.893331000-0500,58.026372000,192.168.0.148,192.168.0.178,53414,25565,38730,4697876,4,0,0x0018
9587,2026-08-15T10:14:22.893364000-0500,58.026405000,192.168.0.148,192.168.0.178,53414,25565,38734,4697876,28,0,0x0018
9588,2026-08-15T10:14:22.894074000-0500,58.027115000,192.168.0.178,192.168.0.148,25565,53414,4697876,38762,0,0,0x0010
9589,2026-08-15T10:14:22.894713000-0500,58.027754000,192.168.0.148,192.168.0.178,53414,25565,38762,4697876,3,0,0x0018
9590,2026-08-15T10:14:22.926726000-0500,58.059767000,192.168.0.178,192.168.0.148,25565,53414,4697876,38765,355,0,0x0018
9591,2026-08-15T10:14:22.943283000-0500,58.076324000,192.168.0.148,192.168.0.178,53414,25565,38765,4698231,28,0,0x0018
9592,2026-08-15T10:14:22.944917000-0500,58.077958000,192.168.0.148,192.168.0.178,53414,25565,38793,4698231,3,0,0x0018
9593,2026-08-15T10:14:22.945672000-0500,58.078713000,192.168.0.178,192.168.0.148,25565,53414,4698231,38796,0,0,0x0010
9594,2026-08-15T10:14:22.977394000-0500,58.110435000,192.168.0.178,192.168.0.148,25565,53414,4698231,38796,470,0,0x0018
9595,2026-08-15T10:14:22.993527000-0500,58.126568000,192.168.0.148,192.168.0.178,53414,25565,38796,4698701,28,0,0x0018
9596,2026-08-15T10:14:22.994819000-0500,58.127860000,192.168.0.148,192.168.0.178,53414,25565,38824,4698701,3,0,0x0018
9597,2026-08-15T10:14:22.995471000-0500,58.128512000,192.168.0.178,192.168.0.148,25565,53414,4698701,38827,0,0,0x0010
9598,2026-08-15T10:14:23.027879000-0500,58.160920000,192.168.0.178,192.168.0.148,25565,53414,4698701,38827,321,0,0x0018
9599,2026-08-15T10:14:23.042522000-0500,58.175563000,192.168.0.148,192.168.0.178,53414,25565,38827,4699022,28,0,0x0018
9600,2026-08-15T10:14:23.043713000-0500,58.176754000,192.168.0.148,192.168.0.178,53414,25565,38855,4699022,3,0,0x0018
9601,2026-08-15T10:14:23.044268000-0500,58.177309000,192.168.0.178,192.168.0.148,25565,53414,4699022,38858,0,0,0x0010
9602,2026-08-15T10:14:23.081874000-0500,58.214915000,192.168.0.178,192.168.0.148,25565,53414,4699022,38858,343,0,0x0018
9603,2026-08-15T10:14:23.093522000-0500,58.226563000,192.168.0.148,192.168.0.178,53414,25565,38858,4699365,28,0,0x0018
9604,2026-08-15T10:14:23.094980000-0500,58.228021000,192.168.0.148,192.168.0.178,53414,25565,38886,4699365,3,0,0x0018
9605,2026-08-15T10:14:23.095680000-0500,58.228721000,192.168.0.178,192.168.0.148,25565,53414,4699365,38889,0,0,0x0010
9606,2026-08-15T10:14:23.129210000-0500,58.262251000,192.168.0.178,192.168.0.148,25565,53414,4699365,38889,552,0,0x0018
9607,2026-08-15T10:14:23.143270000-0500,58.276311000,192.168.0.148,192.168.0.178,53414,25565,38889,4699917,28,0,0x0018
9608,2026-08-15T10:14:23.144917000-0500,58.277958000,192.168.0.148,192.168.0.178,53414,25565,38917,4699917,3,0,0x0018
9609,2026-08-15T10:14:23.145617000-0500,58.278658000,192.168.0.178,192.168.0.148,25565,53414,4699917,38920,0,0,0x0010
9610,2026-08-15T10:14:23.179225000-0500,58.312266000,192.168.0.178,192.168.0.148,25565,53414,4699917,38920,560,0,0x0018
9611,2026-08-15T10:14:23.193249000-0500,58.326290000,192.168.0.148,192.168.0.178,53414,25565,38920,4700477,4,0,0x0018
9612,2026-08-15T10:14:23.193287000-0500,58.326328000,192.168.0.148,192.168.0.178,53414,25565,38924,4700477,28,0,0x0018
9613,2026-08-15T10:14:23.194037000-0500,58.327078000,192.168.0.178,192.168.0.148,25565,53414,4700477,38952,0,0,0x0010
9614,2026-08-15T10:14:23.194765000-0500,58.327806000,192.168.0.148,192.168.0.178,53414,25565,38952,4700477,3,0,0x0018
9615,2026-08-15T10:14:23.229662000-0500,58.362703000,192.168.0.178,192.168.0.148,25565,53414,4700477,38955,522,0,0x0018
9616,2026-08-15T10:14:23.243055000-0500,58.376096000,192.168.0.148,192.168.0.178,53414,25565,38955,4700999,28,0,0x0018
9617,2026-08-15T10:14:23.244388000-0500,58.377429000,192.168.0.148,192.168.0.178,53414,25565,38983,4700999,3,0,0x0018
9618,2026-08-15T10:14:23.245048000-0500,58.378089000,192.168.0.178,192.168.0.148,25565,53414,4700999,38986,0,0,0x0010
9619,2026-08-15T10:14:23.279678000-0500,58.412719000,192.168.0.178,192.168.0.148,25565,53414,4700999,38986,497,0,0x0018
9620,2026-08-15T10:14:23.292529000-0500,58.425570000,192.168.0.148,192.168.0.178,53414,25565,38986,4701496,28,0,0x0018
9621,2026-08-15T10:14:23.293430000-0500,58.426471000,192.168.0.148,192.168.0.178,53414,25565,39014,4701496,3,0,0x0018
9622,2026-08-15T10:14:23.294079000-0500,58.427120000,192.168.0.178,192.168.0.148,25565,53414,4701496,39017,0,0,0x0010
9623,2026-08-15T10:14:23.329351000-0500,58.462392000,192.168.0.178,192.168.0.148,25565,53414,4701496,39017,411,0,0x0018
9624,2026-08-15T10:14:23.343365000-0500,58.476406000,192.168.0.148,192.168.0.178,53414,25565,39017,4701907,28,0,0x0018
9625,2026-08-15T10:14:23.344872000-0500,58.477913000,192.168.0.148,192.168.0.178,53414,25565,39045,4701907,3,0,0x0018
9626,2026-08-15T10:14:23.345649000-0500,58.478690000,192.168.0.178,192.168.0.148,25565,53414,4701907,39048,0,0,0x0010
9627,2026-08-15T10:14:23.379127000-0500,58.512168000,192.168.0.178,192.168.0.148,25565,53414,4701907,39048,394,0,0x0018
9628,2026-08-15T10:14:23.393409000-0500,58.526450000,192.168.0.148,192.168.0.178,53414,25565,39048,4702301,28,0,0x0018
9629,2026-08-15T10:14:23.395005000-0500,58.528046000,192.168.0.148,192.168.0.178,53414,25565,39076,4702301,3,0,0x0018
9630,2026-08-15T10:14:23.395523000-0500,58.528564000,192.168.0.178,192.168.0.148,25565,53414,4702301,39079,0,0,0x0010
9631,2026-08-15T10:14:23.430039000-0500,58.563080000,192.168.0.178,192.168.0.148,25565,53414,4702301,39079,446,0,0x0018
9632,2026-08-15T10:14:23.443967000-0500,58.577008000,192.168.0.148,192.168.0.178,53414,25565,39079,4702747,4,0,0x0018
9633,2026-08-15T10:14:23.444003000-0500,58.577044000,192.168.0.148,192.168.0.178,53414,25565,39083,4702747,28,0,0x0018
9634,2026-08-15T10:14:23.444716000-0500,58.577757000,192.168.0.178,192.168.0.148,25565,53414,4702747,39111,0,0,0x0010
9635,2026-08-15T10:14:23.445439000-0500,58.578480000,192.168.0.148,192.168.0.178,53414,25565,39111,4702747,3,0,0x0018
9636,2026-08-15T10:14:23.478055000-0500,58.611096000,192.168.0.178,192.168.0.148,25565,53414,4702747,39114,308,0,0x0018
9637,2026-08-15T10:14:23.493435000-0500,58.626476000,192.168.0.148,192.168.0.178,53414,25565,39114,4703055,28,0,0x0018
9638,2026-08-15T10:14:23.494707000-0500,58.627748000,192.168.0.148,192.168.0.178,53414,25565,39142,4703055,3,0,0x0018
9639,2026-08-15T10:14:23.495440000-0500,58.628481000,192.168.0.178,192.168.0.148,25565,53414,4703055,39145,0,0,0x0010
9640,2026-08-15T10:14:23.527220000-0500,58.660261000,192.168.0.178,192.168.0.148,25565,53414,4703055,39145,349,0,0x0018
9641,2026-08-15T10:14:23.542485000-0500,58.675526000,192.168.0.148,192.168.0.178,53414,25565,39145,4703404,28,0,0x0018
9642,2026-08-15T10:14:23.543350000-0500,58.676391000,192.168.0.148,192.168.0.178,53414,25565,39173,4703404,3,0,0x0018
9643,2026-08-15T10:14:23.544028000-0500,58.677069000,192.168.0.178,192.168.0.148,25565,53414,4703404,39176,0,0,0x0010
9644,2026-08-15T10:14:23.579131000-0500,58.712172000,192.168.0.178,192.168.0.148,25565,53414,4703404,39176,478,0,0x0018
9645,2026-08-15T10:14:23.593705000-0500,58.726746000,192.168.0.148,192.168.0.178,53414,25565,39176,4703882,28,0,0x0018
9646,2026-08-15T10:14:23.595213000-0500,58.728254000,192.168.0.148,192.168.0.178,53414,25565,39204,4703882,3,0,0x0018
9647,2026-08-15T10:14:23.596056000-0500,58.729097000,192.168.0.178,192.168.0.148,25565,53414,4703882,39207,0,0,0x0010
9648,2026-08-15T10:14:23.630208000-0500,58.763249000,192.168.0.178,192.168.0.148,25565,53414,4703882,39207,1392,0,0x0018
9649,2026-08-15T10:14:23.642728000-0500,58.775769000,192.168.0.148,192.168.0.178,53414,25565,39207,4705274,4,0,0x0018
9650,2026-08-15T10:14:23.642750000-0500,58.775791000,192.168.0.148,192.168.0.178,53414,25565,39211,4705274,28,0,0x0018
9651,2026-08-15T10:14:23.643419000-0500,58.776460000,192.168.0.178,192.168.0.148,25565,53414,4705274,39239,0,0,0x0010
9652,2026-08-15T10:14:23.643708000-0500,58.776749000,192.168.0.148,192.168.0.178,53414,25565,39239,4705274,3,0,0x0018
9653,2026-08-15T10:14:23.678285000-0500,58.811326000,192.168.0.178,192.168.0.148,25565,53414,4705274,39242,385,0,0x0018
9654,2026-08-15T10:14:23.678502000-0500,58.811543000,192.168.0.148,192.168.0.178,53414,25565,39242,4705659,11,0,0x0018
9655,2026-08-15T10:14:23.693537000-0500,58.826578000,192.168.0.148,192.168.0.178,53414,25565,39253,4705659,28,0,0x0018
9656,2026-08-15T10:14:23.694342000-0500,58.827383000,192.168.0.178,192.168.0.148,25565,53414,4705659,39281,0,0,0x0010
9657,2026-08-15T10:14:23.695210000-0500,58.828251000,192.168.0.148,192.168.0.178,53414,25565,39281,4705659,3,0,0x0018
9658,2026-08-15T10:14:23.727861000-0500,58.860902000,192.168.0.178,192.168.0.148,25565,53414,4705659,39284,1460,0,0x0010
9659,2026-08-15T10:14:23.727861000-0500,58.860902000,192.168.0.178,192.168.0.148,25565,53414,4707119,39284,547,0,0x0018
9660,2026-08-15T10:14:23.727919000-0500,58.860960000,192.168.0.148,192.168.0.178,53414,25565,39284,4707666,0,0,0x0010
9661,2026-08-15T10:14:23.742710000-0500,58.875751000,192.168.0.148,192.168.0.178,53414,25565,39284,4707666,28,0,0x0018
9662,2026-08-15T10:14:23.743700000-0500,58.876741000,192.168.0.148,192.168.0.178,53414,25565,39312,4707666,3,0,0x0018
9663,2026-08-15T10:14:23.744397000-0500,58.877438000,192.168.0.178,192.168.0.148,25565,53414,4707666,39315,0,0,0x0010
9664,2026-08-15T10:14:23.782224000-0500,58.915265000,192.168.0.178,192.168.0.148,25565,53414,4707666,39315,699,0,0x0018
9665,2026-08-15T10:14:23.792744000-0500,58.925785000,192.168.0.148,192.168.0.178,53414,25565,39315,4708365,28,0,0x0018
9666,2026-08-15T10:14:23.793469000-0500,58.926510000,192.168.0.148,192.168.0.178,53414,25565,39343,4708365,3,0,0x0018
9667,2026-08-15T10:14:23.794060000-0500,58.927101000,192.168.0.178,192.168.0.148,25565,53414,4708365,39346,0,0,0x0010
9668,2026-08-15T10:14:23.831968000-0500,58.965009000,192.168.0.178,192.168.0.148,25565,53414,4708365,39346,475,0,0x0018
9669,2026-08-15T10:14:23.842866000-0500,58.975907000,192.168.0.148,192.168.0.178,53414,25565,39346,4708840,28,0,0x0018
9670,2026-08-15T10:14:23.843952000-0500,58.976993000,192.168.0.148,192.168.0.178,53414,25565,39374,4708840,3,0,0x0018
9671,2026-08-15T10:14:23.844441000-0500,58.977482000,192.168.0.178,192.168.0.148,25565,53414,4708840,39377,0,0,0x0010
9672,2026-08-15T10:14:23.879811000-0500,59.012852000,192.168.0.178,192.168.0.148,25565,53414,4708840,39377,428,0,0x0018
9673,2026-08-15T10:14:23.893565000-0500,59.026606000,192.168.0.148,192.168.0.178,53414,25565,39377,4709268,28,0,0x0018
9674,2026-08-15T10:14:23.895027000-0500,59.028068000,192.168.0.148,192.168.0.178,53414,25565,39405,4709268,3,0,0x0018
9675,2026-08-15T10:14:23.895681000-0500,59.028722000,192.168.0.178,192.168.0.148,25565,53414,4709268,39408,0,0,0x0010
9676,2026-08-15T10:14:23.935497000-0500,59.068538000,192.168.0.178,192.168.0.148,25565,53414,4709268,39408,357,0,0x0018
9677,2026-08-15T10:14:23.943368000-0500,59.076409000,192.168.0.148,192.168.0.178,53414,25565,39408,4709625,28,0,0x0018
9678,2026-08-15T10:14:23.944620000-0500,59.077661000,192.168.0.148,192.168.0.178,53414,25565,39436,4709625,3,0,0x0018
9679,2026-08-15T10:14:23.945465000-0500,59.078506000,192.168.0.178,192.168.0.148,25565,53414,4709625,39439,0,0,0x0010
9680,2026-08-15T10:14:23.982121000-0500,59.115162000,192.168.0.178,192.168.0.148,25565,53414,4709625,39439,451,0,0x0018
9681,2026-08-15T10:14:23.993931000-0500,59.126972000,192.168.0.148,192.168.0.178,53414,25565,39439,4710076,28,0,0x0018
9682,2026-08-15T10:14:23.995366000-0500,59.128407000,192.168.0.148,192.168.0.178,53414,25565,39467,4710076,3,0,0x0018
9683,2026-08-15T10:14:23.996056000-0500,59.129097000,192.168.0.178,192.168.0.148,25565,53414,4710076,39470,0,0,0x0010
9684,2026-08-15T10:14:24.031545000-0500,59.164586000,192.168.0.178,192.168.0.148,25565,53414,4710076,39470,836,0,0x0018
9685,2026-08-15T10:14:24.042587000-0500,59.175628000,192.168.0.148,192.168.0.178,53414,25565,39470,4710912,28,0,0x0018
9686,2026-08-15T10:14:24.043340000-0500,59.176381000,192.168.0.148,192.168.0.178,53414,25565,39498,4710912,3,0,0x0018
9687,2026-08-15T10:14:24.044082000-0500,59.177123000,192.168.0.178,192.168.0.148,25565,53414,4710912,39501,0,0,0x0010
9688,2026-08-15T10:14:24.080981000-0500,59.214022000,192.168.0.178,192.168.0.148,25565,53414,4710912,39501,414,0,0x0018
9689,2026-08-15T10:14:24.093398000-0500,59.226439000,192.168.0.148,192.168.0.178,53414,25565,39501,4711326,36,0,0x0018
9690,2026-08-15T10:14:24.094466000-0500,59.227507000,192.168.0.148,192.168.0.178,53414,25565,39537,4711326,3,0,0x0018
9691,2026-08-15T10:14:24.095136000-0500,59.228177000,192.168.0.178,192.168.0.148,25565,53414,4711326,39540,0,0,0x0010
9692,2026-08-15T10:14:24.130837000-0500,59.263878000,192.168.0.178,192.168.0.148,25565,53414,4711326,39540,268,0,0x0018
9693,2026-08-15T10:14:24.143405000-0500,59.276446000,192.168.0.148,192.168.0.178,53414,25565,39540,4711594,36,0,0x0018
9694,2026-08-15T10:14:24.144801000-0500,59.277842000,192.168.0.148,192.168.0.178,53414,25565,39576,4711594,3,0,0x0018
9695,2026-08-15T10:14:24.145605000-0500,59.278646000,192.168.0.178,192.168.0.148,25565,53414,4711594,39579,0,0,0x0010
9696,2026-08-15T10:14:24.180253000-0500,59.313294000,192.168.0.178,192.168.0.148,25565,53414,4711594,39579,373,0,0x0018
9697,2026-08-15T10:14:24.193427000-0500,59.326468000,192.168.0.148,192.168.0.178,53414,25565,39579,4711967,36,0,0x0018
9698,2026-08-15T10:14:24.194966000-0500,59.328007000,192.168.0.148,192.168.0.178,53414,25565,39615,4711967,3,0,0x0018
9699,2026-08-15T10:14:24.195743000-0500,59.328784000,192.168.0.178,192.168.0.148,25565,53414,4711967,39618,0,0,0x0010
9700,2026-08-15T10:14:24.227656000-0500,59.360697000,192.168.0.178,192.168.0.148,25565,53414,4711967,39618,316,0,0x0018
9701,2026-08-15T10:14:24.243542000-0500,59.376583000,192.168.0.148,192.168.0.178,53414,25565,39618,4712283,36,0,0x0018
9702,2026-08-15T10:14:24.244939000-0500,59.377980000,192.168.0.148,192.168.0.178,53414,25565,39654,4712283,3,0,0x0018
9703,2026-08-15T10:14:24.245368000-0500,59.378409000,192.168.0.178,192.168.0.148,25565,53414,4712283,39657,0,0,0x0010
9704,2026-08-15T10:14:24.278515000-0500,59.411556000,192.168.0.178,192.168.0.148,25565,53414,4712283,39657,403,0,0x0018
9705,2026-08-15T10:14:24.292694000-0500,59.425735000,192.168.0.148,192.168.0.178,53414,25565,39657,4712686,28,0,0x0018
9706,2026-08-15T10:14:24.293408000-0500,59.426449000,192.168.0.148,192.168.0.178,53414,25565,39685,4712686,3,0,0x0018
9707,2026-08-15T10:14:24.294080000-0500,59.427121000,192.168.0.178,192.168.0.148,25565,53414,4712686,39688,0,0,0x0010
9708,2026-08-15T10:14:24.330243000-0500,59.463284000,192.168.0.178,192.168.0.148,25565,53414,4712686,39688,553,0,0x0018
9709,2026-08-15T10:14:24.343134000-0500,59.476175000,192.168.0.148,192.168.0.178,53414,25565,39688,4713239,28,0,0x0018
9710,2026-08-15T10:14:24.344381000-0500,59.477422000,192.168.0.148,192.168.0.178,53414,25565,39716,4713239,3,0,0x0018
9711,2026-08-15T10:14:24.345095000-0500,59.478136000,192.168.0.178,192.168.0.148,25565,53414,4713239,39719,0,0,0x0010
9712,2026-08-15T10:14:24.382130000-0500,59.515171000,192.168.0.178,192.168.0.148,25565,53414,4713239,39719,285,0,0x0018
9713,2026-08-15T10:14:24.393432000-0500,59.526473000,192.168.0.148,192.168.0.178,53414,25565,39719,4713524,28,0,0x0018
9714,2026-08-15T10:14:24.394829000-0500,59.527870000,192.168.0.148,192.168.0.178,53414,25565,39747,4713524,3,0,0x0018
9715,2026-08-15T10:14:24.395628000-0500,59.528669000,192.168.0.178,192.168.0.148,25565,53414,4713524,39750,0,0,0x0010
9716,2026-08-15T10:14:24.443165000-0500,59.576206000,192.168.0.148,192.168.0.178,53414,25565,39750,4713524,28,0,0x0018
9717,2026-08-15T10:14:24.444612000-0500,59.577653000,192.168.0.148,192.168.0.178,53414,25565,39778,4713524,3,0,0x0018
9718,2026-08-15T10:14:24.445319000-0500,59.578360000,192.168.0.178,192.168.0.148,25565,53414,4713524,39781,0,0,0x0010
9719,2026-08-15T10:14:24.454719000-0500,59.587760000,192.168.0.178,192.168.0.148,25565,53414,4713524,39781,279,0,0x0018
9720,2026-08-15T10:14:24.479606000-0500,59.612647000,192.168.0.178,192.168.0.148,25565,53414,4713803,39781,415,0,0x0018
9721,2026-08-15T10:14:24.479674000-0500,59.612715000,192.168.0.148,192.168.0.178,53414,25565,39781,4714218,0,0,0x0010
9722,2026-08-15T10:14:24.493766000-0500,59.626807000,192.168.0.148,192.168.0.178,53414,25565,39781,4714218,28,0,0x0018
9723,2026-08-15T10:14:24.495113000-0500,59.628154000,192.168.0.148,192.168.0.178,53414,25565,39809,4714218,3,0,0x0018
9724,2026-08-15T10:14:24.495121000-0500,59.628162000,192.168.0.178,192.168.0.148,25565,53414,4714218,39809,11,0,0x0018
9725,2026-08-15T10:14:24.495121000-0500,59.628162000,192.168.0.178,192.168.0.148,25565,53414,4714229,39809,11,0,0x0018
9726,2026-08-15T10:14:24.495121000-0500,59.628162000,192.168.0.178,192.168.0.148,25565,53414,4714240,39809,11,0,0x0018
9727,2026-08-15T10:14:24.495183000-0500,59.628224000,192.168.0.148,192.168.0.178,53414,25565,39812,4714251,0,0,0x0010
9728,2026-08-15T10:14:24.495231000-0500,59.628272000,192.168.0.178,192.168.0.148,25565,53414,4714251,39809,11,0,0x0018
9729,2026-08-15T10:14:24.495231000-0500,59.628272000,192.168.0.178,192.168.0.148,25565,53414,4714262,39809,11,0,0x0018
9730,2026-08-15T10:14:24.495231000-0500,59.628272000,192.168.0.178,192.168.0.148,25565,53414,4714273,39809,11,0,0x0018
9731,2026-08-15T10:14:24.495245000-0500,59.628286000,192.168.0.148,192.168.0.178,53414,25565,39812,4714284,0,0,0x0010
9732,2026-08-15T10:14:24.495283000-0500,59.628324000,192.168.0.178,192.168.0.148,25565,53414,4714284,39809,11,0,0x0018
9733,2026-08-15T10:14:24.495572000-0500,59.628613000,192.168.0.178,192.168.0.148,25565,53414,4714295,39812,11,0,0x0018
9734,2026-08-15T10:14:24.495572000-0500,59.628613000,192.168.0.178,192.168.0.148,25565,53414,4714306,39812,11,0,0x0018
9735,2026-08-15T10:14:24.495572000-0500,59.628613000,192.168.0.178,192.168.0.148,25565,53414,4714317,39812,11,0,0x0018
9736,2026-08-15T10:14:24.495572000-0500,59.628613000,192.168.0.178,192.168.0.148,25565,53414,4714328,39812,11,0,0x0018
9737,2026-08-15T10:14:24.495615000-0500,59.628656000,192.168.0.148,192.168.0.178,53414,25565,39812,4714339,0,0,0x0010
9738,2026-08-15T10:14:24.495675000-0500,59.628716000,192.168.0.178,192.168.0.148,25565,53414,4714339,39812,11,0,0x0018
9739,2026-08-15T10:14:24.495675000-0500,59.628716000,192.168.0.178,192.168.0.148,25565,53414,4714350,39812,11,0,0x0018
9740,2026-08-15T10:14:24.495688000-0500,59.628729000,192.168.0.148,192.168.0.178,53414,25565,39812,4714361,0,0,0x0010
9741,2026-08-15T10:14:24.495725000-0500,59.628766000,192.168.0.178,192.168.0.148,25565,53414,4714361,39812,11,0,0x0018
9742,2026-08-15T10:14:24.495725000-0500,59.628766000,192.168.0.178,192.168.0.148,25565,53414,4714372,39812,11,0,0x0018
9743,2026-08-15T10:14:24.495736000-0500,59.628777000,192.168.0.148,192.168.0.178,53414,25565,39812,4714383,0,0,0x0010
9744,2026-08-15T10:14:24.495779000-0500,59.628820000,192.168.0.178,192.168.0.148,25565,53414,4714383,39812,11,0,0x0018
9745,2026-08-15T10:14:24.495788000-0500,59.628829000,192.168.0.148,192.168.0.178,53414,25565,39812,4714394,0,0,0x0010
9746,2026-08-15T10:14:24.495988000-0500,59.629029000,192.168.0.178,192.168.0.148,25565,53414,4714394,39812,11,0,0x0018
9747,2026-08-15T10:14:24.495988000-0500,59.629029000,192.168.0.178,192.168.0.148,25565,53414,4714405,39812,11,0,0x0018
9748,2026-08-15T10:14:24.495988000-0500,59.629029000,192.168.0.178,192.168.0.148,25565,53414,4714416,39812,11,0,0x0018
9749,2026-08-15T10:14:24.495988000-0500,59.629029000,192.168.0.178,192.168.0.148,25565,53414,4714427,39812,13,0,0x0018
9750,2026-08-15T10:14:24.496030000-0500,59.629071000,192.168.0.148,192.168.0.178,53414,25565,39812,4714440,0,0,0x0010
9751,2026-08-15T10:14:24.529292000-0500,59.662333000,192.168.0.178,192.168.0.148,25565,53414,4714440,39812,779,0,0x0018
9752,2026-08-15T10:14:24.543249000-0500,59.676290000,192.168.0.148,192.168.0.178,53414,25565,39812,4715219,28,0,0x0018
9753,2026-08-15T10:14:24.544316000-0500,59.677357000,192.168.0.148,192.168.0.178,53414,25565,39840,4715219,3,0,0x0018
9754,2026-08-15T10:14:24.544956000-0500,59.677997000,192.168.0.178,192.168.0.148,25565,53414,4715219,39843,0,0,0x0010
9755,2026-08-15T10:14:24.579104000-0500,59.712145000,192.168.0.178,192.168.0.148,25565,53414,4715219,39843,252,0,0x0018
9756,2026-08-15T10:14:24.592834000-0500,59.725875000,192.168.0.148,192.168.0.178,53414,25565,39843,4715471,28,0,0x0018
9757,2026-08-15T10:14:24.593867000-0500,59.726908000,192.168.0.148,192.168.0.178,53414,25565,39871,4715471,3,0,0x0018
9758,2026-08-15T10:14:24.594557000-0500,59.727598000,192.168.0.178,192.168.0.148,25565,53414,4715471,39874,0,0,0x0010
9759,2026-08-15T10:14:24.628892000-0500,59.761933000,192.168.0.178,192.168.0.148,25565,53414,4715471,39874,1460,0,0x0010
9760,2026-08-15T10:14:24.628892000-0500,59.761933000,192.168.0.178,192.168.0.148,25565,53414,4716931,39874,1460,0,0x0010
9761,2026-08-15T10:14:24.628961000-0500,59.762002000,192.168.0.148,192.168.0.178,53414,25565,39874,4718391,0,0,0x0010
9762,2026-08-15T10:14:24.629010000-0500,59.762051000,192.168.0.178,192.168.0.148,25565,53414,4718391,39874,1460,0,0x0010
9763,2026-08-15T10:14:24.629233000-0500,59.762274000,192.168.0.178,192.168.0.148,25565,53414,4719851,39874,1460,0,0x0010
9764,2026-08-15T10:14:24.629233000-0500,59.762274000,192.168.0.178,192.168.0.148,25565,53414,4721311,39874,1460,0,0x0010
9765,2026-08-15T10:14:24.629278000-0500,59.762319000,192.168.0.148,192.168.0.178,53414,25565,39874,4722771,0,0,0x0010
9766,2026-08-15T10:14:24.629339000-0500,59.762380000,192.168.0.178,192.168.0.148,25565,53414,4722771,39874,1460,0,0x0010
9767,2026-08-15T10:14:24.629349000-0500,59.762390000,192.168.0.148,192.168.0.178,53414,25565,39874,4724231,0,0,0x0010
9768,2026-08-15T10:14:24.629595000-0500,59.762636000,192.168.0.178,192.168.0.148,25565,53414,4724231,39874,1460,0,0x0010
9769,2026-08-15T10:14:24.629595000-0500,59.762636000,192.168.0.178,192.168.0.148,25565,53414,4725691,39874,1460,0,0x0010
9770,2026-08-15T10:14:24.629636000-0500,59.762677000,192.168.0.148,192.168.0.178,53414,25565,39874,4727151,0,0,0x0010
9771,2026-08-15T10:14:24.629701000-0500,59.762742000,192.168.0.178,192.168.0.148,25565,53414,4727151,39874,1460,0,0x0018
9772,2026-08-15T10:14:24.629959000-0500,59.763000000,192.168.0.178,192.168.0.148,25565,53414,4728611,39874,1460,0,0x0010
9773,2026-08-15T10:14:24.629959000-0500,59.763000000,192.168.0.178,192.168.0.148,25565,53414,4730071,39874,1460,0,0x0010
9774,2026-08-15T10:14:24.630004000-0500,59.763045000,192.168.0.148,192.168.0.178,53414,25565,39874,4731531,0,0,0x0010
9775,2026-08-15T10:14:24.630035000-0500,59.763076000,192.168.0.178,192.168.0.148,25565,53414,4731531,39874,433,0,0x0018
9776,2026-08-15T10:14:24.630047000-0500,59.763088000,192.168.0.148,192.168.0.178,53414,25565,39874,4731964,0,0,0x0010
9777,2026-08-15T10:14:24.642286000-0500,59.775327000,192.168.0.148,192.168.0.178,53414,25565,39874,4731964,36,0,0x0018
9778,2026-08-15T10:14:24.643022000-0500,59.776063000,192.168.0.148,192.168.0.178,53414,25565,39910,4731964,3,0,0x0018
9779,2026-08-15T10:14:24.645423000-0500,59.778464000,192.168.0.178,192.168.0.148,25565,53414,4731964,39913,0,0,0x0010
9780,2026-08-15T10:14:24.679639000-0500,59.812680000,192.168.0.178,192.168.0.148,25565,53414,4731964,39913,1460,0,0x0010
9781,2026-08-15T10:14:24.679639000-0500,59.812680000,192.168.0.178,192.168.0.148,25565,53414,4733424,39913,1460,0,0x0010
9782,2026-08-15T10:14:24.679686000-0500,59.812727000,192.168.0.148,192.168.0.178,53414,25565,39913,4734884,0,0,0x0010
9783,2026-08-15T10:14:24.679745000-0500,59.812786000,192.168.0.178,192.168.0.148,25565,53414,4734884,39913,1460,0,0x0010
9784,2026-08-15T10:14:24.680005000-0500,59.813046000,192.168.0.178,192.168.0.148,25565,53414,4736344,39913,1460,0,0x0010
9785,2026-08-15T10:14:24.680005000-0500,59.813046000,192.168.0.178,192.168.0.148,25565,53414,4737804,39913,1460,0,0x0010
9786,2026-08-15T10:14:24.680030000-0500,59.813071000,192.168.0.148,192.168.0.178,53414,25565,39913,4739264,0,0,0x0010
9787,2026-08-15T10:14:24.680235000-0500,59.813276000,192.168.0.178,192.168.0.148,25565,53414,4739264,39913,1460,0,0x0010
9788,2026-08-15T10:14:24.680235000-0500,59.813276000,192.168.0.178,192.168.0.148,25565,53414,4740724,39913,1460,0,0x0010
9789,2026-08-15T10:14:24.680260000-0500,59.813301000,192.168.0.148,192.168.0.178,53414,25565,39913,4742184,0,0,0x0010
9790,2026-08-15T10:14:24.680477000-0500,59.813518000,192.168.0.178,192.168.0.148,25565,53414,4742184,39913,1460,0,0x0010
9791,2026-08-15T10:14:24.680477000-0500,59.813518000,192.168.0.178,192.168.0.148,25565,53414,4743644,39913,1460,0,0x0018
9792,2026-08-15T10:14:24.680502000-0500,59.813543000,192.168.0.148,192.168.0.178,53414,25565,39913,4745104,0,0,0x0010
9793,2026-08-15T10:14:24.680723000-0500,59.813764000,192.168.0.178,192.168.0.148,25565,53414,4745104,39913,1460,0,0x0010
9794,2026-08-15T10:14:24.680723000-0500,59.813764000,192.168.0.178,192.168.0.148,25565,53414,4746564,39913,1460,0,0x0010
9795,2026-08-15T10:14:24.680755000-0500,59.813796000,192.168.0.148,192.168.0.178,53414,25565,39913,4748024,0,0,0x0010
9796,2026-08-15T10:14:24.680987000-0500,59.814028000,192.168.0.178,192.168.0.148,25565,53414,4748024,39913,1460,0,0x0010
9797,2026-08-15T10:14:24.680987000-0500,59.814028000,192.168.0.178,192.168.0.148,25565,53414,4749484,39913,1460,0,0x0010
9798,2026-08-15T10:14:24.681013000-0500,59.814054000,192.168.0.148,192.168.0.178,53414,25565,39913,4750944,0,0,0x0010
9799,2026-08-15T10:14:24.681216000-0500,59.814257000,192.168.0.178,192.168.0.148,25565,53414,4750944,39913,1460,0,0x0010
9800,2026-08-15T10:14:24.681216000-0500,59.814257000,192.168.0.178,192.168.0.148,25565,53414,4752404,39913,1441,0,0x0018
9801,2026-08-15T10:14:24.681242000-0500,59.814283000,192.168.0.148,192.168.0.178,53414,25565,39913,4753845,0,0,0x0010
9802,2026-08-15T10:14:24.681485000-0500,59.814526000,192.168.0.148,192.168.0.178,53414,25565,39913,4753845,11,0,0x0018
9803,2026-08-15T10:14:24.692602000-0500,59.825643000,192.168.0.148,192.168.0.178,53414,25565,39924,4753845,36,0,0x0018
9804,2026-08-15T10:14:24.693349000-0500,59.826390000,192.168.0.148,192.168.0.178,53414,25565,39960,4753845,3,0,0x0018
9805,2026-08-15T10:14:24.696871000-0500,59.829912000,192.168.0.178,192.168.0.148,25565,53414,4753845,39963,0,0,0x0010
9806,2026-08-15T10:14:24.732738000-0500,59.865779000,192.168.0.178,192.168.0.148,25565,53414,4753845,39963,1460,0,0x0010
9807,2026-08-15T10:14:24.732738000-0500,59.865779000,192.168.0.178,192.168.0.148,25565,53414,4755305,39963,1460,0,0x0010
9808,2026-08-15T10:14:24.732787000-0500,59.865828000,192.168.0.148,192.168.0.178,53414,25565,39963,4756765,0,0,0x0010
9809,2026-08-15T10:14:24.732836000-0500,59.865877000,192.168.0.178,192.168.0.148,25565,53414,4756765,39963,1460,0,0x0010
9810,2026-08-15T10:14:24.733066000-0500,59.866107000,192.168.0.178,192.168.0.148,25565,53414,4758225,39963,1460,0,0x0010
9811,2026-08-15T10:14:24.733066000-0500,59.866107000,192.168.0.178,192.168.0.148,25565,53414,4759685,39963,1460,0,0x0010
9812,2026-08-15T10:14:24.733098000-0500,59.866139000,192.168.0.148,192.168.0.178,53414,25565,39963,4761145,0,0,0x0010
9813,2026-08-15T10:14:24.733312000-0500,59.866353000,192.168.0.178,192.168.0.148,25565,53414,4761145,39963,1460,0,0x0010
9814,2026-08-15T10:14:24.733312000-0500,59.866353000,192.168.0.178,192.168.0.148,25565,53414,4762605,39963,1460,0,0x0010
9815,2026-08-15T10:14:24.733347000-0500,59.866388000,192.168.0.148,192.168.0.178,53414,25565,39963,4764065,0,0,0x0010
9816,2026-08-15T10:14:24.733558000-0500,59.866599000,192.168.0.178,192.168.0.148,25565,53414,4764065,39963,1460,0,0x0010
9817,2026-08-15T10:14:24.733558000-0500,59.866599000,192.168.0.178,192.168.0.148,25565,53414,4765525,39963,1460,0,0x0018
9818,2026-08-15T10:14:24.733586000-0500,59.866627000,192.168.0.148,192.168.0.178,53414,25565,39963,4766985,0,0,0x0010
9819,2026-08-15T10:14:24.733817000-0500,59.866858000,192.168.0.178,192.168.0.148,25565,53414,4766985,39963,1460,0,0x0010
9820,2026-08-15T10:14:24.733817000-0500,59.866858000,192.168.0.178,192.168.0.148,25565,53414,4768445,39963,1460,0,0x0010
9821,2026-08-15T10:14:24.733846000-0500,59.866887000,192.168.0.148,192.168.0.178,53414,25565,39963,4769905,0,0,0x0010
9822,2026-08-15T10:14:24.734047000-0500,59.867088000,192.168.0.178,192.168.0.148,25565,53414,4769905,39963,1460,0,0x0010
9823,2026-08-15T10:14:24.734047000-0500,59.867088000,192.168.0.178,192.168.0.148,25565,53414,4771365,39963,1460,0,0x0010
9824,2026-08-15T10:14:24.734074000-0500,59.867115000,192.168.0.148,192.168.0.178,53414,25565,39963,4772825,0,0,0x0010
9825,2026-08-15T10:14:24.734296000-0500,59.867337000,192.168.0.178,192.168.0.148,25565,53414,4772825,39963,1460,0,0x0010
9826,2026-08-15T10:14:24.734296000-0500,59.867337000,192.168.0.178,192.168.0.148,25565,53414,4774285,39963,1460,0,0x0010
9827,2026-08-15T10:14:24.734324000-0500,59.867365000,192.168.0.148,192.168.0.178,53414,25565,39963,4775745,0,0,0x0010
9828,2026-08-15T10:14:24.734572000-0500,59.867613000,192.168.0.178,192.168.0.148,25565,53414,4775745,39963,1460,0,0x0010
9829,2026-08-15T10:14:24.734572000-0500,59.867613000,192.168.0.178,192.168.0.148,25565,53414,4777205,39963,4,0,0x0018
9830,2026-08-15T10:14:24.734602000-0500,59.867643000,192.168.0.148,192.168.0.178,53414,25565,39963,4777209,0,0,0x0010
9831,2026-08-15T10:14:24.743677000-0500,59.876718000,192.168.0.148,192.168.0.178,53414,25565,39963,4777209,36,0,0x0018
9832,2026-08-15T10:14:24.744684000-0500,59.877725000,192.168.0.148,192.168.0.178,53414,25565,39999,4777209,3,0,0x0018
9833,2026-08-15T10:14:24.745393000-0500,59.878434000,192.168.0.178,192.168.0.148,25565,53414,4777209,40002,0,0,0x0010
9834,2026-08-15T10:14:24.780878000-0500,59.913919000,192.168.0.178,192.168.0.148,25565,53414,4777209,40002,1460,0,0x0010
9835,2026-08-15T10:14:24.780878000-0500,59.913919000,192.168.0.178,192.168.0.148,25565,53414,4778669,40002,1460,0,0x0010
9836,2026-08-15T10:14:24.780945000-0500,59.913986000,192.168.0.148,192.168.0.178,53414,25565,40002,4780129,0,0,0x0010
9837,2026-08-15T10:14:24.780994000-0500,59.914035000,192.168.0.178,192.168.0.148,25565,53414,4780129,40002,1460,0,0x0010
9838,2026-08-15T10:14:24.781115000-0500,59.914156000,192.168.0.178,192.168.0.148,25565,53414,4781589,40002,1460,0,0x0010
9839,2026-08-15T10:14:24.781127000-0500,59.914168000,192.168.0.148,192.168.0.178,53414,25565,40002,4783049,0,0,0x0010
9840,2026-08-15T10:14:24.781252000-0500,59.914293000,192.168.0.178,192.168.0.148,25565,53414,4783049,40002,1460,0,0x0010
9841,2026-08-15T10:14:24.781357000-0500,59.914398000,192.168.0.178,192.168.0.148,25565,53414,4784509,40002,1460,0,0x0010
9842,2026-08-15T10:14:24.781364000-0500,59.914405000,192.168.0.148,192.168.0.178,53414,25565,40002,4785969,0,0,0x0010
9843,2026-08-15T10:14:24.781596000-0500,59.914637000,192.168.0.178,192.168.0.148,25565,53414,4785969,40002,1460,0,0x0010
9844,2026-08-15T10:14:24.781596000-0500,59.914637000,192.168.0.178,192.168.0.148,25565,53414,4787429,40002,1460,0,0x0010
9845,2026-08-15T10:14:24.781637000-0500,59.914678000,192.168.0.148,192.168.0.178,53414,25565,40002,4788889,0,0,0x0010
9846,2026-08-15T10:14:24.781700000-0500,59.914741000,192.168.0.178,192.168.0.148,25565,53414,4788889,40002,1460,0,0x0018
9847,2026-08-15T10:14:24.781950000-0500,59.914991000,192.168.0.178,192.168.0.148,25565,53414,4790349,40002,1460,0,0x0010
9848,2026-08-15T10:14:24.781950000-0500,59.914991000,192.168.0.178,192.168.0.148,25565,53414,4791809,40002,1460,0,0x0010
9849,2026-08-15T10:14:24.781994000-0500,59.915035000,192.168.0.148,192.168.0.178,53414,25565,40002,4793269,0,0,0x0010
9850,2026-08-15T10:14:24.782186000-0500,59.915227000,192.168.0.178,192.168.0.148,25565,53414,4793269,40002,1460,0,0x0010
9851,2026-08-15T10:14:24.782186000-0500,59.915227000,192.168.0.178,192.168.0.148,25565,53414,4794729,40002,1460,0,0x0010
9852,2026-08-15T10:14:24.782230000-0500,59.915271000,192.168.0.148,192.168.0.178,53414,25565,40002,4796189,0,0,0x0010
9853,2026-08-15T10:14:24.782346000-0500,59.915387000,192.168.0.178,192.168.0.148,25565,53414,4796189,40002,1460,0,0x0010
9854,2026-08-15T10:14:24.782355000-0500,59.915396000,192.168.0.148,192.168.0.178,53414,25565,40002,4797649,0,0,0x0010
9855,2026-08-15T10:14:24.782485000-0500,59.915526000,192.168.0.178,192.168.0.148,25565,53414,4797649,40002,1460,0,0x0010
9856,2026-08-15T10:14:24.782550000-0500,59.915591000,192.168.0.178,192.168.0.148,25565,53414,4799109,40002,1460,0,0x0010
9857,2026-08-15T10:14:24.782550000-0500,59.915591000,192.168.0.178,192.168.0.148,25565,53414,4800569,40002,44,0,0x0018
9858,2026-08-15T10:14:24.782563000-0500,59.915604000,192.168.0.148,192.168.0.178,53414,25565,40002,4800613,0,0,0x0010
9859,2026-08-15T10:14:24.794032000-0500,59.927073000,192.168.0.148,192.168.0.178,53414,25565,40002,4800613,36,0,0x0018
9860,2026-08-15T10:14:24.795544000-0500,59.928585000,192.168.0.148,192.168.0.178,53414,25565,40038,4800613,3,0,0x0018
9861,2026-08-15T10:14:24.796331000-0500,59.929372000,192.168.0.178,192.168.0.148,25565,53414,4800613,40041,0,0,0x0010
9862,2026-08-15T10:14:24.834862000-0500,59.967903000,192.168.0.178,192.168.0.148,25565,53414,4800613,40041,1460,0,0x0010
9863,2026-08-15T10:14:24.834862000-0500,59.967903000,192.168.0.178,192.168.0.148,25565,53414,4802073,40041,1460,0,0x0010
9864,2026-08-15T10:14:24.834916000-0500,59.967957000,192.168.0.148,192.168.0.178,53414,25565,40041,4803533,0,0,0x0010
9865,2026-08-15T10:14:24.834966000-0500,59.968007000,192.168.0.178,192.168.0.148,25565,53414,4803533,40041,1460,0,0x0010
9866,2026-08-15T10:14:24.835217000-0500,59.968258000,192.168.0.178,192.168.0.148,25565,53414,4804993,40041,1460,0,0x0010
9867,2026-08-15T10:14:24.835217000-0500,59.968258000,192.168.0.178,192.168.0.148,25565,53414,4806453,40041,1460,0,0x0010
9868,2026-08-15T10:14:24.835250000-0500,59.968291000,192.168.0.148,192.168.0.178,53414,25565,40041,4807913,0,0,0x0010
9869,2026-08-15T10:14:24.835315000-0500,59.968356000,192.168.0.178,192.168.0.148,25565,53414,4807913,40041,1460,0,0x0010
9870,2026-08-15T10:14:24.835323000-0500,59.968364000,192.168.0.148,192.168.0.178,53414,25565,40041,4809373,0,0,0x0010
9871,2026-08-15T10:14:24.835580000-0500,59.968621000,192.168.0.178,192.168.0.148,25565,53414,4809373,40041,1460,0,0x0010
9872,2026-08-15T10:14:24.835580000-0500,59.968621000,192.168.0.178,192.168.0.148,25565,53414,4810833,40041,1460,0,0x0010
9873,2026-08-15T10:14:24.835619000-0500,59.968660000,192.168.0.148,192.168.0.178,53414,25565,40041,4812293,0,0,0x0010
9874,2026-08-15T10:14:24.835678000-0500,59.968719000,192.168.0.178,192.168.0.148,25565,53414,4812293,40041,1460,0,0x0018
9875,2026-08-15T10:14:24.835930000-0500,59.968971000,192.168.0.178,192.168.0.148,25565,53414,4813753,40041,1460,0,0x0010
9876,2026-08-15T10:14:24.835930000-0500,59.968971000,192.168.0.178,192.168.0.148,25565,53414,4815213,40041,1460,0,0x0010
9877,2026-08-15T10:14:24.835968000-0500,59.969009000,192.168.0.148,192.168.0.178,53414,25565,40041,4816673,0,0,0x0010
9878,2026-08-15T10:14:24.836196000-0500,59.969237000,192.168.0.178,192.168.0.148,25565,53414,4816673,40041,1460,0,0x0010
9879,2026-08-15T10:14:24.836196000-0500,59.969237000,192.168.0.178,192.168.0.148,25565,53414,4818133,40041,1460,0,0x0010
9880,2026-08-15T10:14:24.836234000-0500,59.969275000,192.168.0.148,192.168.0.178,53414,25565,40041,4819593,0,0,0x0010
9881,2026-08-15T10:14:24.836293000-0500,59.969334000,192.168.0.178,192.168.0.148,25565,53414,4819593,40041,1460,0,0x0010
9882,2026-08-15T10:14:24.836308000-0500,59.969349000,192.168.0.148,192.168.0.178,53414,25565,40041,4821053,0,0,0x0010
9883,2026-08-15T10:14:24.836515000-0500,59.969556000,192.168.0.178,192.168.0.148,25565,53414,4821053,40041,1460,0,0x0010
9884,2026-08-15T10:14:24.836515000-0500,59.969556000,192.168.0.178,192.168.0.148,25565,53414,4822513,40041,1176,0,0x0018
9885,2026-08-15T10:14:24.836556000-0500,59.969597000,192.168.0.148,192.168.0.178,53414,25565,40041,4823689,0,0,0x0010
9886,2026-08-15T10:14:24.842760000-0500,59.975801000,192.168.0.148,192.168.0.178,53414,25565,40041,4823689,36,0,0x0018
9887,2026-08-15T10:14:24.843348000-0500,59.976389000,192.168.0.148,192.168.0.178,53414,25565,40077,4823689,3,0,0x0018
9888,2026-08-15T10:14:24.843986000-0500,59.977027000,192.168.0.178,192.168.0.148,25565,53414,4823689,40080,0,0,0x0010
9889,2026-08-15T10:14:24.879402000-0500,60.012443000,192.168.0.178,192.168.0.148,25565,53414,4823689,40080,454,0,0x0018
9890,2026-08-15T10:14:24.893377000-0500,60.026418000,192.168.0.148,192.168.0.178,53414,25565,40080,4824143,28,0,0x0018
9891,2026-08-15T10:14:24.894635000-0500,60.027676000,192.168.0.148,192.168.0.178,53414,25565,40108,4824143,3,0,0x0018
9892,2026-08-15T10:14:24.895440000-0500,60.028481000,192.168.0.178,192.168.0.148,25565,53414,4824143,40111,0,0,0x0010
9893,2026-08-15T10:14:24.932212000-0500,60.065253000,192.168.0.178,192.168.0.148,25565,53414,4824143,40111,704,0,0x0018
9894,2026-08-15T10:14:24.943311000-0500,60.076352000,192.168.0.148,192.168.0.178,53414,25565,40111,4824847,28,0,0x0018
9895,2026-08-15T10:14:24.944715000-0500,60.077756000,192.168.0.148,192.168.0.178,53414,25565,40139,4824847,3,0,0x0018
9896,2026-08-15T10:14:24.945543000-0500,60.078584000,192.168.0.178,192.168.0.148,25565,53414,4824847,40142,0,0,0x0010
9897,2026-08-15T10:14:24.980722000-0500,60.113763000,192.168.0.178,192.168.0.148,25565,53414,4824847,40142,397,0,0x0018
9898,2026-08-15T10:14:24.993518000-0500,60.126559000,192.168.0.148,192.168.0.178,53414,25565,40142,4825244,28,0,0x0018
9899,2026-08-15T10:14:24.994913000-0500,60.127954000,192.168.0.148,192.168.0.178,53414,25565,40170,4825244,3,0,0x0018
9900,2026-08-15T10:14:24.995546000-0500,60.128587000,192.168.0.178,192.168.0.148,25565,53414,4825244,40173,0,0,0x0010
9901,2026-08-15T10:14:25.032879000-0500,60.165920000,192.168.0.178,192.168.0.148,25565,53414,4825244,40173,597,0,0x0018
9902,2026-08-15T10:14:25.043108000-0500,60.176149000,192.168.0.148,192.168.0.178,53414,25565,40173,4825841,28,0,0x0018
9903,2026-08-15T10:14:25.044399000-0500,60.177440000,192.168.0.148,192.168.0.178,53414,25565,40201,4825841,3,0,0x0018
9904,2026-08-15T10:14:25.045085000-0500,60.178126000,192.168.0.178,192.168.0.148,25565,53414,4825841,40204,0,0,0x0010
9905,2026-08-15T10:14:25.080001000-0500,60.213042000,192.168.0.178,192.168.0.148,25565,53414,4825841,40204,430,0,0x0018
9906,2026-08-15T10:14:25.093207000-0500,60.226248000,192.168.0.148,192.168.0.178,53414,25565,40204,4826271,28,0,0x0018
9907,2026-08-15T10:14:25.094236000-0500,60.227277000,192.168.0.148,192.168.0.178,53414,25565,40232,4826271,3,0,0x0018
9908,2026-08-15T10:14:25.095009000-0500,60.228050000,192.168.0.178,192.168.0.148,25565,53414,4826271,40235,0,0,0x0010
9909,2026-08-15T10:14:25.130464000-0500,60.263505000,192.168.0.178,192.168.0.148,25565,53414,4826271,40235,461,0,0x0018
9910,2026-08-15T10:14:25.143466000-0500,60.276507000,192.168.0.148,192.168.0.178,53414,25565,40235,4826732,28,0,0x0018
9911,2026-08-15T10:14:25.144721000-0500,60.277762000,192.168.0.148,192.168.0.178,53414,25565,40263,4826732,3,0,0x0018
9912,2026-08-15T10:14:25.145415000-0500,60.278456000,192.168.0.178,192.168.0.148,25565,53414,4826732,40266,0,0,0x0010
9913,2026-08-15T10:14:25.178251000-0500,60.311292000,192.168.0.178,192.168.0.148,25565,53414,4826732,40266,363,0,0x0018
9914,2026-08-15T10:14:25.193468000-0500,60.326509000,192.168.0.148,192.168.0.178,53414,25565,40266,4827095,28,0,0x0018
9915,2026-08-15T10:14:25.194818000-0500,60.327859000,192.168.0.148,192.168.0.178,53414,25565,40294,4827095,3,0,0x0018
9916,2026-08-15T10:14:25.195501000-0500,60.328542000,192.168.0.178,192.168.0.148,25565,53414,4827095,40297,0,0,0x0010
9917,2026-08-15T10:14:25.229295000-0500,60.362336000,192.168.0.178,192.168.0.148,25565,53414,4827095,40297,1460,0,0x0010
9918,2026-08-15T10:14:25.229295000-0500,60.362336000,192.168.0.178,192.168.0.148,25565,53414,4828555,40297,75,0,0x0018
9919,2026-08-15T10:14:25.229374000-0500,60.362415000,192.168.0.148,192.168.0.178,53414,25565,40297,4828630,0,0,0x0010
9920,2026-08-15T10:14:25.243741000-0500,60.376782000,192.168.0.148,192.168.0.178,53414,25565,40297,4828630,4,0,0x0018
9921,2026-08-15T10:14:25.243772000-0500,60.376813000,192.168.0.148,192.168.0.178,53414,25565,40301,4828630,28,0,0x0018
9922,2026-08-15T10:14:25.244537000-0500,60.377578000,192.168.0.178,192.168.0.148,25565,53414,4828630,40329,0,0,0x0010
9923,2026-08-15T10:14:25.245218000-0500,60.378259000,192.168.0.148,192.168.0.178,53414,25565,40329,4828630,3,0,0x0018
9924,2026-08-15T10:14:25.277531000-0500,60.410572000,192.168.0.178,192.168.0.148,25565,53414,4828630,40332,325,0,0x0018
9925,2026-08-15T10:14:25.292824000-0500,60.425865000,192.168.0.148,192.168.0.178,53414,25565,40332,4828955,36,0,0x0018
9926,2026-08-15T10:14:25.293475000-0500,60.426516000,192.168.0.148,192.168.0.178,53414,25565,40368,4828955,3,0,0x0018
9927,2026-08-15T10:14:25.294247000-0500,60.427288000,192.168.0.178,192.168.0.148,25565,53414,4828955,40371,0,0,0x0010
9928,2026-08-15T10:14:25.327656000-0500,60.460697000,192.168.0.178,192.168.0.148,25565,53414,4828955,40371,451,0,0x0018
9929,2026-08-15T10:14:25.342554000-0500,60.475595000,192.168.0.148,192.168.0.178,53414,25565,40371,4829406,36,0,0x0018
9930,2026-08-15T10:14:25.343377000-0500,60.476418000,192.168.0.148,192.168.0.178,53414,25565,40407,4829406,3,0,0x0018
9931,2026-08-15T10:14:25.344129000-0500,60.477170000,192.168.0.178,192.168.0.148,25565,53414,4829406,40410,0,0,0x0010
9932,2026-08-15T10:14:25.379040000-0500,60.512081000,192.168.0.178,192.168.0.148,25565,53414,4829406,40410,552,0,0x0018
9933,2026-08-15T10:14:25.392171000-0500,60.525212000,192.168.0.148,192.168.0.178,53414,25565,40410,4829958,36,0,0x0018
9934,2026-08-15T10:14:25.393014000-0500,60.526055000,192.168.0.148,192.168.0.178,53414,25565,40446,4829958,3,0,0x0018
9935,2026-08-15T10:14:25.393688000-0500,60.526729000,192.168.0.178,192.168.0.148,25565,53414,4829958,40449,0,0,0x0010
9936,2026-08-15T10:14:25.433338000-0500,60.566379000,192.168.0.178,192.168.0.148,25565,53414,4829958,40449,477,0,0x0018
9937,2026-08-15T10:14:25.442824000-0500,60.575865000,192.168.0.148,192.168.0.178,53414,25565,40449,4830435,36,0,0x0018
9938,2026-08-15T10:14:25.443823000-0500,60.576864000,192.168.0.148,192.168.0.178,53414,25565,40485,4830435,3,0,0x0018
9939,2026-08-15T10:14:25.444694000-0500,60.577735000,192.168.0.178,192.168.0.148,25565,53414,4830435,40488,0,0,0x0010
9940,2026-08-15T10:14:25.485879000-0500,60.618920000,192.168.0.178,192.168.0.148,25565,53414,4830435,40488,813,0,0x0018
9941,2026-08-15T10:14:25.493762000-0500,60.626803000,192.168.0.148,192.168.0.178,53414,25565,40488,4831248,28,0,0x0018
9942,2026-08-15T10:14:25.495216000-0500,60.628257000,192.168.0.148,192.168.0.178,53414,25565,40516,4831248,3,0,0x0018
9943,2026-08-15T10:14:25.496032000-0500,60.629073000,192.168.0.178,192.168.0.148,25565,53414,4831248,40519,0,0,0x0010
9944,2026-08-15T10:14:25.531074000-0500,60.664115000,192.168.0.178,192.168.0.148,25565,53414,4831248,40519,404,0,0x0018
9945,2026-08-15T10:14:25.543291000-0500,60.676332000,192.168.0.148,192.168.0.178,53414,25565,40519,4831652,4,0,0x0018
9946,2026-08-15T10:14:25.543320000-0500,60.676361000,192.168.0.148,192.168.0.178,53414,25565,40523,4831652,28,0,0x0018
9947,2026-08-15T10:14:25.544197000-0500,60.677238000,192.168.0.178,192.168.0.148,25565,53414,4831652,40551,0,0,0x0010
9948,2026-08-15T10:14:25.544535000-0500,60.677576000,192.168.0.148,192.168.0.178,53414,25565,40551,4831652,3,0,0x0018
9949,2026-08-15T10:14:25.544627000-0500,60.677668000,192.168.0.178,192.168.0.148,25565,53414,4831652,40551,11,0,0x0018
9950,2026-08-15T10:14:25.544627000-0500,60.677668000,192.168.0.178,192.168.0.148,25565,53414,4831663,40551,22,0,0x0018
9951,2026-08-15T10:14:25.544627000-0500,60.677668000,192.168.0.178,192.168.0.148,25565,53414,4831685,40551,33,0,0x0018
9952,2026-08-15T10:14:25.544627000-0500,60.677668000,192.168.0.178,192.168.0.148,25565,53414,4831718,40551,11,0,0x0018
9953,2026-08-15T10:14:25.544627000-0500,60.677668000,192.168.0.178,192.168.0.148,25565,53414,4831729,40551,22,0,0x0018
9954,2026-08-15T10:14:25.544671000-0500,60.677712000,192.168.0.148,192.168.0.178,53414,25565,40554,4831751,0,0,0x0010
9955,2026-08-15T10:14:25.544723000-0500,60.677764000,192.168.0.178,192.168.0.148,25565,53414,4831751,40551,33,0,0x0018
9956,2026-08-15T10:14:25.544723000-0500,60.677764000,192.168.0.178,192.168.0.148,25565,53414,4831784,40551,22,0,0x0018
9957,2026-08-15T10:14:25.544732000-0500,60.677773000,192.168.0.148,192.168.0.178,53414,25565,40554,4831806,0,0,0x0010
9958,2026-08-15T10:14:25.545013000-0500,60.678054000,192.168.0.178,192.168.0.148,25565,53414,4831806,40554,68,0,0x0018
9959,2026-08-15T10:14:25.545046000-0500,60.678087000,192.168.0.148,192.168.0.178,53414,25565,40554,4831874,0,0,0x0010
9960,2026-08-15T10:14:25.582548000-0500,60.715589000,192.168.0.178,192.168.0.148,25565,53414,4831874,40554,784,0,0x0018
9961,2026-08-15T10:14:25.593021000-0500,60.726062000,192.168.0.148,192.168.0.178,53414,25565,40554,4832658,36,0,0x0018
9962,2026-08-15T10:14:25.593715000-0500,60.726756000,192.168.0.148,192.168.0.178,53414,25565,40590,4832658,3,0,0x0018
9963,2026-08-15T10:14:25.594401000-0500,60.727442000,192.168.0.178,192.168.0.148,25565,53414,4832658,40593,0,0,0x0010
9964,2026-08-15T10:14:25.631375000-0500,60.764416000,192.168.0.178,192.168.0.148,25565,53414,4832658,40593,288,0,0x0018
9965,2026-08-15T10:14:25.643147000-0500,60.776188000,192.168.0.148,192.168.0.178,53414,25565,40593,4832946,36,0,0x0018
9966,2026-08-15T10:14:25.644174000-0500,60.777215000,192.168.0.148,192.168.0.178,53414,25565,40629,4832946,3,0,0x0018
9967,2026-08-15T10:14:25.644835000-0500,60.777876000,192.168.0.178,192.168.0.148,25565,53414,4832946,40632,0,0,0x0010
9968,2026-08-15T10:14:25.679106000-0500,60.812147000,192.168.0.178,192.168.0.148,25565,53414,4832946,40632,1460,0,0x0010
9969,2026-08-15T10:14:25.679106000-0500,60.812147000,192.168.0.178,192.168.0.148,25565,53414,4834406,40632,1460,0,0x0010
9970,2026-08-15T10:14:25.679173000-0500,60.812214000,192.168.0.148,192.168.0.178,53414,25565,40632,4835866,0,0,0x0010
9971,2026-08-15T10:14:25.679219000-0500,60.812260000,192.168.0.178,192.168.0.148,25565,53414,4835866,40632,1460,0,0x0010
9972,2026-08-15T10:14:25.679443000-0500,60.812484000,192.168.0.178,192.168.0.148,25565,53414,4837326,40632,1460,0,0x0010
9973,2026-08-15T10:14:25.679443000-0500,60.812484000,192.168.0.178,192.168.0.148,25565,53414,4838786,40632,1460,0,0x0010
9974,2026-08-15T10:14:25.679475000-0500,60.812516000,192.168.0.148,192.168.0.178,53414,25565,40632,4840246,0,0,0x0010
9975,2026-08-15T10:14:25.679679000-0500,60.812720000,192.168.0.178,192.168.0.148,25565,53414,4840246,40632,1460,0,0x0010
9976,2026-08-15T10:14:25.679705000-0500,60.812746000,192.168.0.148,192.168.0.178,53414,25565,40632,4841706,0,0,0x0010
9977,2026-08-15T10:14:25.679756000-0500,60.812797000,192.168.0.178,192.168.0.148,25565,53414,4841706,40632,1460,0,0x0010
9978,2026-08-15T10:14:25.679804000-0500,60.812845000,192.168.0.178,192.168.0.148,25565,53414,4843166,40632,1460,0,0x0010
9979,2026-08-15T10:14:25.679808000-0500,60.812849000,192.168.0.148,192.168.0.178,53414,25565,40632,4844626,0,0,0x0010
9980,2026-08-15T10:14:25.679857000-0500,60.812898000,192.168.0.178,192.168.0.148,25565,53414,4844626,40632,539,0,0x0018
9981,2026-08-15T10:14:25.693316000-0500,60.826357000,192.168.0.148,192.168.0.178,53414,25565,40632,4845165,36,0,0x0018
9982,2026-08-15T10:14:25.694370000-0500,60.827411000,192.168.0.148,192.168.0.178,53414,25565,40668,4845165,3,0,0x0018
9983,2026-08-15T10:14:25.694956000-0500,60.827997000,192.168.0.178,192.168.0.148,25565,53414,4845165,40671,0,0,0x0010
9984,2026-08-15T10:14:25.733273000-0500,60.866314000,192.168.0.178,192.168.0.148,25565,53414,4845165,40671,1460,0,0x0010
9985,2026-08-15T10:14:25.733273000-0500,60.866314000,192.168.0.178,192.168.0.148,25565,53414,4846625,40671,1460,0,0x0010
9986,2026-08-15T10:14:25.733356000-0500,60.866397000,192.168.0.148,192.168.0.178,53414,25565,40671,4848085,0,0,0x0010
9987,2026-08-15T10:14:25.733457000-0500,60.866498000,192.168.0.178,192.168.0.148,25565,53414,4848085,40671,1460,0,0x0010
9988,2026-08-15T10:14:25.733531000-0500,60.866572000,192.168.0.178,192.168.0.148,25565,53414,4849545,40671,1460,0,0x0010
9989,2026-08-15T10:14:25.733539000-0500,60.866580000,192.168.0.148,192.168.0.178,53414,25565,40671,4851005,0,0,0x0010
9990,2026-08-15T10:14:25.733599000-0500,60.866640000,192.168.0.178,192.168.0.148,25565,53414,4851005,40671,1460,0,0x0010
9991,2026-08-15T10:14:25.733866000-0500,60.866907000,192.168.0.178,192.168.0.148,25565,53414,4852465,40671,1460,0,0x0010
9992,2026-08-15T10:14:25.733866000-0500,60.866907000,192.168.0.178,192.168.0.148,25565,53414,4853925,40671,1460,0,0x0010
9993,2026-08-15T10:14:25.733916000-0500,60.866957000,192.168.0.148,192.168.0.178,53414,25565,40671,4855385,0,0,0x0010
9994,2026-08-15T10:14:25.733987000-0500,60.867028000,192.168.0.178,192.168.0.148,25565,53414,4855385,40671,1460,0,0x0010
9995,2026-08-15T10:14:25.733998000-0500,60.867039000,192.168.0.148,192.168.0.178,53414,25565,40671,4856845,0,0,0x0010
9996,2026-08-15T10:14:25.734231000-0500,60.867272000,192.168.0.178,192.168.0.148,25565,53414,4856845,40671,1460,0,0x0018
9997,2026-08-15T10:14:25.734231000-0500,60.867272000,192.168.0.178,192.168.0.148,25565,53414,4858305,40671,1460,0,0x0010
9998,2026-08-15T10:14:25.734284000-0500,60.867325000,192.168.0.148,192.168.0.178,53414,25565,40671,4859765,0,0,0x0010
9999,2026-08-15T10:14:25.734352000-0500,60.867393000,192.168.0.178,192.168.0.148,25565,53414,4859765,40671,1460,0,0x0010
10000,2026-08-15T10:14:25.734406000-0500,60.867447000,192.168.0.178,192.168.0.148,25565,53414,4861225,40671,457,0,0x0018
10001,2026-08-15T10:14:25.734420000-0500,60.867461000,192.168.0.148,192.168.0.178,53414,25565,40671,4861682,0,0,0x0010
10002,2026-08-15T10:14:25.734778000-0500,60.867819000,192.168.0.148,192.168.0.178,53414,25565,40671,4861682,11,0,0x0018
10003,2026-08-15T10:14:25.742283000-0500,60.875324000,192.168.0.148,192.168.0.178,53414,25565,40682,4861682,28,0,0x0018
10004,2026-08-15T10:14:25.742867000-0500,60.875908000,192.168.0.178,192.168.0.148,25565,53414,4861682,40710,0,0,0x0010
10005,2026-08-15T10:14:25.742970000-0500,60.876011000,192.168.0.148,192.168.0.178,53414,25565,40710,4861682,3,0,0x0018
10006,2026-08-15T10:14:25.780278000-0500,60.913319000,192.168.0.178,192.168.0.148,25565,53414,4861682,40713,1460,0,0x0010
10007,2026-08-15T10:14:25.780278000-0500,60.913319000,192.168.0.178,192.168.0.148,25565,53414,4863142,40713,1460,0,0x0010
10008,2026-08-15T10:14:25.780338000-0500,60.913379000,192.168.0.148,192.168.0.178,53414,25565,40713,4864602,0,0,0x0010
10009,2026-08-15T10:14:25.780382000-0500,60.913423000,192.168.0.178,192.168.0.148,25565,53414,4864602,40713,1460,0,0x0010
10010,2026-08-15T10:14:25.780601000-0500,60.913642000,192.168.0.178,192.168.0.148,25565,53414,4866062,40713,1460,0,0x0010
10011,2026-08-15T10:14:25.780601000-0500,60.913642000,192.168.0.178,192.168.0.148,25565,53414,4867522,40713,1460,0,0x0010
10012,2026-08-15T10:14:25.780622000-0500,60.913663000,192.168.0.148,192.168.0.178,53414,25565,40713,4868982,0,0,0x0010
10013,2026-08-15T10:14:25.780820000-0500,60.913861000,192.168.0.178,192.168.0.148,25565,53414,4868982,40713,1460,0,0x0010
10014,2026-08-15T10:14:25.780841000-0500,60.913882000,192.168.0.148,192.168.0.178,53414,25565,40713,4870442,0,0,0x0010
10015,2026-08-15T10:14:25.780880000-0500,60.913921000,192.168.0.178,192.168.0.148,25565,53414,4870442,40713,1460,0,0x0010
10016,2026-08-15T10:14:25.781095000-0500,60.914136000,192.168.0.178,192.168.0.148,25565,53414,4871902,40713,1460,0,0x0010
10017,2026-08-15T10:14:25.781095000-0500,60.914136000,192.168.0.178,192.168.0.148,25565,53414,4873362,40713,1460,0,0x0018
10018,2026-08-15T10:14:25.781117000-0500,60.914158000,192.168.0.148,192.168.0.178,53414,25565,40713,4874822,0,0,0x0010
10019,2026-08-15T10:14:25.781339000-0500,60.914380000,192.168.0.178,192.168.0.148,25565,53414,4874822,40713,1460,0,0x0010
10020,2026-08-15T10:14:25.781339000-0500,60.914380000,192.168.0.178,192.168.0.148,25565,53414,4876282,40713,1460,0,0x0010
10021,2026-08-15T10:14:25.781362000-0500,60.914403000,192.168.0.148,192.168.0.178,53414,25565,40713,4877742,0,0,0x0010
10022,2026-08-15T10:14:25.781428000-0500,60.914469000,192.168.0.178,192.168.0.148,25565,53414,4877742,40713,1081,0,0x0018
10023,2026-08-15T10:14:25.781438000-0500,60.914479000,192.168.0.148,192.168.0.178,53414,25565,40713,4878823,0,0,0x0010
10024,2026-08-15T10:14:25.793260000-0500,60.926301000,192.168.0.148,192.168.0.178,53414,25565,40713,4878823,36,0,0x0018
10025,2026-08-15T10:14:25.794690000-0500,60.927731000,192.168.0.148,192.168.0.178,53414,25565,40749,4878823,3,0,0x0018
10026,2026-08-15T10:14:25.795365000-0500,60.928406000,192.168.0.178,192.168.0.148,25565,53414,4878823,40752,0,0,0x0010
10027,2026-08-15T10:14:25.830136000-0500,60.963177000,192.168.0.178,192.168.0.148,25565,53414,4878823,40752,1460,0,0x0010
10028,2026-08-15T10:14:25.830136000-0500,60.963177000,192.168.0.178,192.168.0.148,25565,53414,4880283,40752,1460,0,0x0010
10029,2026-08-15T10:14:25.830199000-0500,60.963240000,192.168.0.148,192.168.0.178,53414,25565,40752,4881743,0,0,0x0010
10030,2026-08-15T10:14:25.830244000-0500,60.963285000,192.168.0.178,192.168.0.148,25565,53414,4881743,40752,1460,0,0x0010
10031,2026-08-15T10:14:25.830471000-0500,60.963512000,192.168.0.178,192.168.0.148,25565,53414,4883203,40752,1460,0,0x0010
10032,2026-08-15T10:14:25.830471000-0500,60.963512000,192.168.0.178,192.168.0.148,25565,53414,4884663,40752,1460,0,0x0010
10033,2026-08-15T10:14:25.830501000-0500,60.963542000,192.168.0.148,192.168.0.178,53414,25565,40752,4886123,0,0,0x0010
10034,2026-08-15T10:14:25.830716000-0500,60.963757000,192.168.0.178,192.168.0.148,25565,53414,4886123,40752,1460,0,0x0010
10035,2026-08-15T10:14:25.830716000-0500,60.963757000,192.168.0.178,192.168.0.148,25565,53414,4887583,40752,1460,0,0x0010
10036,2026-08-15T10:14:25.830747000-0500,60.963788000,192.168.0.148,192.168.0.178,53414,25565,40752,4889043,0,0,0x0010
10037,2026-08-15T10:14:25.831000000-0500,60.964041000,192.168.0.178,192.168.0.148,25565,53414,4889043,40752,1460,0,0x0010
10038,2026-08-15T10:14:25.831000000-0500,60.964041000,192.168.0.178,192.168.0.148,25565,53414,4890503,40752,302,0,0x0018
10039,2026-08-15T10:14:25.831031000-0500,60.964072000,192.168.0.148,192.168.0.178,53414,25565,40752,4890805,0,0,0x0010
10040,2026-08-15T10:14:25.843485000-0500,60.976526000,192.168.0.148,192.168.0.178,53414,25565,40752,4890805,36,0,0x0018
10041,2026-08-15T10:14:25.844971000-0500,60.978012000,192.168.0.148,192.168.0.178,53414,25565,40788,4890805,3,0,0x0018
10042,2026-08-15T10:14:25.845395000-0500,60.978436000,192.168.0.178,192.168.0.148,25565,53414,4890805,40791,0,0,0x0010
10043,2026-08-15T10:14:25.880149000-0500,61.013190000,192.168.0.178,192.168.0.148,25565,53414,4890805,40791,1460,0,0x0010
10044,2026-08-15T10:14:25.880149000-0500,61.013190000,192.168.0.178,192.168.0.148,25565,53414,4892265,40791,1460,0,0x0010
10045,2026-08-15T10:14:25.880201000-0500,61.013242000,192.168.0.148,192.168.0.178,53414,25565,40791,4893725,0,0,0x0010
10046,2026-08-15T10:14:25.880259000-0500,61.013300000,192.168.0.178,192.168.0.148,25565,53414,4893725,40791,1460,0,0x0010
10047,2026-08-15T10:14:25.880482000-0500,61.013523000,192.168.0.178,192.168.0.148,25565,53414,4895185,40791,1460,0,0x0010
10048,2026-08-15T10:14:25.880482000-0500,61.013523000,192.168.0.178,192.168.0.148,25565,53414,4896645,40791,1460,0,0x0010
10049,2026-08-15T10:14:25.880514000-0500,61.013555000,192.168.0.148,192.168.0.178,53414,25565,40791,4898105,0,0,0x0010
10050,2026-08-15T10:14:25.880728000-0500,61.013769000,192.168.0.178,192.168.0.148,25565,53414,4898105,40791,1460,0,0x0010
10051,2026-08-15T10:14:25.880728000-0500,61.013769000,192.168.0.178,192.168.0.148,25565,53414,4899565,40791,1460,0,0x0010
10052,2026-08-15T10:14:25.880755000-0500,61.013796000,192.168.0.148,192.168.0.178,53414,25565,40791,4901025,0,0,0x0010
10053,2026-08-15T10:14:25.880974000-0500,61.014015000,192.168.0.178,192.168.0.148,25565,53414,4901025,40791,1460,0,0x0010
10054,2026-08-15T10:14:25.880974000-0500,61.014015000,192.168.0.178,192.168.0.148,25565,53414,4902485,40791,1460,0,0x0018
10055,2026-08-15T10:14:25.881005000-0500,61.014046000,192.168.0.148,192.168.0.178,53414,25565,40791,4903945,0,0,0x0010
10056,2026-08-15T10:14:25.882792000-0500,61.015833000,192.168.0.178,192.168.0.148,25565,53414,4903945,40791,1460,0,0x0010
10057,2026-08-15T10:14:25.882792000-0500,61.015833000,192.168.0.178,192.168.0.148,25565,53414,4905405,40791,1460,0,0x0010
10058,2026-08-15T10:14:25.882814000-0500,61.015855000,192.168.0.148,192.168.0.178,53414,25565,40791,4906865,0,0,0x0010
10059,2026-08-15T10:14:25.883003000-0500,61.016044000,192.168.0.178,192.168.0.148,25565,53414,4906865,40791,1460,0,0x0010
10060,2026-08-15T10:14:25.883003000-0500,61.016044000,192.168.0.178,192.168.0.148,25565,53414,4908325,40791,1080,0,0x0018
10061,2026-08-15T10:14:25.883026000-0500,61.016067000,192.168.0.148,192.168.0.178,53414,25565,40791,4909405,0,0,0x0010
10062,2026-08-15T10:14:25.892714000-0500,61.025755000,192.168.0.148,192.168.0.178,53414,25565,40791,4909405,36,0,0x0018
10063,2026-08-15T10:14:25.893516000-0500,61.026557000,192.168.0.148,192.168.0.178,53414,25565,40827,4909405,3,0,0x0018
10064,2026-08-15T10:14:25.894096000-0500,61.027137000,192.168.0.178,192.168.0.148,25565,53414,4909405,40830,0,0,0x0010
10065,2026-08-15T10:14:25.929994000-0500,61.063035000,192.168.0.178,192.168.0.148,25565,53414,4909405,40830,1460,0,0x0010
10066,2026-08-15T10:14:25.929994000-0500,61.063035000,192.168.0.178,192.168.0.148,25565,53414,4910865,40830,1460,0,0x0010
10067,2026-08-15T10:14:25.930052000-0500,61.063093000,192.168.0.148,192.168.0.178,53414,25565,40830,4912325,0,0,0x0010
10068,2026-08-15T10:14:25.930099000-0500,61.063140000,192.168.0.178,192.168.0.148,25565,53414,4912325,40830,1460,0,0x0010
10069,2026-08-15T10:14:25.930235000-0500,61.063276000,192.168.0.178,192.168.0.148,25565,53414,4913785,40830,1116,0,0x0018
10070,2026-08-15T10:14:25.930250000-0500,61.063291000,192.168.0.148,192.168.0.178,53414,25565,40830,4914901,0,0,0x0010
10071,2026-08-15T10:14:25.944355000-0500,61.077396000,192.168.0.148,192.168.0.178,53414,25565,40830,4914901,36,0,0x0018
10072,2026-08-15T10:14:25.945945000-0500,61.078986000,192.168.0.148,192.168.0.178,53414,25565,40866,4914901,3,0,0x0018
10073,2026-08-15T10:14:25.946843000-0500,61.079884000,192.168.0.178,192.168.0.148,25565,53414,4914901,40869,0,0,0x0010
10074,2026-08-15T10:14:25.983045000-0500,61.116086000,192.168.0.178,192.168.0.148,25565,53414,4914901,40869,444,0,0x0018
10075,2026-08-15T10:14:25.993506000-0500,61.126547000,192.168.0.148,192.168.0.178,53414,25565,40869,4915345,36,0,0x0018
10076,2026-08-15T10:14:25.994671000-0500,61.127712000,192.168.0.148,192.168.0.178,53414,25565,40905,4915345,3,0,0x0018
10077,2026-08-15T10:14:25.995306000-0500,61.128347000,192.168.0.178,192.168.0.148,25565,53414,4915345,40908,0,0,0x0010
10078,2026-08-15T10:14:26.029045000-0500,61.162086000,192.168.0.178,192.168.0.148,25565,53414,4915345,40908,357,0,0x0018
10079,2026-08-15T10:14:26.043462000-0500,61.176503000,192.168.0.148,192.168.0.178,53414,25565,40908,4915702,36,0,0x0018
10080,2026-08-15T10:14:26.044987000-0500,61.178028000,192.168.0.148,192.168.0.178,53414,25565,40944,4915702,3,0,0x0018
10081,2026-08-15T10:14:26.045702000-0500,61.178743000,192.168.0.178,192.168.0.148,25565,53414,4915702,40947,0,0,0x0010
10082,2026-08-15T10:14:26.082773000-0500,61.215814000,192.168.0.178,192.168.0.148,25565,53414,4915702,40947,304,0,0x0018
10083,2026-08-15T10:14:26.093622000-0500,61.226663000,192.168.0.148,192.168.0.178,53414,25565,40947,4916006,36,0,0x0018
10084,2026-08-15T10:14:26.095111000-0500,61.228152000,192.168.0.148,192.168.0.178,53414,25565,40983,4916006,3,0,0x0018
10085,2026-08-15T10:14:26.095834000-0500,61.228875000,192.168.0.178,192.168.0.148,25565,53414,4916006,40986,0,0,0x0010
10086,2026-08-15T10:14:26.131709000-0500,61.264750000,192.168.0.178,192.168.0.148,25565,53414,4916006,40986,585,0,0x0018
10087,2026-08-15T10:14:26.143748000-0500,61.276789000,192.168.0.148,192.168.0.178,53414,25565,40986,4916591,28,0,0x0018
10088,2026-08-15T10:14:26.145719000-0500,61.278760000,192.168.0.148,192.168.0.178,53414,25565,41014,4916591,3,0,0x0018
10089,2026-08-15T10:14:26.146376000-0500,61.279417000,192.168.0.178,192.168.0.148,25565,53414,4916591,41017,0,0,0x0010
10090,2026-08-15T10:14:26.180694000-0500,61.313735000,192.168.0.178,192.168.0.148,25565,53414,4916591,41017,516,0,0x0018
10091,2026-08-15T10:14:26.192937000-0500,61.325978000,192.168.0.148,192.168.0.178,53414,25565,41017,4917107,36,0,0x0018
10092,2026-08-15T10:14:26.193678000-0500,61.326719000,192.168.0.148,192.168.0.178,53414,25565,41053,4917107,3,0,0x0018
10093,2026-08-15T10:14:26.194441000-0500,61.327482000,192.168.0.178,192.168.0.148,25565,53414,4917107,41056,0,0,0x0010
10094,2026-08-15T10:14:26.232700000-0500,61.365741000,192.168.0.178,192.168.0.148,25565,53414,4917107,41056,313,0,0x0018
10095,2026-08-15T10:14:26.242764000-0500,61.375805000,192.168.0.148,192.168.0.178,53414,25565,41056,4917420,36,0,0x0018
10096,2026-08-15T10:14:26.243666000-0500,61.376707000,192.168.0.148,192.168.0.178,53414,25565,41092,4917420,3,0,0x0018
10097,2026-08-15T10:14:26.244521000-0500,61.377562000,192.168.0.178,192.168.0.148,25565,53414,4917420,41095,0,0,0x0010
10098,2026-08-15T10:14:26.278111000-0500,61.411152000,192.168.0.178,192.168.0.148,25565,53414,4917420,41095,600,0,0x0018
10099,2026-08-15T10:14:26.293634000-0500,61.426675000,192.168.0.148,192.168.0.178,53414,25565,41095,4918020,4,0,0x0018
10100,2026-08-15T10:14:26.293661000-0500,61.426702000,192.168.0.148,192.168.0.178,53414,25565,41099,4918020,36,0,0x0018
10101,2026-08-15T10:14:26.294527000-0500,61.427568000,192.168.0.178,192.168.0.148,25565,53414,4918020,41135,0,0,0x0010
10102,2026-08-15T10:14:26.294611000-0500,61.427652000,192.168.0.148,192.168.0.178,53414,25565,41135,4918020,3,0,0x0018
10103,2026-08-15T10:14:26.330646000-0500,61.463687000,192.168.0.178,192.168.0.148,25565,53414,4918020,41138,349,0,0x0018
10104,2026-08-15T10:14:26.343412000-0500,61.476453000,192.168.0.148,192.168.0.178,53414,25565,41138,4918369,36,0,0x0018
10105,2026-08-15T10:14:26.344923000-0500,61.477964000,192.168.0.148,192.168.0.178,53414,25565,41174,4918369,3,0,0x0018
10106,2026-08-15T10:14:26.345782000-0500,61.478823000,192.168.0.178,192.168.0.148,25565,53414,4918369,41177,0,0,0x0010
10107,2026-08-15T10:14:26.380883000-0500,61.513924000,192.168.0.178,192.168.0.148,25565,53414,4918369,41177,300,0,0x0018
10108,2026-08-15T10:14:26.393678000-0500,61.526719000,192.168.0.148,192.168.0.178,53414,25565,41177,4918669,28,0,0x0018
10109,2026-08-15T10:14:26.395505000-0500,61.528546000,192.168.0.148,192.168.0.178,53414,25565,41205,4918669,3,0,0x0018
10110,2026-08-15T10:14:26.396258000-0500,61.529299000,192.168.0.178,192.168.0.148,25565,53414,4918669,41208,0,0,0x0010
10111,2026-08-15T10:14:26.428649000-0500,61.561690000,192.168.0.178,192.168.0.148,25565,53414,4918669,41208,565,0,0x0018
10112,2026-08-15T10:14:26.442486000-0500,61.575527000,192.168.0.148,192.168.0.178,53414,25565,41208,4919234,28,0,0x0018
10113,2026-08-15T10:14:26.443272000-0500,61.576313000,192.168.0.148,192.168.0.178,53414,25565,41236,4919234,3,0,0x0018
10114,2026-08-15T10:14:26.444198000-0500,61.577239000,192.168.0.178,192.168.0.148,25565,53414,4919234,41239,0,0,0x0010
10115,2026-08-15T10:14:26.479134000-0500,61.612175000,192.168.0.178,192.168.0.148,25565,53414,4919234,41239,330,0,0x0018
10116,2026-08-15T10:14:26.493534000-0500,61.626575000,192.168.0.148,192.168.0.178,53414,25565,41239,4919564,28,0,0x0018
10117,2026-08-15T10:14:26.494839000-0500,61.627880000,192.168.0.148,192.168.0.178,53414,25565,41267,4919564,3,0,0x0018
10118,2026-08-15T10:14:26.495574000-0500,61.628615000,192.168.0.178,192.168.0.148,25565,53414,4919564,41270,0,0,0x0010
10119,2026-08-15T10:14:26.532180000-0500,61.665221000,192.168.0.178,192.168.0.148,25565,53414,4919564,41270,368,0,0x0018
10120,2026-08-15T10:14:26.544460000-0500,61.677501000,192.168.0.148,192.168.0.178,53414,25565,41270,4919932,4,0,0x0018
10121,2026-08-15T10:14:26.544490000-0500,61.677531000,192.168.0.148,192.168.0.178,53414,25565,41274,4919932,28,0,0x0018
10122,2026-08-15T10:14:26.545419000-0500,61.678460000,192.168.0.178,192.168.0.148,25565,53414,4919932,41302,0,0,0x0010
10123,2026-08-15T10:14:26.545691000-0500,61.678732000,192.168.0.148,192.168.0.178,53414,25565,41302,4919932,3,0,0x0018
10124,2026-08-15T10:14:26.545778000-0500,61.678819000,192.168.0.178,192.168.0.148,25565,53414,4919932,41302,46,0,0x0018
10125,2026-08-15T10:14:26.581566000-0500,61.714607000,192.168.0.178,192.168.0.148,25565,53414,4919978,41305,1409,0,0x0018
10126,2026-08-15T10:14:26.581617000-0500,61.714658000,192.168.0.148,192.168.0.178,53414,25565,41305,4921387,0,0,0x0010
10127,2026-08-15T10:14:26.593144000-0500,61.726185000,192.168.0.148,192.168.0.178,53414,25565,41305,4921387,36,0,0x0018
10128,2026-08-15T10:14:26.594387000-0500,61.727428000,192.168.0.148,192.168.0.178,53414,25565,41341,4921387,3,0,0x0018
10129,2026-08-15T10:14:26.595163000-0500,61.728204000,192.168.0.178,192.168.0.148,25565,53414,4921387,41344,0,0,0x0010
10130,2026-08-15T10:14:26.630720000-0500,61.763761000,192.168.0.178,192.168.0.148,25565,53414,4921387,41344,295,0,0x0018
10131,2026-08-15T10:14:26.643123000-0500,61.776164000,192.168.0.148,192.168.0.178,53414,25565,41344,4921682,36,0,0x0018
10132,2026-08-15T10:14:26.644150000-0500,61.777191000,192.168.0.148,192.168.0.178,53414,25565,41380,4921682,3,0,0x0018
10133,2026-08-15T10:14:26.644808000-0500,61.777849000,192.168.0.178,192.168.0.148,25565,53414,4921682,41383,0,0,0x0010
10134,2026-08-15T10:14:26.679090000-0500,61.812131000,192.168.0.178,192.168.0.148,25565,53414,4921682,41383,1460,0,0x0010
10135,2026-08-15T10:14:26.679090000-0500,61.812131000,192.168.0.178,192.168.0.148,25565,53414,4923142,41383,778,0,0x0018
10136,2026-08-15T10:14:26.679139000-0500,61.812180000,192.168.0.148,192.168.0.178,53414,25565,41383,4923920,0,0,0x0010
10137,2026-08-15T10:14:26.692579000-0500,61.825620000,192.168.0.148,192.168.0.178,53414,25565,41383,4923920,36,0,0x0018
10138,2026-08-15T10:14:26.693371000-0500,61.826412000,192.168.0.148,192.168.0.178,53414,25565,41419,4923920,3,0,0x0018
10139,2026-08-15T10:14:26.694169000-0500,61.827210000,192.168.0.178,192.168.0.148,25565,53414,4923920,41422,0,0,0x0010
10140,2026-08-15T10:14:26.732207000-0500,61.865248000,192.168.0.178,192.168.0.148,25565,53414,4923920,41422,457,0,0x0018
10141,2026-08-15T10:14:26.732415000-0500,61.865456000,192.168.0.148,192.168.0.178,53414,25565,41422,4924377,11,0,0x0018
10142,2026-08-15T10:14:26.743353000-0500,61.876394000,192.168.0.148,192.168.0.178,53414,25565,41433,4924377,36,0,0x0018
10143,2026-08-15T10:14:26.744323000-0500,61.877364000,192.168.0.178,192.168.0.148,25565,53414,4924377,41469,0,0,0x0010
10144,2026-08-15T10:14:26.744492000-0500,61.877533000,192.168.0.148,192.168.0.178,53414,25565,41469,4924377,3,0,0x0018
10145,2026-08-15T10:14:26.781737000-0500,61.914778000,192.168.0.178,192.168.0.148,25565,53414,4924377,41472,292,0,0x0018
10146,2026-08-15T10:14:26.793486000-0500,61.926527000,192.168.0.148,192.168.0.178,53414,25565,41472,4924669,36,0,0x0018
10147,2026-08-15T10:14:26.794844000-0500,61.927885000,192.168.0.148,192.168.0.178,53414,25565,41508,4924669,3,0,0x0018
10148,2026-08-15T10:14:26.795533000-0500,61.928574000,192.168.0.178,192.168.0.148,25565,53414,4924669,41511,0,0,0x0010
10149,2026-08-15T10:14:26.828951000-0500,61.961992000,192.168.0.148,192.168.0.178,53414,25565,41511,4924669,28,0,0x0018
10150,2026-08-15T10:14:26.828982000-0500,61.962023000,192.168.0.178,192.168.0.148,25565,53414,4924669,41511,280,0,0x0018
10151,2026-08-15T10:14:26.830439000-0500,61.963480000,192.168.0.148,192.168.0.178,53414,25565,41539,4924949,3,0,0x0018
10152,2026-08-15T10:14:26.831191000-0500,61.964232000,192.168.0.178,192.168.0.148,25565,53414,4924949,41542,0,0,0x0010
10153,2026-08-15T10:14:26.878555000-0500,62.011596000,192.168.0.178,192.168.0.148,25565,53414,4924949,41542,714,0,0x0018
10154,2026-08-15T10:14:26.893402000-0500,62.026443000,192.168.0.148,192.168.0.178,53414,25565,41542,4925663,36,0,0x0018
10155,2026-08-15T10:14:26.894551000-0500,62.027592000,192.168.0.148,192.168.0.178,53414,25565,41578,4925663,3,0,0x0018
10156,2026-08-15T10:14:26.895216000-0500,62.028257000,192.168.0.178,192.168.0.148,25565,53414,4925663,41581,0,0,0x0010
10157,2026-08-15T10:14:26.928559000-0500,62.061600000,192.168.0.178,192.168.0.148,25565,53414,4925663,41581,270,0,0x0018
10158,2026-08-15T10:14:26.942030000-0500,62.075071000,192.168.0.148,192.168.0.178,53414,25565,41581,4925933,36,0,0x0018
10159,2026-08-15T10:14:26.942806000-0500,62.075847000,192.168.0.148,192.168.0.178,53414,25565,41617,4925933,3,0,0x0018
10160,2026-08-15T10:14:26.943616000-0500,62.076657000,192.168.0.178,192.168.0.148,25565,53414,4925933,41620,0,0,0x0010
10161,2026-08-15T10:14:26.981052000-0500,62.114093000,192.168.0.178,192.168.0.148,25565,53414,4925933,41620,232,0,0x0018
10162,2026-08-15T10:14:26.993320000-0500,62.126361000,192.168.0.148,192.168.0.178,53414,25565,41620,4926165,28,0,0x0018
10163,2026-08-15T10:14:26.994580000-0500,62.127621000,192.168.0.148,192.168.0.178,53414,25565,41648,4926165,3,0,0x0018
10164,2026-08-15T10:14:26.995307000-0500,62.128348000,192.168.0.178,192.168.0.148,25565,53414,4926165,41651,0,0,0x0010
10165,2026-08-15T10:14:27.029672000-0500,62.162713000,192.168.0.178,192.168.0.148,25565,53414,4926165,41651,496,0,0x0018
10166,2026-08-15T10:14:27.043321000-0500,62.176362000,192.168.0.148,192.168.0.178,53414,25565,41651,4926661,36,0,0x0018
10167,2026-08-15T10:14:27.044864000-0500,62.177905000,192.168.0.148,192.168.0.178,53414,25565,41687,4926661,3,0,0x0018
10168,2026-08-15T10:14:27.045584000-0500,62.178625000,192.168.0.178,192.168.0.148,25565,53414,4926661,41690,0,0,0x0010
10169,2026-08-15T10:14:27.080545000-0500,62.213586000,192.168.0.178,192.168.0.148,25565,53414,4926661,41690,326,0,0x0018
10170,2026-08-15T10:14:27.093489000-0500,62.226530000,192.168.0.148,192.168.0.178,53414,25565,41690,4926987,4,0,0x0018
10171,2026-08-15T10:14:27.093522000-0500,62.226563000,192.168.0.148,192.168.0.178,53414,25565,41694,4926987,36,0,0x0018
10172,2026-08-15T10:14:27.094386000-0500,62.227427000,192.168.0.178,192.168.0.148,25565,53414,4926987,41730,0,0,0x0010
10173,2026-08-15T10:14:27.095010000-0500,62.228051000,192.168.0.178,192.168.0.148,25565,53414,4926987,41730,11,0,0x0018
10174,2026-08-15T10:14:27.095010000-0500,62.228051000,192.168.0.178,192.168.0.148,25565,53414,4926998,41730,22,0,0x0018
10175,2026-08-15T10:14:27.095010000-0500,62.228051000,192.168.0.178,192.168.0.148,25565,53414,4927020,41730,99,0,0x0018
10176,2026-08-15T10:14:27.095080000-0500,62.228121000,192.168.0.148,192.168.0.178,53414,25565,41730,4927119,0,0,0x0010
10177,2026-08-15T10:14:27.095175000-0500,62.228216000,192.168.0.148,192.168.0.178,53414,25565,41730,4927119,3,0,0x0018
10178,2026-08-15T10:14:27.095181000-0500,62.228222000,192.168.0.178,192.168.0.148,25565,53414,4927119,41730,90,0,0x0018
10179,2026-08-15T10:14:27.095202000-0500,62.228243000,192.168.0.148,192.168.0.178,53414,25565,41733,4927209,0,0,0x0010
10180,2026-08-15T10:14:27.130071000-0500,62.263112000,192.168.0.178,192.168.0.148,25565,53414,4927209,41733,297,0,0x0018
10181,2026-08-15T10:14:27.130134000-0500,62.263175000,192.168.0.148,192.168.0.178,53414,25565,41733,4927506,0,0,0x0010
10182,2026-08-15T10:14:27.143359000-0500,62.276400000,192.168.0.148,192.168.0.178,53414,25565,41733,4927506,36,0,0x0018
10183,2026-08-15T10:14:27.144794000-0500,62.277835000,192.168.0.148,192.168.0.178,53414,25565,41769,4927506,3,0,0x0018
10184,2026-08-15T10:14:27.145497000-0500,62.278538000,192.168.0.178,192.168.0.148,25565,53414,4927506,41772,0,0,0x0010
10185,2026-08-15T10:14:27.182892000-0500,62.315933000,192.168.0.178,192.168.0.148,25565,53414,4927506,41772,513,0,0x0018
10186,2026-08-15T10:14:27.193044000-0500,62.326085000,192.168.0.148,192.168.0.178,53414,25565,41772,4928019,36,0,0x0018
10187,2026-08-15T10:14:27.193910000-0500,62.326951000,192.168.0.148,192.168.0.178,53414,25565,41808,4928019,3,0,0x0018
10188,2026-08-15T10:14:27.195201000-0500,62.328242000,192.168.0.178,192.168.0.148,25565,53414,4928019,41811,0,0,0x0010
10189,2026-08-15T10:14:27.228477000-0500,62.361518000,192.168.0.178,192.168.0.148,25565,53414,4928019,41811,1460,0,0x0010
10190,2026-08-15T10:14:27.228477000-0500,62.361518000,192.168.0.178,192.168.0.148,25565,53414,4929479,41811,1460,0,0x0010
10191,2026-08-15T10:14:27.228524000-0500,62.361565000,192.168.0.148,192.168.0.178,53414,25565,41811,4930939,0,0,0x0010
10192,2026-08-15T10:14:27.228578000-0500,62.361619000,192.168.0.178,192.168.0.148,25565,53414,4930939,41811,1460,0,0x0010
10193,2026-08-15T10:14:27.228767000-0500,62.361808000,192.168.0.178,192.168.0.148,25565,53414,4932399,41811,1460,0,0x0010
10194,2026-08-15T10:14:27.228785000-0500,62.361826000,192.168.0.148,192.168.0.178,53414,25565,41811,4933859,0,0,0x0010
10195,2026-08-15T10:14:27.228827000-0500,62.361868000,192.168.0.178,192.168.0.148,25565,53414,4933859,41811,1460,0,0x0010
10196,2026-08-15T10:14:27.228971000-0500,62.362012000,192.168.0.178,192.168.0.148,25565,53414,4935319,41811,1460,0,0x0010
10197,2026-08-15T10:14:27.228991000-0500,62.362032000,192.168.0.148,192.168.0.178,53414,25565,41811,4936779,0,0,0x0010
10198,2026-08-15T10:14:27.229053000-0500,62.362094000,192.168.0.178,192.168.0.148,25565,53414,4936779,41811,1460,0,0x0010
10199,2026-08-15T10:14:27.229331000-0500,62.362372000,192.168.0.178,192.168.0.148,25565,53414,4938239,41811,1442,0,0x0018
10200,2026-08-15T10:14:27.229349000-0500,62.362390000,192.168.0.148,192.168.0.178,53414,25565,41811,4939681,0,0,0x0010
10201,2026-08-15T10:14:27.242865000-0500,62.375906000,192.168.0.148,192.168.0.178,53414,25565,41811,4939681,36,0,0x0018
10202,2026-08-15T10:14:27.243832000-0500,62.376873000,192.168.0.148,192.168.0.178,53414,25565,41847,4939681,3,0,0x0018
10203,2026-08-15T10:14:27.244501000-0500,62.377542000,192.168.0.178,192.168.0.148,25565,53414,4939681,41850,0,0,0x0010
10204,2026-08-15T10:14:27.278040000-0500,62.411081000,192.168.0.178,192.168.0.148,25565,53414,4939681,41850,1460,0,0x0010
10205,2026-08-15T10:14:27.278040000-0500,62.411081000,192.168.0.178,192.168.0.148,25565,53414,4941141,41850,1460,0,0x0010
10206,2026-08-15T10:14:27.278098000-0500,62.411139000,192.168.0.148,192.168.0.178,53414,25565,41850,4942601,0,0,0x0010
10207,2026-08-15T10:14:27.278169000-0500,62.411210000,192.168.0.178,192.168.0.148,25565,53414,4942601,41850,1460,0,0x0010
10208,2026-08-15T10:14:27.278389000-0500,62.411430000,192.168.0.178,192.168.0.148,25565,53414,4944061,41850,1460,0,0x0010
10209,2026-08-15T10:14:27.278389000-0500,62.411430000,192.168.0.178,192.168.0.148,25565,53414,4945521,41850,1460,0,0x0010
10210,2026-08-15T10:14:27.278414000-0500,62.411455000,192.168.0.148,192.168.0.178,53414,25565,41850,4946981,0,0,0x0010
10211,2026-08-15T10:14:27.278631000-0500,62.411672000,192.168.0.178,192.168.0.148,25565,53414,4946981,41850,1460,0,0x0010
10212,2026-08-15T10:14:27.278631000-0500,62.411672000,192.168.0.178,192.168.0.148,25565,53414,4948441,41850,1460,0,0x0010
10213,2026-08-15T10:14:27.278661000-0500,62.411702000,192.168.0.148,192.168.0.178,53414,25565,41850,4949901,0,0,0x0010
10214,2026-08-15T10:14:27.278881000-0500,62.411922000,192.168.0.178,192.168.0.148,25565,53414,4949901,41850,1460,0,0x0010
10215,2026-08-15T10:14:27.278881000-0500,62.411922000,192.168.0.178,192.168.0.148,25565,53414,4951361,41850,1460,0,0x0018
10216,2026-08-15T10:14:27.278904000-0500,62.411945000,192.168.0.148,192.168.0.178,53414,25565,41850,4952821,0,0,0x0010
10217,2026-08-15T10:14:27.279110000-0500,62.412151000,192.168.0.178,192.168.0.148,25565,53414,4952821,41850,1460,0,0x0010
10218,2026-08-15T10:14:27.279110000-0500,62.412151000,192.168.0.178,192.168.0.148,25565,53414,4954281,41850,284,0,0x0018
10219,2026-08-15T10:14:27.279135000-0500,62.412176000,192.168.0.148,192.168.0.178,53414,25565,41850,4954565,0,0,0x0010
10220,2026-08-15T10:14:27.293150000-0500,62.426191000,192.168.0.148,192.168.0.178,53414,25565,41850,4954565,4,0,0x0018
10221,2026-08-15T10:14:27.293176000-0500,62.426217000,192.168.0.148,192.168.0.178,53414,25565,41854,4954565,36,0,0x0018
10222,2026-08-15T10:14:27.293758000-0500,62.426799000,192.168.0.178,192.168.0.148,25565,53414,4954565,41890,0,0,0x0010
10223,2026-08-15T10:14:27.294264000-0500,62.427305000,192.168.0.148,192.168.0.178,53414,25565,41890,4954565,3,0,0x0018
10224,2026-08-15T10:14:27.331571000-0500,62.464612000,192.168.0.178,192.168.0.148,25565,53414,4954565,41893,1460,0,0x0010
10225,2026-08-15T10:14:27.331571000-0500,62.464612000,192.168.0.178,192.168.0.148,25565,53414,4956025,41893,1460,0,0x0010
10226,2026-08-15T10:14:27.331639000-0500,62.464680000,192.168.0.148,192.168.0.178,53414,25565,41893,4957485,0,0,0x0010
10227,2026-08-15T10:14:27.331687000-0500,62.464728000,192.168.0.178,192.168.0.148,25565,53414,4957485,41893,1460,0,0x0010
10228,2026-08-15T10:14:27.331912000-0500,62.464953000,192.168.0.178,192.168.0.148,25565,53414,4958945,41893,1460,0,0x0010
10229,2026-08-15T10:14:27.331912000-0500,62.464953000,192.168.0.178,192.168.0.148,25565,53414,4960405,41893,1460,0,0x0010
10230,2026-08-15T10:14:27.331942000-0500,62.464983000,192.168.0.148,192.168.0.178,53414,25565,41893,4961865,0,0,0x0010
10231,2026-08-15T10:14:27.332151000-0500,62.465192000,192.168.0.178,192.168.0.148,25565,53414,4961865,41893,1460,0,0x0010
10232,2026-08-15T10:14:27.332151000-0500,62.465192000,192.168.0.178,192.168.0.148,25565,53414,4963325,41893,1460,0,0x0010
10233,2026-08-15T10:14:27.332183000-0500,62.465224000,192.168.0.148,192.168.0.178,53414,25565,41893,4964785,0,0,0x0010
10234,2026-08-15T10:14:27.332396000-0500,62.465437000,192.168.0.178,192.168.0.148,25565,53414,4964785,41893,1460,0,0x0010
10235,2026-08-15T10:14:27.332396000-0500,62.465437000,192.168.0.178,192.168.0.148,25565,53414,4966245,41893,1460,0,0x0018
10236,2026-08-15T10:14:27.332428000-0500,62.465469000,192.168.0.148,192.168.0.178,53414,25565,41893,4967705,0,0,0x0010
10237,2026-08-15T10:14:27.332485000-0500,62.465526000,192.168.0.178,192.168.0.148,25565,53414,4967705,41893,1128,0,0x0018
10238,2026-08-15T10:14:27.332496000-0500,62.465537000,192.168.0.148,192.168.0.178,53414,25565,41893,4968833,0,0,0x0010
10239,2026-08-15T10:14:27.342405000-0500,62.475446000,192.168.0.148,192.168.0.178,53414,25565,41893,4968833,36,0,0x0018
10240,2026-08-15T10:14:27.343161000-0500,62.476202000,192.168.0.148,192.168.0.178,53414,25565,41929,4968833,3,0,0x0018
10241,2026-08-15T10:14:27.343321000-0500,62.476362000,192.168.0.178,192.168.0.148,25565,53414,4968833,41929,46,0,0x0018
10242,2026-08-15T10:14:27.381935000-0500,62.514976000,192.168.0.178,192.168.0.148,25565,53414,4968879,41932,1460,0,0x0010
10243,2026-08-15T10:14:27.381935000-0500,62.514976000,192.168.0.178,192.168.0.148,25565,53414,4970339,41932,1460,0,0x0010
10244,2026-08-15T10:14:27.381987000-0500,62.515028000,192.168.0.148,192.168.0.178,53414,25565,41932,4971799,0,0,0x0010
10245,2026-08-15T10:14:27.382045000-0500,62.515086000,192.168.0.178,192.168.0.148,25565,53414,4971799,41932,1460,0,0x0010
10246,2026-08-15T10:14:27.382057000-0500,62.515098000,192.168.0.148,192.168.0.178,53414,25565,41932,4973259,0,0,0x0010
10247,2026-08-15T10:14:27.382272000-0500,62.515313000,192.168.0.178,192.168.0.148,25565,53414,4973259,41932,1460,0,0x0010
10248,2026-08-15T10:14:27.382272000-0500,62.515313000,192.168.0.178,192.168.0.148,25565,53414,4974719,41932,1460,0,0x0010
10249,2026-08-15T10:14:27.382300000-0500,62.515341000,192.168.0.148,192.168.0.178,53414,25565,41932,4976179,0,0,0x0010
10250,2026-08-15T10:14:27.382502000-0500,62.515543000,192.168.0.178,192.168.0.148,25565,53414,4976179,41932,1460,0,0x0010
10251,2026-08-15T10:14:27.382549000-0500,62.515590000,192.168.0.178,192.168.0.148,25565,53414,4977639,41932,1460,0,0x0010
10252,2026-08-15T10:14:27.382558000-0500,62.515599000,192.168.0.148,192.168.0.178,53414,25565,41932,4979099,0,0,0x0010
10253,2026-08-15T10:14:27.382768000-0500,62.515809000,192.168.0.178,192.168.0.148,25565,53414,4979099,41932,1460,0,0x0010
10254,2026-08-15T10:14:27.382768000-0500,62.515809000,192.168.0.178,192.168.0.148,25565,53414,4980559,41932,1460,0,0x0018
10255,2026-08-15T10:14:27.382797000-0500,62.515838000,192.168.0.148,192.168.0.178,53414,25565,41932,4982019,0,0,0x0010
10256,2026-08-15T10:14:27.383013000-0500,62.516054000,192.168.0.178,192.168.0.148,25565,53414,4982019,41932,1460,0,0x0010
10257,2026-08-15T10:14:27.383013000-0500,62.516054000,192.168.0.178,192.168.0.148,25565,53414,4983479,41932,1460,0,0x0010
10258,2026-08-15T10:14:27.383041000-0500,62.516082000,192.168.0.148,192.168.0.178,53414,25565,41932,4984939,0,0,0x0010
10259,2026-08-15T10:14:27.383272000-0500,62.516313000,192.168.0.178,192.168.0.148,25565,53414,4984939,41932,1460,0,0x0010
10260,2026-08-15T10:14:27.383272000-0500,62.516313000,192.168.0.178,192.168.0.148,25565,53414,4986399,41932,1460,0,0x0010
10261,2026-08-15T10:14:27.383301000-0500,62.516342000,192.168.0.148,192.168.0.178,53414,25565,41932,4987859,0,0,0x0010
10262,2026-08-15T10:14:27.383340000-0500,62.516381000,192.168.0.178,192.168.0.148,25565,53414,4987859,41932,767,0,0x0018
10263,2026-08-15T10:14:27.393757000-0500,62.526798000,192.168.0.148,192.168.0.178,53414,25565,41932,4988626,28,0,0x0018
10264,2026-08-15T10:14:27.395143000-0500,62.528184000,192.168.0.148,192.168.0.178,53414,25565,41960,4988626,3,0,0x0018
10265,2026-08-15T10:14:27.395727000-0500,62.528768000,192.168.0.178,192.168.0.148,25565,53414,4988626,41963,0,0,0x0010
10266,2026-08-15T10:14:27.428970000-0500,62.562011000,192.168.0.178,192.168.0.148,25565,53414,4988626,41963,1460,0,0x0010
10267,2026-08-15T10:14:27.428970000-0500,62.562011000,192.168.0.178,192.168.0.148,25565,53414,4990086,41963,1460,0,0x0010
10268,2026-08-15T10:14:27.429028000-0500,62.562069000,192.168.0.148,192.168.0.178,53414,25565,41963,4991546,0,0,0x0010
10269,2026-08-15T10:14:27.429083000-0500,62.562124000,192.168.0.178,192.168.0.148,25565,53414,4991546,41963,1460,0,0x0010
10270,2026-08-15T10:14:27.429316000-0500,62.562357000,192.168.0.178,192.168.0.148,25565,53414,4993006,41963,1460,0,0x0010
10271,2026-08-15T10:14:27.429316000-0500,62.562357000,192.168.0.178,192.168.0.148,25565,53414,4994466,41963,1460,0,0x0010
10272,2026-08-15T10:14:27.429345000-0500,62.562386000,192.168.0.148,192.168.0.178,53414,25565,41963,4995926,0,0,0x0010
10273,2026-08-15T10:14:27.429553000-0500,62.562594000,192.168.0.178,192.168.0.148,25565,53414,4995926,41963,1460,0,0x0010
10274,2026-08-15T10:14:27.429553000-0500,62.562594000,192.168.0.178,192.168.0.148,25565,53414,4997386,41963,1460,0,0x0010
10275,2026-08-15T10:14:27.429582000-0500,62.562623000,192.168.0.148,192.168.0.178,53414,25565,41963,4998846,0,0,0x0010
10276,2026-08-15T10:14:27.429800000-0500,62.562841000,192.168.0.178,192.168.0.148,25565,53414,4998846,41963,1460,0,0x0010
10277,2026-08-15T10:14:27.429800000-0500,62.562841000,192.168.0.178,192.168.0.148,25565,53414,5000306,41963,1460,0,0x0018
10278,2026-08-15T10:14:27.429830000-0500,62.562871000,192.168.0.148,192.168.0.178,53414,25565,41963,5001766,0,0,0x0010
10279,2026-08-15T10:14:27.429866000-0500,62.562907000,192.168.0.178,192.168.0.148,25565,53414,5001766,41963,374,0,0x0018
10280,2026-08-15T10:14:27.429876000-0500,62.562917000,192.168.0.148,192.168.0.178,53414,25565,41963,5002140,0,0,0x0010
10281,2026-08-15T10:14:27.442218000-0500,62.575259000,192.168.0.148,192.168.0.178,53414,25565,41963,5002140,4,0,0x0018
10282,2026-08-15T10:14:27.442235000-0500,62.575276000,192.168.0.148,192.168.0.178,53414,25565,41967,5002140,28,0,0x0018
10283,2026-08-15T10:14:27.443059000-0500,62.576100000,192.168.0.178,192.168.0.148,25565,53414,5002140,41995,0,0,0x0010
10284,2026-08-15T10:14:27.443130000-0500,62.576171000,192.168.0.148,192.168.0.178,53414,25565,41995,5002140,3,0,0x0018
10285,2026-08-15T10:14:27.482995000-0500,62.616036000,192.168.0.178,192.168.0.148,25565,53414,5002140,41998,1460,0,0x0010
10286,2026-08-15T10:14:27.482995000-0500,62.616036000,192.168.0.178,192.168.0.148,25565,53414,5003600,41998,1460,0,0x0010
10287,2026-08-15T10:14:27.483059000-0500,62.616100000,192.168.0.148,192.168.0.178,53414,25565,41998,5005060,0,0,0x0010
10288,2026-08-15T10:14:27.483092000-0500,62.616133000,192.168.0.178,192.168.0.148,25565,53414,5005060,41998,1158,0,0x0018
10289,2026-08-15T10:14:27.492129000-0500,62.625170000,192.168.0.148,192.168.0.178,53414,25565,41998,5006218,28,0,0x0018
10290,2026-08-15T10:14:27.492813000-0500,62.625854000,192.168.0.148,192.168.0.178,53414,25565,42026,5006218,3,0,0x0018
10291,2026-08-15T10:14:27.493529000-0500,62.626570000,192.168.0.178,192.168.0.148,25565,53414,5006218,42029,0,0,0x0010
10292,2026-08-15T10:14:27.531559000-0500,62.664600000,192.168.0.178,192.168.0.148,25565,53414,5006218,42029,264,0,0x0018
10293,2026-08-15T10:14:27.543429000-0500,62.676470000,192.168.0.148,192.168.0.178,53414,25565,42029,5006482,28,0,0x0018
10294,2026-08-15T10:14:27.545349000-0500,62.678390000,192.168.0.148,192.168.0.178,53414,25565,42057,5006482,3,0,0x0018
10295,2026-08-15T10:14:27.546193000-0500,62.679234000,192.168.0.178,192.168.0.148,25565,53414,5006482,42060,0,0,0x0010
10296,2026-08-15T10:14:27.580794000-0500,62.713835000,192.168.0.178,192.168.0.148,25565,53414,5006482,42060,232,0,0x0018
10297,2026-08-15T10:14:27.593470000-0500,62.726511000,192.168.0.148,192.168.0.178,53414,25565,42060,5006714,28,0,0x0018
10298,2026-08-15T10:14:27.595100000-0500,62.728141000,192.168.0.148,192.168.0.178,53414,25565,42088,5006714,3,0,0x0018
10299,2026-08-15T10:14:27.595860000-0500,62.728901000,192.168.0.178,192.168.0.148,25565,53414,5006714,42091,0,0,0x0010
10300,2026-08-15T10:14:27.628725000-0500,62.761766000,192.168.0.178,192.168.0.148,25565,53414,5006714,42091,355,0,0x0018
10301,2026-08-15T10:14:27.642994000-0500,62.776035000,192.168.0.148,192.168.0.178,53414,25565,42091,5007069,28,0,0x0018
10302,2026-08-15T10:14:27.644159000-0500,62.777200000,192.168.0.148,192.168.0.178,53414,25565,42119,5007069,3,0,0x0018
10303,2026-08-15T10:14:27.645024000-0500,62.778065000,192.168.0.178,192.168.0.148,25565,53414,5007069,42122,0,0,0x0010
10304,2026-08-15T10:14:27.680885000-0500,62.813926000,192.168.0.178,192.168.0.148,25565,53414,5007069,42122,429,0,0x0018
10305,2026-08-15T10:14:27.693281000-0500,62.826322000,192.168.0.148,192.168.0.178,53414,25565,42122,5007498,28,0,0x0018
10306,2026-08-15T10:14:27.694744000-0500,62.827785000,192.168.0.148,192.168.0.178,53414,25565,42150,5007498,3,0,0x0018
10307,2026-08-15T10:14:27.695640000-0500,62.828681000,192.168.0.178,192.168.0.148,25565,53414,5007498,42153,0,0,0x0010
10308,2026-08-15T10:14:27.733467000-0500,62.866508000,192.168.0.178,192.168.0.148,25565,53414,5007498,42153,262,0,0x0018
10309,2026-08-15T10:14:27.733720000-0500,62.866761000,192.168.0.148,192.168.0.178,53414,25565,42153,5007760,11,0,0x0018
10310,2026-08-15T10:14:27.743253000-0500,62.876294000,192.168.0.148,192.168.0.178,53414,25565,42164,5007760,28,0,0x0018
10311,2026-08-15T10:14:27.744172000-0500,62.877213000,192.168.0.178,192.168.0.148,25565,53414,5007760,42192,0,0,0x0010
10312,2026-08-15T10:14:27.744793000-0500,62.877834000,192.168.0.148,192.168.0.178,53414,25565,42192,5007760,3,0,0x0018
10313,2026-08-15T10:14:27.781845000-0500,62.914886000,192.168.0.178,192.168.0.148,25565,53414,5007760,42195,348,0,0x0018
10314,2026-08-15T10:14:27.793136000-0500,62.926177000,192.168.0.148,192.168.0.178,53414,25565,42195,5008108,28,0,0x0018
10315,2026-08-15T10:14:27.794260000-0500,62.927301000,192.168.0.148,192.168.0.178,53414,25565,42223,5008108,3,0,0x0018
10316,2026-08-15T10:14:27.795237000-0500,62.928278000,192.168.0.178,192.168.0.148,25565,53414,5008108,42226,0,0,0x0010
10317,2026-08-15T10:14:27.833232000-0500,62.966273000,192.168.0.178,192.168.0.148,25565,53414,5008108,42226,546,0,0x0018
10318,2026-08-15T10:14:27.843743000-0500,62.976784000,192.168.0.148,192.168.0.178,53414,25565,42226,5008654,28,0,0x0018
10319,2026-08-15T10:14:27.845266000-0500,62.978307000,192.168.0.148,192.168.0.178,53414,25565,42254,5008654,3,0,0x0018
10320,2026-08-15T10:14:27.846014000-0500,62.979055000,192.168.0.178,192.168.0.148,25565,53414,5008654,42257,0,0,0x0010
10321,2026-08-15T10:14:27.878480000-0500,63.011521000,192.168.0.178,192.168.0.148,25565,53414,5008654,42257,299,0,0x0018
10322,2026-08-15T10:14:27.893380000-0500,63.026421000,192.168.0.148,192.168.0.178,53414,25565,42257,5008953,28,0,0x0018
10323,2026-08-15T10:14:27.895007000-0500,63.028048000,192.168.0.148,192.168.0.178,53414,25565,42285,5008953,3,0,0x0018
10324,2026-08-15T10:14:27.895878000-0500,63.028919000,192.168.0.178,192.168.0.148,25565,53414,5008953,42288,0,0,0x0010
10325,2026-08-15T10:14:27.936322000-0500,63.069363000,192.168.0.178,192.168.0.148,25565,53414,5008953,42288,396,0,0x0018
10326,2026-08-15T10:14:27.942757000-0500,63.075798000,192.168.0.148,192.168.0.178,53414,25565,42288,5009349,28,0,0x0018
10327,2026-08-15T10:14:27.943845000-0500,63.076886000,192.168.0.148,192.168.0.178,53414,25565,42316,5009349,3,0,0x0018
10328,2026-08-15T10:14:27.946374000-0500,63.079415000,192.168.0.178,192.168.0.148,25565,53414,5009349,42319,0,0,0x0010
10329,2026-08-15T10:14:27.980646000-0500,63.113687000,192.168.0.178,192.168.0.148,25565,53414,5009349,42319,350,0,0x0018
10330,2026-08-15T10:14:27.992587000-0500,63.125628000,192.168.0.148,192.168.0.178,53414,25565,42319,5009699,28,0,0x0018
10331,2026-08-15T10:14:27.993465000-0500,63.126506000,192.168.0.148,192.168.0.178,53414,25565,42347,5009699,3,0,0x0018
10332,2026-08-15T10:14:27.994268000-0500,63.127309000,192.168.0.178,192.168.0.148,25565,53414,5009699,42350,0,0,0x0010
10333,2026-08-15T10:14:28.030525000-0500,63.163566000,192.168.0.178,192.168.0.148,25565,53414,5009699,42350,299,0,0x0018
10334,2026-08-15T10:14:28.042584000-0500,63.175625000,192.168.0.148,192.168.0.178,53414,25565,42350,5009998,28,0,0x0018
10335,2026-08-15T10:14:28.043592000-0500,63.176633000,192.168.0.148,192.168.0.178,53414,25565,42378,5009998,3,0,0x0018
10336,2026-08-15T10:14:28.044242000-0500,63.177283000,192.168.0.178,192.168.0.148,25565,53414,5009998,42381,0,0,0x0010
10337,2026-08-15T10:14:28.077919000-0500,63.210960000,192.168.0.178,192.168.0.148,25565,53414,5009998,42381,1108,0,0x0018
10338,2026-08-15T10:14:28.093440000-0500,63.226481000,192.168.0.148,192.168.0.178,53414,25565,42381,5011106,28,0,0x0018
10339,2026-08-15T10:14:28.094654000-0500,63.227695000,192.168.0.148,192.168.0.178,53414,25565,42409,5011106,3,0,0x0018
10340,2026-08-15T10:14:28.095360000-0500,63.228401000,192.168.0.178,192.168.0.148,25565,53414,5011106,42412,0,0,0x0010
10341,2026-08-15T10:14:28.127886000-0500,63.260927000,192.168.0.178,192.168.0.148,25565,53414,5011106,42412,530,0,0x0018
10342,2026-08-15T10:14:28.143789000-0500,63.276830000,192.168.0.148,192.168.0.178,53414,25565,42412,5011636,36,0,0x0018
10343,2026-08-15T10:14:28.145265000-0500,63.278306000,192.168.0.148,192.168.0.178,53414,25565,42448,5011636,3,0,0x0018
10344,2026-08-15T10:14:28.145962000-0500,63.279003000,192.168.0.178,192.168.0.148,25565,53414,5011636,42451,0,0,0x0010
10345,2026-08-15T10:14:28.177550000-0500,63.310591000,192.168.0.178,192.168.0.148,25565,53414,5011636,42451,1460,0,0x0010
10346,2026-08-15T10:14:28.177550000-0500,63.310591000,192.168.0.178,192.168.0.148,25565,53414,5013096,42451,56,0,0x0018
10347,2026-08-15T10:14:28.177611000-0500,63.310652000,192.168.0.148,192.168.0.178,53414,25565,42451,5013152,0,0,0x0010
10348,2026-08-15T10:14:28.193113000-0500,63.326154000,192.168.0.148,192.168.0.178,53414,25565,42451,5013152,36,0,0x0018
10349,2026-08-15T10:14:28.194386000-0500,63.327427000,192.168.0.148,192.168.0.178,53414,25565,42487,5013152,3,0,0x0018
10350,2026-08-15T10:14:28.195151000-0500,63.328192000,192.168.0.178,192.168.0.148,25565,53414,5013152,42490,0,0,0x0010
10351,2026-08-15T10:14:28.239105000-0500,63.372146000,192.168.0.178,192.168.0.148,25565,53414,5013152,42490,558,0,0x0018
10352,2026-08-15T10:14:28.243868000-0500,63.376909000,192.168.0.148,192.168.0.178,53414,25565,42490,5013710,36,0,0x0018
10353,2026-08-15T10:14:28.245286000-0500,63.378327000,192.168.0.148,192.168.0.178,53414,25565,42526,5013710,3,0,0x0018
10354,2026-08-15T10:14:28.246003000-0500,63.379044000,192.168.0.178,192.168.0.148,25565,53414,5013710,42529,0,0,0x0010
10355,2026-08-15T10:14:28.279816000-0500,63.412857000,192.168.0.178,192.168.0.148,25565,53414,5013710,42529,296,0,0x0018
10356,2026-08-15T10:14:28.293156000-0500,63.426197000,192.168.0.148,192.168.0.178,53414,25565,42529,5014006,36,0,0x0018
10357,2026-08-15T10:14:28.293902000-0500,63.426943000,192.168.0.148,192.168.0.178,53414,25565,42565,5014006,3,0,0x0018
10358,2026-08-15T10:14:28.294792000-0500,63.427833000,192.168.0.178,192.168.0.148,25565,53414,5014006,42568,0,0,0x0010
10359,2026-08-15T10:14:28.332739000-0500,63.465780000,192.168.0.178,192.168.0.148,25565,53414,5014006,42568,376,0,0x0018
10360,2026-08-15T10:14:28.343403000-0500,63.476444000,192.168.0.148,192.168.0.178,53414,25565,42568,5014382,36,0,0x0018
10361,2026-08-15T10:14:28.344796000-0500,63.477837000,192.168.0.148,192.168.0.178,53414,25565,42604,5014382,3,0,0x0018
10362,2026-08-15T10:14:28.345473000-0500,63.478514000,192.168.0.178,192.168.0.148,25565,53414,5014382,42607,0,0,0x0010
10363,2026-08-15T10:14:28.378495000-0500,63.511536000,192.168.0.178,192.168.0.148,25565,53414,5014382,42607,431,0,0x0018
10364,2026-08-15T10:14:28.393283000-0500,63.526324000,192.168.0.148,192.168.0.178,53414,25565,42607,5014813,36,0,0x0018
10365,2026-08-15T10:14:28.394695000-0500,63.527736000,192.168.0.148,192.168.0.178,53414,25565,42643,5014813,3,0,0x0018
10366,2026-08-15T10:14:28.395475000-0500,63.528516000,192.168.0.178,192.168.0.148,25565,53414,5014813,42646,0,0,0x0010
10367,2026-08-15T10:14:28.429651000-0500,63.562692000,192.168.0.178,192.168.0.148,25565,53414,5014813,42646,417,0,0x0018
10368,2026-08-15T10:14:28.443370000-0500,63.576411000,192.168.0.148,192.168.0.178,53414,25565,42646,5015230,36,0,0x0018
10369,2026-08-15T10:14:28.444791000-0500,63.577832000,192.168.0.148,192.168.0.178,53414,25565,42682,5015230,3,0,0x0018
10370,2026-08-15T10:14:28.445559000-0500,63.578600000,192.168.0.178,192.168.0.148,25565,53414,5015230,42685,0,0,0x0010
10371,2026-08-15T10:14:28.479705000-0500,63.612746000,192.168.0.178,192.168.0.148,25565,53414,5015230,42685,357,0,0x0018
10372,2026-08-15T10:14:28.493513000-0500,63.626554000,192.168.0.148,192.168.0.178,53414,25565,42685,5015587,28,0,0x0018
10373,2026-08-15T10:14:28.494640000-0500,63.627681000,192.168.0.178,192.168.0.148,25565,53414,5015587,42713,46,0,0x0018
10374,2026-08-15T10:14:28.494952000-0500,63.627993000,192.168.0.148,192.168.0.178,53414,25565,42713,5015633,3,0,0x0018
10375,2026-08-15T10:14:28.527132000-0500,63.660173000,192.168.0.178,192.168.0.148,25565,53414,5015633,42716,336,0,0x0018
10376,2026-08-15T10:14:28.543459000-0500,63.676500000,192.168.0.148,192.168.0.178,53414,25565,42716,5015969,28,0,0x0018
10377,2026-08-15T10:14:28.544970000-0500,63.678011000,192.168.0.148,192.168.0.178,53414,25565,42744,5015969,3,0,0x0018
10378,2026-08-15T10:14:28.545791000-0500,63.678832000,192.168.0.178,192.168.0.148,25565,53414,5015969,42747,0,0,0x0010
10379,2026-08-15T10:14:28.577214000-0500,63.710255000,192.168.0.178,192.168.0.148,25565,53414,5015969,42747,299,0,0x0018
10380,2026-08-15T10:14:28.593125000-0500,63.726166000,192.168.0.148,192.168.0.178,53414,25565,42747,5016268,28,0,0x0018
10381,2026-08-15T10:14:28.594252000-0500,63.727293000,192.168.0.148,192.168.0.178,53414,25565,42775,5016268,3,0,0x0018
10382,2026-08-15T10:14:28.594934000-0500,63.727975000,192.168.0.178,192.168.0.148,25565,53414,5016268,42778,0,0,0x0010
10383,2026-08-15T10:14:28.627504000-0500,63.760545000,192.168.0.178,192.168.0.148,25565,53414,5016268,42778,355,0,0x0018
10384,2026-08-15T10:14:28.643431000-0500,63.776472000,192.168.0.148,192.168.0.178,53414,25565,42778,5016623,28,0,0x0018
10385,2026-08-15T10:14:28.644608000-0500,63.777649000,192.168.0.178,192.168.0.148,25565,53414,5016623,42806,11,0,0x0018
10386,2026-08-15T10:14:28.644608000-0500,63.777649000,192.168.0.178,192.168.0.148,25565,53414,5016634,42806,22,0,0x0018
10387,2026-08-15T10:14:28.644608000-0500,63.777649000,192.168.0.178,192.168.0.148,25565,53414,5016656,42806,66,0,0x0018
10388,2026-08-15T10:14:28.644608000-0500,63.777649000,192.168.0.178,192.168.0.148,25565,53414,5016722,42806,77,0,0x0018
10389,2026-08-15T10:14:28.644672000-0500,63.777713000,192.168.0.148,192.168.0.178,53414,25565,42806,5016799,0,0,0x0010
10390,2026-08-15T10:14:28.644707000-0500,63.777748000,192.168.0.178,192.168.0.148,25565,53414,5016799,42806,46,0,0x0018
10391,2026-08-15T10:14:28.644778000-0500,63.777819000,192.168.0.148,192.168.0.178,53414,25565,42806,5016845,3,0,0x0018
10392,2026-08-15T10:14:28.681663000-0500,63.814704000,192.168.0.178,192.168.0.148,25565,53414,5016845,42809,379,0,0x0018
10393,2026-08-15T10:14:28.693011000-0500,63.826052000,192.168.0.148,192.168.0.178,53414,25565,42809,5017224,28,0,0x0018
10394,2026-08-15T10:14:28.694131000-0500,63.827172000,192.168.0.148,192.168.0.178,53414,25565,42837,5017224,3,0,0x0018
10395,2026-08-15T10:14:28.694995000-0500,63.828036000,192.168.0.178,192.168.0.148,25565,53414,5017224,42840,0,0,0x0010
10396,2026-08-15T10:14:28.732579000-0500,63.865620000,192.168.0.178,192.168.0.148,25565,53414,5017224,42840,295,0,0x0018
10397,2026-08-15T10:14:28.743491000-0500,63.876532000,192.168.0.148,192.168.0.178,53414,25565,42840,5017519,28,0,0x0018
10398,2026-08-15T10:14:28.744856000-0500,63.877897000,192.168.0.148,192.168.0.178,53414,25565,42868,5017519,3,0,0x0018
10399,2026-08-15T10:14:28.745452000-0500,63.878493000,192.168.0.178,192.168.0.148,25565,53414,5017519,42871,0,0,0x0010
10400,2026-08-15T10:14:28.783008000-0500,63.916049000,192.168.0.178,192.168.0.148,25565,53414,5017519,42871,1460,0,0x0010
10401,2026-08-15T10:14:28.783008000-0500,63.916049000,192.168.0.178,192.168.0.148,25565,53414,5018979,42871,1460,0,0x0010
10402,2026-08-15T10:14:28.783076000-0500,63.916117000,192.168.0.148,192.168.0.178,53414,25565,42871,5020439,0,0,0x0010
10403,2026-08-15T10:14:28.783126000-0500,63.916167000,192.168.0.178,192.168.0.148,25565,53414,5020439,42871,1460,0,0x0010
10404,2026-08-15T10:14:28.783344000-0500,63.916385000,192.168.0.178,192.168.0.148,25565,53414,5021899,42871,1460,0,0x0010
10405,2026-08-15T10:14:28.783344000-0500,63.916385000,192.168.0.178,192.168.0.148,25565,53414,5023359,42871,1460,0,0x0010
10406,2026-08-15T10:14:28.783385000-0500,63.916426000,192.168.0.148,192.168.0.178,53414,25565,42871,5024819,0,0,0x0010
10407,2026-08-15T10:14:28.783502000-0500,63.916543000,192.168.0.178,192.168.0.148,25565,53414,5024819,42871,1460,0,0x0010
10408,2026-08-15T10:14:28.783517000-0500,63.916558000,192.168.0.148,192.168.0.178,53414,25565,42871,5026279,0,0,0x0010
10409,2026-08-15T10:14:28.783578000-0500,63.916619000,192.168.0.178,192.168.0.148,25565,53414,5026279,42871,1460,0,0x0010
10410,2026-08-15T10:14:28.783842000-0500,63.916883000,192.168.0.178,192.168.0.148,25565,53414,5027739,42871,1460,0,0x0010
10411,2026-08-15T10:14:28.783842000-0500,63.916883000,192.168.0.178,192.168.0.148,25565,53414,5029199,42871,1460,0,0x0018
10412,2026-08-15T10:14:28.783885000-0500,63.916926000,192.168.0.148,192.168.0.178,53414,25565,42871,5030659,0,0,0x0010
10413,2026-08-15T10:14:28.783952000-0500,63.916993000,192.168.0.178,192.168.0.148,25565,53414,5030659,42871,1460,0,0x0010
10414,2026-08-15T10:14:28.783962000-0500,63.917003000,192.168.0.148,192.168.0.178,53414,25565,42871,5032119,0,0,0x0010
10415,2026-08-15T10:14:28.784203000-0500,63.917244000,192.168.0.178,192.168.0.148,25565,53414,5032119,42871,1460,0,0x0010
10416,2026-08-15T10:14:28.784203000-0500,63.917244000,192.168.0.178,192.168.0.148,25565,53414,5033579,42871,385,0,0x0018
10417,2026-08-15T10:14:28.784240000-0500,63.917281000,192.168.0.148,192.168.0.178,53414,25565,42871,5033964,0,0,0x0010
10418,2026-08-15T10:14:28.784527000-0500,63.917568000,192.168.0.148,192.168.0.178,53414,25565,42871,5033964,11,0,0x0018
10419,2026-08-15T10:14:28.792656000-0500,63.925697000,192.168.0.148,192.168.0.178,53414,25565,42882,5033964,28,0,0x0018
10420,2026-08-15T10:14:28.793396000-0500,63.926437000,192.168.0.148,192.168.0.178,53414,25565,42910,5033964,3,0,0x0018
10421,2026-08-15T10:14:28.793437000-0500,63.926478000,192.168.0.178,192.168.0.148,25565,53414,5033964,42910,0,0,0x0010
10422,2026-08-15T10:14:28.827433000-0500,63.960474000,192.168.0.178,192.168.0.148,25565,53414,5033964,42913,1460,0,0x0010
10423,2026-08-15T10:14:28.827433000-0500,63.960474000,192.168.0.178,192.168.0.148,25565,53414,5035424,42913,1460,0,0x0010
10424,2026-08-15T10:14:28.827488000-0500,63.960529000,192.168.0.148,192.168.0.178,53414,25565,42913,5036884,0,0,0x0010
10425,2026-08-15T10:14:28.827668000-0500,63.960709000,192.168.0.178,192.168.0.148,25565,53414,5036884,42913,1460,0,0x0010
10426,2026-08-15T10:14:28.827668000-0500,63.960709000,192.168.0.178,192.168.0.148,25565,53414,5038344,42913,1460,0,0x0010
10427,2026-08-15T10:14:28.827696000-0500,63.960737000,192.168.0.148,192.168.0.178,53414,25565,42913,5039804,0,0,0x0010
10428,2026-08-15T10:14:28.827914000-0500,63.960955000,192.168.0.178,192.168.0.148,25565,53414,5039804,42913,1460,0,0x0010
10429,2026-08-15T10:14:28.827914000-0500,63.960955000,192.168.0.178,192.168.0.148,25565,53414,5041264,42913,1460,0,0x0010
10430,2026-08-15T10:14:28.827940000-0500,63.960981000,192.168.0.148,192.168.0.178,53414,25565,42913,5042724,0,0,0x0010
10431,2026-08-15T10:14:28.828158000-0500,63.961199000,192.168.0.178,192.168.0.148,25565,53414,5042724,42913,1460,0,0x0010
10432,2026-08-15T10:14:28.828158000-0500,63.961199000,192.168.0.178,192.168.0.148,25565,53414,5044184,42913,1460,0,0x0010
10433,2026-08-15T10:14:28.828183000-0500,63.961224000,192.168.0.148,192.168.0.178,53414,25565,42913,5045644,0,0,0x0010
10434,2026-08-15T10:14:28.828223000-0500,63.961264000,192.168.0.178,192.168.0.148,25565,53414,5045644,42913,218,0,0x0018
10435,2026-08-15T10:14:28.842494000-0500,63.975535000,192.168.0.148,192.168.0.178,53414,25565,42913,5045862,28,0,0x0018
10436,2026-08-15T10:14:28.843501000-0500,63.976542000,192.168.0.148,192.168.0.178,53414,25565,42941,5045862,3,0,0x0018
10437,2026-08-15T10:14:28.844574000-0500,63.977615000,192.168.0.178,192.168.0.148,25565,53414,5045862,42944,0,0,0x0010
10438,2026-08-15T10:14:28.879792000-0500,64.012833000,192.168.0.178,192.168.0.148,25565,53414,5045862,42944,1460,0,0x0010
10439,2026-08-15T10:14:28.879792000-0500,64.012833000,192.168.0.178,192.168.0.148,25565,53414,5047322,42944,1460,0,0x0010
10440,2026-08-15T10:14:28.879845000-0500,64.012886000,192.168.0.148,192.168.0.178,53414,25565,42944,5048782,0,0,0x0010
10441,2026-08-15T10:14:28.879905000-0500,64.012946000,192.168.0.178,192.168.0.148,25565,53414,5048782,42944,1460,0,0x0010
10442,2026-08-15T10:14:28.880120000-0500,64.013161000,192.168.0.178,192.168.0.148,25565,53414,5050242,42944,1460,0,0x0010
10443,2026-08-15T10:14:28.880120000-0500,64.013161000,192.168.0.178,192.168.0.148,25565,53414,5051702,42944,1460,0,0x0010
10444,2026-08-15T10:14:28.880140000-0500,64.013181000,192.168.0.148,192.168.0.178,53414,25565,42944,5053162,0,0,0x0010
10445,2026-08-15T10:14:28.880350000-0500,64.013391000,192.168.0.178,192.168.0.148,25565,53414,5053162,42944,1460,0,0x0010
10446,2026-08-15T10:14:28.880372000-0500,64.013413000,192.168.0.148,192.168.0.178,53414,25565,42944,5054622,0,0,0x0010
10447,2026-08-15T10:14:28.880421000-0500,64.013462000,192.168.0.178,192.168.0.148,25565,53414,5054622,42944,1460,0,0x0010
10448,2026-08-15T10:14:28.880610000-0500,64.013651000,192.168.0.178,192.168.0.148,25565,53414,5056082,42944,1460,0,0x0010
10449,2026-08-15T10:14:28.880610000-0500,64.013651000,192.168.0.178,192.168.0.148,25565,53414,5057542,42944,1460,0,0x0018
10450,2026-08-15T10:14:28.880630000-0500,64.013671000,192.168.0.148,192.168.0.178,53414,25565,42944,5059002,0,0,0x0010
10451,2026-08-15T10:14:28.881044000-0500,64.014085000,192.168.0.178,192.168.0.148,25565,53414,5059002,42944,1460,0,0x0010
10452,2026-08-15T10:14:28.881044000-0500,64.014085000,192.168.0.178,192.168.0.148,25565,53414,5060462,42944,1460,0,0x0010
10453,2026-08-15T10:14:28.881062000-0500,64.014103000,192.168.0.148,192.168.0.178,53414,25565,42944,5061922,0,0,0x0010
10454,2026-08-15T10:14:28.881112000-0500,64.014153000,192.168.0.178,192.168.0.148,25565,53414,5061922,42944,511,0,0x0018
10455,2026-08-15T10:14:28.881118000-0500,64.014159000,192.168.0.148,192.168.0.178,53414,25565,42944,5062433,0,0,0x0010
10456,2026-08-15T10:14:28.892759000-0500,64.025800000,192.168.0.148,192.168.0.178,53414,25565,42944,5062433,28,0,0x0018
10457,2026-08-15T10:14:28.893704000-0500,64.026745000,192.168.0.148,192.168.0.178,53414,25565,42972,5062433,3,0,0x0018
10458,2026-08-15T10:14:28.894453000-0500,64.027494000,192.168.0.178,192.168.0.148,25565,53414,5062433,42975,0,0,0x0010
10459,2026-08-15T10:14:28.928347000-0500,64.061388000,192.168.0.178,192.168.0.148,25565,53414,5062433,42975,1460,0,0x0010
10460,2026-08-15T10:14:28.928347000-0500,64.061388000,192.168.0.178,192.168.0.148,25565,53414,5063893,42975,1460,0,0x0010
10461,2026-08-15T10:14:28.928427000-0500,64.061468000,192.168.0.148,192.168.0.178,53414,25565,42975,5065353,0,0,0x0010
10462,2026-08-15T10:14:28.928523000-0500,64.061564000,192.168.0.178,192.168.0.148,25565,53414,5065353,42975,1460,0,0x0010
10463,2026-08-15T10:14:28.928543000-0500,64.061584000,192.168.0.178,192.168.0.148,25565,53414,5066813,42975,1460,0,0x0010
10464,2026-08-15T10:14:28.928549000-0500,64.061590000,192.168.0.148,192.168.0.178,53414,25565,42975,5068273,0,0,0x0010
10465,2026-08-15T10:14:28.928721000-0500,64.061762000,192.168.0.178,192.168.0.148,25565,53414,5068273,42975,1460,0,0x0010
10466,2026-08-15T10:14:28.928786000-0500,64.061827000,192.168.0.178,192.168.0.148,25565,53414,5069733,42975,1460,0,0x0010
10467,2026-08-15T10:14:28.928793000-0500,64.061834000,192.168.0.148,192.168.0.178,53414,25565,42975,5071193,0,0,0x0010
10468,2026-08-15T10:14:28.929003000-0500,64.062044000,192.168.0.178,192.168.0.148,25565,53414,5071193,42975,1460,0,0x0010
10469,2026-08-15T10:14:28.929074000-0500,64.062115000,192.168.0.178,192.168.0.148,25565,53414,5072653,42975,1460,0,0x0010
10470,2026-08-15T10:14:28.929086000-0500,64.062127000,192.168.0.148,192.168.0.178,53414,25565,42975,5074113,0,0,0x0010
10471,2026-08-15T10:14:28.929158000-0500,64.062199000,192.168.0.178,192.168.0.148,25565,53414,5074113,42975,1460,0,0x0018
10472,2026-08-15T10:14:28.929448000-0500,64.062489000,192.168.0.178,192.168.0.148,25565,53414,5075573,42975,1460,0,0x0010
10473,2026-08-15T10:14:28.929448000-0500,64.062489000,192.168.0.178,192.168.0.148,25565,53414,5077033,42975,1005,0,0x0018
10474,2026-08-15T10:14:28.929487000-0500,64.062528000,192.168.0.148,192.168.0.178,53414,25565,42975,5078038,0,0,0x0010
10475,2026-08-15T10:14:28.942952000-0500,64.075993000,192.168.0.148,192.168.0.178,53414,25565,42975,5078038,36,0,0x0018
10476,2026-08-15T10:14:28.943775000-0500,64.076816000,192.168.0.148,192.168.0.178,53414,25565,43011,5078038,3,0,0x0018
10477,2026-08-15T10:14:28.944663000-0500,64.077704000,192.168.0.178,192.168.0.148,25565,53414,5078038,43014,0,0,0x0010
10478,2026-08-15T10:14:28.982120000-0500,64.115161000,192.168.0.178,192.168.0.148,25565,53414,5078038,43014,1460,0,0x0010
10479,2026-08-15T10:14:28.982120000-0500,64.115161000,192.168.0.178,192.168.0.148,25565,53414,5079498,43014,1460,0,0x0010
10480,2026-08-15T10:14:28.982188000-0500,64.115229000,192.168.0.148,192.168.0.178,53414,25565,43014,5080958,0,0,0x0010
10481,2026-08-15T10:14:28.982233000-0500,64.115274000,192.168.0.178,192.168.0.148,25565,53414,5080958,43014,1460,0,0x0010
10482,2026-08-15T10:14:28.982450000-0500,64.115491000,192.168.0.178,192.168.0.148,25565,53414,5082418,43014,1460,0,0x0010
10483,2026-08-15T10:14:28.982450000-0500,64.115491000,192.168.0.178,192.168.0.148,25565,53414,5083878,43014,1460,0,0x0010
10484,2026-08-15T10:14:28.982483000-0500,64.115524000,192.168.0.148,192.168.0.178,53414,25565,43014,5085338,0,0,0x0010
10485,2026-08-15T10:14:28.982693000-0500,64.115734000,192.168.0.178,192.168.0.148,25565,53414,5085338,43014,1460,0,0x0010
10486,2026-08-15T10:14:28.982693000-0500,64.115734000,192.168.0.178,192.168.0.148,25565,53414,5086798,43014,1460,0,0x0010
10487,2026-08-15T10:14:28.982726000-0500,64.115767000,192.168.0.148,192.168.0.178,53414,25565,43014,5088258,0,0,0x0010
10488,2026-08-15T10:14:28.982947000-0500,64.115988000,192.168.0.178,192.168.0.148,25565,53414,5088258,43014,1460,0,0x0010
10489,2026-08-15T10:14:28.982947000-0500,64.115988000,192.168.0.178,192.168.0.148,25565,53414,5089718,43014,1460,0,0x0018
10490,2026-08-15T10:14:28.982980000-0500,64.116021000,192.168.0.148,192.168.0.178,53414,25565,43014,5091178,0,0,0x0010
10491,2026-08-15T10:14:28.983183000-0500,64.116224000,192.168.0.178,192.168.0.148,25565,53414,5091178,43014,1460,0,0x0010
10492,2026-08-15T10:14:28.983183000-0500,64.116224000,192.168.0.178,192.168.0.148,25565,53414,5092638,43014,1460,0,0x0010
10493,2026-08-15T10:14:28.983218000-0500,64.116259000,192.168.0.148,192.168.0.178,53414,25565,43014,5094098,0,0,0x0010
10494,2026-08-15T10:14:28.983334000-0500,64.116375000,192.168.0.178,192.168.0.148,25565,53414,5094098,43014,1326,0,0x0018
10495,2026-08-15T10:14:28.983352000-0500,64.116393000,192.168.0.148,192.168.0.178,53414,25565,43014,5095424,0,0,0x0010
10496,2026-08-15T10:14:28.993933000-0500,64.126974000,192.168.0.148,192.168.0.178,53414,25565,43014,5095424,36,0,0x0018
10497,2026-08-15T10:14:28.995090000-0500,64.128131000,192.168.0.148,192.168.0.178,53414,25565,43050,5095424,3,0,0x0018
10498,2026-08-15T10:14:28.995691000-0500,64.128732000,192.168.0.178,192.168.0.148,25565,53414,5095424,43053,0,0,0x0010
10499,2026-08-15T10:14:29.027641000-0500,64.160682000,192.168.0.178,192.168.0.148,25565,53414,5095424,43053,373,0,0x0018
10500,2026-08-15T10:14:29.042890000-0500,64.175931000,192.168.0.148,192.168.0.178,53414,25565,43053,5095797,36,0,0x0018
10501,2026-08-15T10:14:29.043618000-0500,64.176659000,192.168.0.148,192.168.0.178,53414,25565,43089,5095797,3,0,0x0018
10502,2026-08-15T10:14:29.044321000-0500,64.177362000,192.168.0.178,192.168.0.148,25565,53414,5095797,43092,0,0,0x0010
10503,2026-08-15T10:14:29.077997000-0500,64.211038000,192.168.0.178,192.168.0.148,25565,53414,5095797,43092,394,0,0x0018
10504,2026-08-15T10:14:29.093047000-0500,64.226088000,192.168.0.148,192.168.0.178,53414,25565,43092,5096191,36,0,0x0018
10505,2026-08-15T10:14:29.094036000-0500,64.227077000,192.168.0.148,192.168.0.178,53414,25565,43128,5096191,3,0,0x0018
10506,2026-08-15T10:14:29.094613000-0500,64.227654000,192.168.0.178,192.168.0.148,25565,53414,5096191,43131,0,0,0x0010
10507,2026-08-15T10:14:29.128302000-0500,64.261343000,192.168.0.178,192.168.0.148,25565,53414,5096191,43131,406,0,0x0018
10508,2026-08-15T10:14:29.143600000-0500,64.276641000,192.168.0.148,192.168.0.178,53414,25565,43131,5096597,36,0,0x0018
10509,2026-08-15T10:14:29.145073000-0500,64.278114000,192.168.0.148,192.168.0.178,53414,25565,43167,5096597,3,0,0x0018
10510,2026-08-15T10:14:29.145877000-0500,64.278918000,192.168.0.178,192.168.0.148,25565,53414,5096597,43170,0,0,0x0010
10511,2026-08-15T10:14:29.180406000-0500,64.313447000,192.168.0.178,192.168.0.148,25565,53414,5096597,43170,234,0,0x0018
10512,2026-08-15T10:14:29.193089000-0500,64.326130000,192.168.0.148,192.168.0.178,53414,25565,43170,5096831,4,0,0x0018
10513,2026-08-15T10:14:29.193115000-0500,64.326156000,192.168.0.148,192.168.0.178,53414,25565,43174,5096831,36,0,0x0018
10514,2026-08-15T10:14:29.193798000-0500,64.326839000,192.168.0.178,192.168.0.148,25565,53414,5096831,43210,0,0,0x0010
10515,2026-08-15T10:14:29.194243000-0500,64.327284000,192.168.0.148,192.168.0.178,53414,25565,43210,5096831,3,0,0x0018
10516,2026-08-15T10:14:29.231637000-0500,64.364678000,192.168.0.178,192.168.0.148,25565,53414,5096831,43213,612,0,0x0018
10517,2026-08-15T10:14:29.244669000-0500,64.377710000,192.168.0.148,192.168.0.178,53414,25565,43213,5097443,36,0,0x0018
10518,2026-08-15T10:14:29.245893000-0500,64.378934000,192.168.0.148,192.168.0.178,53414,25565,43249,5097443,3,0,0x0018
10519,2026-08-15T10:14:29.246574000-0500,64.379615000,192.168.0.178,192.168.0.148,25565,53414,5097443,43252,0,0,0x0010
10520,2026-08-15T10:14:29.278943000-0500,64.411984000,192.168.0.178,192.168.0.148,25565,53414,5097443,43252,435,0,0x0018
10521,2026-08-15T10:14:29.293610000-0500,64.426651000,192.168.0.148,192.168.0.178,53414,25565,43252,5097878,36,0,0x0018
10522,2026-08-15T10:14:29.294729000-0500,64.427770000,192.168.0.148,192.168.0.178,53414,25565,43288,5097878,3,0,0x0018
10523,2026-08-15T10:14:29.295532000-0500,64.428573000,192.168.0.178,192.168.0.148,25565,53414,5097878,43291,0,0,0x0010
10524,2026-08-15T10:14:29.332095000-0500,64.465136000,192.168.0.178,192.168.0.148,25565,53414,5097878,43291,263,0,0x0018
10525,2026-08-15T10:14:29.343095000-0500,64.476136000,192.168.0.148,192.168.0.178,53414,25565,43291,5098141,36,0,0x0018
10526,2026-08-15T10:14:29.344256000-0500,64.477297000,192.168.0.148,192.168.0.178,53414,25565,43327,5098141,3,0,0x0018
10527,2026-08-15T10:14:29.344913000-0500,64.477954000,192.168.0.178,192.168.0.148,25565,53414,5098141,43330,0,0,0x0010
10528,2026-08-15T10:14:29.381210000-0500,64.514251000,192.168.0.178,192.168.0.148,25565,53414,5098141,43330,331,0,0x0018
10529,2026-08-15T10:14:29.392711000-0500,64.525752000,192.168.0.148,192.168.0.178,53414,25565,43330,5098472,28,0,0x0018
10530,2026-08-15T10:14:29.393995000-0500,64.527036000,192.168.0.148,192.168.0.178,53414,25565,43358,5098472,3,0,0x0018
10531,2026-08-15T10:14:29.394690000-0500,64.527731000,192.168.0.178,192.168.0.148,25565,53414,5098472,43361,0,0,0x0010
10532,2026-08-15T10:14:29.428132000-0500,64.561173000,192.168.0.178,192.168.0.148,25565,53414,5098472,43361,447,0,0x0018
10533,2026-08-15T10:14:29.443396000-0500,64.576437000,192.168.0.148,192.168.0.178,53414,25565,43361,5098919,28,0,0x0018
10534,2026-08-15T10:14:29.444861000-0500,64.577902000,192.168.0.148,192.168.0.178,53414,25565,43389,5098919,3,0,0x0018
10535,2026-08-15T10:14:29.445311000-0500,64.578352000,192.168.0.178,192.168.0.148,25565,53414,5098919,43392,0,0,0x0010
10536,2026-08-15T10:14:29.477732000-0500,64.610773000,192.168.0.178,192.168.0.148,25565,53414,5098919,43392,231,0,0x0018
10537,2026-08-15T10:14:29.493838000-0500,64.626879000,192.168.0.148,192.168.0.178,53414,25565,43392,5099150,28,0,0x0018
10538,2026-08-15T10:14:29.495458000-0500,64.628499000,192.168.0.148,192.168.0.178,53414,25565,43420,5099150,3,0,0x0018
10539,2026-08-15T10:14:29.495989000-0500,64.629030000,192.168.0.178,192.168.0.148,25565,53414,5099150,43423,0,0,0x0010
10540,2026-08-15T10:14:29.528271000-0500,64.661312000,192.168.0.178,192.168.0.148,25565,53414,5099150,43423,280,0,0x0018
10541,2026-08-15T10:14:29.543912000-0500,64.676953000,192.168.0.148,192.168.0.178,53414,25565,43423,5099430,4,0,0x0018
10542,2026-08-15T10:14:29.543951000-0500,64.676992000,192.168.0.148,192.168.0.178,53414,25565,43427,5099430,36,0,0x0018
10543,2026-08-15T10:14:29.544704000-0500,64.677745000,192.168.0.178,192.168.0.148,25565,53414,5099430,43463,0,0,0x0010
10544,2026-08-15T10:14:29.545539000-0500,64.678580000,192.168.0.148,192.168.0.178,53414,25565,43463,5099430,3,0,0x0018
10545,2026-08-15T10:14:29.580325000-0500,64.713366000,192.168.0.178,192.168.0.148,25565,53414,5099430,43466,694,0,0x0018
10546,2026-08-15T10:14:29.592412000-0500,64.725453000,192.168.0.148,192.168.0.178,53414,25565,43466,5100124,36,0,0x0018
10547,2026-08-15T10:14:29.593451000-0500,64.726492000,192.168.0.148,192.168.0.178,53414,25565,43502,5100124,3,0,0x0018
10548,2026-08-15T10:14:29.594220000-0500,64.727261000,192.168.0.178,192.168.0.148,25565,53414,5100124,43505,0,0,0x0010
10549,2026-08-15T10:14:29.630810000-0500,64.763851000,192.168.0.178,192.168.0.148,25565,53414,5100124,43505,245,0,0x0018
10550,2026-08-15T10:14:29.642813000-0500,64.775854000,192.168.0.148,192.168.0.178,53414,25565,43505,5100369,28,0,0x0018
10551,2026-08-15T10:14:29.644013000-0500,64.777054000,192.168.0.148,192.168.0.178,53414,25565,43533,5100369,3,0,0x0018
10552,2026-08-15T10:14:29.644804000-0500,64.777845000,192.168.0.178,192.168.0.148,25565,53414,5100369,43536,0,0,0x0010
10553,2026-08-15T10:14:29.682072000-0500,64.815113000,192.168.0.178,192.168.0.148,25565,53414,5100369,43536,1099,0,0x0018
10554,2026-08-15T10:14:29.693418000-0500,64.826459000,192.168.0.148,192.168.0.178,53414,25565,43536,5101468,28,0,0x0018
10555,2026-08-15T10:14:29.695003000-0500,64.828044000,192.168.0.148,192.168.0.178,53414,25565,43564,5101468,3,0,0x0018
10556,2026-08-15T10:14:29.695841000-0500,64.828882000,192.168.0.178,192.168.0.148,25565,53414,5101468,43567,0,0,0x0010
10557,2026-08-15T10:14:29.733266000-0500,64.866307000,192.168.0.178,192.168.0.148,25565,53414,5101468,43567,743,0,0x0018
10558,2026-08-15T10:14:29.743448000-0500,64.876489000,192.168.0.148,192.168.0.178,53414,25565,43567,5102211,28,0,0x0018
10559,2026-08-15T10:14:29.745140000-0500,64.878181000,192.168.0.148,192.168.0.178,53414,25565,43595,5102211,3,0,0x0018
10560,2026-08-15T10:14:29.745803000-0500,64.878844000,192.168.0.178,192.168.0.148,25565,53414,5102211,43598,0,0,0x0010
10561,2026-08-15T10:14:29.778245000-0500,64.911286000,192.168.0.178,192.168.0.148,25565,53414,5102211,43598,307,0,0x0018
10562,2026-08-15T10:14:29.793453000-0500,64.926494000,192.168.0.148,192.168.0.178,53414,25565,43598,5102518,28,0,0x0018
10563,2026-08-15T10:14:29.794763000-0500,64.927804000,192.168.0.178,192.168.0.148,25565,53414,5102518,43626,11,0,0x0018
10564,2026-08-15T10:14:29.794763000-0500,64.927804000,192.168.0.178,192.168.0.148,25565,53414,5102529,43626,22,0,0x0018
10565,2026-08-15T10:14:29.794829000-0500,64.927870000,192.168.0.148,192.168.0.178,53414,25565,43626,5102551,0,0,0x0010
10566,2026-08-15T10:14:29.794922000-0500,64.927963000,192.168.0.178,192.168.0.148,25565,53414,5102551,43626,189,0,0x0018
10567,2026-08-15T10:14:29.795115000-0500,64.928156000,192.168.0.148,192.168.0.178,53414,25565,43626,5102740,3,0,0x0018
10568,2026-08-15T10:14:29.830605000-0500,64.963646000,192.168.0.178,192.168.0.148,25565,53414,5102740,43629,618,0,0x0018
10569,2026-08-15T10:14:29.830800000-0500,64.963841000,192.168.0.148,192.168.0.178,53414,25565,43629,5103358,11,0,0x0018
10570,2026-08-15T10:14:29.843831000-0500,64.976872000,192.168.0.148,192.168.0.178,53414,25565,43640,5103358,28,0,0x0018
10571,2026-08-15T10:14:29.844691000-0500,64.977732000,192.168.0.178,192.168.0.148,25565,53414,5103358,43668,0,0,0x0010
10572,2026-08-15T10:14:29.844838000-0500,64.977879000,192.168.0.148,192.168.0.178,53414,25565,43668,5103358,3,0,0x0018
10573,2026-08-15T10:14:29.880183000-0500,65.013224000,192.168.0.178,192.168.0.148,25565,53414,5103358,43671,447,0,0x0018
10574,2026-08-15T10:14:29.893469000-0500,65.026510000,192.168.0.148,192.168.0.178,53414,25565,43671,5103805,28,0,0x0018
10575,2026-08-15T10:14:29.894848000-0500,65.027889000,192.168.0.148,192.168.0.178,53414,25565,43699,5103805,3,0,0x0018
10576,2026-08-15T10:14:29.895798000-0500,65.028839000,192.168.0.178,192.168.0.148,25565,53414,5103805,43702,0,0,0x0010
10577,2026-08-15T10:14:29.930677000-0500,65.063718000,192.168.0.178,192.168.0.148,25565,53414,5103805,43702,1460,0,0x0010
10578,2026-08-15T10:14:29.930677000-0500,65.063718000,192.168.0.178,192.168.0.148,25565,53414,5105265,43702,1460,0,0x0010
10579,2026-08-15T10:14:29.930738000-0500,65.063779000,192.168.0.148,192.168.0.178,53414,25565,43702,5106725,0,0,0x0010
10580,2026-08-15T10:14:29.930786000-0500,65.063827000,192.168.0.178,192.168.0.148,25565,53414,5106725,43702,1460,0,0x0010
10581,2026-08-15T10:14:29.931008000-0500,65.064049000,192.168.0.178,192.168.0.148,25565,53414,5108185,43702,1460,0,0x0010
10582,2026-08-15T10:14:29.931008000-0500,65.064049000,192.168.0.178,192.168.0.148,25565,53414,5109645,43702,1460,0,0x0010
10583,2026-08-15T10:14:29.931039000-0500,65.064080000,192.168.0.148,192.168.0.178,53414,25565,43702,5111105,0,0,0x0010
10584,2026-08-15T10:14:29.931254000-0500,65.064295000,192.168.0.178,192.168.0.148,25565,53414,5111105,43702,1460,0,0x0010
10585,2026-08-15T10:14:29.931254000-0500,65.064295000,192.168.0.178,192.168.0.148,25565,53414,5112565,43702,1460,0,0x0010
10586,2026-08-15T10:14:29.931284000-0500,65.064325000,192.168.0.148,192.168.0.178,53414,25565,43702,5114025,0,0,0x0010
10587,2026-08-15T10:14:29.931500000-0500,65.064541000,192.168.0.178,192.168.0.148,25565,53414,5114025,43702,1460,0,0x0010
10588,2026-08-15T10:14:29.931500000-0500,65.064541000,192.168.0.178,192.168.0.148,25565,53414,5115485,43702,1460,0,0x0018
10589,2026-08-15T10:14:29.931530000-0500,65.064571000,192.168.0.148,192.168.0.178,53414,25565,43702,5116945,0,0,0x0010
10590,2026-08-15T10:14:29.931736000-0500,65.064777000,192.168.0.178,192.168.0.148,25565,53414,5116945,43702,1460,0,0x0010
10591,2026-08-15T10:14:29.931770000-0500,65.064811000,192.168.0.148,192.168.0.178,53414,25565,43702,5118405,0,0,0x0010
10592,2026-08-15T10:14:29.931831000-0500,65.064872000,192.168.0.178,192.168.0.148,25565,53414,5118405,43702,1460,0,0x0010
10593,2026-08-15T10:14:29.932089000-0500,65.065130000,192.168.0.178,192.168.0.148,25565,53414,5119865,43702,1460,0,0x0010
10594,2026-08-15T10:14:29.932089000-0500,65.065130000,192.168.0.178,192.168.0.148,25565,53414,5121325,43702,1460,0,0x0010
10595,2026-08-15T10:14:29.932119000-0500,65.065160000,192.168.0.148,192.168.0.178,53414,25565,43702,5122785,0,0,0x0010
10596,2026-08-15T10:14:29.932331000-0500,65.065372000,192.168.0.178,192.168.0.148,25565,53414,5122785,43702,1460,0,0x0010
10597,2026-08-15T10:14:29.932331000-0500,65.065372000,192.168.0.178,192.168.0.148,25565,53414,5124245,43702,1460,0,0x0010
10598,2026-08-15T10:14:29.932363000-0500,65.065404000,192.168.0.148,192.168.0.178,53414,25565,43702,5125705,0,0,0x0010
10599,2026-08-15T10:14:29.932419000-0500,65.065460000,192.168.0.178,192.168.0.148,25565,53414,5125705,43702,977,0,0x0018
10600,2026-08-15T10:14:29.932432000-0500,65.065473000,192.168.0.148,192.168.0.178,53414,25565,43702,5126682,0,0,0x0010
10601,2026-08-15T10:14:29.942598000-0500,65.075639000,192.168.0.148,192.168.0.178,53414,25565,43702,5126682,28,0,0x0018
10602,2026-08-15T10:14:29.943467000-0500,65.076508000,192.168.0.148,192.168.0.178,53414,25565,43730,5126682,3,0,0x0018
10603,2026-08-15T10:14:29.944036000-0500,65.077077000,192.168.0.178,192.168.0.148,25565,53414,5126682,43733,0,0,0x0010
10604,2026-08-15T10:14:29.978636000-0500,65.111677000,192.168.0.178,192.168.0.148,25565,53414,5126682,43733,1460,0,0x0010
10605,2026-08-15T10:14:29.978636000-0500,65.111677000,192.168.0.178,192.168.0.148,25565,53414,5128142,43733,1460,0,0x0010
10606,2026-08-15T10:14:29.978695000-0500,65.111736000,192.168.0.148,192.168.0.178,53414,25565,43733,5129602,0,0,0x0010
10607,2026-08-15T10:14:29.978751000-0500,65.111792000,192.168.0.178,192.168.0.148,25565,53414,5129602,43733,1460,0,0x0010
10608,2026-08-15T10:14:29.978976000-0500,65.112017000,192.168.0.178,192.168.0.148,25565,53414,5131062,43733,1460,0,0x0010
10609,2026-08-15T10:14:29.978976000-0500,65.112017000,192.168.0.178,192.168.0.148,25565,53414,5132522,43733,1460,0,0x0010
10610,2026-08-15T10:14:29.979018000-0500,65.112059000,192.168.0.148,192.168.0.178,53414,25565,43733,5133982,0,0,0x0010
10611,2026-08-15T10:14:29.979239000-0500,65.112280000,192.168.0.178,192.168.0.148,25565,53414,5133982,43733,1460,0,0x0010
10612,2026-08-15T10:14:29.979239000-0500,65.112280000,192.168.0.178,192.168.0.148,25565,53414,5135442,43733,1460,0,0x0010
10613,2026-08-15T10:14:29.979272000-0500,65.112313000,192.168.0.148,192.168.0.178,53414,25565,43733,5136902,0,0,0x0010
10614,2026-08-15T10:14:29.979463000-0500,65.112504000,192.168.0.178,192.168.0.148,25565,53414,5136902,43733,1460,0,0x0010
10615,2026-08-15T10:14:29.979463000-0500,65.112504000,192.168.0.178,192.168.0.148,25565,53414,5138362,43733,1460,0,0x0018
10616,2026-08-15T10:14:29.979497000-0500,65.112538000,192.168.0.148,192.168.0.178,53414,25565,43733,5139822,0,0,0x0010
10617,2026-08-15T10:14:29.979749000-0500,65.112790000,192.168.0.178,192.168.0.148,25565,53414,5139822,43733,1460,0,0x0010
10618,2026-08-15T10:14:29.979776000-0500,65.112817000,192.168.0.148,192.168.0.178,53414,25565,43733,5141282,0,0,0x0010
10619,2026-08-15T10:14:29.979993000-0500,65.113034000,192.168.0.178,192.168.0.148,25565,53414,5141282,43733,1460,0,0x0010
10620,2026-08-15T10:14:29.979993000-0500,65.113034000,192.168.0.178,192.168.0.148,25565,53414,5142742,43733,1460,0,0x0010
10621,2026-08-15T10:14:29.980022000-0500,65.113063000,192.168.0.148,192.168.0.178,53414,25565,43733,5144202,0,0,0x0010
10622,2026-08-15T10:14:29.980242000-0500,65.113283000,192.168.0.178,192.168.0.148,25565,53414,5144202,43733,1460,0,0x0010
10623,2026-08-15T10:14:29.980242000-0500,65.113283000,192.168.0.178,192.168.0.148,25565,53414,5145662,43733,1224,0,0x0018
10624,2026-08-15T10:14:29.980275000-0500,65.113316000,192.168.0.148,192.168.0.178,53414,25565,43733,5146886,0,0,0x0010
10625,2026-08-15T10:14:29.994307000-0500,65.127348000,192.168.0.148,192.168.0.178,53414,25565,43733,5146886,28,0,0x0018
10626,2026-08-15T10:14:29.995643000-0500,65.128684000,192.168.0.148,192.168.0.178,53414,25565,43761,5146886,3,0,0x0018
10627,2026-08-15T10:14:29.996050000-0500,65.129091000,192.168.0.178,192.168.0.148,25565,53414,5146886,43764,0,0,0x0010
10628,2026-08-15T10:14:30.027656000-0500,65.160697000,192.168.0.178,192.168.0.148,25565,53414,5146886,43764,1460,0,0x0010
10629,2026-08-15T10:14:30.027656000-0500,65.160697000,192.168.0.178,192.168.0.148,25565,53414,5148346,43764,1460,0,0x0010
10630,2026-08-15T10:14:30.027715000-0500,65.160756000,192.168.0.148,192.168.0.178,53414,25565,43764,5149806,0,0,0x0010
10631,2026-08-15T10:14:30.027759000-0500,65.160800000,192.168.0.178,192.168.0.148,25565,53414,5149806,43764,1460,0,0x0010
10632,2026-08-15T10:14:30.027983000-0500,65.161024000,192.168.0.178,192.168.0.148,25565,53414,5151266,43764,1460,0,0x0010
10633,2026-08-15T10:14:30.027983000-0500,65.161024000,192.168.0.178,192.168.0.148,25565,53414,5152726,43764,1460,0,0x0010
10634,2026-08-15T10:14:30.028015000-0500,65.161056000,192.168.0.148,192.168.0.178,53414,25565,43764,5154186,0,0,0x0010
10635,2026-08-15T10:14:30.028230000-0500,65.161271000,192.168.0.178,192.168.0.148,25565,53414,5154186,43764,1460,0,0x0010
10636,2026-08-15T10:14:30.028230000-0500,65.161271000,192.168.0.178,192.168.0.148,25565,53414,5155646,43764,1460,0,0x0010
10637,2026-08-15T10:14:30.028257000-0500,65.161298000,192.168.0.148,192.168.0.178,53414,25565,43764,5157106,0,0,0x0010
10638,2026-08-15T10:14:30.028471000-0500,65.161512000,192.168.0.178,192.168.0.148,25565,53414,5157106,43764,1460,0,0x0010
10639,2026-08-15T10:14:30.028471000-0500,65.161512000,192.168.0.178,192.168.0.148,25565,53414,5158566,43764,1460,0,0x0018
10640,2026-08-15T10:14:30.028496000-0500,65.161537000,192.168.0.148,192.168.0.178,53414,25565,43764,5160026,0,0,0x0010
10641,2026-08-15T10:14:30.028718000-0500,65.161759000,192.168.0.178,192.168.0.148,25565,53414,5160026,43764,1460,0,0x0010
10642,2026-08-15T10:14:30.028718000-0500,65.161759000,192.168.0.178,192.168.0.148,25565,53414,5161486,43764,1375,0,0x0018
10643,2026-08-15T10:14:30.028748000-0500,65.161789000,192.168.0.148,192.168.0.178,53414,25565,43764,5162861,0,0,0x0010
10644,2026-08-15T10:14:30.043608000-0500,65.176649000,192.168.0.148,192.168.0.178,53414,25565,43764,5162861,28,0,0x0018
10645,2026-08-15T10:14:30.044821000-0500,65.177862000,192.168.0.148,192.168.0.178,53414,25565,43792,5162861,3,0,0x0018
10646,2026-08-15T10:14:30.045523000-0500,65.178564000,192.168.0.178,192.168.0.148,25565,53414,5162861,43795,0,0,0x0010
10647,2026-08-15T10:14:30.078842000-0500,65.211883000,192.168.0.178,192.168.0.148,25565,53414,5162861,43795,1460,0,0x0010
10648,2026-08-15T10:14:30.078842000-0500,65.211883000,192.168.0.178,192.168.0.148,25565,53414,5164321,43795,1460,0,0x0010
10649,2026-08-15T10:14:30.078914000-0500,65.211955000,192.168.0.148,192.168.0.178,53414,25565,43795,5165781,0,0,0x0010
10650,2026-08-15T10:14:30.078966000-0500,65.212007000,192.168.0.178,192.168.0.148,25565,53414,5165781,43795,1460,0,0x0010
10651,2026-08-15T10:14:30.079187000-0500,65.212228000,192.168.0.178,192.168.0.148,25565,53414,5167241,43795,1460,0,0x0010
10652,2026-08-15T10:14:30.079187000-0500,65.212228000,192.168.0.178,192.168.0.148,25565,53414,5168701,43795,1460,0,0x0010
10653,2026-08-15T10:14:30.079223000-0500,65.212264000,192.168.0.148,192.168.0.178,53414,25565,43795,5170161,0,0,0x0010
10654,2026-08-15T10:14:30.079412000-0500,65.212453000,192.168.0.178,192.168.0.148,25565,53414,5170161,43795,1460,0,0x0010
10655,2026-08-15T10:14:30.079459000-0500,65.212500000,192.168.0.148,192.168.0.178,53414,25565,43795,5171621,0,0,0x0010
10656,2026-08-15T10:14:30.079521000-0500,65.212562000,192.168.0.178,192.168.0.148,25565,53414,5171621,43795,1460,0,0x0010
10657,2026-08-15T10:14:30.079572000-0500,65.212613000,192.168.0.178,192.168.0.148,25565,53414,5173081,43795,1460,0,0x0010
10658,2026-08-15T10:14:30.079578000-0500,65.212619000,192.168.0.148,192.168.0.178,53414,25565,43795,5174541,0,0,0x0010
10659,2026-08-15T10:14:30.079775000-0500,65.212816000,192.168.0.178,192.168.0.148,25565,53414,5174541,43795,1460,0,0x0018
10660,2026-08-15T10:14:30.079853000-0500,65.212894000,192.168.0.178,192.168.0.148,25565,53414,5176001,43795,1460,0,0x0010
10661,2026-08-15T10:14:30.079864000-0500,65.212905000,192.168.0.148,192.168.0.178,53414,25565,43795,5177461,0,0,0x0010
10662,2026-08-15T10:14:30.080100000-0500,65.213141000,192.168.0.178,192.168.0.148,25565,53414,5177461,43795,1460,0,0x0010
10663,2026-08-15T10:14:30.080100000-0500,65.213141000,192.168.0.178,192.168.0.148,25565,53414,5178921,43795,1460,0,0x0010
10664,2026-08-15T10:14:30.080100000-0500,65.213141000,192.168.0.178,192.168.0.148,25565,53414,5180381,43795,9,0,0x0018
10665,2026-08-15T10:14:30.080142000-0500,65.213183000,192.168.0.148,192.168.0.178,53414,25565,43795,5180390,0,0,0x0010
10666,2026-08-15T10:14:30.092786000-0500,65.225827000,192.168.0.148,192.168.0.178,53414,25565,43795,5180390,28,0,0x0018
10667,2026-08-15T10:14:30.093579000-0500,65.226620000,192.168.0.148,192.168.0.178,53414,25565,43823,5180390,3,0,0x0018
10668,2026-08-15T10:14:30.094166000-0500,65.227207000,192.168.0.178,192.168.0.148,25565,53414,5180390,43826,0,0,0x0010
10669,2026-08-15T10:14:30.128258000-0500,65.261299000,192.168.0.178,192.168.0.148,25565,53414,5180390,43826,1460,0,0x0010
10670,2026-08-15T10:14:30.128258000-0500,65.261299000,192.168.0.178,192.168.0.148,25565,53414,5181850,43826,1460,0,0x0010
10671,2026-08-15T10:14:30.128318000-0500,65.261359000,192.168.0.148,192.168.0.178,53414,25565,43826,5183310,0,0,0x0010
10672,2026-08-15T10:14:30.128349000-0500,65.261390000,192.168.0.178,192.168.0.148,25565,53414,5183310,43826,1460,0,0x0010
10673,2026-08-15T10:14:30.128595000-0500,65.261636000,192.168.0.178,192.168.0.148,25565,53414,5184770,43826,1460,0,0x0010
10674,2026-08-15T10:14:30.128595000-0500,65.261636000,192.168.0.178,192.168.0.148,25565,53414,5186230,43826,1460,0,0x0010
10675,2026-08-15T10:14:30.128616000-0500,65.261657000,192.168.0.148,192.168.0.178,53414,25565,43826,5187690,0,0,0x0010
10676,2026-08-15T10:14:30.128831000-0500,65.261872000,192.168.0.178,192.168.0.148,25565,53414,5187690,43826,1460,0,0x0010
10677,2026-08-15T10:14:30.128852000-0500,65.261893000,192.168.0.148,192.168.0.178,53414,25565,43826,5189150,0,0,0x0010
10678,2026-08-15T10:14:30.128900000-0500,65.261941000,192.168.0.178,192.168.0.148,25565,53414,5189150,43826,1460,0,0x0010
10679,2026-08-15T10:14:30.129068000-0500,65.262109000,192.168.0.178,192.168.0.148,25565,53414,5190610,43826,1460,0,0x0010
10680,2026-08-15T10:14:30.129092000-0500,65.262133000,192.168.0.148,192.168.0.178,53414,25565,43826,5192070,0,0,0x0010
10681,2026-08-15T10:14:30.129106000-0500,65.262147000,192.168.0.178,192.168.0.148,25565,53414,5192070,43826,1460,0,0x0018
10682,2026-08-15T10:14:30.129275000-0500,65.262316000,192.168.0.178,192.168.0.148,25565,53414,5193530,43826,1460,0,0x0010
10683,2026-08-15T10:14:30.129294000-0500,65.262335000,192.168.0.148,192.168.0.178,53414,25565,43826,5194990,0,0,0x0010
10684,2026-08-15T10:14:30.129488000-0500,65.262529000,192.168.0.178,192.168.0.148,25565,53414,5194990,43826,1460,0,0x0010
10685,2026-08-15T10:14:30.129540000-0500,65.262581000,192.168.0.178,192.168.0.148,25565,53414,5196450,43826,1382,0,0x0018
10686,2026-08-15T10:14:30.129553000-0500,65.262594000,192.168.0.148,192.168.0.178,53414,25565,43826,5197832,0,0,0x0010
10687,2026-08-15T10:14:30.143531000-0500,65.276572000,192.168.0.148,192.168.0.178,53414,25565,43826,5197832,36,0,0x0018
10688,2026-08-15T10:14:30.144667000-0500,65.277708000,192.168.0.148,192.168.0.178,53414,25565,43862,5197832,3,0,0x0018
10689,2026-08-15T10:14:30.145298000-0500,65.278339000,192.168.0.178,192.168.0.148,25565,53414,5197832,43865,0,0,0x0010
10690,2026-08-15T10:14:30.180417000-0500,65.313458000,192.168.0.178,192.168.0.148,25565,53414,5197832,43865,325,0,0x0018
10691,2026-08-15T10:14:30.193306000-0500,65.326347000,192.168.0.148,192.168.0.178,53414,25565,43865,5198157,36,0,0x0018
10692,2026-08-15T10:14:30.194401000-0500,65.327442000,192.168.0.148,192.168.0.178,53414,25565,43901,5198157,3,0,0x0018
10693,2026-08-15T10:14:30.195224000-0500,65.328265000,192.168.0.178,192.168.0.148,25565,53414,5198157,43904,0,0,0x0010
10694,2026-08-15T10:14:30.233991000-0500,65.367032000,192.168.0.178,192.168.0.148,25565,53414,5198157,43904,299,0,0x0018
10695,2026-08-15T10:14:30.242536000-0500,65.375577000,192.168.0.148,192.168.0.178,53414,25565,43904,5198456,36,0,0x0018
10696,2026-08-15T10:14:30.243347000-0500,65.376388000,192.168.0.148,192.168.0.178,53414,25565,43940,5198456,3,0,0x0018
10697,2026-08-15T10:14:30.244821000-0500,65.377862000,192.168.0.178,192.168.0.148,25565,53414,5198456,43943,0,0,0x0010
10698,2026-08-15T10:14:30.283889000-0500,65.416930000,192.168.0.178,192.168.0.148,25565,53414,5198456,43943,359,0,0x0018
10699,2026-08-15T10:14:30.292427000-0500,65.425468000,192.168.0.148,192.168.0.178,53414,25565,43943,5198815,36,0,0x0018
10700,2026-08-15T10:14:30.293181000-0500,65.426222000,192.168.0.148,192.168.0.178,53414,25565,43979,5198815,3,0,0x0018
10701,2026-08-15T10:14:30.293852000-0500,65.426893000,192.168.0.178,192.168.0.148,25565,53414,5198815,43982,0,0,0x0010
10702,2026-08-15T10:14:30.328485000-0500,65.461526000,192.168.0.178,192.168.0.148,25565,53414,5198815,43982,766,0,0x0018
10703,2026-08-15T10:14:30.343818000-0500,65.476859000,192.168.0.148,192.168.0.178,53414,25565,43982,5199581,28,0,0x0018
10704,2026-08-15T10:14:30.345009000-0500,65.478050000,192.168.0.148,192.168.0.178,53414,25565,44010,5199581,3,0,0x0018
10705,2026-08-15T10:14:30.345633000-0500,65.478674000,192.168.0.178,192.168.0.148,25565,53414,5199581,44013,0,0,0x0010
10706,2026-08-15T10:14:30.378265000-0500,65.511306000,192.168.0.178,192.168.0.148,25565,53414,5199581,44013,401,0,0x0018
10707,2026-08-15T10:14:30.394132000-0500,65.527173000,192.168.0.148,192.168.0.178,53414,25565,44013,5199982,28,0,0x0018
10708,2026-08-15T10:14:30.396078000-0500,65.529119000,192.168.0.148,192.168.0.178,53414,25565,44041,5199982,3,0,0x0018
10709,2026-08-15T10:14:30.396742000-0500,65.529783000,192.168.0.178,192.168.0.148,25565,53414,5199982,44044,0,0,0x0010
10710,2026-08-15T10:14:30.427902000-0500,65.560943000,192.168.0.178,192.168.0.148,25565,53414,5199982,44044,461,0,0x0018
10711,2026-08-15T10:14:30.444280000-0500,65.577321000,192.168.0.148,192.168.0.178,53414,25565,44044,5200443,36,0,0x0018
10712,2026-08-15T10:14:30.445507000-0500,65.578548000,192.168.0.148,192.168.0.178,53414,25565,44080,5200443,3,0,0x0018
10713,2026-08-15T10:14:30.446237000-0500,65.579278000,192.168.0.178,192.168.0.148,25565,53414,5200443,44083,0,0,0x0010
10714,2026-08-15T10:14:30.476989000-0500,65.610030000,192.168.0.178,192.168.0.148,25565,53414,5200443,44083,306,0,0x0018
10715,2026-08-15T10:14:30.493193000-0500,65.626234000,192.168.0.148,192.168.0.178,53414,25565,44083,5200749,4,0,0x0018
10716,2026-08-15T10:14:30.493225000-0500,65.626266000,192.168.0.148,192.168.0.178,53414,25565,44087,5200749,36,0,0x0018
10717,2026-08-15T10:14:30.494082000-0500,65.627123000,192.168.0.178,192.168.0.148,25565,53414,5200749,44123,0,0,0x0010
10718,2026-08-15T10:14:30.494400000-0500,65.627441000,192.168.0.148,192.168.0.178,53414,25565,44123,5200749,3,0,0x0018
10719,2026-08-15T10:14:30.531085000-0500,65.664126000,192.168.0.178,192.168.0.148,25565,53414,5200749,44126,322,0,0x0018
10720,2026-08-15T10:14:30.542421000-0500,65.675462000,192.168.0.148,192.168.0.178,53414,25565,44126,5201071,28,0,0x0018
10721,2026-08-15T10:14:30.543284000-0500,65.676325000,192.168.0.148,192.168.0.178,53414,25565,44154,5201071,3,0,0x0018
10722,2026-08-15T10:14:30.544189000-0500,65.677230000,192.168.0.178,192.168.0.148,25565,53414,5201071,44157,0,0,0x0010
10723,2026-08-15T10:14:30.579992000-0500,65.713033000,192.168.0.178,192.168.0.148,25565,53414,5201071,44157,432,0,0x0018
10724,2026-08-15T10:14:30.593087000-0500,65.726128000,192.168.0.148,192.168.0.178,53414,25565,44157,5201503,4,0,0x0018
10725,2026-08-15T10:14:30.593103000-0500,65.726144000,192.168.0.148,192.168.0.178,53414,25565,44161,5201503,28,0,0x0018
10726,2026-08-15T10:14:30.593858000-0500,65.726899000,192.168.0.178,192.168.0.148,25565,53414,5201503,44189,0,0,0x0010
10727,2026-08-15T10:14:30.593964000-0500,65.727005000,192.168.0.148,192.168.0.178,53414,25565,44189,5201503,3,0,0x0018
10728,2026-08-15T10:14:30.627421000-0500,65.760462000,192.168.0.178,192.168.0.148,25565,53414,5201503,44192,391,0,0x0018
10729,2026-08-15T10:14:30.643131000-0500,65.776172000,192.168.0.148,192.168.0.178,53414,25565,44192,5201894,28,0,0x0018
10730,2026-08-15T10:14:30.644313000-0500,65.777354000,192.168.0.148,192.168.0.178,53414,25565,44220,5201894,3,0,0x0018
10731,2026-08-15T10:14:30.645000000-0500,65.778041000,192.168.0.178,192.168.0.148,25565,53414,5201894,44223,0,0,0x0010
10732,2026-08-15T10:14:30.678057000-0500,65.811098000,192.168.0.178,192.168.0.148,25565,53414,5201894,44223,401,0,0x0018
10733,2026-08-15T10:14:30.693348000-0500,65.826389000,192.168.0.148,192.168.0.178,53414,25565,44223,5202295,28,0,0x0018
10734,2026-08-15T10:14:30.694642000-0500,65.827683000,192.168.0.148,192.168.0.178,53414,25565,44251,5202295,3,0,0x0018
10735,2026-08-15T10:14:30.695443000-0500,65.828484000,192.168.0.178,192.168.0.148,25565,53414,5202295,44254,0,0,0x0010
10736,2026-08-15T10:14:30.730380000-0500,65.863421000,192.168.0.178,192.168.0.148,25565,53414,5202295,44254,300,0,0x0018
10737,2026-08-15T10:14:30.742400000-0500,65.875441000,192.168.0.148,192.168.0.178,53414,25565,44254,5202595,28,0,0x0018
10738,2026-08-15T10:14:30.743309000-0500,65.876350000,192.168.0.148,192.168.0.178,53414,25565,44282,5202595,3,0,0x0018
10739,2026-08-15T10:14:30.744082000-0500,65.877123000,192.168.0.178,192.168.0.148,25565,53414,5202595,44285,0,0,0x0010
10740,2026-08-15T10:14:30.781375000-0500,65.914416000,192.168.0.178,192.168.0.148,25565,53414,5202595,44285,293,0,0x0018
10741,2026-08-15T10:14:30.793329000-0500,65.926370000,192.168.0.148,192.168.0.178,53414,25565,44285,5202888,28,0,0x0018
10742,2026-08-15T10:14:30.794979000-0500,65.928020000,192.168.0.148,192.168.0.178,53414,25565,44313,5202888,3,0,0x0018
10743,2026-08-15T10:14:30.795751000-0500,65.928792000,192.168.0.178,192.168.0.148,25565,53414,5202888,44316,0,0,0x0010
10744,2026-08-15T10:14:30.830936000-0500,65.963977000,192.168.0.178,192.168.0.148,25565,53414,5202888,44316,398,0,0x0018
10745,2026-08-15T10:14:30.831153000-0500,65.964194000,192.168.0.148,192.168.0.178,53414,25565,44316,5203286,11,0,0x0018
10746,2026-08-15T10:14:30.843401000-0500,65.976442000,192.168.0.148,192.168.0.178,53414,25565,44327,5203286,28,0,0x0018
10747,2026-08-15T10:14:30.844359000-0500,65.977400000,192.168.0.178,192.168.0.148,25565,53414,5203286,44355,0,0,0x0010
10748,2026-08-15T10:14:30.844423000-0500,65.977464000,192.168.0.148,192.168.0.178,53414,25565,44355,5203286,3,0,0x0018
10749,2026-08-15T10:14:30.880889000-0500,66.013930000,192.168.0.178,192.168.0.148,25565,53414,5203286,44358,481,0,0x0018
10750,2026-08-15T10:14:30.893696000-0500,66.026737000,192.168.0.148,192.168.0.178,53414,25565,44358,5203767,28,0,0x0018
10751,2026-08-15T10:14:30.895254000-0500,66.028295000,192.168.0.148,192.168.0.178,53414,25565,44386,5203767,3,0,0x0018
10752,2026-08-15T10:14:30.895947000-0500,66.028988000,192.168.0.178,192.168.0.148,25565,53414,5203767,44389,0,0,0x0010
10753,2026-08-15T10:14:30.927732000-0500,66.060773000,192.168.0.178,192.168.0.148,25565,53414,5203767,44389,327,0,0x0018
10754,2026-08-15T10:14:30.943480000-0500,66.076521000,192.168.0.148,192.168.0.178,53414,25565,44389,5204094,28,0,0x0018
10755,2026-08-15T10:14:30.944758000-0500,66.077799000,192.168.0.148,192.168.0.178,53414,25565,44417,5204094,3,0,0x0018
10756,2026-08-15T10:14:30.945479000-0500,66.078520000,192.168.0.178,192.168.0.148,25565,53414,5204094,44420,0,0,0x0010
10757,2026-08-15T10:14:30.982505000-0500,66.115546000,192.168.0.178,192.168.0.148,25565,53414,5204094,44420,282,0,0x0018
10758,2026-08-15T10:14:30.992911000-0500,66.125952000,192.168.0.148,192.168.0.178,53414,25565,44420,5204376,36,0,0x0018
10759,2026-08-15T10:14:30.993875000-0500,66.126916000,192.168.0.148,192.168.0.178,53414,25565,44456,5204376,3,0,0x0018
10760,2026-08-15T10:14:30.994818000-0500,66.127859000,192.168.0.178,192.168.0.148,25565,53414,5204376,44459,0,0,0x0010
10761,2026-08-15T10:14:31.030746000-0500,66.163787000,192.168.0.178,192.168.0.148,25565,53414,5204376,44459,343,0,0x0018
10762,2026-08-15T10:14:31.042798000-0500,66.175839000,192.168.0.148,192.168.0.178,53414,25565,44459,5204719,36,0,0x0018
10763,2026-08-15T10:14:31.043721000-0500,66.176762000,192.168.0.148,192.168.0.178,53414,25565,44495,5204719,3,0,0x0018
10764,2026-08-15T10:14:31.044410000-0500,66.177451000,192.168.0.178,192.168.0.148,25565,53414,5204719,44498,0,0,0x0010
10765,2026-08-15T10:14:31.081718000-0500,66.214759000,192.168.0.178,192.168.0.148,25565,53414,5204719,44498,635,0,0x0018
10766,2026-08-15T10:14:31.092568000-0500,66.225609000,192.168.0.148,192.168.0.178,53414,25565,44498,5205354,36,0,0x0018
10767,2026-08-15T10:14:31.093477000-0500,66.226518000,192.168.0.148,192.168.0.178,53414,25565,44534,5205354,3,0,0x0018
10768,2026-08-15T10:14:31.094254000-0500,66.227295000,192.168.0.178,192.168.0.148,25565,53414,5205354,44537,0,0,0x0010
10769,2026-08-15T10:14:31.128091000-0500,66.261132000,192.168.0.178,192.168.0.148,25565,53414,5205354,44537,527,0,0x0018
10770,2026-08-15T10:14:31.143458000-0500,66.276499000,192.168.0.148,192.168.0.178,53414,25565,44537,5205881,36,0,0x0018
10771,2026-08-15T10:14:31.144390000-0500,66.277431000,192.168.0.148,192.168.0.178,53414,25565,44573,5205881,3,0,0x0018
10772,2026-08-15T10:14:31.144968000-0500,66.278009000,192.168.0.178,192.168.0.148,25565,53414,5205881,44576,0,0,0x0010
10773,2026-08-15T10:14:31.177874000-0500,66.310915000,192.168.0.178,192.168.0.148,25565,53414,5205881,44576,1460,0,0x0010
10774,2026-08-15T10:14:31.177874000-0500,66.310915000,192.168.0.178,192.168.0.148,25565,53414,5207341,44576,561,0,0x0018
10775,2026-08-15T10:14:31.177949000-0500,66.310990000,192.168.0.148,192.168.0.178,53414,25565,44576,5207902,0,0,0x0010
10776,2026-08-15T10:14:31.195107000-0500,66.328148000,192.168.0.148,192.168.0.178,53414,25565,44576,5207902,36,0,0x0018
10777,2026-08-15T10:14:31.195738000-0500,66.328779000,192.168.0.148,192.168.0.178,53414,25565,44612,5207902,3,0,0x0018
10778,2026-08-15T10:14:31.196641000-0500,66.329682000,192.168.0.178,192.168.0.148,25565,53414,5207902,44615,0,0,0x0010
10779,2026-08-15T10:14:31.220231000-0500,66.353272000,192.168.0.178,192.168.0.148,25565,53414,5207902,44615,9,0,0x0018
10780,2026-08-15T10:14:31.228188000-0500,66.361229000,192.168.0.178,192.168.0.148,25565,53414,5207911,44615,461,0,0x0018
10781,2026-08-15T10:14:31.228224000-0500,66.361265000,192.168.0.148,192.168.0.178,53414,25565,44615,5208372,0,0,0x0010
10782,2026-08-15T10:14:31.243244000-0500,66.376285000,192.168.0.148,192.168.0.178,53414,25565,44615,5208372,4,0,0x0018
10783,2026-08-15T10:14:31.243269000-0500,66.376310000,192.168.0.148,192.168.0.178,53414,25565,44619,5208372,36,0,0x0018
10784,2026-08-15T10:14:31.243996000-0500,66.377037000,192.168.0.178,192.168.0.148,25565,53414,5208372,44655,0,0,0x0010
10785,2026-08-15T10:14:31.244393000-0500,66.377434000,192.168.0.148,192.168.0.178,53414,25565,44655,5208372,3,0,0x0018
10786,2026-08-15T10:14:31.281214000-0500,66.414255000,192.168.0.178,192.168.0.148,25565,53414,5208372,44658,298,0,0x0018
10787,2026-08-15T10:14:31.292243000-0500,66.425284000,192.168.0.148,192.168.0.178,53414,25565,44658,5208670,28,0,0x0018
10788,2026-08-15T10:14:31.293307000-0500,66.426348000,192.168.0.148,192.168.0.178,53414,25565,44686,5208670,3,0,0x0018
10789,2026-08-15T10:14:31.293960000-0500,66.427001000,192.168.0.178,192.168.0.148,25565,53414,5208670,44689,0,0,0x0010
10790,2026-08-15T10:14:31.331818000-0500,66.464859000,192.168.0.178,192.168.0.148,25565,53414,5208670,44689,246,0,0x0018
10791,2026-08-15T10:14:31.342709000-0500,66.475750000,192.168.0.148,192.168.0.178,53414,25565,44689,5208916,28,0,0x0018
10792,2026-08-15T10:14:31.343719000-0500,66.476760000,192.168.0.148,192.168.0.178,53414,25565,44717,5208916,3,0,0x0018
10793,2026-08-15T10:14:31.344423000-0500,66.477464000,192.168.0.178,192.168.0.148,25565,53414,5208916,44720,0,0,0x0010
10794,2026-08-15T10:14:31.378533000-0500,66.511574000,192.168.0.178,192.168.0.148,25565,53414,5208916,44720,303,0,0x0018
10795,2026-08-15T10:14:31.393153000-0500,66.526194000,192.168.0.148,192.168.0.178,53414,25565,44720,5209219,28,0,0x0018
10796,2026-08-15T10:14:31.394641000-0500,66.527682000,192.168.0.148,192.168.0.178,53414,25565,44748,5209219,3,0,0x0018
10797,2026-08-15T10:14:31.395478000-0500,66.528519000,192.168.0.178,192.168.0.148,25565,53414,5209219,44751,0,0,0x0010
10798,2026-08-15T10:14:31.431261000-0500,66.564302000,192.168.0.178,192.168.0.148,25565,53414,5209219,44751,304,0,0x0018
10799,2026-08-15T10:14:31.443453000-0500,66.576494000,192.168.0.148,192.168.0.178,53414,25565,44751,5209523,28,0,0x0018
10800,2026-08-15T10:14:31.444675000-0500,66.577716000,192.168.0.148,192.168.0.178,53414,25565,44779,5209523,3,0,0x0018
10801,2026-08-15T10:14:31.445359000-0500,66.578400000,192.168.0.178,192.168.0.148,25565,53414,5209523,44782,0,0,0x0010
10802,2026-08-15T10:14:31.482669000-0500,66.615710000,192.168.0.178,192.168.0.148,25565,53414,5209523,44782,265,0,0x0018
10803,2026-08-15T10:14:31.494099000-0500,66.627140000,192.168.0.148,192.168.0.178,53414,25565,44782,5209788,28,0,0x0018
10804,2026-08-15T10:14:31.495621000-0500,66.628662000,192.168.0.148,192.168.0.178,53414,25565,44810,5209788,3,0,0x0018
10805,2026-08-15T10:14:31.495764000-0500,66.628805000,192.168.0.178,192.168.0.148,25565,53414,5209788,44810,11,0,0x0018
10806,2026-08-15T10:14:31.495764000-0500,66.628805000,192.168.0.178,192.168.0.148,25565,53414,5209799,44810,22,0,0x0018
10807,2026-08-15T10:14:31.495810000-0500,66.628851000,192.168.0.148,192.168.0.178,53414,25565,44813,5209821,0,0,0x0010
10808,2026-08-15T10:14:31.495840000-0500,66.628881000,192.168.0.178,192.168.0.148,25565,53414,5209821,44810,189,0,0x0018
10809,2026-08-15T10:14:31.527628000-0500,66.660669000,192.168.0.178,192.168.0.148,25565,53414,5210010,44813,301,0,0x0018
10810,2026-08-15T10:14:31.527712000-0500,66.660753000,192.168.0.148,192.168.0.178,53414,25565,44813,5210311,0,0,0x0010
10811,2026-08-15T10:14:31.543585000-0500,66.676626000,192.168.0.148,192.168.0.178,53414,25565,44813,5210311,28,0,0x0018
10812,2026-08-15T10:14:31.545472000-0500,66.678513000,192.168.0.148,192.168.0.178,53414,25565,44841,5210311,3,0,0x0018
10813,2026-08-15T10:14:31.546342000-0500,66.679383000,192.168.0.178,192.168.0.148,25565,53414,5210311,44844,0,0,0x0010
10814,2026-08-15T10:14:31.580267000-0500,66.713308000,192.168.0.178,192.168.0.148,25565,53414,5210311,44844,417,0,0x0018
10815,2026-08-15T10:14:31.593871000-0500,66.726912000,192.168.0.148,192.168.0.178,53414,25565,44844,5210728,28,0,0x0018
10816,2026-08-15T10:14:31.595349000-0500,66.728390000,192.168.0.148,192.168.0.178,53414,25565,44872,5210728,3,0,0x0018
10817,2026-08-15T10:14:31.595422000-0500,66.728463000,192.168.0.178,192.168.0.148,25565,53414,5210728,44872,46,0,0x0018
10818,2026-08-15T10:14:31.630734000-0500,66.763775000,192.168.0.178,192.168.0.148,25565,53414,5210774,44875,1460,0,0x0010
10819,2026-08-15T10:14:31.630734000-0500,66.763775000,192.168.0.178,192.168.0.148,25565,53414,5212234,44875,1460,0,0x0010
10820,2026-08-15T10:14:31.630786000-0500,66.763827000,192.168.0.148,192.168.0.178,53414,25565,44875,5213694,0,0,0x0010
10821,2026-08-15T10:14:31.630843000-0500,66.763884000,192.168.0.178,192.168.0.148,25565,53414,5213694,44875,1460,0,0x0010
10822,2026-08-15T10:14:31.630850000-0500,66.763891000,192.168.0.148,192.168.0.178,53414,25565,44875,5215154,0,0,0x0010
10823,2026-08-15T10:14:31.631030000-0500,66.764071000,192.168.0.178,192.168.0.148,25565,53414,5215154,44875,1460,0,0x0010
10824,2026-08-15T10:14:31.631083000-0500,66.764124000,192.168.0.178,192.168.0.148,25565,53414,5216614,44875,1460,0,0x0010
10825,2026-08-15T10:14:31.631090000-0500,66.764131000,192.168.0.148,192.168.0.178,53414,25565,44875,5218074,0,0,0x0010
10826,2026-08-15T10:14:31.631307000-0500,66.764348000,192.168.0.178,192.168.0.148,25565,53414,5218074,44875,1460,0,0x0010
10827,2026-08-15T10:14:31.631307000-0500,66.764348000,192.168.0.178,192.168.0.148,25565,53414,5219534,44875,1460,0,0x0010
10828,2026-08-15T10:14:31.631329000-0500,66.764370000,192.168.0.148,192.168.0.178,53414,25565,44875,5220994,0,0,0x0010
10829,2026-08-15T10:14:31.631540000-0500,66.764581000,192.168.0.178,192.168.0.148,25565,53414,5220994,44875,1460,0,0x0010
10830,2026-08-15T10:14:31.631587000-0500,66.764628000,192.168.0.178,192.168.0.148,25565,53414,5222454,44875,1460,0,0x0018
10831,2026-08-15T10:14:31.631596000-0500,66.764637000,192.168.0.148,192.168.0.178,53414,25565,44875,5223914,0,0,0x0010
10832,2026-08-15T10:14:31.631767000-0500,66.764808000,192.168.0.178,192.168.0.148,25565,53414,5223914,44875,1460,0,0x0010
10833,2026-08-15T10:14:31.631852000-0500,66.764893000,192.168.0.178,192.168.0.148,25565,53414,5225374,44875,1460,0,0x0010
10834,2026-08-15T10:14:31.631861000-0500,66.764902000,192.168.0.148,192.168.0.178,53414,25565,44875,5226834,0,0,0x0010
10835,2026-08-15T10:14:31.632099000-0500,66.765140000,192.168.0.178,192.168.0.148,25565,53414,5226834,44875,1460,0,0x0010
10836,2026-08-15T10:14:31.632099000-0500,66.765140000,192.168.0.178,192.168.0.148,25565,53414,5228294,44875,97,0,0x0018
10837,2026-08-15T10:14:31.632122000-0500,66.765163000,192.168.0.148,192.168.0.178,53414,25565,44875,5228391,0,0,0x0010
10838,2026-08-15T10:14:31.642367000-0500,66.775408000,192.168.0.148,192.168.0.178,53414,25565,44875,5228391,28,0,0x0018
10839,2026-08-15T10:14:31.643181000-0500,66.776222000,192.168.0.148,192.168.0.178,53414,25565,44903,5228391,3,0,0x0018
10840,2026-08-15T10:14:31.643771000-0500,66.776812000,192.168.0.178,192.168.0.148,25565,53414,5228391,44906,0,0,0x0010
10841,2026-08-15T10:14:31.678354000-0500,66.811395000,192.168.0.178,192.168.0.148,25565,53414,5228391,44906,1460,0,0x0010
10842,2026-08-15T10:14:31.678354000-0500,66.811395000,192.168.0.178,192.168.0.148,25565,53414,5229851,44906,1460,0,0x0010
10843,2026-08-15T10:14:31.678413000-0500,66.811454000,192.168.0.148,192.168.0.178,53414,25565,44906,5231311,0,0,0x0010
10844,2026-08-15T10:14:31.678460000-0500,66.811501000,192.168.0.178,192.168.0.148,25565,53414,5231311,44906,1460,0,0x0010
10845,2026-08-15T10:14:31.678693000-0500,66.811734000,192.168.0.178,192.168.0.148,25565,53414,5232771,44906,1460,0,0x0010
10846,2026-08-15T10:14:31.678693000-0500,66.811734000,192.168.0.178,192.168.0.148,25565,53414,5234231,44906,1460,0,0x0010
10847,2026-08-15T10:14:31.678724000-0500,66.811765000,192.168.0.148,192.168.0.178,53414,25565,44906,5235691,0,0,0x0010
10848,2026-08-15T10:14:31.678841000-0500,66.811882000,192.168.0.178,192.168.0.148,25565,53414,5235691,44906,1460,0,0x0010
10849,2026-08-15T10:14:31.678848000-0500,66.811889000,192.168.0.148,192.168.0.178,53414,25565,44906,5237151,0,0,0x0010
10850,2026-08-15T10:14:31.679071000-0500,66.812112000,192.168.0.178,192.168.0.148,25565,53414,5237151,44906,1460,0,0x0010
10851,2026-08-15T10:14:31.679071000-0500,66.812112000,192.168.0.178,192.168.0.148,25565,53414,5238611,44906,1460,0,0x0010
10852,2026-08-15T10:14:31.679105000-0500,66.812146000,192.168.0.148,192.168.0.178,53414,25565,44906,5240071,0,0,0x0010
10853,2026-08-15T10:14:31.679165000-0500,66.812206000,192.168.0.178,192.168.0.148,25565,53414,5240071,44906,1460,0,0x0018
10854,2026-08-15T10:14:31.679483000-0500,66.812524000,192.168.0.178,192.168.0.148,25565,53414,5241531,44906,1460,0,0x0010
10855,2026-08-15T10:14:31.679483000-0500,66.812524000,192.168.0.178,192.168.0.148,25565,53414,5242991,44906,1460,0,0x0010
10856,2026-08-15T10:14:31.679510000-0500,66.812551000,192.168.0.148,192.168.0.178,53414,25565,44906,5244451,0,0,0x0010
10857,2026-08-15T10:14:31.679726000-0500,66.812767000,192.168.0.178,192.168.0.148,25565,53414,5244451,44906,1460,0,0x0010
10858,2026-08-15T10:14:31.679726000-0500,66.812767000,192.168.0.178,192.168.0.148,25565,53414,5245911,44906,1460,0,0x0010
10859,2026-08-15T10:14:31.679752000-0500,66.812793000,192.168.0.148,192.168.0.178,53414,25565,44906,5247371,0,0,0x0010
10860,2026-08-15T10:14:31.679996000-0500,66.813037000,192.168.0.178,192.168.0.148,25565,53414,5247371,44906,1460,0,0x0010
10861,2026-08-15T10:14:31.679996000-0500,66.813037000,192.168.0.178,192.168.0.148,25565,53414,5248831,44906,326,0,0x0018
10862,2026-08-15T10:14:31.680023000-0500,66.813064000,192.168.0.148,192.168.0.178,53414,25565,44906,5249157,0,0,0x0010
10863,2026-08-15T10:14:31.693885000-0500,66.826926000,192.168.0.148,192.168.0.178,53414,25565,44906,5249157,28,0,0x0018
10864,2026-08-15T10:14:31.695230000-0500,66.828271000,192.168.0.148,192.168.0.178,53414,25565,44934,5249157,3,0,0x0018
10865,2026-08-15T10:14:31.696001000-0500,66.829042000,192.168.0.178,192.168.0.148,25565,53414,5249157,44937,0,0,0x0010
10866,2026-08-15T10:14:31.732067000-0500,66.865108000,192.168.0.178,192.168.0.148,25565,53414,5249157,44937,1460,0,0x0010
10867,2026-08-15T10:14:31.732067000-0500,66.865108000,192.168.0.178,192.168.0.148,25565,53414,5250617,44937,1460,0,0x0010
10868,2026-08-15T10:14:31.732121000-0500,66.865162000,192.168.0.148,192.168.0.178,53414,25565,44937,5252077,0,0,0x0010
10869,2026-08-15T10:14:31.732178000-0500,66.865219000,192.168.0.178,192.168.0.148,25565,53414,5252077,44937,1460,0,0x0010
10870,2026-08-15T10:14:31.732401000-0500,66.865442000,192.168.0.178,192.168.0.148,25565,53414,5253537,44937,1460,0,0x0010
10871,2026-08-15T10:14:31.732401000-0500,66.865442000,192.168.0.178,192.168.0.148,25565,53414,5254997,44937,1460,0,0x0010
10872,2026-08-15T10:14:31.732424000-0500,66.865465000,192.168.0.148,192.168.0.178,53414,25565,44937,5256457,0,0,0x0010
10873,2026-08-15T10:14:31.732640000-0500,66.865681000,192.168.0.178,192.168.0.148,25565,53414,5256457,44937,1460,0,0x0010
10874,2026-08-15T10:14:31.732659000-0500,66.865700000,192.168.0.148,192.168.0.178,53414,25565,44937,5257917,0,0,0x0010
10875,2026-08-15T10:14:31.732712000-0500,66.865753000,192.168.0.178,192.168.0.148,25565,53414,5257917,44937,1460,0,0x0010
10876,2026-08-15T10:14:31.732892000-0500,66.865933000,192.168.0.178,192.168.0.148,25565,53414,5259377,44937,1460,0,0x0010
10877,2026-08-15T10:14:31.732892000-0500,66.865933000,192.168.0.178,192.168.0.148,25565,53414,5260837,44937,1460,0,0x0018
10878,2026-08-15T10:14:31.732911000-0500,66.865952000,192.168.0.148,192.168.0.178,53414,25565,44937,5262297,0,0,0x0010
10879,2026-08-15T10:14:31.733129000-0500,66.866170000,192.168.0.178,192.168.0.148,25565,53414,5262297,44937,1460,0,0x0010
10880,2026-08-15T10:14:31.733147000-0500,66.866188000,192.168.0.148,192.168.0.178,53414,25565,44937,5263757,0,0,0x0010
10881,2026-08-15T10:14:31.733181000-0500,66.866222000,192.168.0.178,192.168.0.148,25565,53414,5263757,44937,1460,0,0x0010
10882,2026-08-15T10:14:31.733312000-0500,66.866353000,192.168.0.178,192.168.0.148,25565,53414,5265217,44937,1460,0,0x0010
10883,2026-08-15T10:14:31.733330000-0500,66.866371000,192.168.0.148,192.168.0.178,53414,25565,44937,5266677,0,0,0x0010
10884,2026-08-15T10:14:31.733382000-0500,66.866423000,192.168.0.178,192.168.0.148,25565,53414,5266677,44937,962,0,0x0018
10885,2026-08-15T10:14:31.742883000-0500,66.875924000,192.168.0.148,192.168.0.178,53414,25565,44937,5267639,4,0,0x0018
10886,2026-08-15T10:14:31.742905000-0500,66.875946000,192.168.0.148,192.168.0.178,53414,25565,44941,5267639,36,0,0x0018
10887,2026-08-15T10:14:31.743509000-0500,66.876550000,192.168.0.178,192.168.0.148,25565,53414,5267639,44977,0,0,0x0010
10888,2026-08-15T10:14:31.743693000-0500,66.876734000,192.168.0.148,192.168.0.178,53414,25565,44977,5267639,3,0,0x0018
10889,2026-08-15T10:14:31.782668000-0500,66.915709000,192.168.0.178,192.168.0.148,25565,53414,5267639,44980,1460,0,0x0010
10890,2026-08-15T10:14:31.782668000-0500,66.915709000,192.168.0.178,192.168.0.148,25565,53414,5269099,44980,1460,0,0x0010
10891,2026-08-15T10:14:31.782717000-0500,66.915758000,192.168.0.148,192.168.0.178,53414,25565,44980,5270559,0,0,0x0010
10892,2026-08-15T10:14:31.782794000-0500,66.915835000,192.168.0.178,192.168.0.148,25565,53414,5270559,44980,1460,0,0x0010
10893,2026-08-15T10:14:31.782946000-0500,66.915987000,192.168.0.178,192.168.0.148,25565,53414,5272019,44980,1460,0,0x0010
10894,2026-08-15T10:14:31.782953000-0500,66.915994000,192.168.0.148,192.168.0.178,53414,25565,44980,5273479,0,0,0x0010
10895,2026-08-15T10:14:31.783022000-0500,66.916063000,192.168.0.178,192.168.0.148,25565,53414,5273479,44980,1460,0,0x0010
10896,2026-08-15T10:14:31.783269000-0500,66.916310000,192.168.0.178,192.168.0.148,25565,53414,5274939,44980,1460,0,0x0010
10897,2026-08-15T10:14:31.783269000-0500,66.916310000,192.168.0.178,192.168.0.148,25565,53414,5276399,44980,1460,0,0x0010
10898,2026-08-15T10:14:31.783291000-0500,66.916332000,192.168.0.148,192.168.0.178,53414,25565,44980,5277859,0,0,0x0010
10899,2026-08-15T10:14:31.783488000-0500,66.916529000,192.168.0.178,192.168.0.148,25565,53414,5277859,44980,1460,0,0x0010
10900,2026-08-15T10:14:31.783506000-0500,66.916547000,192.168.0.148,192.168.0.178,53414,25565,44980,5279319,0,0,0x0010
10901,2026-08-15T10:14:31.783538000-0500,66.916579000,192.168.0.178,192.168.0.148,25565,53414,5279319,44980,1460,0,0x0018
10902,2026-08-15T10:14:31.783672000-0500,66.916713000,192.168.0.178,192.168.0.148,25565,53414,5280779,44980,1460,0,0x0010
10903,2026-08-15T10:14:31.783672000-0500,66.916713000,192.168.0.178,192.168.0.148,25565,53414,5282239,44980,380,0,0x0018
10904,2026-08-15T10:14:31.783691000-0500,66.916732000,192.168.0.148,192.168.0.178,53414,25565,44980,5282619,0,0,0x0010
10905,2026-08-15T10:14:31.793098000-0500,66.926139000,192.168.0.148,192.168.0.178,53414,25565,44980,5282619,36,0,0x0018
10906,2026-08-15T10:14:31.793999000-0500,66.927040000,192.168.0.148,192.168.0.178,53414,25565,45016,5282619,3,0,0x0018
10907,2026-08-15T10:14:31.794652000-0500,66.927693000,192.168.0.178,192.168.0.148,25565,53414,5282619,45019,0,0,0x0010
10908,2026-08-15T10:14:31.828627000-0500,66.961668000,192.168.0.178,192.168.0.148,25565,53414,5282619,45019,1460,0,0x0010
10909,2026-08-15T10:14:31.828627000-0500,66.961668000,192.168.0.178,192.168.0.148,25565,53414,5284079,45019,1460,0,0x0010
10910,2026-08-15T10:14:31.828688000-0500,66.961729000,192.168.0.148,192.168.0.178,53414,25565,45019,5285539,0,0,0x0010
10911,2026-08-15T10:14:31.828739000-0500,66.961780000,192.168.0.178,192.168.0.148,25565,53414,5285539,45019,1460,0,0x0010
10912,2026-08-15T10:14:31.828963000-0500,66.962004000,192.168.0.178,192.168.0.148,25565,53414,5286999,45019,1460,0,0x0010
10913,2026-08-15T10:14:31.828963000-0500,66.962004000,192.168.0.178,192.168.0.148,25565,53414,5288459,45019,1460,0,0x0010
10914,2026-08-15T10:14:31.828989000-0500,66.962030000,192.168.0.148,192.168.0.178,53414,25565,45019,5289919,0,0,0x0010
10915,2026-08-15T10:14:31.829207000-0500,66.962248000,192.168.0.178,192.168.0.148,25565,53414,5289919,45019,1460,0,0x0010
10916,2026-08-15T10:14:31.829207000-0500,66.962248000,192.168.0.178,192.168.0.148,25565,53414,5291379,45019,1460,0,0x0010
10917,2026-08-15T10:14:31.829230000-0500,66.962271000,192.168.0.148,192.168.0.178,53414,25565,45019,5292839,0,0,0x0010
10918,2026-08-15T10:14:31.829431000-0500,66.962472000,192.168.0.178,192.168.0.148,25565,53414,5292839,45019,1460,0,0x0010
10919,2026-08-15T10:14:31.829454000-0500,66.962495000,192.168.0.148,192.168.0.178,53414,25565,45019,5294299,0,0,0x0010
10920,2026-08-15T10:14:31.829490000-0500,66.962531000,192.168.0.178,192.168.0.148,25565,53414,5294299,45019,1460,0,0x0018
10921,2026-08-15T10:14:31.829550000-0500,66.962591000,192.168.0.178,192.168.0.148,25565,53414,5295759,45019,959,0,0x0018
10922,2026-08-15T10:14:31.829556000-0500,66.962597000,192.168.0.148,192.168.0.178,53414,25565,45019,5296718,0,0,0x0010
10923,2026-08-15T10:14:31.843962000-0500,66.977003000,192.168.0.148,192.168.0.178,53414,25565,45019,5296718,36,0,0x0018
10924,2026-08-15T10:14:31.845121000-0500,66.978162000,192.168.0.148,192.168.0.178,53414,25565,45055,5296718,3,0,0x0018
10925,2026-08-15T10:14:31.845663000-0500,66.978704000,192.168.0.178,192.168.0.148,25565,53414,5296718,45058,0,0,0x0010
10926,2026-08-15T10:14:31.877069000-0500,67.010110000,192.168.0.178,192.168.0.148,25565,53414,5296718,45058,1460,0,0x0010
10927,2026-08-15T10:14:31.877069000-0500,67.010110000,192.168.0.178,192.168.0.148,25565,53414,5298178,45058,1460,0,0x0010
10928,2026-08-15T10:14:31.877118000-0500,67.010159000,192.168.0.148,192.168.0.178,53414,25565,45058,5299638,0,0,0x0010
10929,2026-08-15T10:14:31.877175000-0500,67.010216000,192.168.0.178,192.168.0.148,25565,53414,5299638,45058,1460,0,0x0010
10930,2026-08-15T10:14:31.877175000-0500,67.010216000,192.168.0.178,192.168.0.148,25565,53414,5301098,45058,179,0,0x0018
10931,2026-08-15T10:14:31.877185000-0500,67.010226000,192.168.0.148,192.168.0.178,53414,25565,45058,5301277,0,0,0x0010
10932,2026-08-15T10:14:31.877399000-0500,67.010440000,192.168.0.148,192.168.0.178,53414,25565,45058,5301277,11,0,0x0018
10933,2026-08-15T10:14:31.892968000-0500,67.026009000,192.168.0.148,192.168.0.178,53414,25565,45069,5301277,36,0,0x0018
10934,2026-08-15T10:14:31.893877000-0500,67.026918000,192.168.0.178,192.168.0.148,25565,53414,5301277,45105,0,0,0x0010
10935,2026-08-15T10:14:31.894111000-0500,67.027152000,192.168.0.148,192.168.0.178,53414,25565,45105,5301277,3,0,0x0018
10936,2026-08-15T10:14:31.927683000-0500,67.060724000,192.168.0.178,192.168.0.148,25565,53414,5301277,45108,309,0,0x0018
10937,2026-08-15T10:14:31.942734000-0500,67.075775000,192.168.0.148,192.168.0.178,53414,25565,45108,5301586,36,0,0x0018
10938,2026-08-15T10:14:31.943841000-0500,67.076882000,192.168.0.148,192.168.0.178,53414,25565,45144,5301586,3,0,0x0018
10939,2026-08-15T10:14:31.944613000-0500,67.077654000,192.168.0.178,192.168.0.148,25565,53414,5301586,45147,0,0,0x0010
10940,2026-08-15T10:14:31.983201000-0500,67.116242000,192.168.0.178,192.168.0.148,25565,53414,5301586,45147,413,0,0x0018
10941,2026-08-15T10:14:31.993376000-0500,67.126417000,192.168.0.148,192.168.0.178,53414,25565,45147,5301999,28,0,0x0018
10942,2026-08-15T10:14:31.994722000-0500,67.127763000,192.168.0.148,192.168.0.178,53414,25565,45175,5301999,3,0,0x0018
10943,2026-08-15T10:14:31.995394000-0500,67.128435000,192.168.0.178,192.168.0.148,25565,53414,5301999,45178,0,0,0x0010
10944,2026-08-15T10:14:32.028898000-0500,67.161939000,192.168.0.178,192.168.0.148,25565,53414,5301999,45178,724,0,0x0018
10945,2026-08-15T10:14:32.043409000-0500,67.176450000,192.168.0.148,192.168.0.178,53414,25565,45178,5302723,28,0,0x0018
10946,2026-08-15T10:14:32.044702000-0500,67.177743000,192.168.0.148,192.168.0.178,53414,25565,45206,5302723,3,0,0x0018
10947,2026-08-15T10:14:32.045467000-0500,67.178508000,192.168.0.178,192.168.0.148,25565,53414,5302723,45209,0,0,0x0010
10948,2026-08-15T10:14:32.079830000-0500,67.212871000,192.168.0.178,192.168.0.148,25565,53414,5302723,45209,275,0,0x0018
10949,2026-08-15T10:14:32.093406000-0500,67.226447000,192.168.0.148,192.168.0.178,53414,25565,45209,5302998,28,0,0x0018
10950,2026-08-15T10:14:32.094682000-0500,67.227723000,192.168.0.148,192.168.0.178,53414,25565,45237,5302998,3,0,0x0018
10951,2026-08-15T10:14:32.095465000-0500,67.228506000,192.168.0.178,192.168.0.148,25565,53414,5302998,45240,0,0,0x0010
10952,2026-08-15T10:14:32.129140000-0500,67.262181000,192.168.0.178,192.168.0.148,25565,53414,5302998,45240,548,0,0x0018
10953,2026-08-15T10:14:32.143557000-0500,67.276598000,192.168.0.148,192.168.0.178,53414,25565,45240,5303546,36,0,0x0018
10954,2026-08-15T10:14:32.144858000-0500,67.277899000,192.168.0.148,192.168.0.178,53414,25565,45276,5303546,3,0,0x0018
10955,2026-08-15T10:14:32.145703000-0500,67.278744000,192.168.0.178,192.168.0.148,25565,53414,5303546,45279,0,0,0x0010
10956,2026-08-15T10:14:32.178591000-0500,67.311632000,192.168.0.178,192.168.0.148,25565,53414,5303546,45279,460,0,0x0018
10957,2026-08-15T10:14:32.193152000-0500,67.326193000,192.168.0.148,192.168.0.178,53414,25565,45279,5304006,36,0,0x0018
10958,2026-08-15T10:14:32.194038000-0500,67.327079000,192.168.0.148,192.168.0.178,53414,25565,45315,5304006,3,0,0x0018
10959,2026-08-15T10:14:32.194826000-0500,67.327867000,192.168.0.178,192.168.0.148,25565,53414,5304006,45318,0,0,0x0010
10960,2026-08-15T10:14:32.227965000-0500,67.361006000,192.168.0.178,192.168.0.148,25565,53414,5304006,45318,413,0,0x0018
10961,2026-08-15T10:14:32.243432000-0500,67.376473000,192.168.0.148,192.168.0.178,53414,25565,45318,5304419,28,0,0x0018
10962,2026-08-15T10:14:32.244715000-0500,67.377756000,192.168.0.148,192.168.0.178,53414,25565,45346,5304419,3,0,0x0018
10963,2026-08-15T10:14:32.245286000-0500,67.378327000,192.168.0.178,192.168.0.148,25565,53414,5304419,45349,0,0,0x0010
10964,2026-08-15T10:14:32.279325000-0500,67.412366000,192.168.0.178,192.168.0.148,25565,53414,5304419,45349,487,0,0x0018
10965,2026-08-15T10:14:32.293261000-0500,67.426302000,192.168.0.148,192.168.0.178,53414,25565,45349,5304906,28,0,0x0018
10966,2026-08-15T10:14:32.294583000-0500,67.427624000,192.168.0.148,192.168.0.178,53414,25565,45377,5304906,3,0,0x0018
10967,2026-08-15T10:14:32.295221000-0500,67.428262000,192.168.0.178,192.168.0.148,25565,53414,5304906,45380,0,0,0x0010
10968,2026-08-15T10:14:32.326892000-0500,67.459933000,192.168.0.178,192.168.0.148,25565,53414,5304906,45380,378,0,0x0018
10969,2026-08-15T10:14:32.343370000-0500,67.476411000,192.168.0.148,192.168.0.178,53414,25565,45380,5305284,28,0,0x0018
10970,2026-08-15T10:14:32.344674000-0500,67.477715000,192.168.0.148,192.168.0.178,53414,25565,45408,5305284,3,0,0x0018
10971,2026-08-15T10:14:32.345360000-0500,67.478401000,192.168.0.178,192.168.0.148,25565,53414,5305284,45411,0,0,0x0010
10972,2026-08-15T10:14:32.377383000-0500,67.510424000,192.168.0.178,192.168.0.148,25565,53414,5305284,45411,348,0,0x0018
10973,2026-08-15T10:14:32.393897000-0500,67.526938000,192.168.0.148,192.168.0.178,53414,25565,45411,5305632,36,0,0x0018
10974,2026-08-15T10:14:32.395755000-0500,67.528796000,192.168.0.148,192.168.0.178,53414,25565,45447,5305632,3,0,0x0018
10975,2026-08-15T10:14:32.396516000-0500,67.529557000,192.168.0.178,192.168.0.148,25565,53414,5305632,45450,0,0,0x0010
10976,2026-08-15T10:14:32.430146000-0500,67.563187000,192.168.0.178,192.168.0.148,25565,53414,5305632,45450,595,0,0x0018
10977,2026-08-15T10:14:32.443133000-0500,67.576174000,192.168.0.148,192.168.0.178,53414,25565,45450,5306227,36,0,0x0018
10978,2026-08-15T10:14:32.444070000-0500,67.577111000,192.168.0.148,192.168.0.178,53414,25565,45486,5306227,3,0,0x0018
10979,2026-08-15T10:14:32.444805000-0500,67.577846000,192.168.0.178,192.168.0.148,25565,53414,5306227,45489,0,0,0x0010
10980,2026-08-15T10:14:32.479210000-0500,67.612251000,192.168.0.178,192.168.0.148,25565,53414,5306227,45489,475,0,0x0018
10981,2026-08-15T10:14:32.493560000-0500,67.626601000,192.168.0.148,192.168.0.178,53414,25565,45489,5306702,36,0,0x0018
10982,2026-08-15T10:14:32.494583000-0500,67.627624000,192.168.0.148,192.168.0.178,53414,25565,45525,5306702,3,0,0x0018
10983,2026-08-15T10:14:32.495339000-0500,67.628380000,192.168.0.178,192.168.0.148,25565,53414,5306702,45528,0,0,0x0010
10984,2026-08-15T10:14:32.526686000-0500,67.659727000,192.168.0.178,192.168.0.148,25565,53414,5306702,45528,301,0,0x0018
10985,2026-08-15T10:14:32.543420000-0500,67.676461000,192.168.0.148,192.168.0.178,53414,25565,45528,5307003,36,0,0x0018
10986,2026-08-15T10:14:32.544880000-0500,67.677921000,192.168.0.148,192.168.0.178,53414,25565,45564,5307003,3,0,0x0018
10987,2026-08-15T10:14:32.545677000-0500,67.678718000,192.168.0.178,192.168.0.148,25565,53414,5307003,45567,0,0,0x0010
10988,2026-08-15T10:14:32.580905000-0500,67.713946000,192.168.0.178,192.168.0.148,25565,53414,5307003,45567,897,0,0x0018
10989,2026-08-15T10:14:32.593577000-0500,67.726618000,192.168.0.148,192.168.0.178,53414,25565,45567,5307900,28,0,0x0018
10990,2026-08-15T10:14:32.595221000-0500,67.728262000,192.168.0.148,192.168.0.178,53414,25565,45595,5307900,3,0,0x0018
10991,2026-08-15T10:14:32.596006000-0500,67.729047000,192.168.0.178,192.168.0.148,25565,53414,5307900,45598,0,0,0x0010
10992,2026-08-15T10:14:32.630221000-0500,67.763262000,192.168.0.178,192.168.0.148,25565,53414,5307900,45598,313,0,0x0018
10993,2026-08-15T10:14:32.642447000-0500,67.775488000,192.168.0.148,192.168.0.178,53414,25565,45598,5308213,28,0,0x0018
10994,2026-08-15T10:14:32.643474000-0500,67.776515000,192.168.0.148,192.168.0.178,53414,25565,45626,5308213,3,0,0x0018
10995,2026-08-15T10:14:32.644179000-0500,67.777220000,192.168.0.178,192.168.0.148,25565,53414,5308213,45629,0,0,0x0010
10996,2026-08-15T10:14:32.680215000-0500,67.813256000,192.168.0.178,192.168.0.148,25565,53414,5308213,45629,1399,0,0x0018
10997,2026-08-15T10:14:32.692589000-0500,67.825630000,192.168.0.148,192.168.0.178,53414,25565,45629,5309612,28,0,0x0018
10998,2026-08-15T10:14:32.693436000-0500,67.826477000,192.168.0.148,192.168.0.178,53414,25565,45657,5309612,3,0,0x0018
10999,2026-08-15T10:14:32.694107000-0500,67.827148000,192.168.0.178,192.168.0.148,25565,53414,5309612,45660,0,0,0x0010
11000,2026-08-15T10:14:32.730025000-0500,67.863066000,192.168.0.178,192.168.0.148,25565,53414,5309612,45660,583,0,0x0018
11001,2026-08-15T10:14:32.743480000-0500,67.876521000,192.168.0.148,192.168.0.178,53414,25565,45660,5310195,28,0,0x0018
11002,2026-08-15T10:14:32.744907000-0500,67.877948000,192.168.0.148,192.168.0.178,53414,25565,45688,5310195,3,0,0x0018
11003,2026-08-15T10:14:32.745712000-0500,67.878753000,192.168.0.178,192.168.0.148,25565,53414,5310195,45691,0,0,0x0010
11004,2026-08-15T10:14:32.780597000-0500,67.913638000,192.168.0.178,192.168.0.148,25565,53414,5310195,45691,349,0,0x0018
11005,2026-08-15T10:14:32.793567000-0500,67.926608000,192.168.0.148,192.168.0.178,53414,25565,45691,5310544,28,0,0x0018
11006,2026-08-15T10:14:32.795053000-0500,67.928094000,192.168.0.148,192.168.0.178,53414,25565,45719,5310544,3,0,0x0018
11007,2026-08-15T10:14:32.795862000-0500,67.928903000,192.168.0.178,192.168.0.148,25565,53414,5310544,45722,0,0,0x0010
11008,2026-08-15T10:14:32.828566000-0500,67.961607000,192.168.0.178,192.168.0.148,25565,53414,5310544,45722,219,0,0x0018
11009,2026-08-15T10:14:32.843705000-0500,67.976746000,192.168.0.148,192.168.0.178,53414,25565,45722,5310763,28,0,0x0018
11010,2026-08-15T10:14:32.845145000-0500,67.978186000,192.168.0.148,192.168.0.178,53414,25565,45750,5310763,3,0,0x0018
11011,2026-08-15T10:14:32.845862000-0500,67.978903000,192.168.0.178,192.168.0.148,25565,53414,5310763,45753,0,0,0x0010
11012,2026-08-15T10:14:32.879293000-0500,68.012334000,192.168.0.178,192.168.0.148,25565,53414,5310763,45753,579,0,0x0018
11013,2026-08-15T10:14:32.879522000-0500,68.012563000,192.168.0.148,192.168.0.178,53414,25565,45753,5311342,11,0,0x0018
11014,2026-08-15T10:14:32.893641000-0500,68.026682000,192.168.0.148,192.168.0.178,53414,25565,45764,5311342,28,0,0x0018
11015,2026-08-15T10:14:32.894524000-0500,68.027565000,192.168.0.178,192.168.0.148,25565,53414,5311342,45792,0,0,0x0010
11016,2026-08-15T10:14:32.895182000-0500,68.028223000,192.168.0.148,192.168.0.178,53414,25565,45792,5311342,3,0,0x0018
11017,2026-08-15T10:14:32.929096000-0500,68.062137000,192.168.0.178,192.168.0.148,25565,53414,5311342,45795,331,0,0x0018
11018,2026-08-15T10:14:32.942628000-0500,68.075669000,192.168.0.148,192.168.0.178,53414,25565,45795,5311673,28,0,0x0018
11019,2026-08-15T10:14:32.943500000-0500,68.076541000,192.168.0.148,192.168.0.178,53414,25565,45823,5311673,3,0,0x0018
11020,2026-08-15T10:14:32.944211000-0500,68.077252000,192.168.0.178,192.168.0.148,25565,53414,5311673,45826,0,0,0x0010
11021,2026-08-15T10:14:32.979038000-0500,68.112079000,192.168.0.178,192.168.0.148,25565,53414,5311673,45826,229,0,0x0018
11022,2026-08-15T10:14:32.993699000-0500,68.126740000,192.168.0.148,192.168.0.178,53414,25565,45826,5311902,28,0,0x0018
11023,2026-08-15T10:14:32.995153000-0500,68.128194000,192.168.0.148,192.168.0.178,53414,25565,45854,5311902,3,0,0x0018
11024,2026-08-15T10:14:32.995931000-0500,68.128972000,192.168.0.178,192.168.0.148,25565,53414,5311902,45857,0,0,0x0010
11025,2026-08-15T10:14:33.029046000-0500,68.162087000,192.168.0.178,192.168.0.148,25565,53414,5311902,45857,562,0,0x0018
11026,2026-08-15T10:14:33.043337000-0500,68.176378000,192.168.0.148,192.168.0.178,53414,25565,45857,5312464,28,0,0x0018
11027,2026-08-15T10:14:33.045064000-0500,68.178105000,192.168.0.148,192.168.0.178,53414,25565,45885,5312464,3,0,0x0018
11028,2026-08-15T10:14:33.045246000-0500,68.178287000,192.168.0.178,192.168.0.148,25565,53414,5312464,45885,11,0,0x0018
11029,2026-08-15T10:14:33.045246000-0500,68.178287000,192.168.0.178,192.168.0.148,25565,53414,5312475,45885,11,0,0x0018
11030,2026-08-15T10:14:33.045303000-0500,68.178344000,192.168.0.148,192.168.0.178,53414,25565,45888,5312486,0,0,0x0010
11031,2026-08-15T10:14:33.045677000-0500,68.178718000,192.168.0.178,192.168.0.148,25565,53414,5312486,45888,11,0,0x0018
11032,2026-08-15T10:14:33.045784000-0500,68.178825000,192.168.0.178,192.168.0.148,25565,53414,5312497,45888,11,0,0x0018
11033,2026-08-15T10:14:33.045805000-0500,68.178846000,192.168.0.148,192.168.0.178,53414,25565,45888,5312508,0,0,0x0010
11034,2026-08-15T10:14:33.045897000-0500,68.178938000,192.168.0.178,192.168.0.148,25565,53414,5312508,45888,11,0,0x0018
11035,2026-08-15T10:14:33.045897000-0500,68.178938000,192.168.0.178,192.168.0.148,25565,53414,5312519,45888,11,0,0x0018
11036,2026-08-15T10:14:33.045911000-0500,68.178952000,192.168.0.148,192.168.0.178,53414,25565,45888,5312530,0,0,0x0010
11037,2026-08-15T10:14:33.045949000-0500,68.178990000,192.168.0.178,192.168.0.148,25565,53414,5312530,45888,11,0,0x0018
11038,2026-08-15T10:14:33.046145000-0500,68.179186000,192.168.0.178,192.168.0.148,25565,53414,5312541,45888,11,0,0x0018
11039,2026-08-15T10:14:33.046145000-0500,68.179186000,192.168.0.178,192.168.0.148,25565,53414,5312552,45888,11,0,0x0018
11040,2026-08-15T10:14:33.046182000-0500,68.179223000,192.168.0.148,192.168.0.178,53414,25565,45888,5312563,0,0,0x0010
11041,2026-08-15T10:14:33.046229000-0500,68.179270000,192.168.0.178,192.168.0.148,25565,53414,5312563,45888,11,0,0x0018
11042,2026-08-15T10:14:33.046229000-0500,68.179270000,192.168.0.178,192.168.0.148,25565,53414,5312574,45888,11,0,0x0018
11043,2026-08-15T10:14:33.046241000-0500,68.179282000,192.168.0.148,192.168.0.178,53414,25565,45888,5312585,0,0,0x0010
11044,2026-08-15T10:14:33.046278000-0500,68.179319000,192.168.0.178,192.168.0.148,25565,53414,5312585,45888,11,0,0x0018
11045,2026-08-15T10:14:33.046287000-0500,68.179328000,192.168.0.148,192.168.0.178,53414,25565,45888,5312596,0,0,0x0010
11046,2026-08-15T10:14:33.046507000-0500,68.179548000,192.168.0.178,192.168.0.148,25565,53414,5312596,45888,11,0,0x0018
11047,2026-08-15T10:14:33.046507000-0500,68.179548000,192.168.0.178,192.168.0.148,25565,53414,5312607,45888,11,0,0x0018
11048,2026-08-15T10:14:33.046542000-0500,68.179583000,192.168.0.148,192.168.0.178,53414,25565,45888,5312618,0,0,0x0010
11049,2026-08-15T10:14:33.046640000-0500,68.179681000,192.168.0.178,192.168.0.148,25565,53414,5312618,45888,11,0,0x0018
11050,2026-08-15T10:14:33.046640000-0500,68.179681000,192.168.0.178,192.168.0.148,25565,53414,5312629,45888,11,0,0x0018
11051,2026-08-15T10:14:33.046651000-0500,68.179692000,192.168.0.148,192.168.0.178,53414,25565,45888,5312640,0,0,0x0010
11052,2026-08-15T10:14:33.046695000-0500,68.179736000,192.168.0.178,192.168.0.148,25565,53414,5312640,45888,11,0,0x0018
11053,2026-08-15T10:14:33.046841000-0500,68.179882000,192.168.0.178,192.168.0.148,25565,53414,5312651,45888,11,0,0x0018
11054,2026-08-15T10:14:33.046851000-0500,68.179892000,192.168.0.148,192.168.0.178,53414,25565,45888,5312662,0,0,0x0010
11055,2026-08-15T10:14:33.046900000-0500,68.179941000,192.168.0.178,192.168.0.148,25565,53414,5312662,45888,11,0,0x0018
11056,2026-08-15T10:14:33.046949000-0500,68.179990000,192.168.0.178,192.168.0.148,25565,53414,5312673,45888,13,0,0x0018
11057,2026-08-15T10:14:33.046957000-0500,68.179998000,192.168.0.148,192.168.0.178,53414,25565,45888,5312686,0,0,0x0010
11058,2026-08-15T10:14:33.080658000-0500,68.213699000,192.168.0.178,192.168.0.148,25565,53414,5312686,45888,426,0,0x0018
11059,2026-08-15T10:14:33.093453000-0500,68.226494000,192.168.0.148,192.168.0.178,53414,25565,45888,5313112,28,0,0x0018
11060,2026-08-15T10:14:33.094654000-0500,68.227695000,192.168.0.148,192.168.0.178,53414,25565,45916,5313112,3,0,0x0018
11061,2026-08-15T10:14:33.095361000-0500,68.228402000,192.168.0.178,192.168.0.148,25565,53414,5313112,45919,0,0,0x0010
11062,2026-08-15T10:14:33.127697000-0500,68.260738000,192.168.0.178,192.168.0.148,25565,53414,5313112,45919,242,0,0x0018
11063,2026-08-15T10:14:33.142255000-0500,68.275296000,192.168.0.148,192.168.0.178,53414,25565,45919,5313354,28,0,0x0018
11064,2026-08-15T10:14:33.143269000-0500,68.276310000,192.168.0.148,192.168.0.178,53414,25565,45947,5313354,3,0,0x0018
11065,2026-08-15T10:14:33.143974000-0500,68.277015000,192.168.0.178,192.168.0.148,25565,53414,5313354,45950,0,0,0x0010
11066,2026-08-15T10:14:33.181431000-0500,68.314472000,192.168.0.178,192.168.0.148,25565,53414,5313354,45950,1460,0,0x0010
11067,2026-08-15T10:14:33.181431000-0500,68.314472000,192.168.0.178,192.168.0.148,25565,53414,5314814,45950,1460,0,0x0010
11068,2026-08-15T10:14:33.181478000-0500,68.314519000,192.168.0.148,192.168.0.178,53414,25565,45950,5316274,0,0,0x0010
11069,2026-08-15T10:14:33.181533000-0500,68.314574000,192.168.0.178,192.168.0.148,25565,53414,5316274,45950,1460,0,0x0010
11070,2026-08-15T10:14:33.181726000-0500,68.314767000,192.168.0.178,192.168.0.148,25565,53414,5317734,45950,1460,0,0x0010
11071,2026-08-15T10:14:33.181743000-0500,68.314784000,192.168.0.148,192.168.0.178,53414,25565,45950,5319194,0,0,0x0010
11072,2026-08-15T10:14:33.181779000-0500,68.314820000,192.168.0.178,192.168.0.148,25565,53414,5319194,45950,1460,0,0x0010
11073,2026-08-15T10:14:33.181920000-0500,68.314961000,192.168.0.178,192.168.0.148,25565,53414,5320654,45950,1460,0,0x0010
11074,2026-08-15T10:14:33.181937000-0500,68.314978000,192.168.0.148,192.168.0.178,53414,25565,45950,5322114,0,0,0x0010
11075,2026-08-15T10:14:33.182008000-0500,68.315049000,192.168.0.178,192.168.0.148,25565,53414,5322114,45950,1460,0,0x0010
11076,2026-08-15T10:14:33.182254000-0500,68.315295000,192.168.0.178,192.168.0.148,25565,53414,5323574,45950,1460,0,0x0010
11077,2026-08-15T10:14:33.182254000-0500,68.315295000,192.168.0.178,192.168.0.148,25565,53414,5325034,45950,1460,0,0x0018
11078,2026-08-15T10:14:33.182271000-0500,68.315312000,192.168.0.148,192.168.0.178,53414,25565,45950,5326494,0,0,0x0010
11079,2026-08-15T10:14:33.182465000-0500,68.315506000,192.168.0.178,192.168.0.148,25565,53414,5326494,45950,1460,0,0x0010
11080,2026-08-15T10:14:33.182482000-0500,68.315523000,192.168.0.148,192.168.0.178,53414,25565,45950,5327954,0,0,0x0010
11081,2026-08-15T10:14:33.182690000-0500,68.315731000,192.168.0.178,192.168.0.148,25565,53414,5327954,45950,1460,0,0x0010
11082,2026-08-15T10:14:33.182690000-0500,68.315731000,192.168.0.178,192.168.0.148,25565,53414,5329414,45950,1460,0,0x0010
11083,2026-08-15T10:14:33.182714000-0500,68.315755000,192.168.0.148,192.168.0.178,53414,25565,45950,5330874,0,0,0x0010
11084,2026-08-15T10:14:33.182763000-0500,68.315804000,192.168.0.178,192.168.0.148,25565,53414,5330874,45950,772,0,0x0018
11085,2026-08-15T10:14:33.193460000-0500,68.326501000,192.168.0.148,192.168.0.178,53414,25565,45950,5331646,28,0,0x0018
11086,2026-08-15T10:14:33.194313000-0500,68.327354000,192.168.0.148,192.168.0.178,53414,25565,45978,5331646,3,0,0x0018
11087,2026-08-15T10:14:33.194676000-0500,68.327717000,192.168.0.178,192.168.0.148,25565,53414,5331646,45981,0,0,0x0010
11088,2026-08-15T10:14:33.228689000-0500,68.361730000,192.168.0.178,192.168.0.148,25565,53414,5331646,45981,1460,0,0x0010
11089,2026-08-15T10:14:33.228797000-0500,68.361838000,192.168.0.178,192.168.0.148,25565,53414,5333106,45981,1460,0,0x0010
11090,2026-08-15T10:14:33.228814000-0500,68.361855000,192.168.0.148,192.168.0.178,53414,25565,45981,5334566,0,0,0x0010
11091,2026-08-15T10:14:33.228850000-0500,68.361891000,192.168.0.178,192.168.0.148,25565,53414,5334566,45981,1460,0,0x0010
11092,2026-08-15T10:14:33.229073000-0500,68.362114000,192.168.0.178,192.168.0.148,25565,53414,5336026,45981,1460,0,0x0010
11093,2026-08-15T10:14:33.229073000-0500,68.362114000,192.168.0.178,192.168.0.148,25565,53414,5337486,45981,1460,0,0x0010
11094,2026-08-15T10:14:33.229100000-0500,68.362141000,192.168.0.148,192.168.0.178,53414,25565,45981,5338946,0,0,0x0010
11095,2026-08-15T10:14:33.229317000-0500,68.362358000,192.168.0.178,192.168.0.148,25565,53414,5338946,45981,1460,0,0x0010
11096,2026-08-15T10:14:33.229317000-0500,68.362358000,192.168.0.178,192.168.0.148,25565,53414,5340406,45981,1460,0,0x0010
11097,2026-08-15T10:14:33.229344000-0500,68.362385000,192.168.0.148,192.168.0.178,53414,25565,45981,5341866,0,0,0x0010
11098,2026-08-15T10:14:33.229565000-0500,68.362606000,192.168.0.178,192.168.0.148,25565,53414,5341866,45981,1460,0,0x0010
11099,2026-08-15T10:14:33.229565000-0500,68.362606000,192.168.0.178,192.168.0.148,25565,53414,5343326,45981,1172,0,0x0018
11100,2026-08-15T10:14:33.229598000-0500,68.362639000,192.168.0.148,192.168.0.178,53414,25565,45981,5344498,0,0,0x0010
11101,2026-08-15T10:14:33.243153000-0500,68.376194000,192.168.0.148,192.168.0.178,53414,25565,45981,5344498,36,0,0x0018
11102,2026-08-15T10:14:33.244304000-0500,68.377345000,192.168.0.148,192.168.0.178,53414,25565,46017,5344498,3,0,0x0018
11103,2026-08-15T10:14:33.245128000-0500,68.378169000,192.168.0.178,192.168.0.148,25565,53414,5344498,46020,0,0,0x0010
11104,2026-08-15T10:14:33.278177000-0500,68.411218000,192.168.0.178,192.168.0.148,25565,53414,5344498,46020,1460,0,0x0010
11105,2026-08-15T10:14:33.278177000-0500,68.411218000,192.168.0.178,192.168.0.148,25565,53414,5345958,46020,1460,0,0x0010
11106,2026-08-15T10:14:33.278234000-0500,68.411275000,192.168.0.148,192.168.0.178,53414,25565,46020,5347418,0,0,0x0010
11107,2026-08-15T10:14:33.278278000-0500,68.411319000,192.168.0.178,192.168.0.148,25565,53414,5347418,46020,1460,0,0x0010
11108,2026-08-15T10:14:33.278503000-0500,68.411544000,192.168.0.178,192.168.0.148,25565,53414,5348878,46020,1460,0,0x0010
11109,2026-08-15T10:14:33.278503000-0500,68.411544000,192.168.0.178,192.168.0.148,25565,53414,5350338,46020,1460,0,0x0010
11110,2026-08-15T10:14:33.278522000-0500,68.411563000,192.168.0.148,192.168.0.178,53414,25565,46020,5351798,0,0,0x0010
11111,2026-08-15T10:14:33.278734000-0500,68.411775000,192.168.0.178,192.168.0.148,25565,53414,5351798,46020,1460,0,0x0010
11112,2026-08-15T10:14:33.278756000-0500,68.411797000,192.168.0.148,192.168.0.178,53414,25565,46020,5353258,0,0,0x0010
11113,2026-08-15T10:14:33.278803000-0500,68.411844000,192.168.0.178,192.168.0.148,25565,53414,5353258,46020,1460,0,0x0010
11114,2026-08-15T10:14:33.278961000-0500,68.412002000,192.168.0.178,192.168.0.148,25565,53414,5354718,46020,1460,0,0x0010
11115,2026-08-15T10:14:33.278980000-0500,68.412021000,192.168.0.148,192.168.0.178,53414,25565,46020,5356178,0,0,0x0010
11116,2026-08-15T10:14:33.279013000-0500,68.412054000,192.168.0.178,192.168.0.148,25565,53414,5356178,46020,1460,0,0x0018
11117,2026-08-15T10:14:33.279170000-0500,68.412211000,192.168.0.178,192.168.0.148,25565,53414,5357638,46020,1460,0,0x0010
11118,2026-08-15T10:14:33.279170000-0500,68.412211000,192.168.0.178,192.168.0.148,25565,53414,5359098,46020,264,0,0x0018
11119,2026-08-15T10:14:33.279193000-0500,68.412234000,192.168.0.148,192.168.0.178,53414,25565,46020,5359362,0,0,0x0010
11120,2026-08-15T10:14:33.293028000-0500,68.426069000,192.168.0.148,192.168.0.178,53414,25565,46020,5359362,36,0,0x0018
11121,2026-08-15T10:14:33.293834000-0500,68.426875000,192.168.0.148,192.168.0.178,53414,25565,46056,5359362,3,0,0x0018
11122,2026-08-15T10:14:33.294515000-0500,68.427556000,192.168.0.178,192.168.0.148,25565,53414,5359362,46059,0,0,0x0010
11123,2026-08-15T10:14:33.330220000-0500,68.463261000,192.168.0.178,192.168.0.148,25565,53414,5359362,46059,1460,0,0x0010
11124,2026-08-15T10:14:33.330220000-0500,68.463261000,192.168.0.178,192.168.0.148,25565,53414,5360822,46059,1460,0,0x0010
11125,2026-08-15T10:14:33.330279000-0500,68.463320000,192.168.0.148,192.168.0.178,53414,25565,46059,5362282,0,0,0x0010
11126,2026-08-15T10:14:33.330332000-0500,68.463373000,192.168.0.178,192.168.0.148,25565,53414,5362282,46059,1460,0,0x0010
11127,2026-08-15T10:14:33.330560000-0500,68.463601000,192.168.0.178,192.168.0.148,25565,53414,5363742,46059,1460,0,0x0010
11128,2026-08-15T10:14:33.330560000-0500,68.463601000,192.168.0.178,192.168.0.148,25565,53414,5365202,46059,1460,0,0x0010
11129,2026-08-15T10:14:33.330581000-0500,68.463622000,192.168.0.148,192.168.0.178,53414,25565,46059,5366662,0,0,0x0010
11130,2026-08-15T10:14:33.330795000-0500,68.463836000,192.168.0.178,192.168.0.148,25565,53414,5366662,46059,1460,0,0x0010
11131,2026-08-15T10:14:33.330813000-0500,68.463854000,192.168.0.148,192.168.0.178,53414,25565,46059,5368122,0,0,0x0010
11132,2026-08-15T10:14:33.330863000-0500,68.463904000,192.168.0.178,192.168.0.148,25565,53414,5368122,46059,1460,0,0x0010
11133,2026-08-15T10:14:33.331054000-0500,68.464095000,192.168.0.178,192.168.0.148,25565,53414,5369582,46059,1460,0,0x0010
11134,2026-08-15T10:14:33.331054000-0500,68.464095000,192.168.0.178,192.168.0.148,25565,53414,5371042,46059,1460,0,0x0018
11135,2026-08-15T10:14:33.331074000-0500,68.464115000,192.168.0.148,192.168.0.178,53414,25565,46059,5372502,0,0,0x0010
11136,2026-08-15T10:14:33.331289000-0500,68.464330000,192.168.0.178,192.168.0.148,25565,53414,5372502,46059,1460,0,0x0010
11137,2026-08-15T10:14:33.331289000-0500,68.464330000,192.168.0.178,192.168.0.148,25565,53414,5373962,46059,1460,0,0x0010
11138,2026-08-15T10:14:33.331309000-0500,68.464350000,192.168.0.148,192.168.0.178,53414,25565,46059,5375422,0,0,0x0010
11139,2026-08-15T10:14:33.331506000-0500,68.464547000,192.168.0.178,192.168.0.148,25565,53414,5375422,46059,1460,0,0x0010
11140,2026-08-15T10:14:33.331506000-0500,68.464547000,192.168.0.178,192.168.0.148,25565,53414,5376882,46059,988,0,0x0018
11141,2026-08-15T10:14:33.331529000-0500,68.464570000,192.168.0.148,192.168.0.178,53414,25565,46059,5377870,0,0,0x0010
11142,2026-08-15T10:14:33.343280000-0500,68.476321000,192.168.0.148,192.168.0.178,53414,25565,46059,5377870,36,0,0x0018
11143,2026-08-15T10:14:33.344293000-0500,68.477334000,192.168.0.148,192.168.0.178,53414,25565,46095,5377870,3,0,0x0018
11144,2026-08-15T10:14:33.344658000-0500,68.477699000,192.168.0.178,192.168.0.148,25565,53414,5377870,46098,0,0,0x0010
11145,2026-08-15T10:14:33.378636000-0500,68.511677000,192.168.0.178,192.168.0.148,25565,53414,5377870,46098,1460,0,0x0010
11146,2026-08-15T10:14:33.378636000-0500,68.511677000,192.168.0.178,192.168.0.148,25565,53414,5379330,46098,1460,0,0x0010
11147,2026-08-15T10:14:33.378694000-0500,68.511735000,192.168.0.148,192.168.0.178,53414,25565,46098,5380790,0,0,0x0010
11148,2026-08-15T10:14:33.378742000-0500,68.511783000,192.168.0.178,192.168.0.148,25565,53414,5380790,46098,1460,0,0x0010
11149,2026-08-15T10:14:33.378970000-0500,68.512011000,192.168.0.178,192.168.0.148,25565,53414,5382250,46098,1460,0,0x0010
11150,2026-08-15T10:14:33.378970000-0500,68.512011000,192.168.0.178,192.168.0.148,25565,53414,5383710,46098,1460,0,0x0010
11151,2026-08-15T10:14:33.379000000-0500,68.512041000,192.168.0.148,192.168.0.178,53414,25565,46098,5385170,0,0,0x0010
11152,2026-08-15T10:14:33.379217000-0500,68.512258000,192.168.0.178,192.168.0.148,25565,53414,5385170,46098,1460,0,0x0010
11153,2026-08-15T10:14:33.379217000-0500,68.512258000,192.168.0.178,192.168.0.148,25565,53414,5386630,46098,1460,0,0x0010
11154,2026-08-15T10:14:33.379244000-0500,68.512285000,192.168.0.148,192.168.0.178,53414,25565,46098,5388090,0,0,0x0010
11155,2026-08-15T10:14:33.379416000-0500,68.512457000,192.168.0.178,192.168.0.148,25565,53414,5388090,46098,1460,0,0x0010
11156,2026-08-15T10:14:33.379440000-0500,68.512481000,192.168.0.148,192.168.0.178,53414,25565,46098,5389550,0,0,0x0010
11157,2026-08-15T10:14:33.379477000-0500,68.512518000,192.168.0.178,192.168.0.148,25565,53414,5389550,46098,1460,0,0x0018
11158,2026-08-15T10:14:33.379698000-0500,68.512739000,192.168.0.178,192.168.0.148,25565,53414,5391010,46098,1460,0,0x0010
11159,2026-08-15T10:14:33.379698000-0500,68.512739000,192.168.0.178,192.168.0.148,25565,53414,5392470,46098,1353,0,0x0018
11160,2026-08-15T10:14:33.379727000-0500,68.512768000,192.168.0.148,192.168.0.178,53414,25565,46098,5393823,0,0,0x0010
11161,2026-08-15T10:14:33.393460000-0500,68.526501000,192.168.0.148,192.168.0.178,53414,25565,46098,5393823,36,0,0x0018
11162,2026-08-15T10:14:33.394652000-0500,68.527693000,192.168.0.178,192.168.0.148,25565,53414,5393823,46134,11,0,0x0018
11163,2026-08-15T10:14:33.394652000-0500,68.527693000,192.168.0.178,192.168.0.148,25565,53414,5393834,46134,22,0,0x0018
11164,2026-08-15T10:14:33.394652000-0500,68.527693000,192.168.0.178,192.168.0.148,25565,53414,5393856,46134,33,0,0x0018
11165,2026-08-15T10:14:33.394692000-0500,68.527733000,192.168.0.148,192.168.0.178,53414,25565,46134,5393889,0,0,0x0010
11166,2026-08-15T10:14:33.394750000-0500,68.527791000,192.168.0.178,192.168.0.148,25565,53414,5393889,46134,44,0,0x0018
11167,2026-08-15T10:14:33.394750000-0500,68.527791000,192.168.0.178,192.168.0.148,25565,53414,5393933,46134,11,0,0x0018
11168,2026-08-15T10:14:33.394750000-0500,68.527791000,192.168.0.178,192.168.0.148,25565,53414,5393944,46134,22,0,0x0018
11169,2026-08-15T10:14:33.394758000-0500,68.527799000,192.168.0.148,192.168.0.178,53414,25565,46134,5393966,0,0,0x0010
11170,2026-08-15T10:14:33.394801000-0500,68.527842000,192.168.0.178,192.168.0.148,25565,53414,5393966,46134,11,0,0x0018
11171,2026-08-15T10:14:33.394801000-0500,68.527842000,192.168.0.178,192.168.0.148,25565,53414,5393977,46134,22,0,0x0018
11172,2026-08-15T10:14:33.394808000-0500,68.527849000,192.168.0.148,192.168.0.178,53414,25565,46134,5393999,0,0,0x0010
11173,2026-08-15T10:14:33.394831000-0500,68.527872000,192.168.0.178,192.168.0.148,25565,53414,5393999,46134,11,0,0x0018
11174,2026-08-15T10:14:33.394869000-0500,68.527910000,192.168.0.148,192.168.0.178,53414,25565,46134,5394010,3,0,0x0018
11175,2026-08-15T10:14:33.395001000-0500,68.528042000,192.168.0.178,192.168.0.148,25565,53414,5394010,46134,22,0,0x0018
11176,2026-08-15T10:14:33.395001000-0500,68.528042000,192.168.0.178,192.168.0.148,25565,53414,5394032,46134,13,0,0x0018
11177,2026-08-15T10:14:33.395034000-0500,68.528075000,192.168.0.148,192.168.0.178,53414,25565,46137,5394045,0,0,0x0010
11178,2026-08-15T10:14:33.431485000-0500,68.564526000,192.168.0.178,192.168.0.148,25565,53414,5394045,46137,248,0,0x0018
11179,2026-08-15T10:14:33.443410000-0500,68.576451000,192.168.0.148,192.168.0.178,53414,25565,46137,5394293,36,0,0x0018
11180,2026-08-15T10:14:33.444641000-0500,68.577682000,192.168.0.178,192.168.0.148,25565,53414,5394293,46173,46,0,0x0018
11181,2026-08-15T10:14:33.445087000-0500,68.578128000,192.168.0.148,192.168.0.178,53414,25565,46173,5394339,3,0,0x0018
11182,2026-08-15T10:14:33.479117000-0500,68.612158000,192.168.0.178,192.168.0.148,25565,53414,5394339,46176,502,0,0x0018
11183,2026-08-15T10:14:33.493518000-0500,68.626559000,192.168.0.148,192.168.0.178,53414,25565,46176,5394841,28,0,0x0018
11184,2026-08-15T10:14:33.495170000-0500,68.628211000,192.168.0.148,192.168.0.178,53414,25565,46204,5394841,3,0,0x0018
11185,2026-08-15T10:14:33.496004000-0500,68.629045000,192.168.0.178,192.168.0.148,25565,53414,5394841,46207,0,0,0x0010
11186,2026-08-15T10:14:33.527150000-0500,68.660191000,192.168.0.178,192.168.0.148,25565,53414,5394841,46207,1460,0,0x0010
11187,2026-08-15T10:14:33.527150000-0500,68.660191000,192.168.0.178,192.168.0.148,25565,53414,5396301,46207,1460,0,0x0010
11188,2026-08-15T10:14:33.527211000-0500,68.660252000,192.168.0.148,192.168.0.178,53414,25565,46207,5397761,0,0,0x0010
11189,2026-08-15T10:14:33.527260000-0500,68.660301000,192.168.0.178,192.168.0.148,25565,53414,5397761,46207,1460,0,0x0010
11190,2026-08-15T10:14:33.527488000-0500,68.660529000,192.168.0.178,192.168.0.148,25565,53414,5399221,46207,1460,0,0x0010
11191,2026-08-15T10:14:33.527488000-0500,68.660529000,192.168.0.178,192.168.0.148,25565,53414,5400681,46207,1460,0,0x0010
11192,2026-08-15T10:14:33.527525000-0500,68.660566000,192.168.0.148,192.168.0.178,53414,25565,46207,5402141,0,0,0x0010
11193,2026-08-15T10:14:33.527599000-0500,68.660640000,192.168.0.178,192.168.0.148,25565,53414,5402141,46207,1460,0,0x0010
11194,2026-08-15T10:14:33.527607000-0500,68.660648000,192.168.0.148,192.168.0.178,53414,25565,46207,5403601,0,0,0x0010
11195,2026-08-15T10:14:33.527840000-0500,68.660881000,192.168.0.178,192.168.0.148,25565,53414,5403601,46207,1460,0,0x0010
11196,2026-08-15T10:14:33.527929000-0500,68.660970000,192.168.0.178,192.168.0.148,25565,53414,5405061,46207,1460,0,0x0010
11197,2026-08-15T10:14:33.527944000-0500,68.660985000,192.168.0.148,192.168.0.178,53414,25565,46207,5406521,0,0,0x0010
11198,2026-08-15T10:14:33.527984000-0500,68.661025000,192.168.0.178,192.168.0.148,25565,53414,5406521,46207,1460,0,0x0018
11199,2026-08-15T10:14:33.528271000-0500,68.661312000,192.168.0.178,192.168.0.148,25565,53414,5407981,46207,1460,0,0x0010
11200,2026-08-15T10:14:33.528271000-0500,68.661312000,192.168.0.178,192.168.0.148,25565,53414,5409441,46207,1460,0,0x0010
11201,2026-08-15T10:14:33.528317000-0500,68.661358000,192.168.0.148,192.168.0.178,53414,25565,46207,5410901,0,0,0x0010
11202,2026-08-15T10:14:33.528523000-0500,68.661564000,192.168.0.178,192.168.0.148,25565,53414,5410901,46207,1460,0,0x0010
11203,2026-08-15T10:14:33.528523000-0500,68.661564000,192.168.0.178,192.168.0.148,25565,53414,5412361,46207,1460,0,0x0010
11204,2026-08-15T10:14:33.528561000-0500,68.661602000,192.168.0.148,192.168.0.178,53414,25565,46207,5413821,0,0,0x0010
11205,2026-08-15T10:14:33.528628000-0500,68.661669000,192.168.0.178,192.168.0.148,25565,53414,5413821,46207,1460,0,0x0010
11206,2026-08-15T10:14:33.528636000-0500,68.661677000,192.168.0.148,192.168.0.178,53414,25565,46207,5415281,0,0,0x0010
11207,2026-08-15T10:14:33.528864000-0500,68.661905000,192.168.0.178,192.168.0.148,25565,53414,5415281,46207,1460,0,0x0010
11208,2026-08-15T10:14:33.528864000-0500,68.661905000,192.168.0.178,192.168.0.148,25565,53414,5416741,46207,29,0,0x0018
11209,2026-08-15T10:14:33.528895000-0500,68.661936000,192.168.0.148,192.168.0.178,53414,25565,46207,5416770,0,0,0x0010
11210,2026-08-15T10:14:33.542263000-0500,68.675304000,192.168.0.148,192.168.0.178,53414,25565,46207,5416770,28,0,0x0018
11211,2026-08-15T10:14:33.543047000-0500,68.676088000,192.168.0.148,192.168.0.178,53414,25565,46235,5416770,3,0,0x0018
11212,2026-08-15T10:14:33.543738000-0500,68.676779000,192.168.0.178,192.168.0.148,25565,53414,5416770,46238,0,0,0x0010
11213,2026-08-15T10:14:33.577111000-0500,68.710152000,192.168.0.178,192.168.0.148,25565,53414,5416770,46238,1460,0,0x0010
11214,2026-08-15T10:14:33.577111000-0500,68.710152000,192.168.0.178,192.168.0.148,25565,53414,5418230,46238,1460,0,0x0010
11215,2026-08-15T10:14:33.577177000-0500,68.710218000,192.168.0.148,192.168.0.178,53414,25565,46238,5419690,0,0,0x0010
11216,2026-08-15T10:14:33.577222000-0500,68.710263000,192.168.0.178,192.168.0.148,25565,53414,5419690,46238,1460,0,0x0010
11217,2026-08-15T10:14:33.577443000-0500,68.710484000,192.168.0.178,192.168.0.148,25565,53414,5421150,46238,1460,0,0x0010
11218,2026-08-15T10:14:33.577443000-0500,68.710484000,192.168.0.178,192.168.0.148,25565,53414,5422610,46238,1460,0,0x0010
11219,2026-08-15T10:14:33.577479000-0500,68.710520000,192.168.0.148,192.168.0.178,53414,25565,46238,5424070,0,0,0x0010
11220,2026-08-15T10:14:33.577686000-0500,68.710727000,192.168.0.178,192.168.0.148,25565,53414,5424070,46238,1460,0,0x0010
11221,2026-08-15T10:14:33.577686000-0500,68.710727000,192.168.0.178,192.168.0.148,25565,53414,5425530,46238,1460,0,0x0010
11222,2026-08-15T10:14:33.577711000-0500,68.710752000,192.168.0.148,192.168.0.178,53414,25565,46238,5426990,0,0,0x0010
11223,2026-08-15T10:14:33.577931000-0500,68.710972000,192.168.0.178,192.168.0.148,25565,53414,5426990,46238,1460,0,0x0010
11224,2026-08-15T10:14:33.577931000-0500,68.710972000,192.168.0.178,192.168.0.148,25565,53414,5428450,46238,1460,0,0x0018
11225,2026-08-15T10:14:33.577961000-0500,68.711002000,192.168.0.148,192.168.0.178,53414,25565,46238,5429910,0,0,0x0010
11226,2026-08-15T10:14:33.578132000-0500,68.711173000,192.168.0.178,192.168.0.148,25565,53414,5429910,46238,1460,0,0x0010
11227,2026-08-15T10:14:33.578158000-0500,68.711199000,192.168.0.148,192.168.0.178,53414,25565,46238,5431370,0,0,0x0010
11228,2026-08-15T10:14:33.578213000-0500,68.711254000,192.168.0.178,192.168.0.148,25565,53414,5431370,46238,1460,0,0x0010
11229,2026-08-15T10:14:33.578458000-0500,68.711499000,192.168.0.178,192.168.0.148,25565,53414,5432830,46238,1460,0,0x0010
11230,2026-08-15T10:14:33.578458000-0500,68.711499000,192.168.0.178,192.168.0.148,25565,53414,5434290,46238,1162,0,0x0018
11231,2026-08-15T10:14:33.578489000-0500,68.711530000,192.168.0.148,192.168.0.178,53414,25565,46238,5435452,0,0,0x0010
11232,2026-08-15T10:14:33.593122000-0500,68.726163000,192.168.0.148,192.168.0.178,53414,25565,46238,5435452,4,0,0x0018
11233,2026-08-15T10:14:33.593142000-0500,68.726183000,192.168.0.148,192.168.0.178,53414,25565,46242,5435452,28,0,0x0018
11234,2026-08-15T10:14:33.593731000-0500,68.726772000,192.168.0.178,192.168.0.148,25565,53414,5435452,46270,0,0,0x0010
11235,2026-08-15T10:14:33.594240000-0500,68.727281000,192.168.0.148,192.168.0.178,53414,25565,46270,5435452,3,0,0x0018
11236,2026-08-15T10:14:33.627172000-0500,68.760213000,192.168.0.178,192.168.0.148,25565,53414,5435452,46273,1460,0,0x0010
11237,2026-08-15T10:14:33.627172000-0500,68.760213000,192.168.0.178,192.168.0.148,25565,53414,5436912,46273,1460,0,0x0010
11238,2026-08-15T10:14:33.627239000-0500,68.760280000,192.168.0.148,192.168.0.178,53414,25565,46273,5438372,0,0,0x0010
11239,2026-08-15T10:14:33.627288000-0500,68.760329000,192.168.0.178,192.168.0.148,25565,53414,5438372,46273,1460,0,0x0010
11240,2026-08-15T10:14:33.627520000-0500,68.760561000,192.168.0.178,192.168.0.148,25565,53414,5439832,46273,1460,0,0x0010
11241,2026-08-15T10:14:33.627520000-0500,68.760561000,192.168.0.178,192.168.0.148,25565,53414,5441292,46273,1460,0,0x0010
11242,2026-08-15T10:14:33.627547000-0500,68.760588000,192.168.0.148,192.168.0.178,53414,25565,46273,5442752,0,0,0x0010
11243,2026-08-15T10:14:33.627619000-0500,68.760660000,192.168.0.178,192.168.0.148,25565,53414,5442752,46273,1460,0,0x0010
11244,2026-08-15T10:14:33.627627000-0500,68.760668000,192.168.0.148,192.168.0.178,53414,25565,46273,5444212,0,0,0x0010
11245,2026-08-15T10:14:33.627848000-0500,68.760889000,192.168.0.178,192.168.0.148,25565,53414,5444212,46273,1460,0,0x0010
11246,2026-08-15T10:14:33.627912000-0500,68.760953000,192.168.0.178,192.168.0.148,25565,53414,5445672,46273,1460,0,0x0010
11247,2026-08-15T10:14:33.627926000-0500,68.760967000,192.168.0.148,192.168.0.178,53414,25565,46273,5447132,0,0,0x0010
11248,2026-08-15T10:14:33.628031000-0500,68.761072000,192.168.0.178,192.168.0.148,25565,53414,5447132,46273,1377,0,0x0018
11249,2026-08-15T10:14:33.642602000-0500,68.775643000,192.168.0.148,192.168.0.178,53414,25565,46273,5448509,28,0,0x0018
11250,2026-08-15T10:14:33.643514000-0500,68.776555000,192.168.0.148,192.168.0.178,53414,25565,46301,5448509,3,0,0x0018
11251,2026-08-15T10:14:33.646709000-0500,68.779750000,192.168.0.178,192.168.0.148,25565,53414,5448509,46304,0,0,0x0010
11252,2026-08-15T10:14:33.677289000-0500,68.810330000,192.168.0.178,192.168.0.148,25565,53414,5448509,46304,1460,0,0x0010
11253,2026-08-15T10:14:33.677289000-0500,68.810330000,192.168.0.178,192.168.0.148,25565,53414,5449969,46304,1460,0,0x0010
11254,2026-08-15T10:14:33.677352000-0500,68.810393000,192.168.0.148,192.168.0.178,53414,25565,46304,5451429,0,0,0x0010
11255,2026-08-15T10:14:33.677401000-0500,68.810442000,192.168.0.178,192.168.0.148,25565,53414,5451429,46304,1460,0,0x0010
11256,2026-08-15T10:14:33.677630000-0500,68.810671000,192.168.0.178,192.168.0.148,25565,53414,5452889,46304,1460,0,0x0010
11257,2026-08-15T10:14:33.677630000-0500,68.810671000,192.168.0.178,192.168.0.148,25565,53414,5454349,46304,1460,0,0x0010
11258,2026-08-15T10:14:33.677666000-0500,68.810707000,192.168.0.148,192.168.0.178,53414,25565,46304,5455809,0,0,0x0010
11259,2026-08-15T10:14:33.677891000-0500,68.810932000,192.168.0.178,192.168.0.148,25565,53414,5455809,46304,1460,0,0x0010
11260,2026-08-15T10:14:33.677891000-0500,68.810932000,192.168.0.178,192.168.0.148,25565,53414,5457269,46304,1460,0,0x0010
11261,2026-08-15T10:14:33.677919000-0500,68.810960000,192.168.0.148,192.168.0.178,53414,25565,46304,5458729,0,0,0x0010
11262,2026-08-15T10:14:33.678033000-0500,68.811074000,192.168.0.178,192.168.0.148,25565,53414,5458729,46304,1460,0,0x0010
11263,2026-08-15T10:14:33.678042000-0500,68.811083000,192.168.0.148,192.168.0.178,53414,25565,46304,5460189,0,0,0x0010
11264,2026-08-15T10:14:33.678161000-0500,68.811202000,192.168.0.178,192.168.0.148,25565,53414,5460189,46304,1460,0,0x0018
11265,2026-08-15T10:14:33.678232000-0500,68.811273000,192.168.0.178,192.168.0.148,25565,53414,5461649,46304,1460,0,0x0010
11266,2026-08-15T10:14:33.678239000-0500,68.811280000,192.168.0.148,192.168.0.178,53414,25565,46304,5463109,0,0,0x0010
11267,2026-08-15T10:14:33.678492000-0500,68.811533000,192.168.0.178,192.168.0.148,25565,53414,5463109,46304,1388,0,0x0018
11268,2026-08-15T10:14:33.692866000-0500,68.825907000,192.168.0.148,192.168.0.178,53414,25565,46304,5464497,28,0,0x0018
11269,2026-08-15T10:14:33.693718000-0500,68.826759000,192.168.0.148,192.168.0.178,53414,25565,46332,5464497,3,0,0x0018
11270,2026-08-15T10:14:33.694309000-0500,68.827350000,192.168.0.178,192.168.0.148,25565,53414,5464497,46335,0,0,0x0010
11271,2026-08-15T10:14:33.730463000-0500,68.863504000,192.168.0.178,192.168.0.148,25565,53414,5464497,46335,1460,0,0x0010
11272,2026-08-15T10:14:33.730463000-0500,68.863504000,192.168.0.178,192.168.0.148,25565,53414,5465957,46335,1460,0,0x0010
11273,2026-08-15T10:14:33.730517000-0500,68.863558000,192.168.0.148,192.168.0.178,53414,25565,46335,5467417,0,0,0x0010
11274,2026-08-15T10:14:33.730574000-0500,68.863615000,192.168.0.178,192.168.0.148,25565,53414,5467417,46335,1460,0,0x0010
11275,2026-08-15T10:14:33.730790000-0500,68.863831000,192.168.0.178,192.168.0.148,25565,53414,5468877,46335,1460,0,0x0010
11276,2026-08-15T10:14:33.730790000-0500,68.863831000,192.168.0.178,192.168.0.148,25565,53414,5470337,46335,1460,0,0x0010
11277,2026-08-15T10:14:33.730816000-0500,68.863857000,192.168.0.148,192.168.0.178,53414,25565,46335,5471797,0,0,0x0010
11278,2026-08-15T10:14:33.731035000-0500,68.864076000,192.168.0.178,192.168.0.148,25565,53414,5471797,46335,1460,0,0x0010
11279,2026-08-15T10:14:33.731035000-0500,68.864076000,192.168.0.178,192.168.0.148,25565,53414,5473257,46335,1460,0,0x0010
11280,2026-08-15T10:14:33.731060000-0500,68.864101000,192.168.0.148,192.168.0.178,53414,25565,46335,5474717,0,0,0x0010
11281,2026-08-15T10:14:33.731278000-0500,68.864319000,192.168.0.178,192.168.0.148,25565,53414,5474717,46335,1460,0,0x0010
11282,2026-08-15T10:14:33.731278000-0500,68.864319000,192.168.0.178,192.168.0.148,25565,53414,5476177,46335,1460,0,0x0018
11283,2026-08-15T10:14:33.731299000-0500,68.864340000,192.168.0.148,192.168.0.178,53414,25565,46335,5477637,0,0,0x0010
11284,2026-08-15T10:14:33.731513000-0500,68.864554000,192.168.0.178,192.168.0.148,25565,53414,5477637,46335,1460,0,0x0010
11285,2026-08-15T10:14:33.731537000-0500,68.864578000,192.168.0.148,192.168.0.178,53414,25565,46335,5479097,0,0,0x0010
11286,2026-08-15T10:14:33.731584000-0500,68.864625000,192.168.0.178,192.168.0.148,25565,53414,5479097,46335,1460,0,0x0010
11287,2026-08-15T10:14:33.731750000-0500,68.864791000,192.168.0.178,192.168.0.148,25565,53414,5480557,46335,1460,0,0x0010
11288,2026-08-15T10:14:33.731750000-0500,68.864791000,192.168.0.178,192.168.0.148,25565,53414,5482017,46335,868,0,0x0018
11289,2026-08-15T10:14:33.731773000-0500,68.864814000,192.168.0.148,192.168.0.178,53414,25565,46335,5482885,0,0,0x0010
11290,2026-08-15T10:14:33.743151000-0500,68.876192000,192.168.0.148,192.168.0.178,53414,25565,46335,5482885,28,0,0x0018
11291,2026-08-15T10:14:33.744284000-0500,68.877325000,192.168.0.148,192.168.0.178,53414,25565,46363,5482885,3,0,0x0018
11292,2026-08-15T10:14:33.744813000-0500,68.877854000,192.168.0.178,192.168.0.148,25565,53414,5482885,46366,0,0,0x0010
11293,2026-08-15T10:14:33.777203000-0500,68.910244000,192.168.0.178,192.168.0.148,25565,53414,5482885,46366,465,0,0x0018
11294,2026-08-15T10:14:33.793485000-0500,68.926526000,192.168.0.148,192.168.0.178,53414,25565,46366,5483350,4,0,0x0018
11295,2026-08-15T10:14:33.793521000-0500,68.926562000,192.168.0.148,192.168.0.178,53414,25565,46370,5483350,28,0,0x0018
11296,2026-08-15T10:14:33.794182000-0500,68.927223000,192.168.0.178,192.168.0.148,25565,53414,5483350,46398,0,0,0x0010
11297,2026-08-15T10:14:33.794894000-0500,68.927935000,192.168.0.148,192.168.0.178,53414,25565,46398,5483350,3,0,0x0018
11298,2026-08-15T10:14:33.827061000-0500,68.960102000,192.168.0.178,192.168.0.148,25565,53414,5483350,46401,392,0,0x0018
11299,2026-08-15T10:14:33.843687000-0500,68.976728000,192.168.0.148,192.168.0.178,53414,25565,46401,5483742,28,0,0x0018
11300,2026-08-15T10:14:33.845362000-0500,68.978403000,192.168.0.148,192.168.0.178,53414,25565,46429,5483742,3,0,0x0018
11301,2026-08-15T10:14:33.846068000-0500,68.979109000,192.168.0.178,192.168.0.148,25565,53414,5483742,46432,0,0,0x0010
11302,2026-08-15T10:14:33.876777000-0500,69.009818000,192.168.0.178,192.168.0.148,25565,53414,5483742,46432,311,0,0x0018
11303,2026-08-15T10:14:33.893464000-0500,69.026505000,192.168.0.148,192.168.0.178,53414,25565,46432,5484053,28,0,0x0018
11304,2026-08-15T10:14:33.895076000-0500,69.028117000,192.168.0.148,192.168.0.178,53414,25565,46460,5484053,3,0,0x0018
11305,2026-08-15T10:14:33.895785000-0500,69.028826000,192.168.0.178,192.168.0.148,25565,53414,5484053,46463,0,0,0x0010
11306,2026-08-15T10:14:33.927688000-0500,69.060729000,192.168.0.178,192.168.0.148,25565,53414,5484053,46463,485,0,0x0018
11307,2026-08-15T10:14:33.927971000-0500,69.061012000,192.168.0.148,192.168.0.178,53414,25565,46463,5484538,11,0,0x0018
11308,2026-08-15T10:14:33.943521000-0500,69.076562000,192.168.0.148,192.168.0.178,53414,25565,46474,5484538,4,0,0x0018
11309,2026-08-15T10:14:33.943575000-0500,69.076616000,192.168.0.148,192.168.0.178,53414,25565,46478,5484538,28,0,0x0018
11310,2026-08-15T10:14:33.944441000-0500,69.077482000,192.168.0.178,192.168.0.148,25565,53414,5484538,46506,0,0,0x0010
11311,2026-08-15T10:14:33.945206000-0500,69.078247000,192.168.0.148,192.168.0.178,53414,25565,46506,5484538,3,0,0x0018
11312,2026-08-15T10:14:33.977316000-0500,69.110357000,192.168.0.178,192.168.0.148,25565,53414,5484538,46509,361,0,0x0018
11313,2026-08-15T10:14:33.992330000-0500,69.125371000,192.168.0.148,192.168.0.178,53414,25565,46509,5484899,28,0,0x0018
11314,2026-08-15T10:14:33.993127000-0500,69.126168000,192.168.0.148,192.168.0.178,53414,25565,46537,5484899,3,0,0x0018
11315,2026-08-15T10:14:33.993962000-0500,69.127003000,192.168.0.178,192.168.0.148,25565,53414,5484899,46540,0,0,0x0010
11316,2026-08-15T10:14:34.027377000-0500,69.160418000,192.168.0.178,192.168.0.148,25565,53414,5484899,46540,448,0,0x0018
11317,2026-08-15T10:14:34.043724000-0500,69.176765000,192.168.0.148,192.168.0.178,53414,25565,46540,5485347,28,0,0x0018
11318,2026-08-15T10:14:34.044847000-0500,69.177888000,192.168.0.148,192.168.0.178,53414,25565,46568,5485347,3,0,0x0018
11319,2026-08-15T10:14:34.045593000-0500,69.178634000,192.168.0.178,192.168.0.148,25565,53414,5485347,46571,0,0,0x0010
11320,2026-08-15T10:14:34.077405000-0500,69.210446000,192.168.0.178,192.168.0.148,25565,53414,5485347,46571,588,0,0x0018
11321,2026-08-15T10:14:34.093694000-0500,69.226735000,192.168.0.148,192.168.0.178,53414,25565,46571,5485935,4,0,0x0018
11322,2026-08-15T10:14:34.093732000-0500,69.226773000,192.168.0.148,192.168.0.178,53414,25565,46575,5485935,28,0,0x0018
11323,2026-08-15T10:14:34.094478000-0500,69.227519000,192.168.0.178,192.168.0.148,25565,53414,5485935,46603,0,0,0x0010
11324,2026-08-15T10:14:34.095252000-0500,69.228293000,192.168.0.148,192.168.0.178,53414,25565,46603,5485935,3,0,0x0018
11325,2026-08-15T10:14:34.128394000-0500,69.261435000,192.168.0.178,192.168.0.148,25565,53414,5485935,46606,388,0,0x0018
11326,2026-08-15T10:14:34.143387000-0500,69.276428000,192.168.0.148,192.168.0.178,53414,25565,46606,5486323,28,0,0x0018
11327,2026-08-15T10:14:34.144288000-0500,69.277329000,192.168.0.178,192.168.0.148,25565,53414,5486323,46634,46,0,0x0018
11328,2026-08-15T10:14:34.144913000-0500,69.277954000,192.168.0.148,192.168.0.178,53414,25565,46634,5486369,3,0,0x0018
11329,2026-08-15T10:14:34.182256000-0500,69.315297000,192.168.0.178,192.168.0.148,25565,53414,5486369,46637,1267,0,0x0018
11330,2026-08-15T10:14:34.193192000-0500,69.326233000,192.168.0.148,192.168.0.178,53414,25565,46637,5487636,28,0,0x0018
11331,2026-08-15T10:14:34.194736000-0500,69.327777000,192.168.0.148,192.168.0.178,53414,25565,46665,5487636,3,0,0x0018
11332,2026-08-15T10:14:34.195423000-0500,69.328464000,192.168.0.178,192.168.0.148,25565,53414,5487636,46668,0,0,0x0010
11333,2026-08-15T10:14:34.233101000-0500,69.366142000,192.168.0.178,192.168.0.148,25565,53414,5487636,46668,888,0,0x0018
11334,2026-08-15T10:14:34.242381000-0500,69.375422000,192.168.0.148,192.168.0.178,53414,25565,46668,5488524,28,0,0x0018
11335,2026-08-15T10:14:34.243183000-0500,69.376224000,192.168.0.148,192.168.0.178,53414,25565,46696,5488524,3,0,0x0018
11336,2026-08-15T10:14:34.243602000-0500,69.376643000,192.168.0.178,192.168.0.148,25565,53414,5488524,46699,0,0,0x0010
11337,2026-08-15T10:14:34.280755000-0500,69.413796000,192.168.0.178,192.168.0.148,25565,53414,5488524,46699,312,0,0x0018
11338,2026-08-15T10:14:34.294008000-0500,69.427049000,192.168.0.148,192.168.0.178,53414,25565,46699,5488836,4,0,0x0018
11339,2026-08-15T10:14:34.294036000-0500,69.427077000,192.168.0.148,192.168.0.178,53414,25565,46703,5488836,28,0,0x0018
11340,2026-08-15T10:14:34.294723000-0500,69.427764000,192.168.0.178,192.168.0.148,25565,53414,5488836,46731,0,0,0x0010
11341,2026-08-15T10:14:34.295391000-0500,69.428432000,192.168.0.148,192.168.0.178,53414,25565,46731,5488836,3,0,0x0018
11342,2026-08-15T10:14:34.331341000-0500,69.464382000,192.168.0.178,192.168.0.148,25565,53414,5488836,46734,237,0,0x0018
11343,2026-08-15T10:14:34.343361000-0500,69.476402000,192.168.0.148,192.168.0.178,53414,25565,46734,5489073,28,0,0x0018
11344,2026-08-15T10:14:34.345089000-0500,69.478130000,192.168.0.148,192.168.0.178,53414,25565,46762,5489073,3,0,0x0018
11345,2026-08-15T10:14:34.345638000-0500,69.478679000,192.168.0.178,192.168.0.148,25565,53414,5489073,46765,0,0,0x0010
11346,2026-08-15T10:14:34.379100000-0500,69.512141000,192.168.0.178,192.168.0.148,25565,53414,5489073,46765,493,0,0x0018
11347,2026-08-15T10:14:34.393777000-0500,69.526818000,192.168.0.148,192.168.0.178,53414,25565,46765,5489566,4,0,0x0018
11348,2026-08-15T10:14:34.393813000-0500,69.526854000,192.168.0.148,192.168.0.178,53414,25565,46769,5489566,28,0,0x0018
11349,2026-08-15T10:14:34.394636000-0500,69.527677000,192.168.0.178,192.168.0.148,25565,53414,5489566,46797,0,0,0x0010
11350,2026-08-15T10:14:34.395652000-0500,69.528693000,192.168.0.148,192.168.0.178,53414,25565,46797,5489566,3,0,0x0018
11351,2026-08-15T10:14:34.432723000-0500,69.565764000,192.168.0.178,192.168.0.148,25565,53414,5489566,46800,329,0,0x0018
11352,2026-08-15T10:14:34.443493000-0500,69.576534000,192.168.0.148,192.168.0.178,53414,25565,46800,5489895,28,0,0x0018
11353,2026-08-15T10:14:34.444830000-0500,69.577871000,192.168.0.148,192.168.0.178,53414,25565,46828,5489895,3,0,0x0018
11354,2026-08-15T10:14:34.445661000-0500,69.578702000,192.168.0.178,192.168.0.148,25565,53414,5489895,46831,0,0,0x0010
11355,2026-08-15T10:14:34.482472000-0500,69.615513000,192.168.0.178,192.168.0.148,25565,53414,5489895,46831,205,0,0x0018
11356,2026-08-15T10:14:34.493880000-0500,69.626921000,192.168.0.148,192.168.0.178,53414,25565,46831,5490100,4,0,0x0018
11357,2026-08-15T10:14:34.493913000-0500,69.626954000,192.168.0.148,192.168.0.178,53414,25565,46835,5490100,28,0,0x0018
11358,2026-08-15T10:14:34.494586000-0500,69.627627000,192.168.0.178,192.168.0.148,25565,53414,5490100,46863,0,0,0x0010
11359,2026-08-15T10:14:34.495464000-0500,69.628505000,192.168.0.148,192.168.0.178,53414,25565,46863,5490100,3,0,0x0018
11360,2026-08-15T10:14:34.528882000-0500,69.661923000,192.168.0.178,192.168.0.148,25565,53414,5490100,46866,700,0,0x0018
11361,2026-08-15T10:14:34.543433000-0500,69.676474000,192.168.0.148,192.168.0.178,53414,25565,46866,5490800,4,0,0x0018
11362,2026-08-15T10:14:34.543462000-0500,69.676503000,192.168.0.148,192.168.0.178,53414,25565,46870,5490800,4,0,0x0018
11363,2026-08-15T10:14:34.543474000-0500,69.676515000,192.168.0.148,192.168.0.178,53414,25565,46874,5490800,28,0,0x0018
11364,2026-08-15T10:14:34.544191000-0500,69.677232000,192.168.0.178,192.168.0.148,25565,53414,5490800,46902,0,0,0x0010
11365,2026-08-15T10:14:34.544834000-0500,69.677875000,192.168.0.148,192.168.0.178,53414,25565,46902,5490800,3,0,0x0018
11366,2026-08-15T10:14:34.580722000-0500,69.713763000,192.168.0.178,192.168.0.148,25565,53414,5490800,46905,339,0,0x0018
11367,2026-08-15T10:14:34.593832000-0500,69.726873000,192.168.0.148,192.168.0.178,53414,25565,46905,5491139,28,0,0x0018
11368,2026-08-15T10:14:34.595574000-0500,69.728615000,192.168.0.148,192.168.0.178,53414,25565,46933,5491139,3,0,0x0018
11369,2026-08-15T10:14:34.596327000-0500,69.729368000,192.168.0.178,192.168.0.148,25565,53414,5491139,46936,0,0,0x0010
11370,2026-08-15T10:14:34.631882000-0500,69.764923000,192.168.0.178,192.168.0.148,25565,53414,5491139,46936,666,0,0x0018
11371,2026-08-15T10:14:34.643412000-0500,69.776453000,192.168.0.148,192.168.0.178,53414,25565,46936,5491805,4,0,0x0018
11372,2026-08-15T10:14:34.643441000-0500,69.776482000,192.168.0.148,192.168.0.178,53414,25565,46940,5491805,28,0,0x0018
11373,2026-08-15T10:14:34.644281000-0500,69.777322000,192.168.0.178,192.168.0.148,25565,53414,5491805,46968,0,0,0x0010
11374,2026-08-15T10:14:34.644752000-0500,69.777793000,192.168.0.148,192.168.0.178,53414,25565,46968,5491805,3,0,0x0018
11375,2026-08-15T10:14:34.680758000-0500,69.813799000,192.168.0.178,192.168.0.148,25565,53414,5491805,46971,473,0,0x0018
11376,2026-08-15T10:14:34.693316000-0500,69.826357000,192.168.0.148,192.168.0.178,53414,25565,46971,5492278,28,0,0x0018
11377,2026-08-15T10:14:34.694821000-0500,69.827862000,192.168.0.148,192.168.0.178,53414,25565,46999,5492278,3,0,0x0018
11378,2026-08-15T10:14:34.695503000-0500,69.828544000,192.168.0.178,192.168.0.148,25565,53414,5492278,47002,0,0,0x0010
11379,2026-08-15T10:14:34.728169000-0500,69.861210000,192.168.0.178,192.168.0.148,25565,53414,5492278,47002,228,0,0x0018
11380,2026-08-15T10:14:34.743352000-0500,69.876393000,192.168.0.148,192.168.0.178,53414,25565,47002,5492506,28,0,0x0018
11381,2026-08-15T10:14:34.745096000-0500,69.878137000,192.168.0.148,192.168.0.178,53414,25565,47030,5492506,3,0,0x0018
11382,2026-08-15T10:14:34.745929000-0500,69.878970000,192.168.0.178,192.168.0.148,25565,53414,5492506,47033,0,0,0x0010
11383,2026-08-15T10:14:34.780305000-0500,69.913346000,192.168.0.178,192.168.0.148,25565,53414,5492506,47033,317,0,0x0018
11384,2026-08-15T10:14:34.793640000-0500,69.926681000,192.168.0.148,192.168.0.178,53414,25565,47033,5492823,28,0,0x0018
11385,2026-08-15T10:14:34.795023000-0500,69.928064000,192.168.0.148,192.168.0.178,53414,25565,47061,5492823,3,0,0x0018
11386,2026-08-15T10:14:34.795924000-0500,69.928965000,192.168.0.178,192.168.0.148,25565,53414,5492823,47064,0,0,0x0010
11387,2026-08-15T10:14:34.831226000-0500,69.964267000,192.168.0.178,192.168.0.148,25565,53414,5492823,47064,1117,0,0x0018
11388,2026-08-15T10:14:34.843330000-0500,69.976371000,192.168.0.148,192.168.0.178,53414,25565,47064,5493940,28,0,0x0018
11389,2026-08-15T10:14:34.844879000-0500,69.977920000,192.168.0.148,192.168.0.178,53414,25565,47092,5493940,3,0,0x0018
11390,2026-08-15T10:14:34.845772000-0500,69.978813000,192.168.0.178,192.168.0.148,25565,53414,5493940,47095,0,0,0x0010
11391,2026-08-15T10:14:34.880401000-0500,70.013442000,192.168.0.178,192.168.0.148,25565,53414,5493940,47095,424,0,0x0018
11392,2026-08-15T10:14:34.893658000-0500,70.026699000,192.168.0.148,192.168.0.178,53414,25565,47095,5494364,28,0,0x0018
11393,2026-08-15T10:14:34.895322000-0500,70.028363000,192.168.0.148,192.168.0.178,53414,25565,47123,5494364,3,0,0x0018
11394,2026-08-15T10:14:34.896009000-0500,70.029050000,192.168.0.178,192.168.0.148,25565,53414,5494364,47126,0,0,0x0010
11395,2026-08-15T10:14:34.930805000-0500,70.063846000,192.168.0.178,192.168.0.148,25565,53414,5494364,47126,272,0,0x0018
11396,2026-08-15T10:14:34.930999000-0500,70.064040000,192.168.0.148,192.168.0.178,53414,25565,47126,5494636,11,0,0x0018
11397,2026-08-15T10:14:34.943392000-0500,70.076433000,192.168.0.148,192.168.0.178,53414,25565,47137,5494636,36,0,0x0018
11398,2026-08-15T10:14:34.944056000-0500,70.077097000,192.168.0.178,192.168.0.148,25565,53414,5494636,47173,0,0,0x0010
11399,2026-08-15T10:14:34.944866000-0500,70.077907000,192.168.0.148,192.168.0.178,53414,25565,47173,5494636,3,0,0x0018
11400,2026-08-15T10:14:34.984703000-0500,70.117744000,192.168.0.178,192.168.0.148,25565,53414,5494636,47176,658,0,0x0018
11401,2026-08-15T10:14:34.993516000-0500,70.126557000,192.168.0.148,192.168.0.178,53414,25565,47176,5495294,6,0,0x0018
11402,2026-08-15T10:14:34.993589000-0500,70.126630000,192.168.0.148,192.168.0.178,53414,25565,47182,5495294,4,0,0x0018
11403,2026-08-15T10:14:34.993602000-0500,70.126643000,192.168.0.148,192.168.0.178,53414,25565,47186,5495294,36,0,0x0018
11404,2026-08-15T10:14:34.994134000-0500,70.127175000,192.168.0.178,192.168.0.148,25565,53414,5495294,47222,0,0,0x0010
11405,2026-08-15T10:14:34.995018000-0500,70.128059000,192.168.0.148,192.168.0.178,53414,25565,47222,5495294,3,0,0x0018
11406,2026-08-15T10:14:35.027392000-0500,70.160433000,192.168.0.178,192.168.0.148,25565,53414,5495294,47225,285,0,0x0018
11407,2026-08-15T10:14:35.042802000-0500,70.175843000,192.168.0.148,192.168.0.178,53414,25565,47225,5495579,28,0,0x0018
11408,2026-08-15T10:14:35.043718000-0500,70.176759000,192.168.0.148,192.168.0.178,53414,25565,47253,5495579,3,0,0x0018
11409,2026-08-15T10:14:35.044353000-0500,70.177394000,192.168.0.178,192.168.0.148,25565,53414,5495579,47256,0,0,0x0010
11410,2026-08-15T10:14:35.077117000-0500,70.210158000,192.168.0.178,192.168.0.148,25565,53414,5495579,47256,282,0,0x0018
11411,2026-08-15T10:14:35.093965000-0500,70.227006000,192.168.0.148,192.168.0.178,53414,25565,47256,5495861,4,0,0x0018
11412,2026-08-15T10:14:35.094001000-0500,70.227042000,192.168.0.148,192.168.0.178,53414,25565,47260,5495861,28,0,0x0018
11413,2026-08-15T10:14:35.094584000-0500,70.227625000,192.168.0.178,192.168.0.148,25565,53414,5495861,47288,0,0,0x0010
11414,2026-08-15T10:14:35.095330000-0500,70.228371000,192.168.0.148,192.168.0.178,53414,25565,47288,5495861,3,0,0x0018
11415,2026-08-15T10:14:35.128030000-0500,70.261071000,192.168.0.178,192.168.0.148,25565,53414,5495861,47291,501,0,0x0018
11416,2026-08-15T10:14:35.143356000-0500,70.276397000,192.168.0.148,192.168.0.178,53414,25565,47291,5496362,28,0,0x0018
11417,2026-08-15T10:14:35.144980000-0500,70.278021000,192.168.0.148,192.168.0.178,53414,25565,47319,5496362,3,0,0x0018
11418,2026-08-15T10:14:35.145692000-0500,70.278733000,192.168.0.178,192.168.0.148,25565,53414,5496362,47322,0,0,0x0010
11419,2026-08-15T10:14:35.177066000-0500,70.310107000,192.168.0.178,192.168.0.148,25565,53414,5496362,47322,233,0,0x0018
11420,2026-08-15T10:14:35.193283000-0500,70.326324000,192.168.0.148,192.168.0.178,53414,25565,47322,5496595,4,0,0x0018
11421,2026-08-15T10:14:35.193313000-0500,70.326354000,192.168.0.148,192.168.0.178,53414,25565,47326,5496595,4,0,0x0018
11422,2026-08-15T10:14:35.193327000-0500,70.326368000,192.168.0.148,192.168.0.178,53414,25565,47330,5496595,28,0,0x0018
11423,2026-08-15T10:14:35.194002000-0500,70.327043000,192.168.0.178,192.168.0.148,25565,53414,5496595,47358,0,0,0x0010
11424,2026-08-15T10:14:35.194641000-0500,70.327682000,192.168.0.148,192.168.0.178,53414,25565,47358,5496595,3,0,0x0018
11425,2026-08-15T10:14:35.227967000-0500,70.361008000,192.168.0.178,192.168.0.148,25565,53414,5496595,47361,343,0,0x0018
11426,2026-08-15T10:14:35.243358000-0500,70.376399000,192.168.0.148,192.168.0.178,53414,25565,47361,5496938,28,0,0x0018
11427,2026-08-15T10:14:35.244704000-0500,70.377745000,192.168.0.148,192.168.0.178,53414,25565,47389,5496938,3,0,0x0018
11428,2026-08-15T10:14:35.245386000-0500,70.378427000,192.168.0.178,192.168.0.148,25565,53414,5496938,47392,0,0,0x0010
11429,2026-08-15T10:14:35.277213000-0500,70.410254000,192.168.0.178,192.168.0.148,25565,53414,5496938,47392,429,0,0x0018
11430,2026-08-15T10:14:35.293096000-0500,70.426137000,192.168.0.148,192.168.0.178,53414,25565,47392,5497367,28,0,0x0018
11431,2026-08-15T10:14:35.294039000-0500,70.427080000,192.168.0.148,192.168.0.178,53414,25565,47420,5497367,3,0,0x0018
11432,2026-08-15T10:14:35.294868000-0500,70.427909000,192.168.0.178,192.168.0.148,25565,53414,5497367,47423,0,0,0x0010
11433,2026-08-15T10:14:35.327165000-0500,70.460206000,192.168.0.178,192.168.0.148,25565,53414,5497367,47423,249,0,0x0018
11434,2026-08-15T10:14:35.343142000-0500,70.476183000,192.168.0.148,192.168.0.178,53414,25565,47423,5497616,28,0,0x0018
11435,2026-08-15T10:14:35.344629000-0500,70.477670000,192.168.0.148,192.168.0.178,53414,25565,47451,5497616,3,0,0x0018
11436,2026-08-15T10:14:35.345398000-0500,70.478439000,192.168.0.178,192.168.0.148,25565,53414,5497616,47454,0,0,0x0010
11437,2026-08-15T10:14:35.378115000-0500,70.511156000,192.168.0.178,192.168.0.148,25565,53414,5497616,47454,419,0,0x0018
11438,2026-08-15T10:14:35.392561000-0500,70.525602000,192.168.0.148,192.168.0.178,53414,25565,47454,5498035,28,0,0x0018
11439,2026-08-15T10:14:35.393410000-0500,70.526451000,192.168.0.148,192.168.0.178,53414,25565,47482,5498035,3,0,0x0018
11440,2026-08-15T10:14:35.393901000-0500,70.526942000,192.168.0.178,192.168.0.148,25565,53414,5498035,47485,0,0,0x0010
11441,2026-08-15T10:14:35.427523000-0500,70.560564000,192.168.0.178,192.168.0.148,25565,53414,5498035,47485,513,0,0x0018
11442,2026-08-15T10:14:35.442091000-0500,70.575132000,192.168.0.148,192.168.0.178,53414,25565,47485,5498548,36,0,0x0018
11443,2026-08-15T10:14:35.442771000-0500,70.575812000,192.168.0.148,192.168.0.178,53414,25565,47521,5498548,3,0,0x0018
11444,2026-08-15T10:14:35.443301000-0500,70.576342000,192.168.0.178,192.168.0.148,25565,53414,5498548,47524,0,0,0x0010
11445,2026-08-15T10:14:35.478388000-0500,70.611429000,192.168.0.178,192.168.0.148,25565,53414,5498548,47524,279,0,0x0018
11446,2026-08-15T10:14:35.493463000-0500,70.626504000,192.168.0.148,192.168.0.178,53414,25565,47524,5498827,36,0,0x0018
11447,2026-08-15T10:14:35.494720000-0500,70.627761000,192.168.0.148,192.168.0.178,53414,25565,47560,5498827,3,0,0x0018
11448,2026-08-15T10:14:35.495098000-0500,70.628139000,192.168.0.178,192.168.0.148,25565,53414,5498827,47560,11,0,0x0018
11449,2026-08-15T10:14:35.495187000-0500,70.628228000,192.168.0.178,192.168.0.148,25565,53414,5498838,47560,22,0,0x0018
11450,2026-08-15T10:14:35.495198000-0500,70.628239000,192.168.0.148,192.168.0.178,53414,25565,47563,5498860,0,0,0x0010
11451,2026-08-15T10:14:35.495395000-0500,70.628436000,192.168.0.178,192.168.0.148,25565,53414,5498860,47560,189,0,0x0018
11452,2026-08-15T10:14:35.527890000-0500,70.660931000,192.168.0.178,192.168.0.148,25565,53414,5499049,47563,373,0,0x0018
11453,2026-08-15T10:14:35.527942000-0500,70.660983000,192.168.0.148,192.168.0.178,53414,25565,47563,5499422,0,0,0x0010
11454,2026-08-15T10:14:35.543039000-0500,70.676080000,192.168.0.148,192.168.0.178,53414,25565,47563,5499422,36,0,0x0018
11455,2026-08-15T10:14:35.544145000-0500,70.677186000,192.168.0.148,192.168.0.178,53414,25565,47599,5499422,3,0,0x0018
11456,2026-08-15T10:14:35.544676000-0500,70.677717000,192.168.0.178,192.168.0.148,25565,53414,5499422,47602,0,0,0x0010
11457,2026-08-15T10:14:35.577010000-0500,70.710051000,192.168.0.178,192.168.0.148,25565,53414,5499422,47602,509,0,0x0018
11458,2026-08-15T10:14:35.593679000-0500,70.726720000,192.168.0.148,192.168.0.178,53414,25565,47602,5499931,36,0,0x0018
11459,2026-08-15T10:14:35.594635000-0500,70.727676000,192.168.0.178,192.168.0.148,25565,53414,5499931,47638,11,0,0x0018
11460,2026-08-15T10:14:35.594635000-0500,70.727676000,192.168.0.178,192.168.0.148,25565,53414,5499942,47638,22,0,0x0018
11461,2026-08-15T10:14:35.594635000-0500,70.727676000,192.168.0.178,192.168.0.148,25565,53414,5499964,47638,33,0,0x0018
11462,2026-08-15T10:14:35.594635000-0500,70.727676000,192.168.0.178,192.168.0.148,25565,53414,5499997,47638,55,0,0x0018
11463,2026-08-15T10:14:35.594635000-0500,70.727676000,192.168.0.178,192.168.0.148,25565,53414,5500052,47638,57,0,0x0018
11464,2026-08-15T10:14:35.594686000-0500,70.727727000,192.168.0.148,192.168.0.178,53414,25565,47638,5500109,0,0,0x0010
11465,2026-08-15T10:14:35.595004000-0500,70.728045000,192.168.0.148,192.168.0.178,53414,25565,47638,5500109,3,0,0x0018
11466,2026-08-15T10:14:35.626897000-0500,70.759938000,192.168.0.178,192.168.0.148,25565,53414,5500109,47641,280,0,0x0018
11467,2026-08-15T10:14:35.642702000-0500,70.775743000,192.168.0.148,192.168.0.178,53414,25565,47641,5500389,36,0,0x0018
11468,2026-08-15T10:14:35.643652000-0500,70.776693000,192.168.0.148,192.168.0.178,53414,25565,47677,5500389,3,0,0x0018
11469,2026-08-15T10:14:35.644225000-0500,70.777266000,192.168.0.178,192.168.0.148,25565,53414,5500389,47680,0,0,0x0010
11470,2026-08-15T10:14:35.678352000-0500,70.811393000,192.168.0.178,192.168.0.148,25565,53414,5500389,47680,546,0,0x0018
11471,2026-08-15T10:14:35.694306000-0500,70.827347000,192.168.0.148,192.168.0.178,53414,25565,47680,5500935,36,0,0x0018
11472,2026-08-15T10:14:35.695619000-0500,70.828660000,192.168.0.148,192.168.0.178,53414,25565,47716,5500935,3,0,0x0018
11473,2026-08-15T10:14:35.696403000-0500,70.829444000,192.168.0.178,192.168.0.148,25565,53414,5500935,47719,0,0,0x0010
11474,2026-08-15T10:14:35.727911000-0500,70.860952000,192.168.0.178,192.168.0.148,25565,53414,5500935,47719,1460,0,0x0010
11475,2026-08-15T10:14:35.727911000-0500,70.860952000,192.168.0.178,192.168.0.148,25565,53414,5502395,47719,1460,0,0x0010
11476,2026-08-15T10:14:35.727987000-0500,70.861028000,192.168.0.148,192.168.0.178,53414,25565,47719,5503855,0,0,0x0010
11477,2026-08-15T10:14:35.728036000-0500,70.861077000,192.168.0.178,192.168.0.148,25565,53414,5503855,47719,1460,0,0x0010
11478,2026-08-15T10:14:35.728267000-0500,70.861308000,192.168.0.178,192.168.0.148,25565,53414,5505315,47719,1460,0,0x0010
11479,2026-08-15T10:14:35.728267000-0500,70.861308000,192.168.0.178,192.168.0.148,25565,53414,5506775,47719,1460,0,0x0010
11480,2026-08-15T10:14:35.728312000-0500,70.861353000,192.168.0.148,192.168.0.178,53414,25565,47719,5508235,0,0,0x0010
11481,2026-08-15T10:14:35.728365000-0500,70.861406000,192.168.0.178,192.168.0.148,25565,53414,5508235,47719,1460,0,0x0010
11482,2026-08-15T10:14:35.728375000-0500,70.861416000,192.168.0.148,192.168.0.178,53414,25565,47719,5509695,0,0,0x0010
11483,2026-08-15T10:14:35.728615000-0500,70.861656000,192.168.0.178,192.168.0.148,25565,53414,5509695,47719,1460,0,0x0010
11484,2026-08-15T10:14:35.728615000-0500,70.861656000,192.168.0.178,192.168.0.148,25565,53414,5511155,47719,1460,0,0x0010
11485,2026-08-15T10:14:35.728669000-0500,70.861710000,192.168.0.148,192.168.0.178,53414,25565,47719,5512615,0,0,0x0010
11486,2026-08-15T10:14:35.728735000-0500,70.861776000,192.168.0.178,192.168.0.148,25565,53414,5512615,47719,1460,0,0x0018
11487,2026-08-15T10:14:35.728997000-0500,70.862038000,192.168.0.178,192.168.0.148,25565,53414,5514075,47719,1460,0,0x0010
11488,2026-08-15T10:14:35.728997000-0500,70.862038000,192.168.0.178,192.168.0.148,25565,53414,5515535,47719,1460,0,0x0010
11489,2026-08-15T10:14:35.729044000-0500,70.862085000,192.168.0.148,192.168.0.178,53414,25565,47719,5516995,0,0,0x0010
11490,2026-08-15T10:14:35.729103000-0500,70.862144000,192.168.0.178,192.168.0.148,25565,53414,5516995,47719,1460,0,0x0010
11491,2026-08-15T10:14:35.729116000-0500,70.862157000,192.168.0.148,192.168.0.178,53414,25565,47719,5518455,0,0,0x0010
11492,2026-08-15T10:14:35.729338000-0500,70.862379000,192.168.0.178,192.168.0.148,25565,53414,5518455,47719,1460,0,0x0010
11493,2026-08-15T10:14:35.729404000-0500,70.862445000,192.168.0.178,192.168.0.148,25565,53414,5519915,47719,1460,0,0x0010
11494,2026-08-15T10:14:35.729426000-0500,70.862467000,192.168.0.148,192.168.0.178,53414,25565,47719,5521375,0,0,0x0010
11495,2026-08-15T10:14:35.729487000-0500,70.862528000,192.168.0.178,192.168.0.148,25565,53414,5521375,47719,1460,0,0x0010
11496,2026-08-15T10:14:35.729539000-0500,70.862580000,192.168.0.178,192.168.0.148,25565,53414,5522835,47719,891,0,0x0018
11497,2026-08-15T10:14:35.729549000-0500,70.862590000,192.168.0.148,192.168.0.178,53414,25565,47719,5523726,0,0,0x0010
11498,2026-08-15T10:14:35.742881000-0500,70.875922000,192.168.0.148,192.168.0.178,53414,25565,47719,5523726,28,0,0x0018
11499,2026-08-15T10:14:35.743667000-0500,70.876708000,192.168.0.148,192.168.0.178,53414,25565,47747,5523726,3,0,0x0018
11500,2026-08-15T10:14:35.744244000-0500,70.877285000,192.168.0.178,192.168.0.148,25565,53414,5523726,47750,0,0,0x0010
11501,2026-08-15T10:14:35.778442000-0500,70.911483000,192.168.0.178,192.168.0.148,25565,53414,5523726,47750,1460,0,0x0010
11502,2026-08-15T10:14:35.778442000-0500,70.911483000,192.168.0.178,192.168.0.148,25565,53414,5525186,47750,1460,0,0x0010
11503,2026-08-15T10:14:35.778503000-0500,70.911544000,192.168.0.148,192.168.0.178,53414,25565,47750,5526646,0,0,0x0010
11504,2026-08-15T10:14:35.778552000-0500,70.911593000,192.168.0.178,192.168.0.148,25565,53414,5526646,47750,1460,0,0x0010
11505,2026-08-15T10:14:35.778780000-0500,70.911821000,192.168.0.178,192.168.0.148,25565,53414,5528106,47750,1460,0,0x0010
11506,2026-08-15T10:14:35.778780000-0500,70.911821000,192.168.0.178,192.168.0.148,25565,53414,5529566,47750,1460,0,0x0010
11507,2026-08-15T10:14:35.778808000-0500,70.911849000,192.168.0.148,192.168.0.178,53414,25565,47750,5531026,0,0,0x0010
11508,2026-08-15T10:14:35.779005000-0500,70.912046000,192.168.0.178,192.168.0.148,25565,53414,5531026,47750,1460,0,0x0010
11509,2026-08-15T10:14:35.779034000-0500,70.912075000,192.168.0.148,192.168.0.178,53414,25565,47750,5532486,0,0,0x0010
11510,2026-08-15T10:14:35.779073000-0500,70.912114000,192.168.0.178,192.168.0.148,25565,53414,5532486,47750,1460,0,0x0010
11511,2026-08-15T10:14:35.779272000-0500,70.912313000,192.168.0.178,192.168.0.148,25565,53414,5533946,47750,1460,0,0x0010
11512,2026-08-15T10:14:35.779272000-0500,70.912313000,192.168.0.178,192.168.0.148,25565,53414,5535406,47750,1460,0,0x0018
11513,2026-08-15T10:14:35.779302000-0500,70.912343000,192.168.0.148,192.168.0.178,53414,25565,47750,5536866,0,0,0x0010
11514,2026-08-15T10:14:35.779511000-0500,70.912552000,192.168.0.178,192.168.0.148,25565,53414,5536866,47750,1460,0,0x0010
11515,2026-08-15T10:14:35.779511000-0500,70.912552000,192.168.0.178,192.168.0.148,25565,53414,5538326,47750,1460,0,0x0010
11516,2026-08-15T10:14:35.779542000-0500,70.912583000,192.168.0.148,192.168.0.178,53414,25565,47750,5539786,0,0,0x0010
11517,2026-08-15T10:14:35.779752000-0500,70.912793000,192.168.0.178,192.168.0.148,25565,53414,5539786,47750,1460,0,0x0010
11518,2026-08-15T10:14:35.779752000-0500,70.912793000,192.168.0.178,192.168.0.148,25565,53414,5541246,47750,1090,0,0x0018
11519,2026-08-15T10:14:35.779752000-0500,70.912793000,192.168.0.178,192.168.0.148,25565,53414,5542336,47750,46,0,0x0018
11520,2026-08-15T10:14:35.779788000-0500,70.912829000,192.168.0.148,192.168.0.178,53414,25565,47750,5542382,0,0,0x0010
11521,2026-08-15T10:14:35.793635000-0500,70.926676000,192.168.0.148,192.168.0.178,53414,25565,47750,5542382,28,0,0x0018
11522,2026-08-15T10:14:35.794716000-0500,70.927757000,192.168.0.148,192.168.0.178,53414,25565,47778,5542382,3,0,0x0018
11523,2026-08-15T10:14:35.795326000-0500,70.928367000,192.168.0.178,192.168.0.148,25565,53414,5542382,47781,0,0,0x0010
11524,2026-08-15T10:14:35.828051000-0500,70.961092000,192.168.0.178,192.168.0.148,25565,53414,5542382,47781,1460,0,0x0010
11525,2026-08-15T10:14:35.828051000-0500,70.961092000,192.168.0.178,192.168.0.148,25565,53414,5543842,47781,1460,0,0x0010
11526,2026-08-15T10:14:35.828125000-0500,70.961166000,192.168.0.148,192.168.0.178,53414,25565,47781,5545302,0,0,0x0010
11527,2026-08-15T10:14:35.828169000-0500,70.961210000,192.168.0.178,192.168.0.148,25565,53414,5545302,47781,1460,0,0x0010
11528,2026-08-15T10:14:35.828389000-0500,70.961430000,192.168.0.178,192.168.0.148,25565,53414,5546762,47781,1460,0,0x0010
11529,2026-08-15T10:14:35.828389000-0500,70.961430000,192.168.0.178,192.168.0.148,25565,53414,5548222,47781,1460,0,0x0010
11530,2026-08-15T10:14:35.828425000-0500,70.961466000,192.168.0.148,192.168.0.178,53414,25565,47781,5549682,0,0,0x0010
11531,2026-08-15T10:14:35.828543000-0500,70.961584000,192.168.0.178,192.168.0.148,25565,53414,5549682,47781,1460,0,0x0010
11532,2026-08-15T10:14:35.828556000-0500,70.961597000,192.168.0.148,192.168.0.178,53414,25565,47781,5551142,0,0,0x0010
11533,2026-08-15T10:14:35.828617000-0500,70.961658000,192.168.0.178,192.168.0.148,25565,53414,5551142,47781,1460,0,0x0010
11534,2026-08-15T10:14:35.828879000-0500,70.961920000,192.168.0.178,192.168.0.148,25565,53414,5552602,47781,1460,0,0x0010
11535,2026-08-15T10:14:35.828879000-0500,70.961920000,192.168.0.178,192.168.0.148,25565,53414,5554062,47781,1460,0,0x0018
11536,2026-08-15T10:14:35.828879000-0500,70.961920000,192.168.0.178,192.168.0.148,25565,53414,5555522,47781,49,0,0x0018
11537,2026-08-15T10:14:35.828915000-0500,70.961956000,192.168.0.148,192.168.0.178,53414,25565,47781,5555571,0,0,0x0010
11538,2026-08-15T10:14:35.843471000-0500,70.976512000,192.168.0.148,192.168.0.178,53414,25565,47781,5555571,4,0,0x0018
11539,2026-08-15T10:14:35.843498000-0500,70.976539000,192.168.0.148,192.168.0.178,53414,25565,47785,5555571,28,0,0x0018
11540,2026-08-15T10:14:35.844133000-0500,70.977174000,192.168.0.178,192.168.0.148,25565,53414,5555571,47813,0,0,0x0010
11541,2026-08-15T10:14:35.844893000-0500,70.977934000,192.168.0.148,192.168.0.178,53414,25565,47813,5555571,3,0,0x0018
11542,2026-08-15T10:14:35.877251000-0500,71.010292000,192.168.0.178,192.168.0.148,25565,53414,5555571,47816,1460,0,0x0010
11543,2026-08-15T10:14:35.877251000-0500,71.010292000,192.168.0.178,192.168.0.148,25565,53414,5557031,47816,1460,0,0x0010
11544,2026-08-15T10:14:35.877304000-0500,71.010345000,192.168.0.148,192.168.0.178,53414,25565,47816,5558491,0,0,0x0010
11545,2026-08-15T10:14:35.877362000-0500,71.010403000,192.168.0.178,192.168.0.148,25565,53414,5558491,47816,1460,0,0x0010
11546,2026-08-15T10:14:35.877607000-0500,71.010648000,192.168.0.178,192.168.0.148,25565,53414,5559951,47816,1460,0,0x0010
11547,2026-08-15T10:14:35.877607000-0500,71.010648000,192.168.0.178,192.168.0.148,25565,53414,5561411,47816,1460,0,0x0010
11548,2026-08-15T10:14:35.877639000-0500,71.010680000,192.168.0.148,192.168.0.178,53414,25565,47816,5562871,0,0,0x0010
11549,2026-08-15T10:14:35.877850000-0500,71.010891000,192.168.0.178,192.168.0.148,25565,53414,5562871,47816,1460,0,0x0010
11550,2026-08-15T10:14:35.877850000-0500,71.010891000,192.168.0.178,192.168.0.148,25565,53414,5564331,47816,1460,0,0x0010
11551,2026-08-15T10:14:35.877881000-0500,71.010922000,192.168.0.148,192.168.0.178,53414,25565,47816,5565791,0,0,0x0010
11552,2026-08-15T10:14:35.877952000-0500,71.010993000,192.168.0.178,192.168.0.148,25565,53414,5565791,47816,1460,0,0x0010
11553,2026-08-15T10:14:35.877960000-0500,71.011001000,192.168.0.148,192.168.0.178,53414,25565,47816,5567251,0,0,0x0010
11554,2026-08-15T10:14:35.878174000-0500,71.011215000,192.168.0.178,192.168.0.148,25565,53414,5567251,47816,1460,0,0x0018
11555,2026-08-15T10:14:35.878237000-0500,71.011278000,192.168.0.178,192.168.0.148,25565,53414,5568711,47816,1460,0,0x0010
11556,2026-08-15T10:14:35.878248000-0500,71.011289000,192.168.0.148,192.168.0.178,53414,25565,47816,5570171,0,0,0x0010
11557,2026-08-15T10:14:35.878459000-0500,71.011500000,192.168.0.178,192.168.0.148,25565,53414,5570171,47816,1460,0,0x0010
11558,2026-08-15T10:14:35.878459000-0500,71.011500000,192.168.0.178,192.168.0.148,25565,53414,5571631,47816,1460,0,0x0010
11559,2026-08-15T10:14:35.878459000-0500,71.011500000,192.168.0.178,192.168.0.148,25565,53414,5573091,47816,185,0,0x0018
11560,2026-08-15T10:14:35.878489000-0500,71.011530000,192.168.0.148,192.168.0.178,53414,25565,47816,5573276,0,0,0x0010
11561,2026-08-15T10:14:35.892920000-0500,71.025961000,192.168.0.148,192.168.0.178,53414,25565,47816,5573276,28,0,0x0018
11562,2026-08-15T10:14:35.893760000-0500,71.026801000,192.168.0.148,192.168.0.178,53414,25565,47844,5573276,3,0,0x0018
11563,2026-08-15T10:14:35.894297000-0500,71.027338000,192.168.0.178,192.168.0.148,25565,53414,5573276,47847,0,0,0x0010
11564,2026-08-15T10:14:35.928111000-0500,71.061152000,192.168.0.178,192.168.0.148,25565,53414,5573276,47847,1460,0,0x0010
11565,2026-08-15T10:14:35.928111000-0500,71.061152000,192.168.0.178,192.168.0.148,25565,53414,5574736,47847,1460,0,0x0010
11566,2026-08-15T10:14:35.928183000-0500,71.061224000,192.168.0.148,192.168.0.178,53414,25565,47847,5576196,0,0,0x0010
11567,2026-08-15T10:14:35.928238000-0500,71.061279000,192.168.0.178,192.168.0.148,25565,53414,5576196,47847,1460,0,0x0010
11568,2026-08-15T10:14:35.928294000-0500,71.061335000,192.168.0.178,192.168.0.148,25565,53414,5577656,47847,1460,0,0x0010
11569,2026-08-15T10:14:35.928301000-0500,71.061342000,192.168.0.148,192.168.0.178,53414,25565,47847,5579116,0,0,0x0010
11570,2026-08-15T10:14:35.928495000-0500,71.061536000,192.168.0.178,192.168.0.148,25565,53414,5579116,47847,1460,0,0x0010
11571,2026-08-15T10:14:35.928554000-0500,71.061595000,192.168.0.178,192.168.0.148,25565,53414,5580576,47847,1460,0,0x0010
11572,2026-08-15T10:14:35.928565000-0500,71.061606000,192.168.0.148,192.168.0.178,53414,25565,47847,5582036,0,0,0x0010
11573,2026-08-15T10:14:35.928786000-0500,71.061827000,192.168.0.178,192.168.0.148,25565,53414,5582036,47847,1460,0,0x0010
11574,2026-08-15T10:14:35.928786000-0500,71.061827000,192.168.0.178,192.168.0.148,25565,53414,5583496,47847,1460,0,0x0010
11575,2026-08-15T10:14:35.928813000-0500,71.061854000,192.168.0.148,192.168.0.178,53414,25565,47847,5584956,0,0,0x0010
11576,2026-08-15T10:14:35.928882000-0500,71.061923000,192.168.0.178,192.168.0.148,25565,53414,5584956,47847,1460,0,0x0018
11577,2026-08-15T10:14:35.929075000-0500,71.062116000,192.168.0.178,192.168.0.148,25565,53414,5586416,47847,1460,0,0x0010
11578,2026-08-15T10:14:35.929101000-0500,71.062142000,192.168.0.148,192.168.0.178,53414,25565,47847,5587876,0,0,0x0010
11579,2026-08-15T10:14:35.929138000-0500,71.062179000,192.168.0.178,192.168.0.148,25565,53414,5587876,47847,1460,0,0x0010
11580,2026-08-15T10:14:35.929372000-0500,71.062413000,192.168.0.178,192.168.0.148,25565,53414,5589336,47847,908,0,0x0018
11581,2026-08-15T10:14:35.929400000-0500,71.062441000,192.168.0.148,192.168.0.178,53414,25565,47847,5590244,0,0,0x0010
11582,2026-08-15T10:14:35.943698000-0500,71.076739000,192.168.0.148,192.168.0.178,53414,25565,47847,5590244,28,0,0x0018
11583,2026-08-15T10:14:35.945072000-0500,71.078113000,192.168.0.148,192.168.0.178,53414,25565,47875,5590244,3,0,0x0018
11584,2026-08-15T10:14:35.945982000-0500,71.079023000,192.168.0.178,192.168.0.148,25565,53414,5590244,47878,0,0,0x0010
11585,2026-08-15T10:14:35.977720000-0500,71.110761000,192.168.0.178,192.168.0.148,25565,53414,5590244,47878,1460,0,0x0010
11586,2026-08-15T10:14:35.977720000-0500,71.110761000,192.168.0.178,192.168.0.148,25565,53414,5591704,47878,1460,0,0x0010
11587,2026-08-15T10:14:35.977799000-0500,71.110840000,192.168.0.148,192.168.0.178,53414,25565,47878,5593164,0,0,0x0010
11588,2026-08-15T10:14:35.977847000-0500,71.110888000,192.168.0.178,192.168.0.148,25565,53414,5593164,47878,1460,0,0x0010
11589,2026-08-15T10:14:35.977968000-0500,71.111009000,192.168.0.178,192.168.0.148,25565,53414,5594624,47878,1460,0,0x0010
11590,2026-08-15T10:14:35.977980000-0500,71.111021000,192.168.0.148,192.168.0.178,53414,25565,47878,5596084,0,0,0x0010
11591,2026-08-15T10:14:35.978044000-0500,71.111085000,192.168.0.178,192.168.0.148,25565,53414,5596084,47878,1460,0,0x0010
11592,2026-08-15T10:14:35.979813000-0500,71.112854000,192.168.0.178,192.168.0.148,25565,53414,5597544,47878,1460,0,0x0010
11593,2026-08-15T10:14:35.979813000-0500,71.112854000,192.168.0.178,192.168.0.148,25565,53414,5599004,47878,1460,0,0x0010
11594,2026-08-15T10:14:35.979813000-0500,71.112854000,192.168.0.178,192.168.0.148,25565,53414,5600464,47878,1460,0,0x0010
11595,2026-08-15T10:14:35.979813000-0500,71.112854000,192.168.0.178,192.168.0.148,25565,53414,5601924,47878,1460,0,0x0018
11596,2026-08-15T10:14:35.979813000-0500,71.112854000,192.168.0.178,192.168.0.148,25565,53414,5603384,47878,1460,0,0x0010
11597,2026-08-15T10:14:35.979813000-0500,71.112854000,192.168.0.178,192.168.0.148,25565,53414,5604844,47878,1460,0,0x0010
11598,2026-08-15T10:14:35.979813000-0500,71.112854000,192.168.0.178,192.168.0.148,25565,53414,5606304,47878,1460,0,0x0010
11599,2026-08-15T10:14:35.979813000-0500,71.112854000,192.168.0.178,192.168.0.148,25565,53414,5607764,47878,1120,0,0x0018
11600,2026-08-15T10:14:35.979872000-0500,71.112913000,192.168.0.148,192.168.0.178,53414,25565,47878,5608884,0,0,0x0010
11601,2026-08-15T10:14:35.980495000-0500,71.113536000,192.168.0.148,192.168.0.178,53414,25565,47878,5608884,11,0,0x0018
11602,2026-08-15T10:14:35.992817000-0500,71.125858000,192.168.0.148,192.168.0.178,53414,25565,47889,5608884,28,0,0x0018
11603,2026-08-15T10:14:35.993380000-0500,71.126421000,192.168.0.178,192.168.0.148,25565,53414,5608884,47917,0,0,0x0010
11604,2026-08-15T10:14:35.993606000-0500,71.126647000,192.168.0.148,192.168.0.178,53414,25565,47917,5608884,3,0,0x0018
11605,2026-08-15T10:14:36.028600000-0500,71.161641000,192.168.0.178,192.168.0.148,25565,53414,5608884,47920,1460,0,0x0010
11606,2026-08-15T10:14:36.028600000-0500,71.161641000,192.168.0.178,192.168.0.148,25565,53414,5610344,47920,1460,0,0x0010
11607,2026-08-15T10:14:36.028600000-0500,71.161641000,192.168.0.178,192.168.0.148,25565,53414,5611804,47920,1460,0,0x0010
11608,2026-08-15T10:14:36.028650000-0500,71.161691000,192.168.0.148,192.168.0.178,53414,25565,47920,5613264,0,0,0x0010
11609,2026-08-15T10:14:36.028704000-0500,71.161745000,192.168.0.178,192.168.0.148,25565,53414,5613264,47920,1460,0,0x0010
11610,2026-08-15T10:14:36.028709000-0500,71.161750000,192.168.0.148,192.168.0.178,53414,25565,47920,5614724,0,0,0x0010
11611,2026-08-15T10:14:36.028855000-0500,71.161896000,192.168.0.178,192.168.0.148,25565,53414,5614724,47920,1460,0,0x0010
11612,2026-08-15T10:14:36.028937000-0500,71.161978000,192.168.0.178,192.168.0.148,25565,53414,5616184,47920,1460,0,0x0010
11613,2026-08-15T10:14:36.028946000-0500,71.161987000,192.168.0.148,192.168.0.178,53414,25565,47920,5617644,0,0,0x0010
11614,2026-08-15T10:14:36.029084000-0500,71.162125000,192.168.0.178,192.168.0.148,25565,53414,5617644,47920,1460,0,0x0010
11615,2026-08-15T10:14:36.029318000-0500,71.162359000,192.168.0.178,192.168.0.148,25565,53414,5619104,47920,1460,0,0x0010
11616,2026-08-15T10:14:36.029318000-0500,71.162359000,192.168.0.178,192.168.0.148,25565,53414,5620564,47920,1460,0,0x0018
11617,2026-08-15T10:14:36.029341000-0500,71.162382000,192.168.0.148,192.168.0.178,53414,25565,47920,5622024,0,0,0x0010
11618,2026-08-15T10:14:36.029539000-0500,71.162580000,192.168.0.178,192.168.0.148,25565,53414,5622024,47920,1460,0,0x0010
11619,2026-08-15T10:14:36.029539000-0500,71.162580000,192.168.0.178,192.168.0.148,25565,53414,5623484,47920,979,0,0x0018
11620,2026-08-15T10:14:36.029566000-0500,71.162607000,192.168.0.148,192.168.0.178,53414,25565,47920,5624463,0,0,0x0010
11621,2026-08-15T10:14:36.043420000-0500,71.176461000,192.168.0.148,192.168.0.178,53414,25565,47920,5624463,28,0,0x0018
11622,2026-08-15T10:14:36.044598000-0500,71.177639000,192.168.0.148,192.168.0.178,53414,25565,47948,5624463,3,0,0x0018
11623,2026-08-15T10:14:36.045276000-0500,71.178317000,192.168.0.178,192.168.0.148,25565,53414,5624463,47951,0,0,0x0010
11624,2026-08-15T10:14:36.078911000-0500,71.211952000,192.168.0.178,192.168.0.148,25565,53414,5624463,47951,1460,0,0x0010
11625,2026-08-15T10:14:36.078911000-0500,71.211952000,192.168.0.178,192.168.0.148,25565,53414,5625923,47951,1460,0,0x0010
11626,2026-08-15T10:14:36.078978000-0500,71.212019000,192.168.0.148,192.168.0.178,53414,25565,47951,5627383,0,0,0x0010
11627,2026-08-15T10:14:36.079029000-0500,71.212070000,192.168.0.178,192.168.0.148,25565,53414,5627383,47951,1460,0,0x0010
11628,2026-08-15T10:14:36.079133000-0500,71.212174000,192.168.0.178,192.168.0.148,25565,53414,5628843,47951,1460,0,0x0010
11629,2026-08-15T10:14:36.079144000-0500,71.212185000,192.168.0.148,192.168.0.178,53414,25565,47951,5630303,0,0,0x0010
11630,2026-08-15T10:14:36.079348000-0500,71.212389000,192.168.0.178,192.168.0.148,25565,53414,5630303,47951,1460,0,0x0010
11631,2026-08-15T10:14:36.079413000-0500,71.212454000,192.168.0.178,192.168.0.148,25565,53414,5631763,47951,1460,0,0x0010
11632,2026-08-15T10:14:36.079423000-0500,71.212464000,192.168.0.148,192.168.0.178,53414,25565,47951,5633223,0,0,0x0010
11633,2026-08-15T10:14:36.079504000-0500,71.212545000,192.168.0.178,192.168.0.148,25565,53414,5633223,47951,1460,0,0x0010
11634,2026-08-15T10:14:36.079738000-0500,71.212779000,192.168.0.178,192.168.0.148,25565,53414,5634683,47951,1460,0,0x0010
11635,2026-08-15T10:14:36.079738000-0500,71.212779000,192.168.0.178,192.168.0.148,25565,53414,5636143,47951,1460,0,0x0018
11636,2026-08-15T10:14:36.079774000-0500,71.212815000,192.168.0.148,192.168.0.178,53414,25565,47951,5637603,0,0,0x0010
11637,2026-08-15T10:14:36.079985000-0500,71.213026000,192.168.0.178,192.168.0.148,25565,53414,5637603,47951,1460,0,0x0010
11638,2026-08-15T10:14:36.079985000-0500,71.213026000,192.168.0.178,192.168.0.148,25565,53414,5639063,47951,1460,0,0x0010
11639,2026-08-15T10:14:36.080026000-0500,71.213067000,192.168.0.148,192.168.0.178,53414,25565,47951,5640523,0,0,0x0010
11640,2026-08-15T10:14:36.080325000-0500,71.213366000,192.168.0.178,192.168.0.148,25565,53414,5640523,47951,1460,0,0x0010
11641,2026-08-15T10:14:36.080325000-0500,71.213366000,192.168.0.178,192.168.0.148,25565,53414,5641983,47951,429,0,0x0018
11642,2026-08-15T10:14:36.080350000-0500,71.213391000,192.168.0.148,192.168.0.178,53414,25565,47951,5642412,0,0,0x0010
11643,2026-08-15T10:14:36.094250000-0500,71.227291000,192.168.0.148,192.168.0.178,53414,25565,47951,5642412,4,0,0x0018
11644,2026-08-15T10:14:36.094276000-0500,71.227317000,192.168.0.148,192.168.0.178,53414,25565,47955,5642412,28,0,0x0018
11645,2026-08-15T10:14:36.094834000-0500,71.227875000,192.168.0.178,192.168.0.148,25565,53414,5642412,47983,0,0,0x0010
11646,2026-08-15T10:14:36.095513000-0500,71.228554000,192.168.0.148,192.168.0.178,53414,25565,47983,5642412,3,0,0x0018
11647,2026-08-15T10:14:36.128752000-0500,71.261793000,192.168.0.178,192.168.0.148,25565,53414,5642412,47986,1460,0,0x0010
11648,2026-08-15T10:14:36.128752000-0500,71.261793000,192.168.0.178,192.168.0.148,25565,53414,5643872,47986,1460,0,0x0010
11649,2026-08-15T10:14:36.128849000-0500,71.261890000,192.168.0.148,192.168.0.178,53414,25565,47986,5645332,0,0,0x0010
11650,2026-08-15T10:14:36.128912000-0500,71.261953000,192.168.0.178,192.168.0.148,25565,53414,5645332,47986,1460,0,0x0010
11651,2026-08-15T10:14:36.128986000-0500,71.262027000,192.168.0.178,192.168.0.148,25565,53414,5646792,47986,1460,0,0x0010
11652,2026-08-15T10:14:36.128998000-0500,71.262039000,192.168.0.148,192.168.0.178,53414,25565,47986,5648252,0,0,0x0010
11653,2026-08-15T10:14:36.129053000-0500,71.262094000,192.168.0.178,192.168.0.148,25565,53414,5648252,47986,1460,0,0x0010
11654,2026-08-15T10:14:36.129284000-0500,71.262325000,192.168.0.178,192.168.0.148,25565,53414,5649712,47986,1460,0,0x0010
11655,2026-08-15T10:14:36.129337000-0500,71.262378000,192.168.0.148,192.168.0.178,53414,25565,47986,5651172,0,0,0x0010
11656,2026-08-15T10:14:36.129394000-0500,71.262435000,192.168.0.178,192.168.0.148,25565,53414,5651172,47986,1460,0,0x0010
11657,2026-08-15T10:14:36.129453000-0500,71.262494000,192.168.0.178,192.168.0.148,25565,53414,5652632,47986,1460,0,0x0010
11658,2026-08-15T10:14:36.129461000-0500,71.262502000,192.168.0.148,192.168.0.178,53414,25565,47986,5654092,0,0,0x0010
11659,2026-08-15T10:14:36.129687000-0500,71.262728000,192.168.0.178,192.168.0.148,25565,53414,5654092,47986,1460,0,0x0018
11660,2026-08-15T10:14:36.129687000-0500,71.262728000,192.168.0.178,192.168.0.148,25565,53414,5655552,47986,1460,0,0x0010
11661,2026-08-15T10:14:36.129743000-0500,71.262784000,192.168.0.148,192.168.0.178,53414,25565,47986,5657012,0,0,0x0010
11662,2026-08-15T10:14:36.129815000-0500,71.262856000,192.168.0.178,192.168.0.148,25565,53414,5657012,47986,1460,0,0x0010
11663,2026-08-15T10:14:36.130048000-0500,71.263089000,192.168.0.178,192.168.0.148,25565,53414,5658472,47986,1460,0,0x0010
11664,2026-08-15T10:14:36.130048000-0500,71.263089000,192.168.0.178,192.168.0.148,25565,53414,5659932,47986,332,0,0x0018
11665,2026-08-15T10:14:36.130096000-0500,71.263137000,192.168.0.148,192.168.0.178,53414,25565,47986,5660264,0,0,0x0010
11666,2026-08-15T10:14:36.142394000-0500,71.275435000,192.168.0.148,192.168.0.178,53414,25565,47986,5660264,28,0,0x0018
11667,2026-08-15T10:14:36.143084000-0500,71.276125000,192.168.0.148,192.168.0.178,53414,25565,48014,5660264,3,0,0x0018
11668,2026-08-15T10:14:36.143663000-0500,71.276704000,192.168.0.178,192.168.0.148,25565,53414,5660264,48017,0,0,0x0010
11669,2026-08-15T10:14:36.177684000-0500,71.310725000,192.168.0.178,192.168.0.148,25565,53414,5660264,48017,549,0,0x0018
11670,2026-08-15T10:14:36.192378000-0500,71.325419000,192.168.0.148,192.168.0.178,53414,25565,48017,5660813,28,0,0x0018
11671,2026-08-15T10:14:36.193368000-0500,71.326409000,192.168.0.148,192.168.0.178,53414,25565,48045,5660813,3,0,0x0018
11672,2026-08-15T10:14:36.194091000-0500,71.327132000,192.168.0.178,192.168.0.148,25565,53414,5660813,48048,0,0,0x0010
11673,2026-08-15T10:14:36.228169000-0500,71.361210000,192.168.0.178,192.168.0.148,25565,53414,5660813,48048,246,0,0x0018
11674,2026-08-15T10:14:36.243405000-0500,71.376446000,192.168.0.148,192.168.0.178,53414,25565,48048,5661059,28,0,0x0018
11675,2026-08-15T10:14:36.244888000-0500,71.377929000,192.168.0.148,192.168.0.178,53414,25565,48076,5661059,3,0,0x0018
11676,2026-08-15T10:14:36.245330000-0500,71.378371000,192.168.0.178,192.168.0.148,25565,53414,5661059,48079,0,0,0x0010
11677,2026-08-15T10:14:36.279715000-0500,71.412756000,192.168.0.178,192.168.0.148,25565,53414,5661059,48079,282,0,0x0018
11678,2026-08-15T10:14:36.292945000-0500,71.425986000,192.168.0.148,192.168.0.178,53414,25565,48079,5661341,28,0,0x0018
11679,2026-08-15T10:14:36.294170000-0500,71.427211000,192.168.0.148,192.168.0.178,53414,25565,48107,5661341,3,0,0x0018
11680,2026-08-15T10:14:36.294937000-0500,71.427978000,192.168.0.178,192.168.0.148,25565,53414,5661341,48110,0,0,0x0010
11681,2026-08-15T10:14:36.330255000-0500,71.463296000,192.168.0.178,192.168.0.148,25565,53414,5661341,48110,538,0,0x0018
11682,2026-08-15T10:14:36.343222000-0500,71.476263000,192.168.0.148,192.168.0.178,53414,25565,48110,5661879,28,0,0x0018
11683,2026-08-15T10:14:36.344610000-0500,71.477651000,192.168.0.148,192.168.0.178,53414,25565,48138,5661879,3,0,0x0018
11684,2026-08-15T10:14:36.345279000-0500,71.478320000,192.168.0.178,192.168.0.148,25565,53414,5661879,48141,0,0,0x0010
11685,2026-08-15T10:14:36.380269000-0500,71.513310000,192.168.0.178,192.168.0.148,25565,53414,5661879,48141,209,0,0x0018
11686,2026-08-15T10:14:36.394113000-0500,71.527154000,192.168.0.148,192.168.0.178,53414,25565,48141,5662088,28,0,0x0018
11687,2026-08-15T10:14:36.395618000-0500,71.528659000,192.168.0.148,192.168.0.178,53414,25565,48169,5662088,3,0,0x0018
11688,2026-08-15T10:14:36.396049000-0500,71.529090000,192.168.0.178,192.168.0.148,25565,53414,5662088,48172,0,0,0x0010
11689,2026-08-15T10:14:36.431666000-0500,71.564707000,192.168.0.178,192.168.0.148,25565,53414,5662088,48172,304,0,0x0018
11690,2026-08-15T10:14:36.442584000-0500,71.575625000,192.168.0.148,192.168.0.178,53414,25565,48172,5662392,28,0,0x0018
11691,2026-08-15T10:14:36.443553000-0500,71.576594000,192.168.0.148,192.168.0.178,53414,25565,48200,5662392,3,0,0x0018
11692,2026-08-15T10:14:36.445549000-0500,71.578590000,192.168.0.178,192.168.0.148,25565,53414,5662392,48203,0,0,0x0010
11693,2026-08-15T10:14:36.479596000-0500,71.612637000,192.168.0.178,192.168.0.148,25565,53414,5662392,48203,437,0,0x0018
11694,2026-08-15T10:14:36.493519000-0500,71.626560000,192.168.0.148,192.168.0.178,53414,25565,48203,5662829,28,0,0x0018
11695,2026-08-15T10:14:36.495056000-0500,71.628097000,192.168.0.148,192.168.0.178,53414,25565,48231,5662829,3,0,0x0018
11696,2026-08-15T10:14:36.495487000-0500,71.628528000,192.168.0.178,192.168.0.148,25565,53414,5662829,48234,0,0,0x0010
11697,2026-08-15T10:14:36.529050000-0500,71.662091000,192.168.0.178,192.168.0.148,25565,53414,5662829,48234,279,0,0x0018
11698,2026-08-15T10:14:36.543570000-0500,71.676611000,192.168.0.148,192.168.0.178,53414,25565,48234,5663108,4,0,0x0018
11699,2026-08-15T10:14:36.543601000-0500,71.676642000,192.168.0.148,192.168.0.178,53414,25565,48238,5663108,36,0,0x0018
11700,2026-08-15T10:14:36.544239000-0500,71.677280000,192.168.0.178,192.168.0.148,25565,53414,5663108,48274,0,0,0x0010
11701,2026-08-15T10:14:36.545002000-0500,71.678043000,192.168.0.148,192.168.0.178,53414,25565,48274,5663108,3,0,0x0018
11702,2026-08-15T10:14:36.577130000-0500,71.710171000,192.168.0.178,192.168.0.148,25565,53414,5663108,48277,663,0,0x0018
11703,2026-08-15T10:14:36.593657000-0500,71.726698000,192.168.0.148,192.168.0.178,53414,25565,48277,5663771,4,0,0x0018
11704,2026-08-15T10:14:36.593718000-0500,71.726759000,192.168.0.148,192.168.0.178,53414,25565,48281,5663771,36,0,0x0018
11705,2026-08-15T10:14:36.594360000-0500,71.727401000,192.168.0.178,192.168.0.148,25565,53414,5663771,48317,0,0,0x0010
11706,2026-08-15T10:14:36.594903000-0500,71.727944000,192.168.0.148,192.168.0.178,53414,25565,48317,5663771,3,0,0x0018
11707,2026-08-15T10:14:36.627653000-0500,71.760694000,192.168.0.178,192.168.0.148,25565,53414,5663771,48320,448,0,0x0018
11708,2026-08-15T10:14:36.642112000-0500,71.775153000,192.168.0.148,192.168.0.178,53414,25565,48320,5664219,36,0,0x0018
11709,2026-08-15T10:14:36.642802000-0500,71.775843000,192.168.0.148,192.168.0.178,53414,25565,48356,5664219,3,0,0x0018
11710,2026-08-15T10:14:36.643361000-0500,71.776402000,192.168.0.178,192.168.0.148,25565,53414,5664219,48359,0,0,0x0010
11711,2026-08-15T10:14:36.677721000-0500,71.810762000,192.168.0.178,192.168.0.148,25565,53414,5664219,48359,124,0,0x0018
11712,2026-08-15T10:14:36.679129000-0500,71.812170000,192.168.0.178,192.168.0.148,25565,53414,5664343,48359,46,0,0x0018
11713,2026-08-15T10:14:36.679158000-0500,71.812199000,192.168.0.148,192.168.0.178,53414,25565,48359,5664389,0,0,0x0010
11714,2026-08-15T10:14:36.693125000-0500,71.826166000,192.168.0.148,192.168.0.178,53414,25565,48359,5664389,36,0,0x0018
11715,2026-08-15T10:14:36.694151000-0500,71.827192000,192.168.0.148,192.168.0.178,53414,25565,48395,5664389,3,0,0x0018
11716,2026-08-15T10:14:36.694715000-0500,71.827756000,192.168.0.178,192.168.0.148,25565,53414,5664389,48398,0,0,0x0010
11717,2026-08-15T10:14:36.727042000-0500,71.860083000,192.168.0.178,192.168.0.148,25565,53414,5664389,48398,274,0,0x0018
11718,2026-08-15T10:14:36.743514000-0500,71.876555000,192.168.0.148,192.168.0.178,53414,25565,48398,5664663,36,0,0x0018
11719,2026-08-15T10:14:36.744849000-0500,71.877890000,192.168.0.148,192.168.0.178,53414,25565,48434,5664663,3,0,0x0018
11720,2026-08-15T10:14:36.745268000-0500,71.878309000,192.168.0.178,192.168.0.148,25565,53414,5664663,48437,0,0,0x0010
11721,2026-08-15T10:14:36.779686000-0500,71.912727000,192.168.0.178,192.168.0.148,25565,53414,5664663,48437,673,0,0x0018
11722,2026-08-15T10:14:36.793758000-0500,71.926799000,192.168.0.148,192.168.0.178,53414,25565,48437,5665336,4,0,0x0018
11723,2026-08-15T10:14:36.793869000-0500,71.926910000,192.168.0.148,192.168.0.178,53414,25565,48441,5665336,36,0,0x0018
11724,2026-08-15T10:14:36.794658000-0500,71.927699000,192.168.0.178,192.168.0.148,25565,53414,5665336,48477,0,0,0x0010
11725,2026-08-15T10:14:36.795091000-0500,71.928132000,192.168.0.148,192.168.0.178,53414,25565,48477,5665336,3,0,0x0018
11726,2026-08-15T10:14:36.827962000-0500,71.961003000,192.168.0.178,192.168.0.148,25565,53414,5665336,48480,163,0,0x0018
11727,2026-08-15T10:14:36.843333000-0500,71.976374000,192.168.0.148,192.168.0.178,53414,25565,48480,5665499,36,0,0x0018
11728,2026-08-15T10:14:36.844406000-0500,71.977447000,192.168.0.148,192.168.0.178,53414,25565,48516,5665499,3,0,0x0018
11729,2026-08-15T10:14:36.845192000-0500,71.978233000,192.168.0.178,192.168.0.148,25565,53414,5665499,48519,0,0,0x0010
11730,2026-08-15T10:14:36.879660000-0500,72.012701000,192.168.0.178,192.168.0.148,25565,53414,5665499,48519,301,0,0x0018
11731,2026-08-15T10:14:36.893443000-0500,72.026484000,192.168.0.148,192.168.0.178,53414,25565,48519,5665800,36,0,0x0018
11732,2026-08-15T10:14:36.894736000-0500,72.027777000,192.168.0.148,192.168.0.178,53414,25565,48555,5665800,3,0,0x0018
11733,2026-08-15T10:14:36.895433000-0500,72.028474000,192.168.0.178,192.168.0.148,25565,53414,5665800,48558,0,0,0x0010
11734,2026-08-15T10:14:36.928132000-0500,72.061173000,192.168.0.178,192.168.0.148,25565,53414,5665800,48558,525,0,0x0018
11735,2026-08-15T10:14:36.942750000-0500,72.075791000,192.168.0.148,192.168.0.178,53414,25565,48558,5666325,36,0,0x0018
11736,2026-08-15T10:14:36.943477000-0500,72.076518000,192.168.0.148,192.168.0.178,53414,25565,48594,5666325,3,0,0x0018
11737,2026-08-15T10:14:36.944168000-0500,72.077209000,192.168.0.178,192.168.0.148,25565,53414,5666325,48597,0,0,0x0010
11738,2026-08-15T10:14:36.977141000-0500,72.110182000,192.168.0.178,192.168.0.148,25565,53414,5666325,48597,209,0,0x0018
11739,2026-08-15T10:14:36.993300000-0500,72.126341000,192.168.0.148,192.168.0.178,53414,25565,48597,5666534,36,0,0x0018
11740,2026-08-15T10:14:36.994419000-0500,72.127460000,192.168.0.148,192.168.0.178,53414,25565,48633,5666534,3,0,0x0018
11741,2026-08-15T10:14:36.995169000-0500,72.128210000,192.168.0.178,192.168.0.148,25565,53414,5666534,48636,0,0,0x0010
11742,2026-08-15T10:14:37.027663000-0500,72.160704000,192.168.0.178,192.168.0.148,25565,53414,5666534,48636,225,0,0x0018
11743,2026-08-15T10:14:37.027904000-0500,72.160945000,192.168.0.148,192.168.0.178,53414,25565,48636,5666759,11,0,0x0018
11744,2026-08-15T10:14:37.043400000-0500,72.176441000,192.168.0.148,192.168.0.178,53414,25565,48647,5666759,28,0,0x0018
11745,2026-08-15T10:14:37.044903000-0500,72.177944000,192.168.0.148,192.168.0.178,53414,25565,48675,5666759,3,0,0x0018
11746,2026-08-15T10:14:37.044961000-0500,72.178002000,192.168.0.178,192.168.0.148,25565,53414,5666759,48675,0,0,0x0010
11747,2026-08-15T10:14:37.077450000-0500,72.210491000,192.168.0.178,192.168.0.148,25565,53414,5666759,48678,446,0,0x0018
11748,2026-08-15T10:14:37.093907000-0500,72.226948000,192.168.0.148,192.168.0.178,53414,25565,48678,5667205,28,0,0x0018
11749,2026-08-15T10:14:37.095339000-0500,72.228380000,192.168.0.148,192.168.0.178,53414,25565,48706,5667205,3,0,0x0018
11750,2026-08-15T10:14:37.095802000-0500,72.228843000,192.168.0.178,192.168.0.148,25565,53414,5667205,48709,0,0,0x0010
11751,2026-08-15T10:14:37.127301000-0500,72.260342000,192.168.0.178,192.168.0.148,25565,53414,5667205,48709,349,0,0x0018
11752,2026-08-15T10:14:37.128572000-0500,72.261613000,192.168.0.148,192.168.0.178,53414,25565,48709,5667554,4,0,0x0018
11753,2026-08-15T10:14:37.128598000-0500,72.261639000,192.168.0.148,192.168.0.178,53414,25565,48713,5667554,28,0,0x0018
11754,2026-08-15T10:14:37.129287000-0500,72.262328000,192.168.0.178,192.168.0.148,25565,53414,5667554,48741,0,0,0x0010
11755,2026-08-15T10:14:37.129971000-0500,72.263012000,192.168.0.148,192.168.0.178,53414,25565,48741,5667554,3,0,0x0018
11756,2026-08-15T10:14:37.172442000-0500,72.305483000,192.168.0.178,192.168.0.148,25565,53414,5667554,48744,0,0,0x0010
11757,2026-08-15T10:14:37.178225000-0500,72.311266000,192.168.0.178,192.168.0.148,25565,53414,5667554,48744,240,0,0x0018
11758,2026-08-15T10:14:37.192719000-0500,72.325760000,192.168.0.148,192.168.0.178,53414,25565,48744,5667794,28,0,0x0018
11759,2026-08-15T10:14:37.193426000-0500,72.326467000,192.168.0.148,192.168.0.178,53414,25565,48772,5667794,3,0,0x0018
11760,2026-08-15T10:14:37.193508000-0500,72.326549000,192.168.0.178,192.168.0.148,25565,53414,5667794,48772,0,0,0x0010
11761,2026-08-15T10:14:37.193937000-0500,72.326978000,192.168.0.178,192.168.0.148,25565,53414,5667794,48775,0,0,0x0010
11762,2026-08-15T10:14:37.228966000-0500,72.362007000,192.168.0.178,192.168.0.148,25565,53414,5667794,48775,989,0,0x0018
11763,2026-08-15T10:14:37.243779000-0500,72.376820000,192.168.0.148,192.168.0.178,53414,25565,48775,5668783,36,0,0x0018
11764,2026-08-15T10:14:37.245016000-0500,72.378057000,192.168.0.148,192.168.0.178,53414,25565,48811,5668783,3,0,0x0018
11765,2026-08-15T10:14:37.248482000-0500,72.381523000,192.168.0.178,192.168.0.148,25565,53414,5668783,48814,0,0,0x0010
11766,2026-08-15T10:14:37.278373000-0500,72.411414000,192.168.0.178,192.168.0.148,25565,53414,5668783,48814,166,0,0x0018
11767,2026-08-15T10:14:37.293538000-0500,72.426579000,192.168.0.148,192.168.0.178,53414,25565,48814,5668949,36,0,0x0018
11768,2026-08-15T10:14:37.294802000-0500,72.427843000,192.168.0.148,192.168.0.178,53414,25565,48850,5668949,3,0,0x0018
11769,2026-08-15T10:14:37.295428000-0500,72.428469000,192.168.0.178,192.168.0.148,25565,53414,5668949,48853,0,0,0x0010
11770,2026-08-15T10:14:37.331057000-0500,72.464098000,192.168.0.178,192.168.0.148,25565,53414,5668949,48853,197,0,0x0018
11771,2026-08-15T10:14:37.343892000-0500,72.476933000,192.168.0.148,192.168.0.178,53414,25565,48853,5669146,4,0,0x0018
11772,2026-08-15T10:14:37.343924000-0500,72.476965000,192.168.0.148,192.168.0.178,53414,25565,48857,5669146,36,0,0x0018
11773,2026-08-15T10:14:37.344579000-0500,72.477620000,192.168.0.178,192.168.0.148,25565,53414,5669146,48893,0,0,0x0010
11774,2026-08-15T10:14:37.345033000-0500,72.478074000,192.168.0.148,192.168.0.178,53414,25565,48893,5669146,3,0,0x0018
11775,2026-08-15T10:14:37.379865000-0500,72.512906000,192.168.0.178,192.168.0.148,25565,53414,5669146,48896,470,0,0x0018
11776,2026-08-15T10:14:37.393523000-0500,72.526564000,192.168.0.148,192.168.0.178,53414,25565,48896,5669616,36,0,0x0018
11777,2026-08-15T10:14:37.394936000-0500,72.527977000,192.168.0.148,192.168.0.178,53414,25565,48932,5669616,3,0,0x0018
11778,2026-08-15T10:14:37.395361000-0500,72.528402000,192.168.0.178,192.168.0.148,25565,53414,5669616,48935,0,0,0x0010
11779,2026-08-15T10:14:37.429312000-0500,72.562353000,192.168.0.178,192.168.0.148,25565,53414,5669616,48935,166,0,0x0018
11780,2026-08-15T10:14:37.442511000-0500,72.575552000,192.168.0.148,192.168.0.178,53414,25565,48935,5669782,36,0,0x0018
11781,2026-08-15T10:14:37.443353000-0500,72.576394000,192.168.0.148,192.168.0.178,53414,25565,48971,5669782,3,0,0x0018
11782,2026-08-15T10:14:37.443864000-0500,72.576905000,192.168.0.178,192.168.0.148,25565,53414,5669782,48974,0,0,0x0010
11783,2026-08-15T10:14:37.462550000-0500,72.595591000,192.168.0.178,192.168.0.148,25565,53414,5669782,48974,46,0,0x0018
11784,2026-08-15T10:14:37.477773000-0500,72.610814000,192.168.0.178,192.168.0.148,25565,53414,5669828,48974,182,0,0x0018
11785,2026-08-15T10:14:37.477809000-0500,72.610850000,192.168.0.148,192.168.0.178,53414,25565,48974,5670010,0,0,0x0010
11786,2026-08-15T10:14:37.492791000-0500,72.625832000,192.168.0.148,192.168.0.178,53414,25565,48974,5670010,36,0,0x0018
11787,2026-08-15T10:14:37.493780000-0500,72.626821000,192.168.0.148,192.168.0.178,53414,25565,49010,5670010,3,0,0x0018
11788,2026-08-15T10:14:37.494369000-0500,72.627410000,192.168.0.178,192.168.0.148,25565,53414,5670010,49013,0,0,0x0010
11789,2026-08-15T10:14:37.528452000-0500,72.661493000,192.168.0.178,192.168.0.148,25565,53414,5670010,49013,504,0,0x0018
11790,2026-08-15T10:14:37.543613000-0500,72.676654000,192.168.0.148,192.168.0.178,53414,25565,49013,5670514,4,0,0x0018
11791,2026-08-15T10:14:37.543654000-0500,72.676695000,192.168.0.148,192.168.0.178,53414,25565,49017,5670514,36,0,0x0018
11792,2026-08-15T10:14:37.544207000-0500,72.677248000,192.168.0.178,192.168.0.148,25565,53414,5670514,49053,0,0,0x0010
11793,2026-08-15T10:14:37.544903000-0500,72.677944000,192.168.0.148,192.168.0.178,53414,25565,49053,5670514,3,0,0x0018
11794,2026-08-15T10:14:37.580356000-0500,72.713397000,192.168.0.178,192.168.0.148,25565,53414,5670514,49056,143,0,0x0018
11795,2026-08-15T10:14:37.594382000-0500,72.727423000,192.168.0.148,192.168.0.178,53414,25565,49056,5670657,36,0,0x0018
11796,2026-08-15T10:14:37.595423000-0500,72.728464000,192.168.0.148,192.168.0.178,53414,25565,49092,5670657,3,0,0x0018
11797,2026-08-15T10:14:37.595866000-0500,72.728907000,192.168.0.178,192.168.0.148,25565,53414,5670657,49095,0,0,0x0010
11798,2026-08-15T10:14:37.628863000-0500,72.761904000,192.168.0.178,192.168.0.148,25565,53414,5670657,49095,270,0,0x0018
11799,2026-08-15T10:14:37.642951000-0500,72.775992000,192.168.0.148,192.168.0.178,53414,25565,49095,5670927,36,0,0x0018
11800,2026-08-15T10:14:37.643854000-0500,72.776895000,192.168.0.148,192.168.0.178,53414,25565,49131,5670927,3,0,0x0018
11801,2026-08-15T10:14:37.644508000-0500,72.777549000,192.168.0.178,192.168.0.148,25565,53414,5670927,49134,0,0,0x0010
11802,2026-08-15T10:14:37.678216000-0500,72.811257000,192.168.0.178,192.168.0.148,25565,53414,5670927,49134,511,0,0x0018
11803,2026-08-15T10:14:37.693280000-0500,72.826321000,192.168.0.148,192.168.0.178,53414,25565,49134,5671438,36,0,0x0018
11804,2026-08-15T10:14:37.694313000-0500,72.827354000,192.168.0.148,192.168.0.178,53414,25565,49170,5671438,3,0,0x0018
11805,2026-08-15T10:14:37.694752000-0500,72.827793000,192.168.0.178,192.168.0.148,25565,53414,5671438,49173,0,0,0x0010
11806,2026-08-15T10:14:37.727799000-0500,72.860840000,192.168.0.178,192.168.0.148,25565,53414,5671438,49173,205,0,0x0018
11807,2026-08-15T10:14:37.743076000-0500,72.876117000,192.168.0.148,192.168.0.178,53414,25565,49173,5671643,4,0,0x0018
11808,2026-08-15T10:14:37.743099000-0500,72.876140000,192.168.0.148,192.168.0.178,53414,25565,49177,5671643,36,0,0x0018
11809,2026-08-15T10:14:37.743814000-0500,72.876855000,192.168.0.178,192.168.0.148,25565,53414,5671643,49213,0,0,0x0010
11810,2026-08-15T10:14:37.743930000-0500,72.876971000,192.168.0.148,192.168.0.178,53414,25565,49213,5671643,3,0,0x0018
11811,2026-08-15T10:14:37.778036000-0500,72.911077000,192.168.0.178,192.168.0.148,25565,53414,5671643,49216,163,0,0x0018
11812,2026-08-15T10:14:37.792811000-0500,72.925852000,192.168.0.148,192.168.0.178,53414,25565,49216,5671806,36,0,0x0018
11813,2026-08-15T10:14:37.793766000-0500,72.926807000,192.168.0.148,192.168.0.178,53414,25565,49252,5671806,3,0,0x0018
11814,2026-08-15T10:14:37.794430000-0500,72.927471000,192.168.0.178,192.168.0.148,25565,53414,5671806,49255,0,0,0x0010
11815,2026-08-15T10:14:37.829793000-0500,72.962834000,192.168.0.178,192.168.0.148,25565,53414,5671806,49255,504,0,0x0018
11816,2026-08-15T10:14:37.844054000-0500,72.977095000,192.168.0.148,192.168.0.178,53414,25565,49255,5672310,4,0,0x0018
11817,2026-08-15T10:14:37.844085000-0500,72.977126000,192.168.0.148,192.168.0.178,53414,25565,49259,5672310,36,0,0x0018
11818,2026-08-15T10:14:37.844755000-0500,72.977796000,192.168.0.178,192.168.0.148,25565,53414,5672310,49295,0,0,0x0010
11819,2026-08-15T10:14:37.845269000-0500,72.978310000,192.168.0.148,192.168.0.178,53414,25565,49295,5672310,3,0,0x0018
11820,2026-08-15T10:14:37.881580000-0500,73.014621000,192.168.0.178,192.168.0.148,25565,53414,5672310,49298,225,0,0x0018
11821,2026-08-15T10:14:37.893622000-0500,73.026663000,192.168.0.148,192.168.0.178,53414,25565,49298,5672535,36,0,0x0018
11822,2026-08-15T10:14:37.894858000-0500,73.027899000,192.168.0.148,192.168.0.178,53414,25565,49334,5672535,3,0,0x0018
11823,2026-08-15T10:14:37.895360000-0500,73.028401000,192.168.0.178,192.168.0.148,25565,53414,5672535,49337,0,0,0x0010
11824,2026-08-15T10:14:37.928146000-0500,73.061187000,192.168.0.178,192.168.0.148,25565,53414,5672535,49337,236,0,0x0018
11825,2026-08-15T10:14:37.943234000-0500,73.076275000,192.168.0.148,192.168.0.178,53414,25565,49337,5672771,4,0,0x0018
11826,2026-08-15T10:14:37.943274000-0500,73.076315000,192.168.0.148,192.168.0.178,53414,25565,49341,5672771,36,0,0x0018
11827,2026-08-15T10:14:37.943893000-0500,73.076934000,192.168.0.178,192.168.0.148,25565,53414,5672771,49377,0,0,0x0010
11828,2026-08-15T10:14:37.944735000-0500,73.077776000,192.168.0.148,192.168.0.178,53414,25565,49377,5672771,3,0,0x0018
11829,2026-08-15T10:14:37.977808000-0500,73.110849000,192.168.0.178,192.168.0.148,25565,53414,5672771,49380,458,0,0x0018
11830,2026-08-15T10:14:37.994017000-0500,73.127058000,192.168.0.148,192.168.0.178,53414,25565,49380,5673229,28,0,0x0018
11831,2026-08-15T10:14:37.995184000-0500,73.128225000,192.168.0.148,192.168.0.178,53414,25565,49408,5673229,3,0,0x0018
11832,2026-08-15T10:14:37.995805000-0500,73.128846000,192.168.0.178,192.168.0.148,25565,53414,5673229,49411,0,0,0x0010
11833,2026-08-15T10:14:38.028947000-0500,73.161988000,192.168.0.178,192.168.0.148,25565,53414,5673229,49411,233,0,0x0018
11834,2026-08-15T10:14:38.029255000-0500,73.162296000,192.168.0.148,192.168.0.178,53414,25565,49411,5673462,11,0,0x0018
11835,2026-08-15T10:14:38.043345000-0500,73.176386000,192.168.0.148,192.168.0.178,53414,25565,49422,5673462,28,0,0x0018
11836,2026-08-15T10:14:38.044018000-0500,73.177059000,192.168.0.178,192.168.0.148,25565,53414,5673462,49450,0,0,0x0010
11837,2026-08-15T10:14:38.044804000-0500,73.177845000,192.168.0.148,192.168.0.178,53414,25565,49450,5673462,3,0,0x0018
11838,2026-08-15T10:14:38.076883000-0500,73.209924000,192.168.0.178,192.168.0.148,25565,53414,5673462,49453,198,0,0x0018
11839,2026-08-15T10:14:38.093504000-0500,73.226545000,192.168.0.148,192.168.0.178,53414,25565,49453,5673660,28,0,0x0018
11840,2026-08-15T10:14:38.094365000-0500,73.227406000,192.168.0.178,192.168.0.148,25565,53414,5673660,49481,46,0,0x0018
11841,2026-08-15T10:14:38.094830000-0500,73.227871000,192.168.0.148,192.168.0.178,53414,25565,49481,5673706,3,0,0x0018
11842,2026-08-15T10:14:38.128362000-0500,73.261403000,192.168.0.178,192.168.0.148,25565,53414,5673706,49484,437,0,0x0018
11843,2026-08-15T10:14:38.143360000-0500,73.276401000,192.168.0.148,192.168.0.178,53414,25565,49484,5674143,28,0,0x0018
11844,2026-08-15T10:14:38.144809000-0500,73.277850000,192.168.0.148,192.168.0.178,53414,25565,49512,5674143,3,0,0x0018
11845,2026-08-15T10:14:38.145567000-0500,73.278608000,192.168.0.178,192.168.0.148,25565,53414,5674143,49515,0,0,0x0010
11846,2026-08-15T10:14:38.177226000-0500,73.310267000,192.168.0.178,192.168.0.148,25565,53414,5674143,49515,130,0,0x0018
11847,2026-08-15T10:14:38.193564000-0500,73.326605000,192.168.0.148,192.168.0.178,53414,25565,49515,5674273,28,0,0x0018
11848,2026-08-15T10:14:38.195021000-0500,73.328062000,192.168.0.148,192.168.0.178,53414,25565,49543,5674273,3,0,0x0018
11849,2026-08-15T10:14:38.195686000-0500,73.328727000,192.168.0.178,192.168.0.148,25565,53414,5674273,49546,0,0,0x0010
11850,2026-08-15T10:14:38.226707000-0500,73.359748000,192.168.0.178,192.168.0.148,25565,53414,5674273,49546,179,0,0x0018
11851,2026-08-15T10:14:38.242900000-0500,73.375941000,192.168.0.148,192.168.0.178,53414,25565,49546,5674452,36,0,0x0018
11852,2026-08-15T10:14:38.243591000-0500,73.376632000,192.168.0.148,192.168.0.178,53414,25565,49582,5674452,3,0,0x0018
11853,2026-08-15T10:14:38.244187000-0500,73.377228000,192.168.0.178,192.168.0.148,25565,53414,5674452,49585,0,0,0x0010
11854,2026-08-15T10:14:38.277417000-0500,73.410458000,192.168.0.178,192.168.0.148,25565,53414,5674452,49585,406,0,0x0018
11855,2026-08-15T10:14:38.292633000-0500,73.425674000,192.168.0.148,192.168.0.178,53414,25565,49585,5674858,36,0,0x0018
11856,2026-08-15T10:14:38.293608000-0500,73.426649000,192.168.0.148,192.168.0.178,53414,25565,49621,5674858,3,0,0x0018
11857,2026-08-15T10:14:38.296486000-0500,73.429527000,192.168.0.178,192.168.0.148,25565,53414,5674858,49624,0,0,0x0010
11858,2026-08-15T10:14:38.296865000-0500,73.429906000,192.168.0.178,192.168.0.148,25565,53414,5674858,49624,11,0,0x0018
11859,2026-08-15T10:14:38.296865000-0500,73.429906000,192.168.0.178,192.168.0.148,25565,53414,5674869,49624,11,0,0x0018
11860,2026-08-15T10:14:38.296865000-0500,73.429906000,192.168.0.178,192.168.0.148,25565,53414,5674880,49624,11,0,0x0018
11861,2026-08-15T10:14:38.296865000-0500,73.429906000,192.168.0.178,192.168.0.148,25565,53414,5674891,49624,11,0,0x0018
11862,2026-08-15T10:14:38.296865000-0500,73.429906000,192.168.0.178,192.168.0.148,25565,53414,5674902,49624,11,0,0x0018
11863,2026-08-15T10:14:38.296865000-0500,73.429906000,192.168.0.178,192.168.0.148,25565,53414,5674913,49624,11,0,0x0018
11864,2026-08-15T10:14:38.296892000-0500,73.429933000,192.168.0.148,192.168.0.178,53414,25565,49624,5674924,0,0,0x0010
11865,2026-08-15T10:14:38.296954000-0500,73.429995000,192.168.0.178,192.168.0.148,25565,53414,5674924,49624,22,0,0x0018
11866,2026-08-15T10:14:38.296954000-0500,73.429995000,192.168.0.178,192.168.0.148,25565,53414,5674946,49624,22,0,0x0018
11867,2026-08-15T10:14:38.296960000-0500,73.430001000,192.168.0.148,192.168.0.178,53414,25565,49624,5674968,0,0,0x0010
11868,2026-08-15T10:14:38.297113000-0500,73.430154000,192.168.0.178,192.168.0.148,25565,53414,5674968,49624,11,0,0x0018
11869,2026-08-15T10:14:38.297113000-0500,73.430154000,192.168.0.178,192.168.0.148,25565,53414,5674979,49624,11,0,0x0018
11870,2026-08-15T10:14:38.297131000-0500,73.430172000,192.168.0.148,192.168.0.178,53414,25565,49624,5674990,0,0,0x0010
11871,2026-08-15T10:14:38.297163000-0500,73.430204000,192.168.0.178,192.168.0.148,25565,53414,5674990,49624,22,0,0x0018
11872,2026-08-15T10:14:38.297163000-0500,73.430204000,192.168.0.178,192.168.0.148,25565,53414,5675012,49624,33,0,0x0018
11873,2026-08-15T10:14:38.297170000-0500,73.430211000,192.168.0.148,192.168.0.178,53414,25565,49624,5675045,0,0,0x0010
11874,2026-08-15T10:14:38.297197000-0500,73.430238000,192.168.0.178,192.168.0.148,25565,53414,5675045,49624,22,0,0x0018
11875,2026-08-15T10:14:38.297384000-0500,73.430425000,192.168.0.178,192.168.0.148,25565,53414,5675067,49624,13,0,0x0018
11876,2026-08-15T10:14:38.297401000-0500,73.430442000,192.168.0.148,192.168.0.178,53414,25565,49624,5675080,0,0,0x0010
11877,2026-08-15T10:14:38.327312000-0500,73.460353000,192.168.0.178,192.168.0.148,25565,53414,5675080,49624,134,0,0x0018
11878,2026-08-15T10:14:38.341964000-0500,73.475005000,192.168.0.148,192.168.0.178,53414,25565,49624,5675214,36,0,0x0018
11879,2026-08-15T10:14:38.342746000-0500,73.475787000,192.168.0.148,192.168.0.178,53414,25565,49660,5675214,3,0,0x0018
11880,2026-08-15T10:14:38.343450000-0500,73.476491000,192.168.0.178,192.168.0.148,25565,53414,5675214,49663,0,0,0x0010
11881,2026-08-15T10:14:38.378799000-0500,73.511840000,192.168.0.178,192.168.0.148,25565,53414,5675214,49663,171,0,0x0018
11882,2026-08-15T10:14:38.392134000-0500,73.525175000,192.168.0.148,192.168.0.178,53414,25565,49663,5675385,36,0,0x0018
11883,2026-08-15T10:14:38.392828000-0500,73.525869000,192.168.0.148,192.168.0.178,53414,25565,49699,5675385,3,0,0x0018
11884,2026-08-15T10:14:38.393524000-0500,73.526565000,192.168.0.178,192.168.0.148,25565,53414,5675385,49702,0,0,0x0010
11885,2026-08-15T10:14:38.443515000-0500,73.576556000,192.168.0.148,192.168.0.178,53414,25565,49702,5675385,36,0,0x0018
11886,2026-08-15T10:14:38.444857000-0500,73.577898000,192.168.0.148,192.168.0.178,53414,25565,49738,5675385,3,0,0x0018
11887,2026-08-15T10:14:38.445589000-0500,73.578630000,192.168.0.178,192.168.0.148,25565,53414,5675385,49738,1460,0,0x0010
11888,2026-08-15T10:14:38.445589000-0500,73.578630000,192.168.0.178,192.168.0.148,25565,53414,5676845,49738,1460,0,0x0010
11889,2026-08-15T10:14:38.445636000-0500,73.578677000,192.168.0.148,192.168.0.178,53414,25565,49741,5678305,0,0,0x0010
11890,2026-08-15T10:14:38.445695000-0500,73.578736000,192.168.0.178,192.168.0.148,25565,53414,5678305,49738,1460,0,0x0010
11891,2026-08-15T10:14:38.445703000-0500,73.578744000,192.168.0.148,192.168.0.178,53414,25565,49741,5679765,0,0,0x0010
11892,2026-08-15T10:14:38.445932000-0500,73.578973000,192.168.0.178,192.168.0.148,25565,53414,5679765,49738,1460,0,0x0010
11893,2026-08-15T10:14:38.445932000-0500,73.578973000,192.168.0.178,192.168.0.148,25565,53414,5681225,49738,1460,0,0x0010
11894,2026-08-15T10:14:38.445967000-0500,73.579008000,192.168.0.148,192.168.0.178,53414,25565,49741,5682685,0,0,0x0010
11895,2026-08-15T10:14:38.446201000-0500,73.579242000,192.168.0.178,192.168.0.148,25565,53414,5682685,49738,1460,0,0x0010
11896,2026-08-15T10:14:38.446201000-0500,73.579242000,192.168.0.178,192.168.0.148,25565,53414,5684145,49738,1460,0,0x0010
11897,2026-08-15T10:14:38.446233000-0500,73.579274000,192.168.0.148,192.168.0.178,53414,25565,49741,5685605,0,0,0x0010
11898,2026-08-15T10:14:38.446295000-0500,73.579336000,192.168.0.178,192.168.0.148,25565,53414,5685605,49738,1460,0,0x0010
11899,2026-08-15T10:14:38.446305000-0500,73.579346000,192.168.0.148,192.168.0.178,53414,25565,49741,5687065,0,0,0x0010
11900,2026-08-15T10:14:38.446542000-0500,73.579583000,192.168.0.178,192.168.0.148,25565,53414,5687065,49738,1460,0,0x0018
11901,2026-08-15T10:14:38.446554000-0500,73.579595000,192.168.0.148,192.168.0.178,53414,25565,49741,5688525,0,0,0x0010
11902,2026-08-15T10:14:38.446575000-0500,73.579616000,192.168.0.178,192.168.0.148,25565,53414,5688525,49738,1460,0,0x0010
11903,2026-08-15T10:14:38.446583000-0500,73.579624000,192.168.0.148,192.168.0.178,53414,25565,49741,5689985,0,0,0x0010
11904,2026-08-15T10:14:38.448142000-0500,73.581183000,192.168.0.178,192.168.0.148,25565,53414,5689985,49738,1460,0,0x0010
11905,2026-08-15T10:14:38.448142000-0500,73.581183000,192.168.0.178,192.168.0.148,25565,53414,5691445,49738,1460,0,0x0010
11906,2026-08-15T10:14:38.448142000-0500,73.581183000,192.168.0.178,192.168.0.148,25565,53414,5692905,49738,1460,0,0x0010
11907,2026-08-15T10:14:38.448142000-0500,73.581183000,192.168.0.178,192.168.0.148,25565,53414,5694365,49738,1460,0,0x0010
11908,2026-08-15T10:14:38.448142000-0500,73.581183000,192.168.0.178,192.168.0.148,25565,53414,5695825,49738,1460,0,0x0010
11909,2026-08-15T10:14:38.448142000-0500,73.581183000,192.168.0.178,192.168.0.148,25565,53414,5697285,49738,1460,0,0x0010
11910,2026-08-15T10:14:38.448142000-0500,73.581183000,192.168.0.178,192.168.0.148,25565,53414,5698745,49738,72,0,0x0018
11911,2026-08-15T10:14:38.448179000-0500,73.581220000,192.168.0.148,192.168.0.178,53414,25565,49741,5698817,0,0,0x0010
11912,2026-08-15T10:14:38.478548000-0500,73.611589000,192.168.0.178,192.168.0.148,25565,53414,5698817,49741,1460,0,0x0010
11913,2026-08-15T10:14:38.478548000-0500,73.611589000,192.168.0.178,192.168.0.148,25565,53414,5700277,49741,1460,0,0x0010
11914,2026-08-15T10:14:38.478596000-0500,73.611637000,192.168.0.148,192.168.0.178,53414,25565,49741,5701737,0,0,0x0010
11915,2026-08-15T10:14:38.478650000-0500,73.611691000,192.168.0.178,192.168.0.148,25565,53414,5701737,49741,1460,0,0x0010
11916,2026-08-15T10:14:38.478660000-0500,73.611701000,192.168.0.148,192.168.0.178,53414,25565,49741,5703197,0,0,0x0010
11917,2026-08-15T10:14:38.478872000-0500,73.611913000,192.168.0.178,192.168.0.148,25565,53414,5703197,49741,1460,0,0x0010
11918,2026-08-15T10:14:38.478973000-0500,73.612014000,192.168.0.178,192.168.0.148,25565,53414,5704657,49741,1460,0,0x0010
11919,2026-08-15T10:14:38.478973000-0500,73.612014000,192.168.0.178,192.168.0.148,25565,53414,5706117,49741,103,0,0x0018
11920,2026-08-15T10:14:38.478983000-0500,73.612024000,192.168.0.148,192.168.0.178,53414,25565,49741,5706220,0,0,0x0010
11921,2026-08-15T10:14:38.493638000-0500,73.626679000,192.168.0.148,192.168.0.178,53414,25565,49741,5706220,36,0,0x0018
11922,2026-08-15T10:14:38.494614000-0500,73.627655000,192.168.0.148,192.168.0.178,53414,25565,49777,5706220,3,0,0x0018
11923,2026-08-15T10:14:38.496945000-0500,73.629986000,192.168.0.178,192.168.0.148,25565,53414,5706220,49780,0,0,0x0010
11924,2026-08-15T10:14:38.529326000-0500,73.662367000,192.168.0.178,192.168.0.148,25565,53414,5706220,49780,1460,0,0x0010
11925,2026-08-15T10:14:38.529326000-0500,73.662367000,192.168.0.178,192.168.0.148,25565,53414,5707680,49780,1460,0,0x0010
11926,2026-08-15T10:14:38.529381000-0500,73.662422000,192.168.0.148,192.168.0.178,53414,25565,49780,5709140,0,0,0x0010
11927,2026-08-15T10:14:38.529424000-0500,73.662465000,192.168.0.178,192.168.0.148,25565,53414,5709140,49780,1460,0,0x0010
11928,2026-08-15T10:14:38.529648000-0500,73.662689000,192.168.0.178,192.168.0.148,25565,53414,5710600,49780,1460,0,0x0010
11929,2026-08-15T10:14:38.529648000-0500,73.662689000,192.168.0.178,192.168.0.148,25565,53414,5712060,49780,1460,0,0x0010
11930,2026-08-15T10:14:38.529672000-0500,73.662713000,192.168.0.148,192.168.0.178,53414,25565,49780,5713520,0,0,0x0010
11931,2026-08-15T10:14:38.529889000-0500,73.662930000,192.168.0.178,192.168.0.148,25565,53414,5713520,49780,1460,0,0x0010
11932,2026-08-15T10:14:38.529889000-0500,73.662930000,192.168.0.178,192.168.0.148,25565,53414,5714980,49780,1460,0,0x0010
11933,2026-08-15T10:14:38.529912000-0500,73.662953000,192.168.0.148,192.168.0.178,53414,25565,49780,5716440,0,0,0x0010
11934,2026-08-15T10:14:38.530133000-0500,73.663174000,192.168.0.178,192.168.0.148,25565,53414,5716440,49780,1460,0,0x0010
11935,2026-08-15T10:14:38.530133000-0500,73.663174000,192.168.0.178,192.168.0.148,25565,53414,5717900,49780,1460,0,0x0018
11936,2026-08-15T10:14:38.530162000-0500,73.663203000,192.168.0.148,192.168.0.178,53414,25565,49780,5719360,0,0,0x0010
11937,2026-08-15T10:14:38.530291000-0500,73.663332000,192.168.0.178,192.168.0.148,25565,53414,5719360,49780,1460,0,0x0010
11938,2026-08-15T10:14:38.530298000-0500,73.663339000,192.168.0.148,192.168.0.178,53414,25565,49780,5720820,0,0,0x0010
11939,2026-08-15T10:14:38.530406000-0500,73.663447000,192.168.0.178,192.168.0.148,25565,53414,5720820,49780,1426,0,0x0018
11940,2026-08-15T10:14:38.543309000-0500,73.676350000,192.168.0.148,192.168.0.178,53414,25565,49780,5722246,36,0,0x0018
11941,2026-08-15T10:14:38.544249000-0500,73.677290000,192.168.0.148,192.168.0.178,53414,25565,49816,5722246,3,0,0x0018
11942,2026-08-15T10:14:38.546724000-0500,73.679765000,192.168.0.178,192.168.0.148,25565,53414,5722246,49819,0,0,0x0010
11943,2026-08-15T10:14:38.580912000-0500,73.713953000,192.168.0.178,192.168.0.148,25565,53414,5722246,49819,1460,0,0x0010
11944,2026-08-15T10:14:38.580912000-0500,73.713953000,192.168.0.178,192.168.0.148,25565,53414,5723706,49819,1460,0,0x0010
11945,2026-08-15T10:14:38.580978000-0500,73.714019000,192.168.0.148,192.168.0.178,53414,25565,49819,5725166,0,0,0x0010
11946,2026-08-15T10:14:38.581029000-0500,73.714070000,192.168.0.178,192.168.0.148,25565,53414,5725166,49819,1460,0,0x0010
11947,2026-08-15T10:14:38.581256000-0500,73.714297000,192.168.0.178,192.168.0.148,25565,53414,5726626,49819,1460,0,0x0010
11948,2026-08-15T10:14:38.581256000-0500,73.714297000,192.168.0.178,192.168.0.148,25565,53414,5728086,49819,1460,0,0x0010
11949,2026-08-15T10:14:38.581299000-0500,73.714340000,192.168.0.148,192.168.0.178,53414,25565,49819,5729546,0,0,0x0010
11950,2026-08-15T10:14:38.581417000-0500,73.714458000,192.168.0.178,192.168.0.148,25565,53414,5729546,49819,1460,0,0x0010
11951,2026-08-15T10:14:38.581417000-0500,73.714458000,192.168.0.178,192.168.0.148,25565,53414,5731006,49819,341,0,0x0018
11952,2026-08-15T10:14:38.581441000-0500,73.714482000,192.168.0.148,192.168.0.178,53414,25565,49819,5731347,0,0,0x0010
11953,2026-08-15T10:14:38.593990000-0500,73.727031000,192.168.0.148,192.168.0.178,53414,25565,49819,5731347,28,0,0x0018
11954,2026-08-15T10:14:38.595406000-0500,73.728447000,192.168.0.148,192.168.0.178,53414,25565,49847,5731347,3,0,0x0018
11955,2026-08-15T10:14:38.595815000-0500,73.728856000,192.168.0.178,192.168.0.148,25565,53414,5731347,49850,0,0,0x0010
11956,2026-08-15T10:14:38.628321000-0500,73.761362000,192.168.0.178,192.168.0.148,25565,53414,5731347,49850,110,0,0x0018
11957,2026-08-15T10:14:38.642062000-0500,73.775103000,192.168.0.148,192.168.0.178,53414,25565,49850,5731457,28,0,0x0018
11958,2026-08-15T10:14:38.642756000-0500,73.775797000,192.168.0.148,192.168.0.178,53414,25565,49878,5731457,3,0,0x0018
11959,2026-08-15T10:14:38.643347000-0500,73.776388000,192.168.0.178,192.168.0.148,25565,53414,5731457,49881,0,0,0x0010
11960,2026-08-15T10:14:38.677529000-0500,73.810570000,192.168.0.178,192.168.0.148,25565,53414,5731457,49881,404,0,0x0018
11961,2026-08-15T10:14:38.693591000-0500,73.826632000,192.168.0.148,192.168.0.178,53414,25565,49881,5731861,28,0,0x0018
11962,2026-08-15T10:14:38.694637000-0500,73.827678000,192.168.0.148,192.168.0.178,53414,25565,49909,5731861,3,0,0x0018
11963,2026-08-15T10:14:38.695181000-0500,73.828222000,192.168.0.178,192.168.0.148,25565,53414,5731861,49912,0,0,0x0010
11964,2026-08-15T10:14:38.728217000-0500,73.861258000,192.168.0.178,192.168.0.148,25565,53414,5731861,49912,902,0,0x0018
11965,2026-08-15T10:14:38.743294000-0500,73.876335000,192.168.0.148,192.168.0.178,53414,25565,49912,5732763,28,0,0x0018
11966,2026-08-15T10:14:38.744635000-0500,73.877676000,192.168.0.148,192.168.0.178,53414,25565,49940,5732763,3,0,0x0018
11967,2026-08-15T10:14:38.745287000-0500,73.878328000,192.168.0.178,192.168.0.148,25565,53414,5732763,49943,0,0,0x0010
11968,2026-08-15T10:14:38.779574000-0500,73.912615000,192.168.0.178,192.168.0.148,25565,53414,5732763,49943,147,0,0x0018
11969,2026-08-15T10:14:38.792773000-0500,73.925814000,192.168.0.148,192.168.0.178,53414,25565,49943,5732910,28,0,0x0018
11970,2026-08-15T10:14:38.793452000-0500,73.926493000,192.168.0.148,192.168.0.178,53414,25565,49971,5732910,3,0,0x0018
11971,2026-08-15T10:14:38.794024000-0500,73.927065000,192.168.0.178,192.168.0.148,25565,53414,5732910,49974,0,0,0x0010
11972,2026-08-15T10:14:38.832273000-0500,73.965314000,192.168.0.178,192.168.0.148,25565,53414,5732910,49974,197,0,0x0018
11973,2026-08-15T10:14:38.843018000-0500,73.976059000,192.168.0.148,192.168.0.178,53414,25565,49974,5733107,28,0,0x0018
11974,2026-08-15T10:14:38.844334000-0500,73.977375000,192.168.0.148,192.168.0.178,53414,25565,50002,5733107,3,0,0x0018
11975,2026-08-15T10:14:38.844996000-0500,73.978037000,192.168.0.178,192.168.0.148,25565,53414,5733107,50005,0,0,0x0010
11976,2026-08-15T10:14:38.879213000-0500,74.012254000,192.168.0.178,192.168.0.148,25565,53414,5733107,50005,626,0,0x0018
11977,2026-08-15T10:14:38.894039000-0500,74.027080000,192.168.0.148,192.168.0.178,53414,25565,50005,5733733,28,0,0x0018
11978,2026-08-15T10:14:38.895251000-0500,74.028292000,192.168.0.148,192.168.0.178,53414,25565,50033,5733733,3,0,0x0018
11979,2026-08-15T10:14:38.896019000-0500,74.029060000,192.168.0.178,192.168.0.148,25565,53414,5733733,50036,0,0,0x0010
11980,2026-08-15T10:14:38.930552000-0500,74.063593000,192.168.0.178,192.168.0.148,25565,53414,5733733,50036,204,0,0x0018
11981,2026-08-15T10:14:38.942454000-0500,74.075495000,192.168.0.148,192.168.0.178,53414,25565,50036,5733937,28,0,0x0018
11982,2026-08-15T10:14:38.943205000-0500,74.076246000,192.168.0.148,192.168.0.178,53414,25565,50064,5733937,3,0,0x0018
11983,2026-08-15T10:14:38.943942000-0500,74.076983000,192.168.0.178,192.168.0.148,25565,53414,5733937,50067,0,0,0x0010
11984,2026-08-15T10:14:38.979707000-0500,74.112748000,192.168.0.178,192.168.0.148,25565,53414,5733937,50067,151,0,0x0018
11985,2026-08-15T10:14:38.993719000-0500,74.126760000,192.168.0.148,192.168.0.178,53414,25565,50067,5734088,28,0,0x0018
11986,2026-08-15T10:14:38.994825000-0500,74.127866000,192.168.0.148,192.168.0.178,53414,25565,50095,5734088,3,0,0x0018
11987,2026-08-15T10:14:38.995594000-0500,74.128635000,192.168.0.178,192.168.0.148,25565,53414,5734088,50098,0,0,0x0010
11988,2026-08-15T10:14:39.030070000-0500,74.163111000,192.168.0.178,192.168.0.148,25565,53414,5734088,50098,523,0,0x0018
11989,2026-08-15T10:14:39.030350000-0500,74.163391000,192.168.0.148,192.168.0.178,53414,25565,50098,5734611,11,0,0x0018
11990,2026-08-15T10:14:39.043534000-0500,74.176575000,192.168.0.148,192.168.0.178,53414,25565,50109,5734611,28,0,0x0018
11991,2026-08-15T10:14:39.044228000-0500,74.177269000,192.168.0.178,192.168.0.148,25565,53414,5734611,50137,0,0,0x0010
11992,2026-08-15T10:14:39.044519000-0500,74.177560000,192.168.0.178,192.168.0.148,25565,53414,5734611,50137,46,0,0x0018
11993,2026-08-15T10:14:39.044677000-0500,74.177718000,192.168.0.148,192.168.0.178,53414,25565,50137,5734657,3,0,0x0018
11994,2026-08-15T10:14:39.079591000-0500,74.212632000,192.168.0.178,192.168.0.148,25565,53414,5734657,50140,319,0,0x0018
11995,2026-08-15T10:14:39.093783000-0500,74.226824000,192.168.0.148,192.168.0.178,53414,25565,50140,5734976,28,0,0x0018
11996,2026-08-15T10:14:39.094846000-0500,74.227887000,192.168.0.148,192.168.0.178,53414,25565,50168,5734976,3,0,0x0018
11997,2026-08-15T10:14:39.095510000-0500,74.228551000,192.168.0.178,192.168.0.148,25565,53414,5734976,50171,0,0,0x0010
11998,2026-08-15T10:14:39.129073000-0500,74.262114000,192.168.0.178,192.168.0.148,25565,53414,5734976,50171,182,0,0x0018
11999,2026-08-15T10:14:39.143540000-0500,74.276581000,192.168.0.148,192.168.0.178,53414,25565,50171,5735158,28,0,0x0018
12000,2026-08-15T10:14:39.144921000-0500,74.277962000,192.168.0.148,192.168.0.178,53414,25565,50199,5735158,3,0,0x0018
12001,2026-08-15T10:14:39.145569000-0500,74.278610000,192.168.0.178,192.168.0.148,25565,53414,5735158,50202,0,0,0x0010
12002,2026-08-15T10:14:39.178845000-0500,74.311886000,192.168.0.178,192.168.0.148,25565,53414,5735158,50202,490,0,0x0018
12003,2026-08-15T10:14:39.193844000-0500,74.326885000,192.168.0.148,192.168.0.178,53414,25565,50202,5735648,28,0,0x0018
12004,2026-08-15T10:14:39.195266000-0500,74.328307000,192.168.0.148,192.168.0.178,53414,25565,50230,5735648,3,0,0x0018
12005,2026-08-15T10:14:39.195833000-0500,74.328874000,192.168.0.178,192.168.0.148,25565,53414,5735648,50233,0,0,0x0010
12006,2026-08-15T10:14:39.229719000-0500,74.362760000,192.168.0.178,192.168.0.148,25565,53414,5735648,50233,108,0,0x0018
12007,2026-08-15T10:14:39.244645000-0500,74.377686000,192.168.0.148,192.168.0.178,53414,25565,50233,5735756,28,0,0x0018
12008,2026-08-15T10:14:39.245941000-0500,74.378982000,192.168.0.148,192.168.0.178,53414,25565,50261,5735756,3,0,0x0018
12009,2026-08-15T10:14:39.246585000-0500,74.379626000,192.168.0.178,192.168.0.148,25565,53414,5735756,50264,0,0,0x0010
12010,2026-08-15T10:14:39.277348000-0500,74.410389000,192.168.0.178,192.168.0.148,25565,53414,5735756,50264,207,0,0x0018
12011,2026-08-15T10:14:39.293598000-0500,74.426639000,192.168.0.148,192.168.0.178,53414,25565,50264,5735963,28,0,0x0018
12012,2026-08-15T10:14:39.294906000-0500,74.427947000,192.168.0.148,192.168.0.178,53414,25565,50292,5735963,3,0,0x0018
12013,2026-08-15T10:14:39.295592000-0500,74.428633000,192.168.0.178,192.168.0.148,25565,53414,5735963,50295,0,0,0x0010
12014,2026-08-15T10:14:39.328648000-0500,74.461689000,192.168.0.178,192.168.0.148,25565,53414,5735963,50295,683,0,0x0018
12015,2026-08-15T10:14:39.343932000-0500,74.476973000,192.168.0.148,192.168.0.178,53414,25565,50295,5736646,28,0,0x0018
12016,2026-08-15T10:14:39.345193000-0500,74.478234000,192.168.0.148,192.168.0.178,53414,25565,50323,5736646,3,0,0x0018
12017,2026-08-15T10:14:39.345917000-0500,74.478958000,192.168.0.178,192.168.0.148,25565,53414,5736646,50326,0,0,0x0010
12018,2026-08-15T10:14:39.379127000-0500,74.512168000,192.168.0.178,192.168.0.148,25565,53414,5736646,50326,174,0,0x0018
12019,2026-08-15T10:14:39.394028000-0500,74.527069000,192.168.0.148,192.168.0.178,53414,25565,50326,5736820,28,0,0x0018
12020,2026-08-15T10:14:39.395383000-0500,74.528424000,192.168.0.148,192.168.0.178,53414,25565,50354,5736820,3,0,0x0018
12021,2026-08-15T10:14:39.396149000-0500,74.529190000,192.168.0.178,192.168.0.148,25565,53414,5736820,50357,0,0,0x0010
12022,2026-08-15T10:14:39.427705000-0500,74.560746000,192.168.0.178,192.168.0.148,25565,53414,5736820,50357,176,0,0x0018
12023,2026-08-15T10:14:39.443267000-0500,74.576308000,192.168.0.148,192.168.0.178,53414,25565,50357,5736996,28,0,0x0018
12024,2026-08-15T10:14:39.444822000-0500,74.577863000,192.168.0.148,192.168.0.178,53414,25565,50385,5736996,3,0,0x0018
12025,2026-08-15T10:14:39.445467000-0500,74.578508000,192.168.0.178,192.168.0.148,25565,53414,5736996,50388,0,0,0x0010
12026,2026-08-15T10:14:39.477380000-0500,74.610421000,192.168.0.178,192.168.0.148,25565,53414,5736996,50388,582,0,0x0018
12027,2026-08-15T10:14:39.495112000-0500,74.628153000,192.168.0.148,192.168.0.178,53414,25565,50388,5737578,28,0,0x0018
12028,2026-08-15T10:14:39.496171000-0500,74.629212000,192.168.0.148,192.168.0.178,53414,25565,50416,5737578,3,0,0x0018
12029,2026-08-15T10:14:39.496836000-0500,74.629877000,192.168.0.178,192.168.0.148,25565,53414,5737578,50419,0,0,0x0010
12030,2026-08-15T10:14:39.527384000-0500,74.660425000,192.168.0.178,192.168.0.148,25565,53414,5737578,50419,175,0,0x0018
12031,2026-08-15T10:14:39.545797000-0500,74.678838000,192.168.0.148,192.168.0.178,53414,25565,50419,5737753,28,0,0x0018
12032,2026-08-15T10:14:39.547034000-0500,74.680075000,192.168.0.148,192.168.0.178,53414,25565,50447,5737753,3,0,0x0018
12033,2026-08-15T10:14:39.547821000-0500,74.680862000,192.168.0.178,192.168.0.148,25565,53414,5737753,50450,0,0,0x0010
12034,2026-08-15T10:14:39.578303000-0500,74.711344000,192.168.0.178,192.168.0.148,25565,53414,5737753,50450,241,0,0x0018
12035,2026-08-15T10:14:39.592965000-0500,74.726006000,192.168.0.148,192.168.0.178,53414,25565,50450,5737994,28,0,0x0018
12036,2026-08-15T10:14:39.593627000-0500,74.726668000,192.168.0.148,192.168.0.178,53414,25565,50478,5737994,3,0,0x0018
12037,2026-08-15T10:14:39.594252000-0500,74.727293000,192.168.0.178,192.168.0.148,25565,53414,5737994,50481,0,0,0x0010
12038,2026-08-15T10:14:39.632468000-0500,74.765509000,192.168.0.178,192.168.0.148,25565,53414,5737994,50481,432,0,0x0018
12039,2026-08-15T10:14:39.643151000-0500,74.776192000,192.168.0.148,192.168.0.178,53414,25565,50481,5738426,28,0,0x0018
12040,2026-08-15T10:14:39.644147000-0500,74.777188000,192.168.0.148,192.168.0.178,53414,25565,50509,5738426,3,0,0x0018
12041,2026-08-15T10:14:39.644859000-0500,74.777900000,192.168.0.178,192.168.0.148,25565,53414,5738426,50512,0,0,0x0010
12042,2026-08-15T10:14:39.678003000-0500,74.811044000,192.168.0.178,192.168.0.148,25565,53414,5738426,50512,131,0,0x0018
12043,2026-08-15T10:14:39.693321000-0500,74.826362000,192.168.0.148,192.168.0.178,53414,25565,50512,5738557,28,0,0x0018
12044,2026-08-15T10:14:39.694123000-0500,74.827164000,192.168.0.148,192.168.0.178,53414,25565,50540,5738557,3,0,0x0018
12045,2026-08-15T10:14:39.694795000-0500,74.827836000,192.168.0.178,192.168.0.148,25565,53414,5738557,50543,0,0,0x0010
12046,2026-08-15T10:14:39.727469000-0500,74.860510000,192.168.0.178,192.168.0.148,25565,53414,5738557,50543,182,0,0x0018
12047,2026-08-15T10:14:39.742741000-0500,74.875782000,192.168.0.148,192.168.0.178,53414,25565,50543,5738739,28,0,0x0018
12048,2026-08-15T10:14:39.743651000-0500,74.876692000,192.168.0.148,192.168.0.178,53414,25565,50571,5738739,3,0,0x0018
12049,2026-08-15T10:14:39.744201000-0500,74.877242000,192.168.0.178,192.168.0.148,25565,53414,5738739,50574,0,0,0x0010
12050,2026-08-15T10:14:39.778705000-0500,74.911746000,192.168.0.178,192.168.0.148,25565,53414,5738739,50574,302,0,0x0018
12051,2026-08-15T10:14:39.793425000-0500,74.926466000,192.168.0.148,192.168.0.178,53414,25565,50574,5739041,28,0,0x0018
12052,2026-08-15T10:14:39.794676000-0500,74.927717000,192.168.0.148,192.168.0.178,53414,25565,50602,5739041,3,0,0x0018
12053,2026-08-15T10:14:39.795392000-0500,74.928433000,192.168.0.178,192.168.0.148,25565,53414,5739041,50605,0,0,0x0010
12054,2026-08-15T10:14:39.828023000-0500,74.961064000,192.168.0.178,192.168.0.148,25565,53414,5739041,50605,283,0,0x0018
12055,2026-08-15T10:14:39.830015000-0500,74.963056000,192.168.0.178,192.168.0.148,25565,53414,5739324,50605,46,0,0x0018
12056,2026-08-15T10:14:39.830071000-0500,74.963112000,192.168.0.148,192.168.0.178,53414,25565,50605,5739370,0,0,0x0010
12057,2026-08-15T10:14:39.842075000-0500,74.975116000,192.168.0.148,192.168.0.178,53414,25565,50605,5739370,28,0,0x0018
12058,2026-08-15T10:14:39.842857000-0500,74.975898000,192.168.0.148,192.168.0.178,53414,25565,50633,5739370,3,0,0x0018
12059,2026-08-15T10:14:39.843577000-0500,74.976618000,192.168.0.178,192.168.0.148,25565,53414,5739370,50636,0,0,0x0010
12060,2026-08-15T10:14:39.878035000-0500,75.011076000,192.168.0.178,192.168.0.148,25565,53414,5739370,50636,131,0,0x0018
12061,2026-08-15T10:14:39.894922000-0500,75.027963000,192.168.0.148,192.168.0.178,53414,25565,50636,5739501,28,0,0x0018
12062,2026-08-15T10:14:39.895793000-0500,75.028834000,192.168.0.148,192.168.0.178,53414,25565,50664,5739501,3,0,0x0018
12063,2026-08-15T10:14:39.896493000-0500,75.029534000,192.168.0.178,192.168.0.148,25565,53414,5739501,50667,0,0,0x0010
12064,2026-08-15T10:14:39.927420000-0500,75.060461000,192.168.0.178,192.168.0.148,25565,53414,5739501,50667,575,0,0x0018
12065,2026-08-15T10:14:39.944203000-0500,75.077244000,192.168.0.148,192.168.0.178,53414,25565,50667,5740076,28,0,0x0018
12066,2026-08-15T10:14:39.945441000-0500,75.078482000,192.168.0.178,192.168.0.148,25565,53414,5740076,50695,11,0,0x0018
12067,2026-08-15T10:14:39.945441000-0500,75.078482000,192.168.0.178,192.168.0.148,25565,53414,5740087,50695,11,0,0x0018
12068,2026-08-15T10:14:39.945441000-0500,75.078482000,192.168.0.178,192.168.0.148,25565,53414,5740098,50695,11,0,0x0018
12069,2026-08-15T10:14:39.945441000-0500,75.078482000,192.168.0.178,192.168.0.148,25565,53414,5740109,50695,22,0,0x0018
12070,2026-08-15T10:14:39.945532000-0500,75.078573000,192.168.0.148,192.168.0.178,53414,25565,50695,5740131,0,0,0x0010
12071,2026-08-15T10:14:39.945586000-0500,75.078627000,192.168.0.178,192.168.0.148,25565,53414,5740131,50695,22,0,0x0018
12072,2026-08-15T10:14:39.945586000-0500,75.078627000,192.168.0.178,192.168.0.148,25565,53414,5740153,50695,22,0,0x0018
12073,2026-08-15T10:14:39.945586000-0500,75.078627000,192.168.0.178,192.168.0.148,25565,53414,5740175,50695,22,0,0x0018
12074,2026-08-15T10:14:39.945586000-0500,75.078627000,192.168.0.178,192.168.0.148,25565,53414,5740197,50695,11,0,0x0018
12075,2026-08-15T10:14:39.945586000-0500,75.078627000,192.168.0.178,192.168.0.148,25565,53414,5740208,50695,22,0,0x0018
12076,2026-08-15T10:14:39.945586000-0500,75.078627000,192.168.0.178,192.168.0.148,25565,53414,5740230,50695,22,0,0x0018
12077,2026-08-15T10:14:39.945615000-0500,75.078656000,192.168.0.148,192.168.0.178,53414,25565,50695,5740252,3,0,0x0018
12078,2026-08-15T10:14:39.945645000-0500,75.078686000,192.168.0.178,192.168.0.148,25565,53414,5740252,50695,22,0,0x0018
12079,2026-08-15T10:14:39.945705000-0500,75.078746000,192.168.0.178,192.168.0.148,25565,53414,5740274,50695,11,0,0x0018
12080,2026-08-15T10:14:39.945705000-0500,75.078746000,192.168.0.178,192.168.0.148,25565,53414,5740285,50695,13,0,0x0018
12081,2026-08-15T10:14:39.945719000-0500,75.078760000,192.168.0.148,192.168.0.178,53414,25565,50698,5740298,0,0,0x0010
12082,2026-08-15T10:14:39.977970000-0500,75.111011000,192.168.0.178,192.168.0.148,25565,53414,5740298,50698,132,0,0x0018
12083,2026-08-15T10:14:39.978040000-0500,75.111081000,192.168.0.148,192.168.0.178,53414,25565,50698,5740430,0,0,0x0010
12084,2026-08-15T10:14:39.993444000-0500,75.126485000,192.168.0.148,192.168.0.178,53414,25565,50698,5740430,28,0,0x0018
12085,2026-08-15T10:14:39.994540000-0500,75.127581000,192.168.0.148,192.168.0.178,53414,25565,50726,5740430,3,0,0x0018
12086,2026-08-15T10:14:39.995048000-0500,75.128089000,192.168.0.178,192.168.0.148,25565,53414,5740430,50729,0,0,0x0010
12087,2026-08-15T10:14:40.027187000-0500,75.160228000,192.168.0.178,192.168.0.148,25565,53414,5740430,50729,86,0,0x0018
12088,2026-08-15T10:14:40.044077000-0500,75.177118000,192.168.0.148,192.168.0.178,53414,25565,50729,5740516,28,0,0x0018
12089,2026-08-15T10:14:40.045325000-0500,75.178366000,192.168.0.148,192.168.0.178,53414,25565,50757,5740516,3,0,0x0018
12090,2026-08-15T10:14:40.046066000-0500,75.179107000,192.168.0.178,192.168.0.148,25565,53414,5740516,50760,0,0,0x0010
12091,2026-08-15T10:14:40.078115000-0500,75.211156000,192.168.0.178,192.168.0.148,25565,53414,5740516,50760,1460,0,0x0010
12092,2026-08-15T10:14:40.078115000-0500,75.211156000,192.168.0.178,192.168.0.148,25565,53414,5741976,50760,1460,0,0x0010
12093,2026-08-15T10:14:40.078184000-0500,75.211225000,192.168.0.148,192.168.0.178,53414,25565,50760,5743436,0,0,0x0010
12094,2026-08-15T10:14:40.078243000-0500,75.211284000,192.168.0.178,192.168.0.148,25565,53414,5743436,50760,1460,0,0x0010
12095,2026-08-15T10:14:40.078269000-0500,75.211310000,192.168.0.178,192.168.0.148,25565,53414,5744896,50760,1460,0,0x0010
12096,2026-08-15T10:14:40.078276000-0500,75.211317000,192.168.0.148,192.168.0.178,53414,25565,50760,5746356,0,0,0x0010
12097,2026-08-15T10:14:40.078504000-0500,75.211545000,192.168.0.178,192.168.0.148,25565,53414,5746356,50760,1460,0,0x0010
12098,2026-08-15T10:14:40.078558000-0500,75.211599000,192.168.0.178,192.168.0.148,25565,53414,5747816,50760,1460,0,0x0010
12099,2026-08-15T10:14:40.078578000-0500,75.211619000,192.168.0.148,192.168.0.178,53414,25565,50760,5749276,0,0,0x0010
12100,2026-08-15T10:14:40.078633000-0500,75.211674000,192.168.0.178,192.168.0.148,25565,53414,5749276,50760,1460,0,0x0010
12101,2026-08-15T10:14:40.078900000-0500,75.211941000,192.168.0.178,192.168.0.148,25565,53414,5750736,50760,1460,0,0x0010
12102,2026-08-15T10:14:40.078900000-0500,75.211941000,192.168.0.178,192.168.0.148,25565,53414,5752196,50760,1460,0,0x0018
12103,2026-08-15T10:14:40.078943000-0500,75.211984000,192.168.0.148,192.168.0.178,53414,25565,50760,5753656,0,0,0x0010
12104,2026-08-15T10:14:40.078997000-0500,75.212038000,192.168.0.178,192.168.0.148,25565,53414,5753656,50760,996,0,0x0018
12105,2026-08-15T10:14:40.079013000-0500,75.212054000,192.168.0.148,192.168.0.178,53414,25565,50760,5754652,0,0,0x0010
12106,2026-08-15T10:14:40.079318000-0500,75.212359000,192.168.0.148,192.168.0.178,53414,25565,50760,5754652,11,0,0x0018
12107,2026-08-15T10:14:40.092993000-0500,75.226034000,192.168.0.148,192.168.0.178,53414,25565,50771,5754652,36,0,0x0018
12108,2026-08-15T10:14:40.093558000-0500,75.226599000,192.168.0.148,192.168.0.178,53414,25565,50807,5754652,3,0,0x0018
12109,2026-08-15T10:14:40.093641000-0500,75.226682000,192.168.0.178,192.168.0.148,25565,53414,5754652,50807,0,0,0x0010
12110,2026-08-15T10:14:40.127526000-0500,75.260567000,192.168.0.178,192.168.0.148,25565,53414,5754652,50810,236,0,0x0018
12111,2026-08-15T10:14:40.142468000-0500,75.275509000,192.168.0.148,192.168.0.178,53414,25565,50810,5754888,36,0,0x0018
12112,2026-08-15T10:14:40.143182000-0500,75.276223000,192.168.0.148,192.168.0.178,53414,25565,50846,5754888,3,0,0x0018
12113,2026-08-15T10:14:40.143829000-0500,75.276870000,192.168.0.178,192.168.0.148,25565,53414,5754888,50849,0,0,0x0010
12114,2026-08-15T10:14:40.177725000-0500,75.310766000,192.168.0.178,192.168.0.148,25565,53414,5754888,50849,78,0,0x0018
12115,2026-08-15T10:14:40.177904000-0500,75.310945000,192.168.0.148,192.168.0.178,53414,25565,50849,5754966,36,0,0x0018
12116,2026-08-15T10:14:40.178851000-0500,75.311892000,192.168.0.148,192.168.0.178,53414,25565,50885,5754966,3,0,0x0018
12117,2026-08-15T10:14:40.181303000-0500,75.314344000,192.168.0.178,192.168.0.148,25565,53414,5754966,50888,0,0,0x0010
12118,2026-08-15T10:14:40.227558000-0500,75.360599000,192.168.0.178,192.168.0.148,25565,53414,5754966,50888,1148,0,0x0018
12119,2026-08-15T10:14:40.243866000-0500,75.376907000,192.168.0.148,192.168.0.178,53414,25565,50888,5756114,36,0,0x0018
12120,2026-08-15T10:14:40.245008000-0500,75.378049000,192.168.0.148,192.168.0.178,53414,25565,50924,5756114,3,0,0x0018
12121,2026-08-15T10:14:40.245447000-0500,75.378488000,192.168.0.178,192.168.0.148,25565,53414,5756114,50927,0,0,0x0010
12122,2026-08-15T10:14:40.277697000-0500,75.410738000,192.168.0.178,192.168.0.148,25565,53414,5756114,50927,305,0,0x0018
12123,2026-08-15T10:14:40.292889000-0500,75.425930000,192.168.0.148,192.168.0.178,53414,25565,50927,5756419,36,0,0x0018
12124,2026-08-15T10:14:40.293754000-0500,75.426795000,192.168.0.148,192.168.0.178,53414,25565,50963,5756419,3,0,0x0018
12125,2026-08-15T10:14:40.294499000-0500,75.427540000,192.168.0.178,192.168.0.148,25565,53414,5756419,50966,0,0,0x0010
12126,2026-08-15T10:14:40.327033000-0500,75.460074000,192.168.0.178,192.168.0.148,25565,53414,5756419,50966,117,0,0x0018
12127,2026-08-15T10:14:40.342652000-0500,75.475693000,192.168.0.148,192.168.0.178,53414,25565,50966,5756536,36,0,0x0018
12128,2026-08-15T10:14:40.343256000-0500,75.476297000,192.168.0.148,192.168.0.178,53414,25565,51002,5756536,3,0,0x0018
12129,2026-08-15T10:14:40.343913000-0500,75.476954000,192.168.0.178,192.168.0.148,25565,53414,5756536,51005,0,0,0x0010
12130,2026-08-15T10:14:40.378436000-0500,75.511477000,192.168.0.178,192.168.0.148,25565,53414,5756536,51005,1460,0,0x0010
12131,2026-08-15T10:14:40.378436000-0500,75.511477000,192.168.0.178,192.168.0.148,25565,53414,5757996,51005,1460,0,0x0010
12132,2026-08-15T10:14:40.378501000-0500,75.511542000,192.168.0.148,192.168.0.178,53414,25565,51005,5759456,0,0,0x0010
12133,2026-08-15T10:14:40.378547000-0500,75.511588000,192.168.0.178,192.168.0.148,25565,53414,5759456,51005,1460,0,0x0010
12134,2026-08-15T10:14:40.378766000-0500,75.511807000,192.168.0.178,192.168.0.148,25565,53414,5760916,51005,1460,0,0x0010
12135,2026-08-15T10:14:40.378766000-0500,75.511807000,192.168.0.178,192.168.0.148,25565,53414,5762376,51005,1460,0,0x0010
12136,2026-08-15T10:14:40.378800000-0500,75.511841000,192.168.0.148,192.168.0.178,53414,25565,51005,5763836,0,0,0x0010
12137,2026-08-15T10:14:40.379011000-0500,75.512052000,192.168.0.178,192.168.0.148,25565,53414,5763836,51005,1460,0,0x0010
12138,2026-08-15T10:14:40.379011000-0500,75.512052000,192.168.0.178,192.168.0.148,25565,53414,5765296,51005,1460,0,0x0010
12139,2026-08-15T10:14:40.379047000-0500,75.512088000,192.168.0.148,192.168.0.178,53414,25565,51005,5766756,0,0,0x0010
12140,2026-08-15T10:14:40.379258000-0500,75.512299000,192.168.0.178,192.168.0.148,25565,53414,5766756,51005,1460,0,0x0010
12141,2026-08-15T10:14:40.379258000-0500,75.512299000,192.168.0.178,192.168.0.148,25565,53414,5768216,51005,1460,0,0x0018
12142,2026-08-15T10:14:40.379295000-0500,75.512336000,192.168.0.148,192.168.0.178,53414,25565,51005,5769676,0,0,0x0010
12143,2026-08-15T10:14:40.379508000-0500,75.512549000,192.168.0.178,192.168.0.148,25565,53414,5769676,51005,1460,0,0x0010
12144,2026-08-15T10:14:40.379508000-0500,75.512549000,192.168.0.178,192.168.0.148,25565,53414,5771136,51005,1460,0,0x0010
12145,2026-08-15T10:14:40.379547000-0500,75.512588000,192.168.0.148,192.168.0.178,53414,25565,51005,5772596,0,0,0x0010
12146,2026-08-15T10:14:40.379617000-0500,75.512658000,192.168.0.178,192.168.0.148,25565,53414,5772596,51005,1460,0,0x0010
12147,2026-08-15T10:14:40.379624000-0500,75.512665000,192.168.0.148,192.168.0.178,53414,25565,51005,5774056,0,0,0x0010
12148,2026-08-15T10:14:40.379860000-0500,75.512901000,192.168.0.178,192.168.0.148,25565,53414,5774056,51005,1079,0,0x0018
12149,2026-08-15T10:14:40.393934000-0500,75.526975000,192.168.0.148,192.168.0.178,53414,25565,51005,5775135,36,0,0x0018
12150,2026-08-15T10:14:40.395012000-0500,75.528053000,192.168.0.148,192.168.0.178,53414,25565,51041,5775135,3,0,0x0018
12151,2026-08-15T10:14:40.395537000-0500,75.528578000,192.168.0.178,192.168.0.148,25565,53414,5775135,51044,0,0,0x0010
12152,2026-08-15T10:14:40.427300000-0500,75.560341000,192.168.0.178,192.168.0.148,25565,53414,5775135,51044,156,0,0x0018
12153,2026-08-15T10:14:40.443146000-0500,75.576187000,192.168.0.148,192.168.0.178,53414,25565,51044,5775291,28,0,0x0018
12154,2026-08-15T10:14:40.444453000-0500,75.577494000,192.168.0.148,192.168.0.178,53414,25565,51072,5775291,3,0,0x0018
12155,2026-08-15T10:14:40.445195000-0500,75.578236000,192.168.0.178,192.168.0.148,25565,53414,5775291,51075,0,0,0x0010
12156,2026-08-15T10:14:40.478336000-0500,75.611377000,192.168.0.178,192.168.0.148,25565,53414,5775291,51075,205,0,0x0018
12157,2026-08-15T10:14:40.493379000-0500,75.626420000,192.168.0.148,192.168.0.178,53414,25565,51075,5775496,28,0,0x0018
12158,2026-08-15T10:14:40.494711000-0500,75.627752000,192.168.0.148,192.168.0.178,53414,25565,51103,5775496,3,0,0x0018
12159,2026-08-15T10:14:40.495388000-0500,75.628429000,192.168.0.178,192.168.0.148,25565,53414,5775496,51106,0,0,0x0010
12160,2026-08-15T10:14:40.527723000-0500,75.660764000,192.168.0.178,192.168.0.148,25565,53414,5775496,51106,403,0,0x0018
12161,2026-08-15T10:14:40.543977000-0500,75.677018000,192.168.0.148,192.168.0.178,53414,25565,51106,5775899,28,0,0x0018
12162,2026-08-15T10:14:40.545327000-0500,75.678368000,192.168.0.148,192.168.0.178,53414,25565,51134,5775899,3,0,0x0018
12163,2026-08-15T10:14:40.546078000-0500,75.679119000,192.168.0.178,192.168.0.148,25565,53414,5775899,51137,0,0,0x0010
12164,2026-08-15T10:14:40.577274000-0500,75.710315000,192.168.0.178,192.168.0.148,25565,53414,5775899,51137,219,0,0x0018
12165,2026-08-15T10:14:40.593191000-0500,75.726232000,192.168.0.148,192.168.0.178,53414,25565,51137,5776118,36,0,0x0018
12166,2026-08-15T10:14:40.594154000-0500,75.727195000,192.168.0.148,192.168.0.178,53414,25565,51173,5776118,3,0,0x0018
12167,2026-08-15T10:14:40.594861000-0500,75.727902000,192.168.0.178,192.168.0.148,25565,53414,5776118,51176,0,0,0x0010
12168,2026-08-15T10:14:40.628134000-0500,75.761175000,192.168.0.178,192.168.0.148,25565,53414,5776118,51176,1460,0,0x0010
12169,2026-08-15T10:14:40.628134000-0500,75.761175000,192.168.0.178,192.168.0.148,25565,53414,5777578,51176,1460,0,0x0010
12170,2026-08-15T10:14:40.628195000-0500,75.761236000,192.168.0.148,192.168.0.178,53414,25565,51176,5779038,0,0,0x0010
12171,2026-08-15T10:14:40.628262000-0500,75.761303000,192.168.0.178,192.168.0.148,25565,53414,5779038,51176,1460,0,0x0010
12172,2026-08-15T10:14:40.628484000-0500,75.761525000,192.168.0.178,192.168.0.148,25565,53414,5780498,51176,1460,0,0x0010
12173,2026-08-15T10:14:40.628484000-0500,75.761525000,192.168.0.178,192.168.0.148,25565,53414,5781958,51176,1460,0,0x0010
12174,2026-08-15T10:14:40.628513000-0500,75.761554000,192.168.0.148,192.168.0.178,53414,25565,51176,5783418,0,0,0x0010
12175,2026-08-15T10:14:40.628750000-0500,75.761791000,192.168.0.178,192.168.0.148,25565,53414,5783418,51176,1460,0,0x0010
12176,2026-08-15T10:14:40.628750000-0500,75.761791000,192.168.0.178,192.168.0.148,25565,53414,5784878,51176,1460,0,0x0010
12177,2026-08-15T10:14:40.628788000-0500,75.761829000,192.168.0.148,192.168.0.178,53414,25565,51176,5786338,0,0,0x0010
12178,2026-08-15T10:14:40.628850000-0500,75.761891000,192.168.0.178,192.168.0.148,25565,53414,5786338,51176,1460,0,0x0010
12179,2026-08-15T10:14:40.628858000-0500,75.761899000,192.168.0.148,192.168.0.178,53414,25565,51176,5787798,0,0,0x0010
12180,2026-08-15T10:14:40.629089000-0500,75.762130000,192.168.0.178,192.168.0.148,25565,53414,5787798,51176,1460,0,0x0018
12181,2026-08-15T10:14:40.629089000-0500,75.762130000,192.168.0.178,192.168.0.148,25565,53414,5789258,51176,1085,0,0x0018
12182,2026-08-15T10:14:40.629125000-0500,75.762166000,192.168.0.148,192.168.0.178,53414,25565,51176,5790343,0,0,0x0010
12183,2026-08-15T10:14:40.643125000-0500,75.776166000,192.168.0.148,192.168.0.178,53414,25565,51176,5790343,36,0,0x0018
12184,2026-08-15T10:14:40.643784000-0500,75.776825000,192.168.0.148,192.168.0.178,53414,25565,51212,5790343,3,0,0x0018
12185,2026-08-15T10:14:40.644000000-0500,75.777041000,192.168.0.178,192.168.0.148,25565,53414,5790343,51212,46,0,0x0018
12186,2026-08-15T10:14:40.677543000-0500,75.810584000,192.168.0.178,192.168.0.148,25565,53414,5790389,51215,1460,0,0x0010
12187,2026-08-15T10:14:40.677543000-0500,75.810584000,192.168.0.178,192.168.0.148,25565,53414,5791849,51215,1460,0,0x0010
12188,2026-08-15T10:14:40.677601000-0500,75.810642000,192.168.0.148,192.168.0.178,53414,25565,51215,5793309,0,0,0x0010
12189,2026-08-15T10:14:40.677643000-0500,75.810684000,192.168.0.178,192.168.0.148,25565,53414,5793309,51215,1460,0,0x0010
12190,2026-08-15T10:14:40.677650000-0500,75.810691000,192.168.0.148,192.168.0.178,53414,25565,51215,5794769,0,0,0x0010
12191,2026-08-15T10:14:40.677834000-0500,75.810875000,192.168.0.178,192.168.0.148,25565,53414,5794769,51215,1460,0,0x0010
12192,2026-08-15T10:14:40.677888000-0500,75.810929000,192.168.0.178,192.168.0.148,25565,53414,5796229,51215,1460,0,0x0010
12193,2026-08-15T10:14:40.677898000-0500,75.810939000,192.168.0.148,192.168.0.178,53414,25565,51215,5797689,0,0,0x0010
12194,2026-08-15T10:14:40.678118000-0500,75.811159000,192.168.0.178,192.168.0.148,25565,53414,5797689,51215,1460,0,0x0010
12195,2026-08-15T10:14:40.678118000-0500,75.811159000,192.168.0.178,192.168.0.148,25565,53414,5799149,51215,1460,0,0x0010
12196,2026-08-15T10:14:40.678147000-0500,75.811188000,192.168.0.148,192.168.0.178,53414,25565,51215,5800609,0,0,0x0010
12197,2026-08-15T10:14:40.678364000-0500,75.811405000,192.168.0.178,192.168.0.148,25565,53414,5800609,51215,1460,0,0x0010
12198,2026-08-15T10:14:40.678364000-0500,75.811405000,192.168.0.178,192.168.0.148,25565,53414,5802069,51215,1460,0,0x0018
12199,2026-08-15T10:14:40.678397000-0500,75.811438000,192.168.0.148,192.168.0.178,53414,25565,51215,5803529,0,0,0x0010
12200,2026-08-15T10:14:40.678452000-0500,75.811493000,192.168.0.178,192.168.0.148,25565,53414,5803529,51215,1110,0,0x0018
12201,2026-08-15T10:14:40.693601000-0500,75.826642000,192.168.0.148,192.168.0.178,53414,25565,51215,5804639,36,0,0x0018
12202,2026-08-15T10:14:40.694573000-0500,75.827614000,192.168.0.148,192.168.0.178,53414,25565,51251,5804639,3,0,0x0018
12203,2026-08-15T10:14:40.696535000-0500,75.829576000,192.168.0.178,192.168.0.148,25565,53414,5804639,51254,0,0,0x0010
12204,2026-08-15T10:14:40.727880000-0500,75.860921000,192.168.0.178,192.168.0.148,25565,53414,5804639,51254,416,0,0x0018
12205,2026-08-15T10:14:40.743860000-0500,75.876901000,192.168.0.148,192.168.0.178,53414,25565,51254,5805055,36,0,0x0018
12206,2026-08-15T10:14:40.744952000-0500,75.877993000,192.168.0.148,192.168.0.178,53414,25565,51290,5805055,3,0,0x0018
12207,2026-08-15T10:14:40.745475000-0500,75.878516000,192.168.0.178,192.168.0.148,25565,53414,5805055,51293,0,0,0x0010
12208,2026-08-15T10:14:40.777632000-0500,75.910673000,192.168.0.178,192.168.0.148,25565,53414,5805055,51293,91,0,0x0018
12209,2026-08-15T10:14:40.793499000-0500,75.926540000,192.168.0.148,192.168.0.178,53414,25565,51293,5805146,36,0,0x0018
12210,2026-08-15T10:14:40.794791000-0500,75.927832000,192.168.0.148,192.168.0.178,53414,25565,51329,5805146,3,0,0x0018
12211,2026-08-15T10:14:40.795469000-0500,75.928510000,192.168.0.178,192.168.0.148,25565,53414,5805146,51332,0,0,0x0010
12212,2026-08-15T10:14:40.828433000-0500,75.961474000,192.168.0.178,192.168.0.148,25565,53414,5805146,51332,452,0,0x0018
12213,2026-08-15T10:14:40.843073000-0500,75.976114000,192.168.0.148,192.168.0.178,53414,25565,51332,5805598,36,0,0x0018
12214,2026-08-15T10:14:40.843861000-0500,75.976902000,192.168.0.148,192.168.0.178,53414,25565,51368,5805598,3,0,0x0018
12215,2026-08-15T10:14:40.844525000-0500,75.977566000,192.168.0.178,192.168.0.148,25565,53414,5805598,51371,0,0,0x0010
12216,2026-08-15T10:14:40.877858000-0500,76.010899000,192.168.0.178,192.168.0.148,25565,53414,5805598,51371,268,0,0x0018
12217,2026-08-15T10:14:40.894353000-0500,76.027394000,192.168.0.148,192.168.0.178,53414,25565,51371,5805866,36,0,0x0018
12218,2026-08-15T10:14:40.895499000-0500,76.028540000,192.168.0.148,192.168.0.178,53414,25565,51407,5805866,3,0,0x0018
12219,2026-08-15T10:14:40.896271000-0500,76.029312000,192.168.0.178,192.168.0.148,25565,53414,5805866,51410,0,0,0x0010
12220,2026-08-15T10:14:40.927160000-0500,76.060201000,192.168.0.178,192.168.0.148,25565,53414,5805866,51410,233,0,0x0018
12221,2026-08-15T10:14:40.943611000-0500,76.076652000,192.168.0.148,192.168.0.178,53414,25565,51410,5806099,36,0,0x0018
12222,2026-08-15T10:14:40.944365000-0500,76.077406000,192.168.0.148,192.168.0.178,53414,25565,51446,5806099,3,0,0x0018
12223,2026-08-15T10:14:40.945033000-0500,76.078074000,192.168.0.178,192.168.0.148,25565,53414,5806099,51449,0,0,0x0010
12224,2026-08-15T10:14:40.976413000-0500,76.109454000,192.168.0.178,192.168.0.148,25565,53414,5806099,51449,526,0,0x0018
12225,2026-08-15T10:14:40.993147000-0500,76.126188000,192.168.0.148,192.168.0.178,53414,25565,51449,5806625,36,0,0x0018
12226,2026-08-15T10:14:40.994022000-0500,76.127063000,192.168.0.148,192.168.0.178,53414,25565,51485,5806625,3,0,0x0018
12227,2026-08-15T10:14:40.996485000-0500,76.129526000,192.168.0.178,192.168.0.148,25565,53414,5806625,51488,0,0,0x0010
12228,2026-08-15T10:14:41.028748000-0500,76.161789000,192.168.0.178,192.168.0.148,25565,53414,5806625,51488,339,0,0x0018
12229,2026-08-15T10:14:41.044337000-0500,76.177378000,192.168.0.148,192.168.0.178,53414,25565,51488,5806964,36,0,0x0018
12230,2026-08-15T10:14:41.044360000-0500,76.177401000,192.168.0.148,192.168.0.178,53414,25565,51524,5806964,3,0,0x0018
12231,2026-08-15T10:14:41.046132000-0500,76.179173000,192.168.0.178,192.168.0.148,25565,53414,5806964,51527,0,0,0x0010
12232,2026-08-15T10:14:41.092232000-0500,76.225273000,192.168.0.178,192.168.0.148,25565,53414,5806964,51527,102,0,0x0018
12233,2026-08-15T10:14:41.092550000-0500,76.225591000,192.168.0.148,192.168.0.178,53414,25565,51527,5807066,36,0,0x0018
12234,2026-08-15T10:14:41.093404000-0500,76.226445000,192.168.0.148,192.168.0.178,53414,25565,51563,5807066,3,0,0x0018
12235,2026-08-15T10:14:41.093849000-0500,76.226890000,192.168.0.178,192.168.0.148,25565,53414,5807066,51566,0,0,0x0010
12236,2026-08-15T10:14:41.127705000-0500,76.260746000,192.168.0.178,192.168.0.148,25565,53414,5807066,51566,385,0,0x0018
12237,2026-08-15T10:14:41.127863000-0500,76.260904000,192.168.0.148,192.168.0.178,53414,25565,51566,5807451,11,0,0x0018
12238,2026-08-15T10:14:41.142846000-0500,76.275887000,192.168.0.148,192.168.0.178,53414,25565,51577,5807451,36,0,0x0018
12239,2026-08-15T10:14:41.143644000-0500,76.276685000,192.168.0.178,192.168.0.148,25565,53414,5807451,51613,0,0,0x0010
12240,2026-08-15T10:14:41.143868000-0500,76.276909000,192.168.0.148,192.168.0.178,53414,25565,51613,5807451,3,0,0x0018
12241,2026-08-15T10:14:41.177480000-0500,76.310521000,192.168.0.178,192.168.0.148,25565,53414,5807451,51616,184,0,0x0018
12242,2026-08-15T10:14:41.193694000-0500,76.326735000,192.168.0.148,192.168.0.178,53414,25565,51616,5807635,28,0,0x0018
12243,2026-08-15T10:14:41.194924000-0500,76.327965000,192.168.0.148,192.168.0.178,53414,25565,51644,5807635,3,0,0x0018
12244,2026-08-15T10:14:41.195614000-0500,76.328655000,192.168.0.178,192.168.0.148,25565,53414,5807635,51647,0,0,0x0010
12245,2026-08-15T10:14:41.227327000-0500,76.360368000,192.168.0.178,192.168.0.148,25565,53414,5807635,51647,420,0,0x0018
12246,2026-08-15T10:14:41.244173000-0500,76.377214000,192.168.0.148,192.168.0.178,53414,25565,51647,5808055,28,0,0x0018
12247,2026-08-15T10:14:41.245039000-0500,76.378080000,192.168.0.148,192.168.0.178,53414,25565,51675,5808055,3,0,0x0018
12248,2026-08-15T10:14:41.245697000-0500,76.378738000,192.168.0.178,192.168.0.148,25565,53414,5808055,51678,0,0,0x0010
12249,2026-08-15T10:14:41.277024000-0500,76.410065000,192.168.0.178,192.168.0.148,25565,53414,5808055,51678,335,0,0x0018
12250,2026-08-15T10:14:41.293512000-0500,76.426553000,192.168.0.148,192.168.0.178,53414,25565,51678,5808390,28,0,0x0018
12251,2026-08-15T10:14:41.295271000-0500,76.428312000,192.168.0.148,192.168.0.178,53414,25565,51706,5808390,3,0,0x0018
12252,2026-08-15T10:14:41.295868000-0500,76.428909000,192.168.0.178,192.168.0.148,25565,53414,5808390,51709,0,0,0x0010
12253,2026-08-15T10:14:41.327644000-0500,76.460685000,192.168.0.178,192.168.0.148,25565,53414,5808390,51709,211,0,0x0018
12254,2026-08-15T10:14:41.343473000-0500,76.476514000,192.168.0.148,192.168.0.178,53414,25565,51709,5808601,36,0,0x0018
12255,2026-08-15T10:14:41.344540000-0500,76.477581000,192.168.0.178,192.168.0.148,25565,53414,5808601,51745,11,0,0x0018
12256,2026-08-15T10:14:41.344540000-0500,76.477581000,192.168.0.178,192.168.0.148,25565,53414,5808612,51745,11,0,0x0018
12257,2026-08-15T10:14:41.344540000-0500,76.477581000,192.168.0.178,192.168.0.148,25565,53414,5808623,51745,11,0,0x0018
12258,2026-08-15T10:14:41.344540000-0500,76.477581000,192.168.0.178,192.168.0.148,25565,53414,5808634,51745,22,0,0x0018
12259,2026-08-15T10:14:41.344540000-0500,76.477581000,192.168.0.178,192.168.0.148,25565,53414,5808656,51745,11,0,0x0018
12260,2026-08-15T10:14:41.344550000-0500,76.477591000,192.168.0.148,192.168.0.178,53414,25565,51745,5808601,3,0,0x0018
12261,2026-08-15T10:14:41.344614000-0500,76.477655000,192.168.0.148,192.168.0.178,53414,25565,51748,5808667,0,0,0x0010
12262,2026-08-15T10:14:41.344684000-0500,76.477725000,192.168.0.178,192.168.0.148,25565,53414,5808667,51745,22,0,0x0018
12263,2026-08-15T10:14:41.344684000-0500,76.477725000,192.168.0.178,192.168.0.148,25565,53414,5808689,51745,22,0,0x0018
12264,2026-08-15T10:14:41.344684000-0500,76.477725000,192.168.0.178,192.168.0.148,25565,53414,5808711,51745,11,0,0x0018
12265,2026-08-15T10:14:41.344684000-0500,76.477725000,192.168.0.178,192.168.0.148,25565,53414,5808722,51745,11,0,0x0018
12266,2026-08-15T10:14:41.344701000-0500,76.477742000,192.168.0.148,192.168.0.178,53414,25565,51748,5808733,0,0,0x0010
12267,2026-08-15T10:14:41.344759000-0500,76.477800000,192.168.0.178,192.168.0.148,25565,53414,5808733,51745,22,0,0x0018
12268,2026-08-15T10:14:41.344759000-0500,76.477800000,192.168.0.178,192.168.0.148,25565,53414,5808755,51745,24,0,0x0018
12269,2026-08-15T10:14:41.344771000-0500,76.477812000,192.168.0.148,192.168.0.178,53414,25565,51748,5808779,0,0,0x0010
12270,2026-08-15T10:14:41.377457000-0500,76.510498000,192.168.0.178,192.168.0.148,25565,53414,5808779,51748,90,0,0x0018
12271,2026-08-15T10:14:41.377527000-0500,76.510568000,192.168.0.148,192.168.0.178,53414,25565,51748,5808869,0,0,0x0010
12272,2026-08-15T10:14:41.393898000-0500,76.526939000,192.168.0.148,192.168.0.178,53414,25565,51748,5808869,36,0,0x0018
12273,2026-08-15T10:14:41.395121000-0500,76.528162000,192.168.0.148,192.168.0.178,53414,25565,51784,5808869,3,0,0x0018
12274,2026-08-15T10:14:41.395804000-0500,76.528845000,192.168.0.178,192.168.0.148,25565,53414,5808869,51787,0,0,0x0010
12275,2026-08-15T10:14:41.427427000-0500,76.560468000,192.168.0.178,192.168.0.148,25565,53414,5808869,51787,471,0,0x0018
12276,2026-08-15T10:14:41.443530000-0500,76.576571000,192.168.0.148,192.168.0.178,53414,25565,51787,5809340,28,0,0x0018
12277,2026-08-15T10:14:41.444855000-0500,76.577896000,192.168.0.148,192.168.0.178,53414,25565,51815,5809340,3,0,0x0018
12278,2026-08-15T10:14:41.445530000-0500,76.578571000,192.168.0.178,192.168.0.148,25565,53414,5809340,51818,0,0,0x0010
12279,2026-08-15T10:14:41.478768000-0500,76.611809000,192.168.0.178,192.168.0.148,25565,53414,5809340,51818,1460,0,0x0010
12280,2026-08-15T10:14:41.478768000-0500,76.611809000,192.168.0.178,192.168.0.148,25565,53414,5810800,51818,1460,0,0x0010
12281,2026-08-15T10:14:41.478812000-0500,76.611853000,192.168.0.148,192.168.0.178,53414,25565,51818,5812260,0,0,0x0010
12282,2026-08-15T10:14:41.478840000-0500,76.611881000,192.168.0.178,192.168.0.148,25565,53414,5812260,51818,1460,0,0x0010
12283,2026-08-15T10:14:41.478969000-0500,76.612010000,192.168.0.178,192.168.0.148,25565,53414,5813720,51818,1460,0,0x0010
12284,2026-08-15T10:14:41.478983000-0500,76.612024000,192.168.0.148,192.168.0.178,53414,25565,51818,5815180,0,0,0x0010
12285,2026-08-15T10:14:41.479045000-0500,76.612086000,192.168.0.178,192.168.0.148,25565,53414,5815180,51818,1460,0,0x0010
12286,2026-08-15T10:14:41.479299000-0500,76.612340000,192.168.0.178,192.168.0.148,25565,53414,5816640,51818,1460,0,0x0010
12287,2026-08-15T10:14:41.479299000-0500,76.612340000,192.168.0.178,192.168.0.148,25565,53414,5818100,51818,1460,0,0x0010
12288,2026-08-15T10:14:41.479320000-0500,76.612361000,192.168.0.148,192.168.0.178,53414,25565,51818,5819560,0,0,0x0010
12289,2026-08-15T10:14:41.479526000-0500,76.612567000,192.168.0.178,192.168.0.148,25565,53414,5819560,51818,1460,0,0x0010
12290,2026-08-15T10:14:41.479549000-0500,76.612590000,192.168.0.148,192.168.0.178,53414,25565,51818,5821020,0,0,0x0010
12291,2026-08-15T10:14:41.479599000-0500,76.612640000,192.168.0.178,192.168.0.148,25565,53414,5821020,51818,1460,0,0x0018
12292,2026-08-15T10:14:41.479770000-0500,76.612811000,192.168.0.178,192.168.0.148,25565,53414,5822480,51818,1460,0,0x0010
12293,2026-08-15T10:14:41.479770000-0500,76.612811000,192.168.0.178,192.168.0.148,25565,53414,5823940,51818,888,0,0x0018
12294,2026-08-15T10:14:41.479793000-0500,76.612834000,192.168.0.148,192.168.0.178,53414,25565,51818,5824828,0,0,0x0010
12295,2026-08-15T10:14:41.492961000-0500,76.626002000,192.168.0.148,192.168.0.178,53414,25565,51818,5824828,28,0,0x0018
12296,2026-08-15T10:14:41.493606000-0500,76.626647000,192.168.0.148,192.168.0.178,53414,25565,51846,5824828,3,0,0x0018
12297,2026-08-15T10:14:41.493897000-0500,76.626938000,192.168.0.178,192.168.0.148,25565,53414,5824828,51846,46,0,0x0018
12298,2026-08-15T10:14:41.528811000-0500,76.661852000,192.168.0.178,192.168.0.148,25565,53414,5824874,51849,1460,0,0x0010
12299,2026-08-15T10:14:41.528886000-0500,76.661927000,192.168.0.148,192.168.0.178,53414,25565,51849,5826334,0,0,0x0010
12300,2026-08-15T10:14:41.529042000-0500,76.662083000,192.168.0.178,192.168.0.148,25565,53414,5826334,51849,1460,0,0x0010
12301,2026-08-15T10:14:41.529042000-0500,76.662083000,192.168.0.178,192.168.0.148,25565,53414,5827794,51849,1460,0,0x0010
12302,2026-08-15T10:14:41.529061000-0500,76.662102000,192.168.0.148,192.168.0.178,53414,25565,51849,5829254,0,0,0x0010
12303,2026-08-15T10:14:41.529183000-0500,76.662224000,192.168.0.178,192.168.0.148,25565,53414,5829254,51849,1460,0,0x0010
12304,2026-08-15T10:14:41.529220000-0500,76.662261000,192.168.0.178,192.168.0.148,25565,53414,5830714,51849,1460,0,0x0010
12305,2026-08-15T10:14:41.529226000-0500,76.662267000,192.168.0.148,192.168.0.178,53414,25565,51849,5832174,0,0,0x0010
12306,2026-08-15T10:14:41.529445000-0500,76.662486000,192.168.0.178,192.168.0.148,25565,53414,5832174,51849,1460,0,0x0010
12307,2026-08-15T10:14:41.529445000-0500,76.662486000,192.168.0.178,192.168.0.148,25565,53414,5833634,51849,1460,0,0x0010
12308,2026-08-15T10:14:41.529481000-0500,76.662522000,192.168.0.148,192.168.0.178,53414,25565,51849,5835094,0,0,0x0010
12309,2026-08-15T10:14:41.529685000-0500,76.662726000,192.168.0.178,192.168.0.148,25565,53414,5835094,51849,1460,0,0x0010
12310,2026-08-15T10:14:41.529685000-0500,76.662726000,192.168.0.178,192.168.0.148,25565,53414,5836554,51849,1460,0,0x0018
12311,2026-08-15T10:14:41.529750000-0500,76.662791000,192.168.0.148,192.168.0.178,53414,25565,51849,5838014,0,0,0x0010
12312,2026-08-15T10:14:41.529821000-0500,76.662862000,192.168.0.178,192.168.0.148,25565,53414,5838014,51849,1460,0,0x0010
12313,2026-08-15T10:14:41.530058000-0500,76.663099000,192.168.0.178,192.168.0.148,25565,53414,5839474,51849,1460,0,0x0010
12314,2026-08-15T10:14:41.530058000-0500,76.663099000,192.168.0.178,192.168.0.148,25565,53414,5840934,51849,1460,0,0x0010
12315,2026-08-15T10:14:41.530095000-0500,76.663136000,192.168.0.148,192.168.0.178,53414,25565,51849,5842394,0,0,0x0010
12316,2026-08-15T10:14:41.530328000-0500,76.663369000,192.168.0.178,192.168.0.148,25565,53414,5842394,51849,1460,0,0x0010
12317,2026-08-15T10:14:41.530328000-0500,76.663369000,192.168.0.178,192.168.0.148,25565,53414,5843854,51849,1460,0,0x0010
12318,2026-08-15T10:14:41.530328000-0500,76.663369000,192.168.0.178,192.168.0.148,25565,53414,5845314,51849,247,0,0x0018
12319,2026-08-15T10:14:41.530365000-0500,76.663406000,192.168.0.148,192.168.0.178,53414,25565,51849,5845561,0,0,0x0010
12320,2026-08-15T10:14:41.544388000-0500,76.677429000,192.168.0.148,192.168.0.178,53414,25565,51849,5845561,28,0,0x0018
12321,2026-08-15T10:14:41.545476000-0500,76.678517000,192.168.0.148,192.168.0.178,53414,25565,51877,5845561,3,0,0x0018
12322,2026-08-15T10:14:41.546080000-0500,76.679121000,192.168.0.178,192.168.0.148,25565,53414,5845561,51880,0,0,0x0010
12323,2026-08-15T10:14:41.577113000-0500,76.710154000,192.168.0.178,192.168.0.148,25565,53414,5845561,51880,1460,0,0x0010
12324,2026-08-15T10:14:41.577113000-0500,76.710154000,192.168.0.178,192.168.0.148,25565,53414,5847021,51880,1460,0,0x0010
12325,2026-08-15T10:14:41.577185000-0500,76.710226000,192.168.0.148,192.168.0.178,53414,25565,51880,5848481,0,0,0x0010
12326,2026-08-15T10:14:41.577236000-0500,76.710277000,192.168.0.178,192.168.0.148,25565,53414,5848481,51880,1460,0,0x0010
12327,2026-08-15T10:14:41.577236000-0500,76.710277000,192.168.0.178,192.168.0.148,25565,53414,5849941,51880,142,0,0x0018
12328,2026-08-15T10:14:41.577250000-0500,76.710291000,192.168.0.148,192.168.0.178,53414,25565,51880,5850083,0,0,0x0010
12329,2026-08-15T10:14:41.593860000-0500,76.726901000,192.168.0.148,192.168.0.178,53414,25565,51880,5850083,28,0,0x0018
12330,2026-08-15T10:14:41.595106000-0500,76.728147000,192.168.0.148,192.168.0.178,53414,25565,51908,5850083,3,0,0x0018
12331,2026-08-15T10:14:41.595838000-0500,76.728879000,192.168.0.178,192.168.0.148,25565,53414,5850083,51911,0,0,0x0010
12332,2026-08-15T10:14:41.626550000-0500,76.759591000,192.168.0.178,192.168.0.148,25565,53414,5850083,51911,179,0,0x0018
12333,2026-08-15T10:14:41.643329000-0500,76.776370000,192.168.0.148,192.168.0.178,53414,25565,51911,5850262,28,0,0x0018
12334,2026-08-15T10:14:41.644520000-0500,76.777561000,192.168.0.148,192.168.0.178,53414,25565,51939,5850262,3,0,0x0018
12335,2026-08-15T10:14:41.645268000-0500,76.778309000,192.168.0.178,192.168.0.148,25565,53414,5850262,51942,0,0,0x0010
12336,2026-08-15T10:14:41.677357000-0500,76.810398000,192.168.0.178,192.168.0.148,25565,53414,5850262,51942,1034,0,0x0018
12337,2026-08-15T10:14:41.694919000-0500,76.827960000,192.168.0.148,192.168.0.178,53414,25565,51942,5851296,28,0,0x0018
12338,2026-08-15T10:14:41.696243000-0500,76.829284000,192.168.0.148,192.168.0.178,53414,25565,51970,5851296,3,0,0x0018
12339,2026-08-15T10:14:41.697038000-0500,76.830079000,192.168.0.178,192.168.0.148,25565,53414,5851296,51973,0,0,0x0010
12340,2026-08-15T10:14:41.726880000-0500,76.859921000,192.168.0.178,192.168.0.148,25565,53414,5851296,51973,405,0,0x0018
12341,2026-08-15T10:14:41.743625000-0500,76.876666000,192.168.0.148,192.168.0.178,53414,25565,51973,5851701,28,0,0x0018
12342,2026-08-15T10:14:41.745016000-0500,76.878057000,192.168.0.148,192.168.0.178,53414,25565,52001,5851701,3,0,0x0018
12343,2026-08-15T10:14:41.745725000-0500,76.878766000,192.168.0.178,192.168.0.148,25565,53414,5851701,52004,0,0,0x0010
12344,2026-08-15T10:14:41.778701000-0500,76.911742000,192.168.0.178,192.168.0.148,25565,53414,5851701,52004,173,0,0x0018
12345,2026-08-15T10:14:41.794315000-0500,76.927356000,192.168.0.148,192.168.0.178,53414,25565,52004,5851874,28,0,0x0018
12346,2026-08-15T10:14:41.795344000-0500,76.928385000,192.168.0.148,192.168.0.178,53414,25565,52032,5851874,3,0,0x0018
12347,2026-08-15T10:14:41.796101000-0500,76.929142000,192.168.0.178,192.168.0.148,25565,53414,5851874,52035,0,0,0x0010
12348,2026-08-15T10:14:41.827197000-0500,76.960238000,192.168.0.178,192.168.0.148,25565,53414,5851874,52035,72,0,0x0018
12349,2026-08-15T10:14:41.843060000-0500,76.976101000,192.168.0.148,192.168.0.178,53414,25565,52035,5851946,28,0,0x0018
12350,2026-08-15T10:14:41.844145000-0500,76.977186000,192.168.0.148,192.168.0.178,53414,25565,52063,5851946,3,0,0x0018
12351,2026-08-15T10:14:41.844690000-0500,76.977731000,192.168.0.178,192.168.0.148,25565,53414,5851946,52066,0,0,0x0010
12352,2026-08-15T10:14:41.877247000-0500,77.010288000,192.168.0.178,192.168.0.148,25565,53414,5851946,52066,307,0,0x0018
12353,2026-08-15T10:14:41.893561000-0500,77.026602000,192.168.0.148,192.168.0.178,53414,25565,52066,5852253,4,0,0x0018
12354,2026-08-15T10:14:41.893599000-0500,77.026640000,192.168.0.148,192.168.0.178,53414,25565,52070,5852253,28,0,0x0018
12355,2026-08-15T10:14:41.894371000-0500,77.027412000,192.168.0.178,192.168.0.148,25565,53414,5852253,52098,0,0,0x0010
12356,2026-08-15T10:14:41.894851000-0500,77.027892000,192.168.0.148,192.168.0.178,53414,25565,52098,5852253,3,0,0x0018
12357,2026-08-15T10:14:41.927722000-0500,77.060763000,192.168.0.178,192.168.0.148,25565,53414,5852253,52101,227,0,0x0018
12358,2026-08-15T10:14:41.943425000-0500,77.076466000,192.168.0.148,192.168.0.178,53414,25565,52101,5852480,28,0,0x0018
12359,2026-08-15T10:14:41.944780000-0500,77.077821000,192.168.0.148,192.168.0.178,53414,25565,52129,5852480,3,0,0x0018
12360,2026-08-15T10:14:41.945498000-0500,77.078539000,192.168.0.178,192.168.0.148,25565,53414,5852480,52132,0,0,0x0010
12361,2026-08-15T10:14:41.977747000-0500,77.110788000,192.168.0.178,192.168.0.148,25565,53414,5852480,52132,325,0,0x0018
12362,2026-08-15T10:14:41.995063000-0500,77.128104000,192.168.0.148,192.168.0.178,53414,25565,52132,5852805,28,0,0x0018
12363,2026-08-15T10:14:41.995833000-0500,77.128874000,192.168.0.148,192.168.0.178,53414,25565,52160,5852805,3,0,0x0018
12364,2026-08-15T10:14:41.996663000-0500,77.129704000,192.168.0.178,192.168.0.148,25565,53414,5852805,52163,0,0,0x0010
12365,2026-08-15T10:14:42.027170000-0500,77.160211000,192.168.0.178,192.168.0.148,25565,53414,5852805,52163,293,0,0x0018
12366,2026-08-15T10:14:42.043643000-0500,77.176684000,192.168.0.148,192.168.0.178,53414,25565,52163,5853098,28,0,0x0018
12367,2026-08-15T10:14:42.044838000-0500,77.177879000,192.168.0.148,192.168.0.178,53414,25565,52191,5853098,3,0,0x0018
12368,2026-08-15T10:14:42.045612000-0500,77.178653000,192.168.0.178,192.168.0.148,25565,53414,5853098,52194,0,0,0x0010
12369,2026-08-15T10:14:42.077744000-0500,77.210785000,192.168.0.178,192.168.0.148,25565,53414,5853098,52194,253,0,0x0018
12370,2026-08-15T10:14:42.093307000-0500,77.226348000,192.168.0.148,192.168.0.178,53414,25565,52194,5853351,4,0,0x0018
12371,2026-08-15T10:14:42.093334000-0500,77.226375000,192.168.0.148,192.168.0.178,53414,25565,52198,5853351,28,0,0x0018
12372,2026-08-15T10:14:42.094035000-0500,77.227076000,192.168.0.178,192.168.0.148,25565,53414,5853351,52226,0,0,0x0010
12373,2026-08-15T10:14:42.094166000-0500,77.227207000,192.168.0.148,192.168.0.178,53414,25565,52226,5853351,3,0,0x0018
12374,2026-08-15T10:14:42.128710000-0500,77.261751000,192.168.0.178,192.168.0.148,25565,53414,5853351,52229,1460,0,0x0010
12375,2026-08-15T10:14:42.128710000-0500,77.261751000,192.168.0.178,192.168.0.148,25565,53414,5854811,52229,1460,0,0x0010
12376,2026-08-15T10:14:42.128814000-0500,77.261855000,192.168.0.148,192.168.0.178,53414,25565,52229,5856271,0,0,0x0010
12377,2026-08-15T10:14:42.128876000-0500,77.261917000,192.168.0.178,192.168.0.148,25565,53414,5856271,52229,1460,0,0x0010
12378,2026-08-15T10:14:42.128933000-0500,77.261974000,192.168.0.178,192.168.0.148,25565,53414,5857731,52229,1460,0,0x0010
12379,2026-08-15T10:14:42.128944000-0500,77.261985000,192.168.0.148,192.168.0.178,53414,25565,52229,5859191,0,0,0x0010
12380,2026-08-15T10:14:42.129178000-0500,77.262219000,192.168.0.178,192.168.0.148,25565,53414,5859191,52229,1460,0,0x0010
12381,2026-08-15T10:14:42.129178000-0500,77.262219000,192.168.0.178,192.168.0.148,25565,53414,5860651,52229,1460,0,0x0010
12382,2026-08-15T10:14:42.129223000-0500,77.262264000,192.168.0.148,192.168.0.178,53414,25565,52229,5862111,0,0,0x0010
12383,2026-08-15T10:14:42.129270000-0500,77.262311000,192.168.0.178,192.168.0.148,25565,53414,5862111,52229,1460,0,0x0010
12384,2026-08-15T10:14:42.129533000-0500,77.262574000,192.168.0.178,192.168.0.148,25565,53414,5863571,52229,1460,0,0x0010
12385,2026-08-15T10:14:42.129533000-0500,77.262574000,192.168.0.178,192.168.0.148,25565,53414,5865031,52229,1460,0,0x0018
12386,2026-08-15T10:14:42.129580000-0500,77.262621000,192.168.0.148,192.168.0.178,53414,25565,52229,5866491,0,0,0x0010
12387,2026-08-15T10:14:42.129641000-0500,77.262682000,192.168.0.178,192.168.0.148,25565,53414,5866491,52229,1460,0,0x0010
12388,2026-08-15T10:14:42.129658000-0500,77.262699000,192.168.0.148,192.168.0.178,53414,25565,52229,5867951,0,0,0x0010
12389,2026-08-15T10:14:42.129897000-0500,77.262938000,192.168.0.178,192.168.0.148,25565,53414,5867951,52229,1460,0,0x0010
12390,2026-08-15T10:14:42.129897000-0500,77.262938000,192.168.0.178,192.168.0.148,25565,53414,5869411,52229,1460,0,0x0010
12391,2026-08-15T10:14:42.129942000-0500,77.262983000,192.168.0.148,192.168.0.178,53414,25565,52229,5870871,0,0,0x0010
12392,2026-08-15T10:14:42.130008000-0500,77.263049000,192.168.0.178,192.168.0.148,25565,53414,5870871,52229,1460,0,0x0010
12393,2026-08-15T10:14:42.130062000-0500,77.263103000,192.168.0.178,192.168.0.148,25565,53414,5872331,52229,345,0,0x0018
12394,2026-08-15T10:14:42.130073000-0500,77.263114000,192.168.0.148,192.168.0.178,53414,25565,52229,5872676,0,0,0x0010
12395,2026-08-15T10:14:42.130359000-0500,77.263400000,192.168.0.148,192.168.0.178,53414,25565,52229,5872676,11,0,0x0018
12396,2026-08-15T10:14:42.143982000-0500,77.277023000,192.168.0.148,192.168.0.178,53414,25565,52240,5872676,28,0,0x0018
12397,2026-08-15T10:14:42.144872000-0500,77.277913000,192.168.0.178,192.168.0.148,25565,53414,5872676,52268,0,0,0x0010
12398,2026-08-15T10:14:42.145324000-0500,77.278365000,192.168.0.148,192.168.0.178,53414,25565,52268,5872676,3,0,0x0018
12399,2026-08-15T10:14:42.177707000-0500,77.310748000,192.168.0.178,192.168.0.148,25565,53414,5872676,52271,1460,0,0x0010
12400,2026-08-15T10:14:42.177707000-0500,77.310748000,192.168.0.178,192.168.0.148,25565,53414,5874136,52271,1460,0,0x0010
12401,2026-08-15T10:14:42.177783000-0500,77.310824000,192.168.0.148,192.168.0.178,53414,25565,52271,5875596,0,0,0x0010
12402,2026-08-15T10:14:42.177847000-0500,77.310888000,192.168.0.178,192.168.0.148,25565,53414,5875596,52271,1460,0,0x0010
12403,2026-08-15T10:14:42.177847000-0500,77.310888000,192.168.0.178,192.168.0.148,25565,53414,5877056,52271,380,0,0x0018
12404,2026-08-15T10:14:42.177861000-0500,77.310902000,192.168.0.148,192.168.0.178,53414,25565,52271,5877436,0,0,0x0010
12405,2026-08-15T10:14:42.194002000-0500,77.327043000,192.168.0.148,192.168.0.178,53414,25565,52271,5877436,36,0,0x0018
12406,2026-08-15T10:14:42.195342000-0500,77.328383000,192.168.0.148,192.168.0.178,53414,25565,52307,5877436,3,0,0x0018
12407,2026-08-15T10:14:42.196010000-0500,77.329051000,192.168.0.178,192.168.0.148,25565,53414,5877436,52310,0,0,0x0010
12408,2026-08-15T10:14:42.226937000-0500,77.359978000,192.168.0.178,192.168.0.148,25565,53414,5877436,52310,207,0,0x0018
12409,2026-08-15T10:14:42.243701000-0500,77.376742000,192.168.0.148,192.168.0.178,53414,25565,52310,5877643,36,0,0x0018
12410,2026-08-15T10:14:42.245040000-0500,77.378081000,192.168.0.148,192.168.0.178,53414,25565,52346,5877643,3,0,0x0018
12411,2026-08-15T10:14:42.245841000-0500,77.378882000,192.168.0.178,192.168.0.148,25565,53414,5877643,52349,0,0,0x0010
12412,2026-08-15T10:14:42.277568000-0500,77.410609000,192.168.0.178,192.168.0.148,25565,53414,5877643,52349,91,0,0x0018
12413,2026-08-15T10:14:42.294016000-0500,77.427057000,192.168.0.148,192.168.0.178,53414,25565,52349,5877734,4,0,0x0018
12414,2026-08-15T10:14:42.294049000-0500,77.427090000,192.168.0.148,192.168.0.178,53414,25565,52353,5877734,36,0,0x0018
12415,2026-08-15T10:14:42.294769000-0500,77.427810000,192.168.0.178,192.168.0.148,25565,53414,5877734,52389,0,0,0x0010
12416,2026-08-15T10:14:42.295182000-0500,77.428223000,192.168.0.148,192.168.0.178,53414,25565,52389,5877734,3,0,0x0018
12417,2026-08-15T10:14:42.327289000-0500,77.460330000,192.168.0.178,192.168.0.148,25565,53414,5877734,52392,513,0,0x0018
12418,2026-08-15T10:14:42.343572000-0500,77.476613000,192.168.0.148,192.168.0.178,53414,25565,52392,5878247,36,0,0x0018
12419,2026-08-15T10:14:42.344776000-0500,77.477817000,192.168.0.148,192.168.0.178,53414,25565,52428,5878247,3,0,0x0018
12420,2026-08-15T10:14:42.345467000-0500,77.478508000,192.168.0.178,192.168.0.148,25565,53414,5878247,52431,0,0,0x0010
12421,2026-08-15T10:14:42.377660000-0500,77.510701000,192.168.0.178,192.168.0.148,25565,53414,5878247,52431,215,0,0x0018
12422,2026-08-15T10:14:42.392785000-0500,77.525826000,192.168.0.148,192.168.0.178,53414,25565,52431,5878462,36,0,0x0018
12423,2026-08-15T10:14:42.393373000-0500,77.526414000,192.168.0.148,192.168.0.178,53414,25565,52467,5878462,3,0,0x0018
12424,2026-08-15T10:14:42.394010000-0500,77.527051000,192.168.0.178,192.168.0.148,25565,53414,5878462,52470,0,0,0x0010
12425,2026-08-15T10:14:42.427834000-0500,77.560875000,192.168.0.178,192.168.0.148,25565,53414,5878462,52470,241,0,0x0018
12426,2026-08-15T10:14:42.442305000-0500,77.575346000,192.168.0.148,192.168.0.178,53414,25565,52470,5878703,36,0,0x0018
12427,2026-08-15T10:14:42.443029000-0500,77.576070000,192.168.0.148,192.168.0.178,53414,25565,52506,5878703,3,0,0x0018
12428,2026-08-15T10:14:42.443866000-0500,77.576907000,192.168.0.178,192.168.0.148,25565,53414,5878703,52509,0,0,0x0010
12429,2026-08-15T10:14:42.477997000-0500,77.611038000,192.168.0.178,192.168.0.148,25565,53414,5878703,52509,405,0,0x0018
12430,2026-08-15T10:14:42.493842000-0500,77.626883000,192.168.0.148,192.168.0.178,53414,25565,52509,5879108,36,0,0x0018
12431,2026-08-15T10:14:42.494884000-0500,77.627925000,192.168.0.148,192.168.0.178,53414,25565,52545,5879108,3,0,0x0018
12432,2026-08-15T10:14:42.495713000-0500,77.628754000,192.168.0.178,192.168.0.148,25565,53414,5879108,52548,0,0,0x0010
12433,2026-08-15T10:14:42.527592000-0500,77.660633000,192.168.0.178,192.168.0.148,25565,53414,5879108,52548,246,0,0x0018
12434,2026-08-15T10:14:42.543310000-0500,77.676351000,192.168.0.148,192.168.0.178,53414,25565,52548,5879354,36,0,0x0018
12435,2026-08-15T10:14:42.544387000-0500,77.677428000,192.168.0.148,192.168.0.178,53414,25565,52584,5879354,3,0,0x0018
12436,2026-08-15T10:14:42.545114000-0500,77.678155000,192.168.0.178,192.168.0.148,25565,53414,5879354,52587,0,0,0x0010
12437,2026-08-15T10:14:42.577215000-0500,77.710256000,192.168.0.178,192.168.0.148,25565,53414,5879354,52587,60,0,0x0018
12438,2026-08-15T10:14:42.593456000-0500,77.726497000,192.168.0.148,192.168.0.178,53414,25565,52587,5879414,28,0,0x0018
12439,2026-08-15T10:14:42.594699000-0500,77.727740000,192.168.0.148,192.168.0.178,53414,25565,52615,5879414,3,0,0x0018
12440,2026-08-15T10:14:42.595557000-0500,77.728598000,192.168.0.178,192.168.0.148,25565,53414,5879414,52618,0,0,0x0010
12441,2026-08-15T10:14:42.626548000-0500,77.759589000,192.168.0.178,192.168.0.148,25565,53414,5879414,52618,279,0,0x0018
12442,2026-08-15T10:14:42.643389000-0500,77.776430000,192.168.0.148,192.168.0.178,53414,25565,52618,5879693,28,0,0x0018
12443,2026-08-15T10:14:42.644659000-0500,77.777700000,192.168.0.148,192.168.0.178,53414,25565,52646,5879693,3,0,0x0018
12444,2026-08-15T10:14:42.667044000-0500,77.800085000,192.168.0.178,192.168.0.148,25565,53414,5879693,52649,0,0,0x0010
12445,2026-08-15T10:14:42.679863000-0500,77.812904000,192.168.0.178,192.168.0.148,25565,53414,5879693,52649,144,0,0x0018
12446,2026-08-15T10:14:42.693134000-0500,77.826175000,192.168.0.148,192.168.0.178,53414,25565,52649,5879837,28,0,0x0018
12447,2026-08-15T10:14:42.694101000-0500,77.827142000,192.168.0.148,192.168.0.178,53414,25565,52677,5879837,3,0,0x0018
12448,2026-08-15T10:14:42.694774000-0500,77.827815000,192.168.0.178,192.168.0.148,25565,53414,5879837,52680,0,0,0x0010
12449,2026-08-15T10:14:42.727824000-0500,77.860865000,192.168.0.178,192.168.0.148,25565,53414,5879837,52680,133,0,0x0018
12450,2026-08-15T10:14:42.743449000-0500,77.876490000,192.168.0.148,192.168.0.178,53414,25565,52680,5879970,28,0,0x0018
12451,2026-08-15T10:14:42.744839000-0500,77.877880000,192.168.0.148,192.168.0.178,53414,25565,52708,5879970,3,0,0x0018
12452,2026-08-15T10:14:42.745278000-0500,77.878319000,192.168.0.178,192.168.0.148,25565,53414,5879970,52711,0,0,0x0010
12453,2026-08-15T10:14:42.777915000-0500,77.910956000,192.168.0.178,192.168.0.148,25565,53414,5879970,52711,298,0,0x0018
12454,2026-08-15T10:14:42.793574000-0500,77.926615000,192.168.0.148,192.168.0.178,53414,25565,52711,5880268,28,0,0x0018
12455,2026-08-15T10:14:42.794841000-0500,77.927882000,192.168.0.148,192.168.0.178,53414,25565,52739,5880268,3,0,0x0018
12456,2026-08-15T10:14:42.795629000-0500,77.928670000,192.168.0.178,192.168.0.148,25565,53414,5880268,52742,0,0,0x0010
12457,2026-08-15T10:14:42.828874000-0500,77.961915000,192.168.0.178,192.168.0.148,25565,53414,5880268,52742,296,0,0x0018
12458,2026-08-15T10:14:42.843548000-0500,77.976589000,192.168.0.148,192.168.0.178,53414,25565,52742,5880564,36,0,0x0018
12459,2026-08-15T10:14:42.844513000-0500,77.977554000,192.168.0.148,192.168.0.178,53414,25565,52778,5880564,3,0,0x0018
12460,2026-08-15T10:14:42.845180000-0500,77.978221000,192.168.0.178,192.168.0.148,25565,53414,5880564,52781,0,0,0x0010
12461,2026-08-15T10:14:42.879257000-0500,78.012298000,192.168.0.178,192.168.0.148,25565,53414,5880564,52781,108,0,0x0018
12462,2026-08-15T10:14:42.893908000-0500,78.026949000,192.168.0.148,192.168.0.178,53414,25565,52781,5880672,36,0,0x0018
12463,2026-08-15T10:14:42.895051000-0500,78.028092000,192.168.0.148,192.168.0.178,53414,25565,52817,5880672,3,0,0x0018
12464,2026-08-15T10:14:42.895897000-0500,78.028938000,192.168.0.178,192.168.0.148,25565,53414,5880672,52820,0,0,0x0010
12465,2026-08-15T10:14:42.928860000-0500,78.061901000,192.168.0.178,192.168.0.148,25565,53414,5880672,52820,267,0,0x0018
12466,2026-08-15T10:14:42.942844000-0500,78.075885000,192.168.0.148,192.168.0.178,53414,25565,52820,5880939,36,0,0x0018
12467,2026-08-15T10:14:42.943642000-0500,78.076683000,192.168.0.148,192.168.0.178,53414,25565,52856,5880939,3,0,0x0018
12468,2026-08-15T10:14:42.943927000-0500,78.076968000,192.168.0.178,192.168.0.148,25565,53414,5880939,52856,11,0,0x0018
12469,2026-08-15T10:14:42.943927000-0500,78.076968000,192.168.0.178,192.168.0.148,25565,53414,5880950,52856,11,0,0x0018
12470,2026-08-15T10:14:42.943927000-0500,78.076968000,192.168.0.178,192.168.0.148,25565,53414,5880961,52856,22,0,0x0018
12471,2026-08-15T10:14:42.943957000-0500,78.076998000,192.168.0.148,192.168.0.178,53414,25565,52859,5880983,0,0,0x0010
12472,2026-08-15T10:14:42.943993000-0500,78.077034000,192.168.0.178,192.168.0.148,25565,53414,5880983,52856,33,0,0x0018
12473,2026-08-15T10:14:42.943993000-0500,78.077034000,192.168.0.178,192.168.0.148,25565,53414,5881016,52856,11,0,0x0018
12474,2026-08-15T10:14:42.943993000-0500,78.077034000,192.168.0.178,192.168.0.148,25565,53414,5881027,52856,22,0,0x0018
12475,2026-08-15T10:14:42.944005000-0500,78.077046000,192.168.0.148,192.168.0.178,53414,25565,52859,5881049,0,0,0x0010
12476,2026-08-15T10:14:42.944010000-0500,78.077051000,192.168.0.178,192.168.0.148,25565,53414,5881049,52856,11,0,0x0018
12477,2026-08-15T10:14:42.944028000-0500,78.077069000,192.168.0.178,192.168.0.148,25565,53414,5881060,52859,22,0,0x0018
12478,2026-08-15T10:14:42.944032000-0500,78.077073000,192.168.0.148,192.168.0.178,53414,25565,52859,5881082,0,0,0x0010
12479,2026-08-15T10:14:42.944047000-0500,78.077088000,192.168.0.178,192.168.0.148,25565,53414,5881082,52859,11,0,0x0018
12480,2026-08-15T10:14:42.944058000-0500,78.077099000,192.168.0.178,192.168.0.148,25565,53414,5881093,52859,22,0,0x0018
12481,2026-08-15T10:14:42.944061000-0500,78.077102000,192.168.0.148,192.168.0.178,53414,25565,52859,5881115,0,0,0x0010
12482,2026-08-15T10:14:42.944290000-0500,78.077331000,192.168.0.178,192.168.0.148,25565,53414,5881115,52859,24,0,0x0018
12483,2026-08-15T10:14:42.977047000-0500,78.110088000,192.168.0.178,192.168.0.148,25565,53414,5881139,52859,357,0,0x0018
12484,2026-08-15T10:14:42.977110000-0500,78.110151000,192.168.0.148,192.168.0.178,53414,25565,52859,5881496,0,0,0x0010
12485,2026-08-15T10:14:42.993334000-0500,78.126375000,192.168.0.148,192.168.0.178,53414,25565,52859,5881496,36,0,0x0018
12486,2026-08-15T10:14:42.994304000-0500,78.127345000,192.168.0.148,192.168.0.178,53414,25565,52895,5881496,3,0,0x0018
12487,2026-08-15T10:14:42.994393000-0500,78.127434000,192.168.0.178,192.168.0.148,25565,53414,5881496,52895,46,0,0x0018
12488,2026-08-15T10:14:43.032647000-0500,78.165688000,192.168.0.178,192.168.0.148,25565,53414,5881542,52898,278,0,0x0018
12489,2026-08-15T10:14:43.032688000-0500,78.165729000,192.168.0.148,192.168.0.178,53414,25565,52898,5881820,0,0,0x0010
12490,2026-08-15T10:14:43.043729000-0500,78.176770000,192.168.0.148,192.168.0.178,53414,25565,52898,5881820,36,0,0x0018
12491,2026-08-15T10:14:43.044772000-0500,78.177813000,192.168.0.148,192.168.0.178,53414,25565,52934,5881820,3,0,0x0018
12492,2026-08-15T10:14:43.045333000-0500,78.178374000,192.168.0.178,192.168.0.148,25565,53414,5881820,52937,0,0,0x0010
12493,2026-08-15T10:14:43.078498000-0500,78.211539000,192.168.0.178,192.168.0.148,25565,53414,5881820,52937,785,0,0x0018
12494,2026-08-15T10:14:43.093863000-0500,78.226904000,192.168.0.148,192.168.0.178,53414,25565,52937,5882605,36,0,0x0018
12495,2026-08-15T10:14:43.095233000-0500,78.228274000,192.168.0.148,192.168.0.178,53414,25565,52973,5882605,3,0,0x0018
12496,2026-08-15T10:14:43.096083000-0500,78.229124000,192.168.0.178,192.168.0.148,25565,53414,5882605,52976,0,0,0x0010
12497,2026-08-15T10:14:43.127071000-0500,78.260112000,192.168.0.178,192.168.0.148,25565,53414,5882605,52976,213,0,0x0018
12498,2026-08-15T10:14:43.143594000-0500,78.276635000,192.168.0.148,192.168.0.178,53414,25565,52976,5882818,4,0,0x0018
12499,2026-08-15T10:14:43.143639000-0500,78.276680000,192.168.0.148,192.168.0.178,53414,25565,52980,5882818,36,0,0x0018
12500,2026-08-15T10:14:43.144483000-0500,78.277524000,192.168.0.178,192.168.0.148,25565,53414,5882818,53016,0,0,0x0010
12501,2026-08-15T10:14:43.144903000-0500,78.277944000,192.168.0.148,192.168.0.178,53414,25565,53016,5882818,3,0,0x0018
12502,2026-08-15T10:14:43.177212000-0500,78.310253000,192.168.0.178,192.168.0.148,25565,53414,5882818,53019,89,0,0x0018
12503,2026-08-15T10:14:43.177465000-0500,78.310506000,192.168.0.148,192.168.0.178,53414,25565,53019,5882907,11,0,0x0018
12504,2026-08-15T10:14:43.192405000-0500,78.325446000,192.168.0.148,192.168.0.178,53414,25565,53030,5882907,36,0,0x0018
12505,2026-08-15T10:14:43.193041000-0500,78.326082000,192.168.0.148,192.168.0.178,53414,25565,53066,5882907,3,0,0x0018
12506,2026-08-15T10:14:43.193165000-0500,78.326206000,192.168.0.178,192.168.0.148,25565,53414,5882907,53066,0,0,0x0010
12507,2026-08-15T10:14:43.227524000-0500,78.360565000,192.168.0.178,192.168.0.148,25565,53414,5882907,53069,801,0,0x0018
12508,2026-08-15T10:14:43.243967000-0500,78.377008000,192.168.0.148,192.168.0.178,53414,25565,53069,5883708,28,0,0x0018
12509,2026-08-15T10:14:43.245346000-0500,78.378387000,192.168.0.148,192.168.0.178,53414,25565,53097,5883708,3,0,0x0018
12510,2026-08-15T10:14:43.246160000-0500,78.379201000,192.168.0.178,192.168.0.148,25565,53414,5883708,53100,0,0,0x0010
12511,2026-08-15T10:14:43.276941000-0500,78.409982000,192.168.0.178,192.168.0.148,25565,53414,5883708,53100,171,0,0x0018
12512,2026-08-15T10:14:43.293557000-0500,78.426598000,192.168.0.148,192.168.0.178,53414,25565,53100,5883879,28,0,0x0018
12513,2026-08-15T10:14:43.294759000-0500,78.427800000,192.168.0.148,192.168.0.178,53414,25565,53128,5883879,3,0,0x0018
12514,2026-08-15T10:14:43.295615000-0500,78.428656000,192.168.0.178,192.168.0.148,25565,53414,5883879,53131,0,0,0x0010
12515,2026-08-15T10:14:43.328837000-0500,78.461878000,192.168.0.178,192.168.0.148,25565,53414,5883879,53131,80,0,0x0018
12516,2026-08-15T10:14:43.343268000-0500,78.476309000,192.168.0.148,192.168.0.178,53414,25565,53131,5883959,28,0,0x0018
12517,2026-08-15T10:14:43.344604000-0500,78.477645000,192.168.0.148,192.168.0.178,53414,25565,53159,5883959,3,0,0x0018
12518,2026-08-15T10:14:43.345408000-0500,78.478449000,192.168.0.178,192.168.0.148,25565,53414,5883959,53162,0,0,0x0010
12519,2026-08-15T10:14:43.378855000-0500,78.511896000,192.168.0.178,192.168.0.148,25565,53414,5883959,53162,230,0,0x0018
12520,2026-08-15T10:14:43.393429000-0500,78.526470000,192.168.0.148,192.168.0.178,53414,25565,53162,5884189,28,0,0x0018
12521,2026-08-15T10:14:43.394678000-0500,78.527719000,192.168.0.148,192.168.0.178,53414,25565,53190,5884189,3,0,0x0018
12522,2026-08-15T10:14:43.395563000-0500,78.528604000,192.168.0.178,192.168.0.148,25565,53414,5884189,53193,0,0,0x0010
12523,2026-08-15T10:14:43.428892000-0500,78.561933000,192.168.0.178,192.168.0.148,25565,53414,5884189,53193,88,0,0x0018
12524,2026-08-15T10:14:43.443558000-0500,78.576599000,192.168.0.148,192.168.0.178,53414,25565,53193,5884277,28,0,0x0018
12525,2026-08-15T10:14:43.444916000-0500,78.577957000,192.168.0.148,192.168.0.178,53414,25565,53221,5884277,3,0,0x0018
12526,2026-08-15T10:14:43.445567000-0500,78.578608000,192.168.0.178,192.168.0.148,25565,53414,5884277,53224,0,0,0x0010
12527,2026-08-15T10:14:43.477509000-0500,78.610550000,192.168.0.178,192.168.0.148,25565,53414,5884277,53224,240,0,0x0018
12528,2026-08-15T10:14:43.493784000-0500,78.626825000,192.168.0.148,192.168.0.178,53414,25565,53224,5884517,28,0,0x0018
12529,2026-08-15T10:14:43.495009000-0500,78.628050000,192.168.0.148,192.168.0.178,53414,25565,53252,5884517,3,0,0x0018
12530,2026-08-15T10:14:43.495898000-0500,78.628939000,192.168.0.178,192.168.0.148,25565,53414,5884517,53255,0,0,0x0010
12531,2026-08-15T10:14:43.528018000-0500,78.661059000,192.168.0.178,192.168.0.148,25565,53414,5884517,53255,495,0,0x0018
12532,2026-08-15T10:14:43.543435000-0500,78.676476000,192.168.0.148,192.168.0.178,53414,25565,53255,5885012,28,0,0x0018
12533,2026-08-15T10:14:43.544784000-0500,78.677825000,192.168.0.148,192.168.0.178,53414,25565,53283,5885012,3,0,0x0018
12534,2026-08-15T10:14:43.545669000-0500,78.678710000,192.168.0.178,192.168.0.148,25565,53414,5885012,53286,0,0,0x0010
12535,2026-08-15T10:14:43.577690000-0500,78.710731000,192.168.0.178,192.168.0.148,25565,53414,5885012,53286,205,0,0x0018
12536,2026-08-15T10:14:43.593503000-0500,78.726544000,192.168.0.148,192.168.0.178,53414,25565,53286,5885217,28,0,0x0018
12537,2026-08-15T10:14:43.594780000-0500,78.727821000,192.168.0.148,192.168.0.178,53414,25565,53314,5885217,3,0,0x0018
12538,2026-08-15T10:14:43.595478000-0500,78.728519000,192.168.0.178,192.168.0.148,25565,53414,5885217,53317,0,0,0x0010
12539,2026-08-15T10:14:43.627827000-0500,78.760868000,192.168.0.178,192.168.0.148,25565,53414,5885217,53317,80,0,0x0018
12540,2026-08-15T10:14:43.643067000-0500,78.776108000,192.168.0.148,192.168.0.178,53414,25565,53317,5885297,28,0,0x0018
12541,2026-08-15T10:14:43.644073000-0500,78.777114000,192.168.0.148,192.168.0.178,53414,25565,53345,5885297,3,0,0x0018
12542,2026-08-15T10:14:43.644982000-0500,78.778023000,192.168.0.178,192.168.0.148,25565,53414,5885297,53348,0,0,0x0010
12543,2026-08-15T10:14:43.677563000-0500,78.810604000,192.168.0.178,192.168.0.148,25565,53414,5885297,53348,234,0,0x0018
12544,2026-08-15T10:14:43.693321000-0500,78.826362000,192.168.0.148,192.168.0.178,53414,25565,53348,5885531,28,0,0x0018
12545,2026-08-15T10:14:43.694748000-0500,78.827789000,192.168.0.148,192.168.0.178,53414,25565,53376,5885531,3,0,0x0018
12546,2026-08-15T10:14:43.695505000-0500,78.828546000,192.168.0.178,192.168.0.148,25565,53414,5885531,53379,0,0,0x0010
12547,2026-08-15T10:14:43.726729000-0500,78.859770000,192.168.0.178,192.168.0.148,25565,53414,5885531,53379,155,0,0x0018
12548,2026-08-15T10:14:43.743786000-0500,78.876827000,192.168.0.148,192.168.0.178,53414,25565,53379,5885686,28,0,0x0018
12549,2026-08-15T10:14:43.744832000-0500,78.877873000,192.168.0.148,192.168.0.178,53414,25565,53407,5885686,3,0,0x0018
12550,2026-08-15T10:14:43.745531000-0500,78.878572000,192.168.0.178,192.168.0.148,25565,53414,5885686,53410,0,0,0x0010
12551,2026-08-15T10:14:43.777933000-0500,78.910974000,192.168.0.178,192.168.0.148,25565,53414,5885686,53410,80,0,0x0018
12552,2026-08-15T10:14:43.793526000-0500,78.926567000,192.168.0.148,192.168.0.178,53414,25565,53410,5885766,28,0,0x0018
12553,2026-08-15T10:14:43.794890000-0500,78.927931000,192.168.0.148,192.168.0.178,53414,25565,53438,5885766,3,0,0x0018
12554,2026-08-15T10:14:43.795510000-0500,78.928551000,192.168.0.178,192.168.0.148,25565,53414,5885766,53441,0,0,0x0010
12555,2026-08-15T10:14:43.827954000-0500,78.960995000,192.168.0.178,192.168.0.148,25565,53414,5885766,53441,388,0,0x0018
12556,2026-08-15T10:14:43.843686000-0500,78.976727000,192.168.0.148,192.168.0.178,53414,25565,53441,5886154,28,0,0x0018
12557,2026-08-15T10:14:43.844923000-0500,78.977964000,192.168.0.148,192.168.0.178,53414,25565,53469,5886154,3,0,0x0018
12558,2026-08-15T10:14:43.845822000-0500,78.978863000,192.168.0.178,192.168.0.148,25565,53414,5886154,53472,0,0,0x0010
12559,2026-08-15T10:14:43.877227000-0500,79.010268000,192.168.0.178,192.168.0.148,25565,53414,5886154,53472,184,0,0x0018
12560,2026-08-15T10:14:43.893704000-0500,79.026745000,192.168.0.148,192.168.0.178,53414,25565,53472,5886338,28,0,0x0018
12561,2026-08-15T10:14:43.894928000-0500,79.027969000,192.168.0.148,192.168.0.178,53414,25565,53500,5886338,3,0,0x0018
12562,2026-08-15T10:14:43.895654000-0500,79.028695000,192.168.0.178,192.168.0.148,25565,53414,5886338,53503,0,0,0x0010
12563,2026-08-15T10:14:43.927886000-0500,79.060927000,192.168.0.178,192.168.0.148,25565,53414,5886338,53503,228,0,0x0018
12564,2026-08-15T10:14:43.943398000-0500,79.076439000,192.168.0.148,192.168.0.178,53414,25565,53503,5886566,28,0,0x0018
12565,2026-08-15T10:14:43.944564000-0500,79.077605000,192.168.0.148,192.168.0.178,53414,25565,53531,5886566,3,0,0x0018
12566,2026-08-15T10:14:43.945313000-0500,79.078354000,192.168.0.178,192.168.0.148,25565,53414,5886566,53534,0,0,0x0010
12567,2026-08-15T10:14:43.977500000-0500,79.110541000,192.168.0.178,192.168.0.148,25565,53414,5886566,53534,270,0,0x0018
12568,2026-08-15T10:14:43.993033000-0500,79.126074000,192.168.0.148,192.168.0.178,53414,25565,53534,5886836,28,0,0x0018
12569,2026-08-15T10:14:43.993639000-0500,79.126680000,192.168.0.148,192.168.0.178,53414,25565,53562,5886836,3,0,0x0018
12570,2026-08-15T10:14:43.994309000-0500,79.127350000,192.168.0.178,192.168.0.148,25565,53414,5886836,53565,0,0,0x0010
12571,2026-08-15T10:14:44.028315000-0500,79.161356000,192.168.0.178,192.168.0.148,25565,53414,5886836,53565,151,0,0x0018
12572,2026-08-15T10:14:44.043690000-0500,79.176731000,192.168.0.148,192.168.0.178,53414,25565,53565,5886987,28,0,0x0018
12573,2026-08-15T10:14:44.044649000-0500,79.177690000,192.168.0.178,192.168.0.148,25565,53414,5886987,53593,11,0,0x0018
12574,2026-08-15T10:14:44.044649000-0500,79.177690000,192.168.0.178,192.168.0.148,25565,53414,5886998,53593,22,0,0x0018
12575,2026-08-15T10:14:44.044649000-0500,79.177690000,192.168.0.178,192.168.0.148,25565,53414,5887020,53593,33,0,0x0018
12576,2026-08-15T10:14:44.044649000-0500,79.177690000,192.168.0.178,192.168.0.148,25565,53414,5887053,53593,11,0,0x0018
12577,2026-08-15T10:14:44.044649000-0500,79.177690000,192.168.0.178,192.168.0.148,25565,53414,5887064,53593,22,0,0x0018
12578,2026-08-15T10:14:44.044649000-0500,79.177690000,192.168.0.178,192.168.0.148,25565,53414,5887086,53593,11,0,0x0018
12579,2026-08-15T10:14:44.044649000-0500,79.177690000,192.168.0.178,192.168.0.148,25565,53414,5887097,53593,22,0,0x0018
12580,2026-08-15T10:14:44.044649000-0500,79.177690000,192.168.0.178,192.168.0.148,25565,53414,5887119,53593,11,0,0x0018
12581,2026-08-15T10:14:44.044706000-0500,79.177747000,192.168.0.148,192.168.0.178,53414,25565,53593,5887130,0,0,0x0010
12582,2026-08-15T10:14:44.044741000-0500,79.177782000,192.168.0.178,192.168.0.148,25565,53414,5887130,53593,24,0,0x0018
12583,2026-08-15T10:14:44.044810000-0500,79.177851000,192.168.0.148,192.168.0.178,53414,25565,53593,5887154,3,0,0x0018
12584,2026-08-15T10:14:44.076706000-0500,79.209747000,192.168.0.178,192.168.0.148,25565,53414,5887154,53596,182,0,0x0018
12585,2026-08-15T10:14:44.093583000-0500,79.226624000,192.168.0.148,192.168.0.178,53414,25565,53596,5887336,28,0,0x0018
12586,2026-08-15T10:14:44.094864000-0500,79.227905000,192.168.0.148,192.168.0.178,53414,25565,53624,5887336,3,0,0x0018
12587,2026-08-15T10:14:44.095691000-0500,79.228732000,192.168.0.178,192.168.0.148,25565,53414,5887336,53627,0,0,0x0010
12588,2026-08-15T10:14:44.127840000-0500,79.260881000,192.168.0.178,192.168.0.148,25565,53414,5887336,53627,272,0,0x0018
12589,2026-08-15T10:14:44.143348000-0500,79.276389000,192.168.0.148,192.168.0.178,53414,25565,53627,5887608,28,0,0x0018
12590,2026-08-15T10:14:44.144727000-0500,79.277768000,192.168.0.148,192.168.0.178,53414,25565,53655,5887608,3,0,0x0018
12591,2026-08-15T10:14:44.145535000-0500,79.278576000,192.168.0.178,192.168.0.148,25565,53414,5887608,53658,0,0,0x0010
12592,2026-08-15T10:14:44.177205000-0500,79.310246000,192.168.0.178,192.168.0.148,25565,53414,5887608,53658,103,0,0x0018
12593,2026-08-15T10:14:44.193340000-0500,79.326381000,192.168.0.148,192.168.0.178,53414,25565,53658,5887711,28,0,0x0018
12594,2026-08-15T10:14:44.194587000-0500,79.327628000,192.168.0.148,192.168.0.178,53414,25565,53686,5887711,3,0,0x0018
12595,2026-08-15T10:14:44.195467000-0500,79.328508000,192.168.0.178,192.168.0.148,25565,53414,5887711,53689,0,0,0x0010
12596,2026-08-15T10:14:44.226964000-0500,79.360005000,192.168.0.178,192.168.0.148,25565,53414,5887711,53689,105,0,0x0018
12597,2026-08-15T10:14:44.227185000-0500,79.360226000,192.168.0.148,192.168.0.178,53414,25565,53689,5887816,11,0,0x0018
12598,2026-08-15T10:14:44.230028000-0500,79.363069000,192.168.0.178,192.168.0.148,25565,53414,5887816,53700,46,0,0x0018
12599,2026-08-15T10:14:44.243222000-0500,79.376263000,192.168.0.148,192.168.0.178,53414,25565,53700,5887862,28,0,0x0018
12600,2026-08-15T10:14:44.244121000-0500,79.377162000,192.168.0.148,192.168.0.178,53414,25565,53728,5887862,3,0,0x0018
12601,2026-08-15T10:14:44.244842000-0500,79.377883000,192.168.0.178,192.168.0.148,25565,53414,5887862,53731,0,0,0x0010
12602,2026-08-15T10:14:44.276531000-0500,79.409572000,192.168.0.178,192.168.0.148,25565,53414,5887862,53731,230,0,0x0018
12603,2026-08-15T10:14:44.293261000-0500,79.426302000,192.168.0.148,192.168.0.178,53414,25565,53731,5888092,28,0,0x0018
12604,2026-08-15T10:14:44.294301000-0500,79.427342000,192.168.0.148,192.168.0.178,53414,25565,53759,5888092,3,0,0x0018
12605,2026-08-15T10:14:44.294866000-0500,79.427907000,192.168.0.178,192.168.0.148,25565,53414,5888092,53762,0,0,0x0010
12606,2026-08-15T10:14:44.327069000-0500,79.460110000,192.168.0.178,192.168.0.148,25565,53414,5888092,53762,148,0,0x0018
12607,2026-08-15T10:14:44.343569000-0500,79.476610000,192.168.0.148,192.168.0.178,53414,25565,53762,5888240,36,0,0x0018
12608,2026-08-15T10:14:44.345164000-0500,79.478205000,192.168.0.148,192.168.0.178,53414,25565,53798,5888240,3,0,0x0018
12609,2026-08-15T10:14:44.345950000-0500,79.478991000,192.168.0.178,192.168.0.148,25565,53414,5888240,53801,0,0,0x0010
12610,2026-08-15T10:14:44.376651000-0500,79.509692000,192.168.0.178,192.168.0.148,25565,53414,5888240,53801,148,0,0x0018
12611,2026-08-15T10:14:44.393764000-0500,79.526805000,192.168.0.148,192.168.0.178,53414,25565,53801,5888388,28,0,0x0018
12612,2026-08-15T10:14:44.394993000-0500,79.528034000,192.168.0.148,192.168.0.178,53414,25565,53829,5888388,3,0,0x0018
12613,2026-08-15T10:14:44.395701000-0500,79.528742000,192.168.0.178,192.168.0.148,25565,53414,5888388,53832,0,0,0x0010
12614,2026-08-15T10:14:44.427545000-0500,79.560586000,192.168.0.178,192.168.0.148,25565,53414,5888388,53832,272,0,0x0018
12615,2026-08-15T10:14:44.443621000-0500,79.576662000,192.168.0.148,192.168.0.178,53414,25565,53832,5888660,28,0,0x0018
12616,2026-08-15T10:14:44.445174000-0500,79.578215000,192.168.0.148,192.168.0.178,53414,25565,53860,5888660,3,0,0x0018
12617,2026-08-15T10:14:44.446873000-0500,79.579914000,192.168.0.178,192.168.0.148,25565,53414,5888660,53863,0,0,0x0010
12618,2026-08-15T10:14:44.477339000-0500,79.610380000,192.168.0.178,192.168.0.148,25565,53414,5888660,53863,140,0,0x0018
12619,2026-08-15T10:14:44.493468000-0500,79.626509000,192.168.0.148,192.168.0.178,53414,25565,53863,5888800,28,0,0x0018
12620,2026-08-15T10:14:44.494836000-0500,79.627877000,192.168.0.148,192.168.0.178,53414,25565,53891,5888800,3,0,0x0018
12621,2026-08-15T10:14:44.495436000-0500,79.628477000,192.168.0.178,192.168.0.148,25565,53414,5888800,53894,0,0,0x0010
12622,2026-08-15T10:14:44.527065000-0500,79.660106000,192.168.0.178,192.168.0.148,25565,53414,5888800,53894,106,0,0x0018
12623,2026-08-15T10:14:44.543810000-0500,79.676851000,192.168.0.148,192.168.0.178,53414,25565,53894,5888906,28,0,0x0018
12624,2026-08-15T10:14:44.544739000-0500,79.677780000,192.168.0.148,192.168.0.178,53414,25565,53922,5888906,3,0,0x0018
12625,2026-08-15T10:14:44.548358000-0500,79.681399000,192.168.0.178,192.168.0.148,25565,53414,5888906,53925,0,0,0x0010
12626,2026-08-15T10:14:44.576731000-0500,79.709772000,192.168.0.178,192.168.0.148,25565,53414,5888906,53925,230,0,0x0018
12627,2026-08-15T10:14:44.594309000-0500,79.727350000,192.168.0.148,192.168.0.178,53414,25565,53925,5889136,28,0,0x0018
12628,2026-08-15T10:14:44.595469000-0500,79.728510000,192.168.0.148,192.168.0.178,53414,25565,53953,5889136,3,0,0x0018
12629,2026-08-15T10:14:44.596085000-0500,79.729126000,192.168.0.178,192.168.0.148,25565,53414,5889136,53956,0,0,0x0010
12630,2026-08-15T10:14:44.627286000-0500,79.760327000,192.168.0.178,192.168.0.148,25565,53414,5889136,53956,80,0,0x0018
12631,2026-08-15T10:14:44.643229000-0500,79.776270000,192.168.0.148,192.168.0.178,53414,25565,53956,5889216,28,0,0x0018
12632,2026-08-15T10:14:44.644487000-0500,79.777528000,192.168.0.148,192.168.0.178,53414,25565,53984,5889216,3,0,0x0018
12633,2026-08-15T10:14:44.644925000-0500,79.777966000,192.168.0.178,192.168.0.148,25565,53414,5889216,53987,0,0,0x0010
12634,2026-08-15T10:14:44.677295000-0500,79.810336000,192.168.0.178,192.168.0.148,25565,53414,5889216,53987,106,0,0x0018
12635,2026-08-15T10:14:44.693187000-0500,79.826228000,192.168.0.148,192.168.0.178,53414,25565,53987,5889322,28,0,0x0018
12636,2026-08-15T10:14:44.694501000-0500,79.827542000,192.168.0.148,192.168.0.178,53414,25565,54015,5889322,3,0,0x0018
12637,2026-08-15T10:14:44.695122000-0500,79.828163000,192.168.0.178,192.168.0.148,25565,53414,5889322,54018,0,0,0x0010
12638,2026-08-15T10:14:44.729145000-0500,79.862186000,192.168.0.178,192.168.0.148,25565,53414,5889322,54018,864,0,0x0018
12639,2026-08-15T10:14:44.743580000-0500,79.876621000,192.168.0.148,192.168.0.178,53414,25565,54018,5890186,28,0,0x0018
12640,2026-08-15T10:14:44.744851000-0500,79.877892000,192.168.0.148,192.168.0.178,53414,25565,54046,5890186,3,0,0x0018
12641,2026-08-15T10:14:44.745399000-0500,79.878440000,192.168.0.178,192.168.0.148,25565,53414,5890186,54049,0,0,0x0010
12642,2026-08-15T10:14:44.778246000-0500,79.911287000,192.168.0.178,192.168.0.148,25565,53414,5890186,54049,92,0,0x0018
12643,2026-08-15T10:14:44.792449000-0500,79.925490000,192.168.0.148,192.168.0.178,53414,25565,54049,5890278,4,0,0x0018
12644,2026-08-15T10:14:44.792489000-0500,79.925530000,192.168.0.148,192.168.0.178,53414,25565,54053,5890278,28,0,0x0018
12645,2026-08-15T10:14:44.793093000-0500,79.926134000,192.168.0.178,192.168.0.148,25565,53414,5890278,54081,0,0,0x0010
12646,2026-08-15T10:14:44.793275000-0500,79.926316000,192.168.0.148,192.168.0.178,53414,25565,54081,5890278,3,0,0x0018
12647,2026-08-15T10:14:44.793426000-0500,79.926467000,192.168.0.178,192.168.0.148,25565,53414,5890278,54081,11,0,0x0018
12648,2026-08-15T10:14:44.793480000-0500,79.926521000,192.168.0.178,192.168.0.148,25565,53414,5890289,54081,11,0,0x0018
12649,2026-08-15T10:14:44.793491000-0500,79.926532000,192.168.0.148,192.168.0.178,53414,25565,54084,5890300,0,0,0x0010
12650,2026-08-15T10:14:44.793534000-0500,79.926575000,192.168.0.178,192.168.0.148,25565,53414,5890300,54081,11,0,0x0018
12651,2026-08-15T10:14:44.793546000-0500,79.926587000,192.168.0.178,192.168.0.148,25565,53414,5890311,54081,22,0,0x0018
12652,2026-08-15T10:14:44.793553000-0500,79.926594000,192.168.0.148,192.168.0.178,53414,25565,54084,5890333,0,0,0x0010
12653,2026-08-15T10:14:44.793557000-0500,79.926598000,192.168.0.178,192.168.0.148,25565,53414,5890333,54084,11,0,0x0018
12654,2026-08-15T10:14:44.793634000-0500,79.926675000,192.168.0.178,192.168.0.148,25565,53414,5890344,54084,11,0,0x0018
12655,2026-08-15T10:14:44.793634000-0500,79.926675000,192.168.0.178,192.168.0.148,25565,53414,5890355,54084,22,0,0x0018
12656,2026-08-15T10:14:44.793640000-0500,79.926681000,192.168.0.148,192.168.0.178,53414,25565,54084,5890377,0,0,0x0010
12657,2026-08-15T10:14:44.793693000-0500,79.926734000,192.168.0.178,192.168.0.148,25565,53414,5890377,54084,11,0,0x0018
12658,2026-08-15T10:14:44.793700000-0500,79.926741000,192.168.0.148,192.168.0.178,53414,25565,54084,5890388,0,0,0x0010
12659,2026-08-15T10:14:44.793706000-0500,79.926747000,192.168.0.178,192.168.0.148,25565,53414,5890388,54084,11,0,0x0018
12660,2026-08-15T10:14:44.793792000-0500,79.926833000,192.168.0.178,192.168.0.148,25565,53414,5890399,54084,22,0,0x0018
12661,2026-08-15T10:14:44.793792000-0500,79.926833000,192.168.0.178,192.168.0.148,25565,53414,5890421,54084,22,0,0x0018
12662,2026-08-15T10:14:44.793797000-0500,79.926838000,192.168.0.148,192.168.0.178,53414,25565,54084,5890443,0,0,0x0010
12663,2026-08-15T10:14:44.793876000-0500,79.926917000,192.168.0.178,192.168.0.148,25565,53414,5890443,54084,13,0,0x0018
12664,2026-08-15T10:14:44.793881000-0500,79.926922000,192.168.0.148,192.168.0.178,53414,25565,54084,5890456,0,0,0x0010
12665,2026-08-15T10:14:44.828699000-0500,79.961740000,192.168.0.178,192.168.0.148,25565,53414,5890456,54084,150,0,0x0018
12666,2026-08-15T10:14:44.843184000-0500,79.976225000,192.168.0.148,192.168.0.178,53414,25565,54084,5890606,28,0,0x0018
12667,2026-08-15T10:14:44.844549000-0500,79.977590000,192.168.0.148,192.168.0.178,53414,25565,54112,5890606,3,0,0x0018
12668,2026-08-15T10:14:44.844972000-0500,79.978013000,192.168.0.178,192.168.0.148,25565,53414,5890606,54115,0,0,0x0010
12669,2026-08-15T10:14:44.877877000-0500,80.010918000,192.168.0.178,192.168.0.148,25565,53414,5890606,54115,186,0,0x0018
12670,2026-08-15T10:14:44.894156000-0500,80.027197000,192.168.0.148,192.168.0.178,53414,25565,54115,5890792,28,0,0x0018
12671,2026-08-15T10:14:44.894806000-0500,80.027847000,192.168.0.178,192.168.0.148,25565,53414,5890792,54143,46,0,0x0018
12672,2026-08-15T10:14:44.895437000-0500,80.028478000,192.168.0.148,192.168.0.178,53414,25565,54143,5890838,3,0,0x0018
12673,2026-08-15T10:14:44.927147000-0500,80.060188000,192.168.0.178,192.168.0.148,25565,53414,5890838,54146,80,0,0x0018
12674,2026-08-15T10:14:44.943413000-0500,80.076454000,192.168.0.148,192.168.0.178,53414,25565,54146,5890918,28,0,0x0018
12675,2026-08-15T10:14:44.944827000-0500,80.077868000,192.168.0.148,192.168.0.178,53414,25565,54174,5890918,3,0,0x0018
12676,2026-08-15T10:14:44.945488000-0500,80.078529000,192.168.0.178,192.168.0.148,25565,53414,5890918,54177,0,0,0x0010
12677,2026-08-15T10:14:44.978618000-0500,80.111659000,192.168.0.178,192.168.0.148,25565,53414,5890918,54177,153,0,0x0018
12678,2026-08-15T10:14:44.993396000-0500,80.126437000,192.168.0.148,192.168.0.178,53414,25565,54177,5891071,28,0,0x0018
12679,2026-08-15T10:14:44.994919000-0500,80.127960000,192.168.0.148,192.168.0.178,53414,25565,54205,5891071,3,0,0x0018
12680,2026-08-15T10:14:44.995744000-0500,80.128785000,192.168.0.178,192.168.0.148,25565,53414,5891071,54208,0,0,0x0010
12681,2026-08-15T10:14:45.027855000-0500,80.160896000,192.168.0.178,192.168.0.148,25565,53414,5891071,54208,391,0,0x0018
12682,2026-08-15T10:14:45.042350000-0500,80.175391000,192.168.0.148,192.168.0.178,53414,25565,54208,5891462,28,0,0x0018
12683,2026-08-15T10:14:45.042944000-0500,80.175985000,192.168.0.148,192.168.0.178,53414,25565,54236,5891462,3,0,0x0018
12684,2026-08-15T10:14:45.043356000-0500,80.176397000,192.168.0.178,192.168.0.148,25565,53414,5891462,54239,0,0,0x0010
12685,2026-08-15T10:14:45.076910000-0500,80.209951000,192.168.0.178,192.168.0.148,25565,53414,5891462,54239,298,0,0x0018
12686,2026-08-15T10:14:45.093890000-0500,80.226931000,192.168.0.148,192.168.0.178,53414,25565,54239,5891760,28,0,0x0018
12687,2026-08-15T10:14:45.095177000-0500,80.228218000,192.168.0.148,192.168.0.178,53414,25565,54267,5891760,3,0,0x0018
12688,2026-08-15T10:14:45.095717000-0500,80.228758000,192.168.0.178,192.168.0.148,25565,53414,5891760,54270,0,0,0x0010
12689,2026-08-15T10:14:45.126854000-0500,80.259895000,192.168.0.178,192.168.0.148,25565,53414,5891760,54270,114,0,0x0018
12690,2026-08-15T10:14:45.143283000-0500,80.276324000,192.168.0.148,192.168.0.178,53414,25565,54270,5891874,28,0,0x0018
12691,2026-08-15T10:14:45.144590000-0500,80.277631000,192.168.0.148,192.168.0.178,53414,25565,54298,5891874,3,0,0x0018
12692,2026-08-15T10:14:45.145151000-0500,80.278192000,192.168.0.178,192.168.0.148,25565,53414,5891874,54301,0,0,0x0010
12693,2026-08-15T10:14:45.178636000-0500,80.311677000,192.168.0.178,192.168.0.148,25565,53414,5891874,54301,233,0,0x0018
12694,2026-08-15T10:14:45.193285000-0500,80.326326000,192.168.0.148,192.168.0.178,53414,25565,54301,5892107,28,0,0x0018
12695,2026-08-15T10:14:45.194618000-0500,80.327659000,192.168.0.148,192.168.0.178,53414,25565,54329,5892107,3,0,0x0018
12696,2026-08-15T10:14:45.195236000-0500,80.328277000,192.168.0.178,192.168.0.148,25565,53414,5892107,54332,0,0,0x0010
12697,2026-08-15T10:14:45.227651000-0500,80.360692000,192.168.0.178,192.168.0.148,25565,53414,5892107,54332,91,0,0x0018
12698,2026-08-15T10:14:45.227865000-0500,80.360906000,192.168.0.148,192.168.0.178,53414,25565,54332,5892198,11,0,0x0018
12699,2026-08-15T10:14:45.243350000-0500,80.376391000,192.168.0.148,192.168.0.178,53414,25565,54343,5892198,28,0,0x0018
12700,2026-08-15T10:14:45.244051000-0500,80.377092000,192.168.0.178,192.168.0.148,25565,53414,5892198,54371,0,0,0x0010
12701,2026-08-15T10:14:45.244644000-0500,80.377685000,192.168.0.148,192.168.0.178,53414,25565,54371,5892198,3,0,0x0018
12702,2026-08-15T10:14:45.279863000-0500,80.412904000,192.168.0.178,192.168.0.148,25565,53414,5892198,54374,264,0,0x0018
12703,2026-08-15T10:14:45.293628000-0500,80.426669000,192.168.0.148,192.168.0.178,53414,25565,54374,5892462,28,0,0x0018
12704,2026-08-15T10:14:45.294905000-0500,80.427946000,192.168.0.148,192.168.0.178,53414,25565,54402,5892462,3,0,0x0018
12705,2026-08-15T10:14:45.295609000-0500,80.428650000,192.168.0.178,192.168.0.148,25565,53414,5892462,54405,0,0,0x0010
12706,2026-08-15T10:14:45.329693000-0500,80.462734000,192.168.0.178,192.168.0.148,25565,53414,5892462,54405,571,0,0x0018
12707,2026-08-15T10:14:45.343362000-0500,80.476403000,192.168.0.148,192.168.0.178,53414,25565,54405,5893033,28,0,0x0018
12708,2026-08-15T10:14:45.344478000-0500,80.477519000,192.168.0.148,192.168.0.178,53414,25565,54433,5893033,3,0,0x0018
12709,2026-08-15T10:14:45.345120000-0500,80.478161000,192.168.0.178,192.168.0.148,25565,53414,5893033,54436,0,0,0x0010
12710,2026-08-15T10:14:45.378184000-0500,80.511225000,192.168.0.178,192.168.0.148,25565,53414,5893033,54436,246,0,0x0018
12711,2026-08-15T10:14:45.393770000-0500,80.526811000,192.168.0.148,192.168.0.178,53414,25565,54436,5893279,28,0,0x0018
12712,2026-08-15T10:14:45.395143000-0500,80.528184000,192.168.0.148,192.168.0.178,53414,25565,54464,5893279,3,0,0x0018
12713,2026-08-15T10:14:45.395787000-0500,80.528828000,192.168.0.178,192.168.0.148,25565,53414,5893279,54467,0,0,0x0010
12714,2026-08-15T10:14:45.427673000-0500,80.560714000,192.168.0.178,192.168.0.148,25565,53414,5893279,54467,122,0,0x0018
12715,2026-08-15T10:14:45.443302000-0500,80.576343000,192.168.0.148,192.168.0.178,53414,25565,54467,5893401,28,0,0x0018
12716,2026-08-15T10:14:45.444988000-0500,80.578029000,192.168.0.148,192.168.0.178,53414,25565,54495,5893401,3,0,0x0018
12717,2026-08-15T10:14:45.445624000-0500,80.578665000,192.168.0.178,192.168.0.148,25565,53414,5893401,54498,0,0,0x0010
12718,2026-08-15T10:14:45.478448000-0500,80.611489000,192.168.0.178,192.168.0.148,25565,53414,5893401,54498,243,0,0x0018
12719,2026-08-15T10:14:45.493340000-0500,80.626381000,192.168.0.148,192.168.0.178,53414,25565,54498,5893644,28,0,0x0018
12720,2026-08-15T10:14:45.494927000-0500,80.627968000,192.168.0.148,192.168.0.178,53414,25565,54526,5893644,3,0,0x0018
12721,2026-08-15T10:14:45.495502000-0500,80.628543000,192.168.0.178,192.168.0.148,25565,53414,5893644,54529,0,0,0x0010
12722,2026-08-15T10:14:45.526792000-0500,80.659833000,192.168.0.178,192.168.0.148,25565,53414,5893644,54529,154,0,0x0018
12723,2026-08-15T10:14:45.529838000-0500,80.662879000,192.168.0.178,192.168.0.148,25565,53414,5893798,54529,46,0,0x0018
12724,2026-08-15T10:14:45.529863000-0500,80.662904000,192.168.0.148,192.168.0.178,53414,25565,54529,5893844,0,0,0x0010
12725,2026-08-15T10:14:45.543306000-0500,80.676347000,192.168.0.148,192.168.0.178,53414,25565,54529,5893844,28,0,0x0018
12726,2026-08-15T10:14:45.544522000-0500,80.677563000,192.168.0.148,192.168.0.178,53414,25565,54557,5893844,3,0,0x0018
12727,2026-08-15T10:14:45.545385000-0500,80.678426000,192.168.0.178,192.168.0.148,25565,53414,5893844,54560,0,0,0x0010
12728,2026-08-15T10:14:45.578250000-0500,80.711291000,192.168.0.178,192.168.0.148,25565,53414,5893844,54560,71,0,0x0018
12729,2026-08-15T10:14:45.592990000-0500,80.726031000,192.168.0.148,192.168.0.178,53414,25565,54560,5893915,28,0,0x0018
12730,2026-08-15T10:14:45.594109000-0500,80.727150000,192.168.0.148,192.168.0.178,53414,25565,54588,5893915,3,0,0x0018
12731,2026-08-15T10:14:45.594624000-0500,80.727665000,192.168.0.178,192.168.0.148,25565,53414,5893915,54591,0,0,0x0010
12732,2026-08-15T10:14:45.627146000-0500,80.760187000,192.168.0.178,192.168.0.148,25565,53414,5893915,54591,302,0,0x0018
12733,2026-08-15T10:14:45.642128000-0500,80.775169000,192.168.0.148,192.168.0.178,53414,25565,54591,5894217,28,0,0x0018
12734,2026-08-15T10:14:45.642930000-0500,80.775971000,192.168.0.148,192.168.0.178,53414,25565,54619,5894217,3,0,0x0018
12735,2026-08-15T10:14:45.643485000-0500,80.776526000,192.168.0.178,192.168.0.148,25565,53414,5894217,54622,0,0,0x0010
12736,2026-08-15T10:14:45.678149000-0500,80.811190000,192.168.0.178,192.168.0.148,25565,53414,5894217,54622,179,0,0x0018
12737,2026-08-15T10:14:45.693269000-0500,80.826310000,192.168.0.148,192.168.0.178,53414,25565,54622,5894396,28,0,0x0018
12738,2026-08-15T10:14:45.694582000-0500,80.827623000,192.168.0.148,192.168.0.178,53414,25565,54650,5894396,3,0,0x0018
12739,2026-08-15T10:14:45.695256000-0500,80.828297000,192.168.0.178,192.168.0.148,25565,53414,5894396,54653,0,0,0x0010
12740,2026-08-15T10:14:45.726666000-0500,80.859707000,192.168.0.178,192.168.0.148,25565,53414,5894396,54653,77,0,0x0018
12741,2026-08-15T10:14:45.743193000-0500,80.876234000,192.168.0.148,192.168.0.178,53414,25565,54653,5894473,28,0,0x0018
12742,2026-08-15T10:14:45.744898000-0500,80.877939000,192.168.0.148,192.168.0.178,53414,25565,54681,5894473,3,0,0x0018
12743,2026-08-15T10:14:45.745545000-0500,80.878586000,192.168.0.178,192.168.0.148,25565,53414,5894473,54684,0,0,0x0010
12744,2026-08-15T10:14:45.777646000-0500,80.910687000,192.168.0.178,192.168.0.148,25565,53414,5894473,54684,180,0,0x0018
12745,2026-08-15T10:14:45.793694000-0500,80.926735000,192.168.0.148,192.168.0.178,53414,25565,54684,5894653,28,0,0x0018
12746,2026-08-15T10:14:45.795146000-0500,80.928187000,192.168.0.148,192.168.0.178,53414,25565,54712,5894653,3,0,0x0018
12747,2026-08-15T10:14:45.795924000-0500,80.928965000,192.168.0.178,192.168.0.148,25565,53414,5894653,54715,0,0,0x0010
12748,2026-08-15T10:14:45.826746000-0500,80.959787000,192.168.0.178,192.168.0.148,25565,53414,5894653,54715,152,0,0x0018
12749,2026-08-15T10:14:45.842878000-0500,80.975919000,192.168.0.148,192.168.0.178,53414,25565,54715,5894805,36,0,0x0018
12750,2026-08-15T10:14:45.843955000-0500,80.976996000,192.168.0.148,192.168.0.178,53414,25565,54751,5894805,3,0,0x0018
12751,2026-08-15T10:14:45.844530000-0500,80.977571000,192.168.0.178,192.168.0.148,25565,53414,5894805,54754,0,0,0x0010
12752,2026-08-15T10:14:45.877005000-0500,81.010046000,192.168.0.178,192.168.0.148,25565,53414,5894805,54754,71,0,0x0018
12753,2026-08-15T10:14:45.893562000-0500,81.026603000,192.168.0.148,192.168.0.178,53414,25565,54754,5894876,36,0,0x0018
12754,2026-08-15T10:14:45.894713000-0500,81.027754000,192.168.0.148,192.168.0.178,53414,25565,54790,5894876,3,0,0x0018
12755,2026-08-15T10:14:45.895362000-0500,81.028403000,192.168.0.178,192.168.0.148,25565,53414,5894876,54793,0,0,0x0010
12756,2026-08-15T10:14:45.931186000-0500,81.064227000,192.168.0.178,192.168.0.148,25565,53414,5894876,54793,149,0,0x0018
12757,2026-08-15T10:14:45.943338000-0500,81.076379000,192.168.0.148,192.168.0.178,53414,25565,54793,5895025,36,0,0x0018
12758,2026-08-15T10:14:45.944642000-0500,81.077683000,192.168.0.148,192.168.0.178,53414,25565,54829,5895025,3,0,0x0018
12759,2026-08-15T10:14:45.945322000-0500,81.078363000,192.168.0.178,192.168.0.148,25565,53414,5895025,54832,0,0,0x0010
12760,2026-08-15T10:14:45.977167000-0500,81.110208000,192.168.0.178,192.168.0.148,25565,53414,5895025,54832,98,0,0x0018
12761,2026-08-15T10:14:45.993559000-0500,81.126600000,192.168.0.148,192.168.0.178,53414,25565,54832,5895123,36,0,0x0018
12762,2026-08-15T10:14:45.994983000-0500,81.128024000,192.168.0.148,192.168.0.178,53414,25565,54868,5895123,3,0,0x0018
12763,2026-08-15T10:14:45.995415000-0500,81.128456000,192.168.0.178,192.168.0.148,25565,53414,5895123,54871,0,0,0x0010
12764,2026-08-15T10:14:46.027145000-0500,81.160186000,192.168.0.178,192.168.0.148,25565,53414,5895123,54871,77,0,0x0018
12765,2026-08-15T10:14:46.043369000-0500,81.176410000,192.168.0.148,192.168.0.178,53414,25565,54871,5895200,36,0,0x0018
12766,2026-08-15T10:14:46.044306000-0500,81.177347000,192.168.0.178,192.168.0.148,25565,53414,5895200,54907,11,0,0x0018
12767,2026-08-15T10:14:46.044374000-0500,81.177415000,192.168.0.178,192.168.0.148,25565,53414,5895211,54907,11,0,0x0018
12768,2026-08-15T10:14:46.044374000-0500,81.177415000,192.168.0.178,192.168.0.148,25565,53414,5895222,54907,11,0,0x0018
12769,2026-08-15T10:14:46.044397000-0500,81.177438000,192.168.0.148,192.168.0.178,53414,25565,54907,5895233,0,0,0x0010
12770,2026-08-15T10:14:46.044454000-0500,81.177495000,192.168.0.178,192.168.0.148,25565,53414,5895233,54907,11,0,0x0018
12771,2026-08-15T10:14:46.044454000-0500,81.177495000,192.168.0.178,192.168.0.148,25565,53414,5895244,54907,11,0,0x0018
12772,2026-08-15T10:14:46.044469000-0500,81.177510000,192.168.0.148,192.168.0.178,53414,25565,54907,5895255,0,0,0x0010
12773,2026-08-15T10:14:46.044504000-0500,81.177545000,192.168.0.178,192.168.0.148,25565,53414,5895255,54907,11,0,0x0018
12774,2026-08-15T10:14:46.044516000-0500,81.177557000,192.168.0.148,192.168.0.178,53414,25565,54907,5895266,0,0,0x0010
12775,2026-08-15T10:14:46.044563000-0500,81.177604000,192.168.0.178,192.168.0.148,25565,53414,5895266,54907,11,0,0x0018
12776,2026-08-15T10:14:46.044666000-0500,81.177707000,192.168.0.148,192.168.0.178,53414,25565,54907,5895277,3,0,0x0018
12777,2026-08-15T10:14:46.044694000-0500,81.177735000,192.168.0.178,192.168.0.148,25565,53414,5895277,54907,11,0,0x0018
12778,2026-08-15T10:14:46.044754000-0500,81.177795000,192.168.0.178,192.168.0.148,25565,53414,5895288,54907,11,0,0x0018
12779,2026-08-15T10:14:46.044766000-0500,81.177807000,192.168.0.148,192.168.0.178,53414,25565,54910,5895299,0,0,0x0010
12780,2026-08-15T10:14:46.044912000-0500,81.177953000,192.168.0.178,192.168.0.148,25565,53414,5895299,54907,11,0,0x0018
12781,2026-08-15T10:14:46.044966000-0500,81.178007000,192.168.0.178,192.168.0.148,25565,53414,5895310,54910,11,0,0x0018
12782,2026-08-15T10:14:46.044966000-0500,81.178007000,192.168.0.178,192.168.0.148,25565,53414,5895321,54910,11,0,0x0018
12783,2026-08-15T10:14:46.044981000-0500,81.178022000,192.168.0.148,192.168.0.178,53414,25565,54910,5895332,0,0,0x0010
12784,2026-08-15T10:14:46.045023000-0500,81.178064000,192.168.0.178,192.168.0.148,25565,53414,5895332,54910,11,0,0x0018
12785,2026-08-15T10:14:46.045033000-0500,81.178074000,192.168.0.148,192.168.0.178,53414,25565,54910,5895343,0,0,0x0010
12786,2026-08-15T10:14:46.045125000-0500,81.178166000,192.168.0.178,192.168.0.148,25565,53414,5895343,54910,11,0,0x0018
12787,2026-08-15T10:14:46.045125000-0500,81.178166000,192.168.0.178,192.168.0.148,25565,53414,5895354,54910,13,0,0x0018
12788,2026-08-15T10:14:46.045136000-0500,81.178177000,192.168.0.148,192.168.0.178,53414,25565,54910,5895367,0,0,0x0010
12789,2026-08-15T10:14:46.077246000-0500,81.210287000,192.168.0.178,192.168.0.148,25565,53414,5895367,54910,231,0,0x0018
12790,2026-08-15T10:14:46.092715000-0500,81.225756000,192.168.0.148,192.168.0.178,53414,25565,54910,5895598,36,0,0x0018
12791,2026-08-15T10:14:46.093520000-0500,81.226561000,192.168.0.148,192.168.0.178,53414,25565,54946,5895598,3,0,0x0018
12792,2026-08-15T10:14:46.094124000-0500,81.227165000,192.168.0.178,192.168.0.148,25565,53414,5895598,54949,0,0,0x0010
12793,2026-08-15T10:14:46.127034000-0500,81.260075000,192.168.0.178,192.168.0.148,25565,53414,5895598,54949,188,0,0x0018
12794,2026-08-15T10:14:46.143317000-0500,81.276358000,192.168.0.148,192.168.0.178,53414,25565,54949,5895786,36,0,0x0018
12795,2026-08-15T10:14:46.144647000-0500,81.277688000,192.168.0.148,192.168.0.178,53414,25565,54985,5895786,3,0,0x0018
12796,2026-08-15T10:14:46.145303000-0500,81.278344000,192.168.0.178,192.168.0.148,25565,53414,5895786,54988,0,0,0x0010
12797,2026-08-15T10:14:46.177833000-0500,81.310874000,192.168.0.178,192.168.0.148,25565,53414,5895786,54988,71,0,0x0018
12798,2026-08-15T10:14:46.193305000-0500,81.326346000,192.168.0.148,192.168.0.178,53414,25565,54988,5895857,36,0,0x0018
12799,2026-08-15T10:14:46.194645000-0500,81.327686000,192.168.0.148,192.168.0.178,53414,25565,55024,5895857,3,0,0x0018
12800,2026-08-15T10:14:46.195199000-0500,81.328240000,192.168.0.178,192.168.0.148,25565,53414,5895857,55027,0,0,0x0010
12801,2026-08-15T10:14:46.226327000-0500,81.359368000,192.168.0.178,192.168.0.148,25565,53414,5895857,55027,244,0,0x0018
12802,2026-08-15T10:14:46.243307000-0500,81.376348000,192.168.0.148,192.168.0.178,53414,25565,55027,5896101,36,0,0x0018
12803,2026-08-15T10:14:46.244618000-0500,81.377659000,192.168.0.148,192.168.0.178,53414,25565,55063,5896101,3,0,0x0018
12804,2026-08-15T10:14:46.245122000-0500,81.378163000,192.168.0.178,192.168.0.148,25565,53414,5896101,55066,0,0,0x0010
12805,2026-08-15T10:14:46.285675000-0500,81.418716000,192.168.0.178,192.168.0.148,25565,53414,5896101,55066,122,0,0x0018
12806,2026-08-15T10:14:46.285878000-0500,81.418919000,192.168.0.148,192.168.0.178,53414,25565,55066,5896223,11,0,0x0018
12807,2026-08-15T10:14:46.293525000-0500,81.426566000,192.168.0.148,192.168.0.178,53414,25565,55077,5896223,36,0,0x0018
12808,2026-08-15T10:14:46.294150000-0500,81.427191000,192.168.0.178,192.168.0.148,25565,53414,5896223,55113,0,0,0x0010
12809,2026-08-15T10:14:46.294815000-0500,81.427856000,192.168.0.148,192.168.0.178,53414,25565,55113,5896223,3,0,0x0018
12810,2026-08-15T10:14:46.327771000-0500,81.460812000,192.168.0.178,192.168.0.148,25565,53414,5896223,55116,333,0,0x0018
12811,2026-08-15T10:14:46.342615000-0500,81.475656000,192.168.0.148,192.168.0.178,53414,25565,55116,5896556,36,0,0x0018
12812,2026-08-15T10:14:46.343226000-0500,81.476267000,192.168.0.148,192.168.0.178,53414,25565,55152,5896556,3,0,0x0018
12813,2026-08-15T10:14:46.343323000-0500,81.476364000,192.168.0.178,192.168.0.148,25565,53414,5896556,55152,46,0,0x0018
12814,2026-08-15T10:14:46.377249000-0500,81.510290000,192.168.0.178,192.168.0.148,25565,53414,5896602,55155,151,0,0x0018
12815,2026-08-15T10:14:46.377291000-0500,81.510332000,192.168.0.148,192.168.0.178,53414,25565,55155,5896753,0,0,0x0010
12816,2026-08-15T10:14:46.393363000-0500,81.526404000,192.168.0.148,192.168.0.178,53414,25565,55155,5896753,28,0,0x0018
12817,2026-08-15T10:14:46.394671000-0500,81.527712000,192.168.0.148,192.168.0.178,53414,25565,55183,5896753,3,0,0x0018
12818,2026-08-15T10:14:46.395215000-0500,81.528256000,192.168.0.178,192.168.0.148,25565,53414,5896753,55186,0,0,0x0010
12819,2026-08-15T10:14:46.430418000-0500,81.563459000,192.168.0.178,192.168.0.148,25565,53414,5896753,55186,131,0,0x0018
12820,2026-08-15T10:14:46.443304000-0500,81.576345000,192.168.0.148,192.168.0.178,53414,25565,55186,5896884,28,0,0x0018
12821,2026-08-15T10:14:46.444684000-0500,81.577725000,192.168.0.148,192.168.0.178,53414,25565,55214,5896884,3,0,0x0018
12822,2026-08-15T10:14:46.445295000-0500,81.578336000,192.168.0.178,192.168.0.148,25565,53414,5896884,55217,0,0,0x0010
12823,2026-08-15T10:14:46.476515000-0500,81.609556000,192.168.0.178,192.168.0.148,25565,53414,5896884,55217,241,0,0x0018
12824,2026-08-15T10:14:46.493752000-0500,81.626793000,192.168.0.148,192.168.0.178,53414,25565,55217,5897125,4,0,0x0018
12825,2026-08-15T10:14:46.493785000-0500,81.626826000,192.168.0.148,192.168.0.178,53414,25565,55221,5897125,28,0,0x0018
12826,2026-08-15T10:14:46.494459000-0500,81.627500000,192.168.0.178,192.168.0.148,25565,53414,5897125,55249,0,0,0x0010
12827,2026-08-15T10:14:46.495055000-0500,81.628096000,192.168.0.148,192.168.0.178,53414,25565,55249,5897125,3,0,0x0018
12828,2026-08-15T10:14:46.527017000-0500,81.660058000,192.168.0.178,192.168.0.148,25565,53414,5897125,55252,162,0,0x0018
12829,2026-08-15T10:14:46.543267000-0500,81.676308000,192.168.0.148,192.168.0.178,53414,25565,55252,5897287,36,0,0x0018
12830,2026-08-15T10:14:46.544602000-0500,81.677643000,192.168.0.148,192.168.0.178,53414,25565,55288,5897287,3,0,0x0018
12831,2026-08-15T10:14:46.545199000-0500,81.678240000,192.168.0.178,192.168.0.148,25565,53414,5897287,55291,0,0,0x0010
12832,2026-08-15T10:14:46.576568000-0500,81.709609000,192.168.0.178,192.168.0.148,25565,53414,5897287,55291,123,0,0x0018
12833,2026-08-15T10:14:46.592323000-0500,81.725364000,192.168.0.148,192.168.0.178,53414,25565,55291,5897410,36,0,0x0018
12834,2026-08-15T10:14:46.593029000-0500,81.726070000,192.168.0.148,192.168.0.178,53414,25565,55327,5897410,3,0,0x0018
12835,2026-08-15T10:14:46.593702000-0500,81.726743000,192.168.0.178,192.168.0.148,25565,53414,5897410,55330,0,0,0x0010
12836,2026-08-15T10:14:46.627373000-0500,81.760414000,192.168.0.178,192.168.0.148,25565,53414,5897410,55330,227,0,0x0018
12837,2026-08-15T10:14:46.643087000-0500,81.776128000,192.168.0.148,192.168.0.178,53414,25565,55330,5897637,36,0,0x0018
12838,2026-08-15T10:14:46.644014000-0500,81.777055000,192.168.0.148,192.168.0.178,53414,25565,55366,5897637,3,0,0x0018
12839,2026-08-15T10:14:46.644526000-0500,81.777567000,192.168.0.178,192.168.0.148,25565,53414,5897637,55369,0,0,0x0010
12840,2026-08-15T10:14:46.677049000-0500,81.810090000,192.168.0.178,192.168.0.148,25565,53414,5897637,55369,166,0,0x0018
12841,2026-08-15T10:14:46.693211000-0500,81.826252000,192.168.0.148,192.168.0.178,53414,25565,55369,5897803,36,0,0x0018
12842,2026-08-15T10:14:46.694673000-0500,81.827714000,192.168.0.148,192.168.0.178,53414,25565,55405,5897803,3,0,0x0018
12843,2026-08-15T10:14:46.695157000-0500,81.828198000,192.168.0.178,192.168.0.148,25565,53414,5897803,55408,0,0,0x0010
12844,2026-08-15T10:14:46.727399000-0500,81.860440000,192.168.0.178,192.168.0.148,25565,53414,5897803,55408,151,0,0x0018
12845,2026-08-15T10:14:46.743189000-0500,81.876230000,192.168.0.148,192.168.0.178,53414,25565,55408,5897954,28,0,0x0018
12846,2026-08-15T10:14:46.744475000-0500,81.877516000,192.168.0.148,192.168.0.178,53414,25565,55436,5897954,3,0,0x0018
12847,2026-08-15T10:14:46.744966000-0500,81.878007000,192.168.0.178,192.168.0.148,25565,53414,5897954,55439,0,0,0x0010
12848,2026-08-15T10:14:46.778959000-0500,81.912000000,192.168.0.178,192.168.0.148,25565,53414,5897954,55439,71,0,0x0018
12849,2026-08-15T10:14:46.793418000-0500,81.926459000,192.168.0.148,192.168.0.178,53414,25565,55439,5898025,28,0,0x0018
12850,2026-08-15T10:14:46.794695000-0500,81.927736000,192.168.0.148,192.168.0.178,53414,25565,55467,5898025,3,0,0x0018
12851,2026-08-15T10:14:46.795243000-0500,81.928284000,192.168.0.178,192.168.0.148,25565,53414,5898025,55470,0,0,0x0010
12852,2026-08-15T10:14:46.827773000-0500,81.960814000,192.168.0.178,192.168.0.148,25565,53414,5898025,55470,140,0,0x0018
12853,2026-08-15T10:14:46.842807000-0500,81.975848000,192.168.0.148,192.168.0.178,53414,25565,55470,5898165,4,0,0x0018
12854,2026-08-15T10:14:46.842832000-0500,81.975873000,192.168.0.148,192.168.0.178,53414,25565,55474,5898165,28,0,0x0018
12855,2026-08-15T10:14:46.843391000-0500,81.976432000,192.168.0.178,192.168.0.148,25565,53414,5898165,55502,0,0,0x0010
12856,2026-08-15T10:14:46.843649000-0500,81.976690000,192.168.0.148,192.168.0.178,53414,25565,55502,5898165,3,0,0x0018
12857,2026-08-15T10:14:46.878689000-0500,82.011730000,192.168.0.178,192.168.0.148,25565,53414,5898165,55505,187,0,0x0018
12858,2026-08-15T10:14:46.892961000-0500,82.026002000,192.168.0.148,192.168.0.178,53414,25565,55505,5898352,28,0,0x0018
12859,2026-08-15T10:14:46.893866000-0500,82.026907000,192.168.0.148,192.168.0.178,53414,25565,55533,5898352,3,0,0x0018
12860,2026-08-15T10:14:46.894316000-0500,82.027357000,192.168.0.178,192.168.0.148,25565,53414,5898352,55536,0,0,0x0010
12861,2026-08-15T10:14:46.928187000-0500,82.061228000,192.168.0.178,192.168.0.148,25565,53414,5898352,55536,58,0,0x0018
12862,2026-08-15T10:14:46.943334000-0500,82.076375000,192.168.0.148,192.168.0.178,53414,25565,55536,5898410,28,0,0x0018
12863,2026-08-15T10:14:46.944597000-0500,82.077638000,192.168.0.148,192.168.0.178,53414,25565,55564,5898410,3,0,0x0018
12864,2026-08-15T10:14:46.945034000-0500,82.078075000,192.168.0.178,192.168.0.148,25565,53414,5898410,55567,0,0,0x0010
12865,2026-08-15T10:14:46.977299000-0500,82.110340000,192.168.0.178,192.168.0.148,25565,53414,5898410,55567,140,0,0x0018
12866,2026-08-15T10:14:46.993295000-0500,82.126336000,192.168.0.148,192.168.0.178,53414,25565,55567,5898550,28,0,0x0018
12867,2026-08-15T10:14:46.994511000-0500,82.127552000,192.168.0.148,192.168.0.178,53414,25565,55595,5898550,3,0,0x0018
12868,2026-08-15T10:14:46.995050000-0500,82.128091000,192.168.0.178,192.168.0.148,25565,53414,5898550,55598,0,0,0x0010
12869,2026-08-15T10:14:47.027112000-0500,82.160153000,192.168.0.178,192.168.0.148,25565,53414,5898550,55598,137,0,0x0018
12870,2026-08-15T10:14:47.043135000-0500,82.176176000,192.168.0.148,192.168.0.178,53414,25565,55598,5898687,28,0,0x0018
12871,2026-08-15T10:14:47.044384000-0500,82.177425000,192.168.0.148,192.168.0.178,53414,25565,55626,5898687,3,0,0x0018
12872,2026-08-15T10:14:47.044916000-0500,82.177957000,192.168.0.178,192.168.0.148,25565,53414,5898687,55629,0,0,0x0010
12873,2026-08-15T10:14:47.077846000-0500,82.210887000,192.168.0.178,192.168.0.148,25565,53414,5898687,55629,70,0,0x0018
12874,2026-08-15T10:14:47.093563000-0500,82.226604000,192.168.0.148,192.168.0.178,53414,25565,55629,5898757,36,0,0x0018
12875,2026-08-15T10:14:47.094814000-0500,82.227855000,192.168.0.148,192.168.0.178,53414,25565,55665,5898757,3,0,0x0018
12876,2026-08-15T10:14:47.095793000-0500,82.228834000,192.168.0.178,192.168.0.148,25565,53414,5898757,55668,0,0,0x0010
12877,2026-08-15T10:14:47.128440000-0500,82.261481000,192.168.0.178,192.168.0.148,25565,53414,5898757,55668,297,0,0x0018
12878,2026-08-15T10:14:47.129726000-0500,82.262767000,192.168.0.178,192.168.0.148,25565,53414,5899054,55668,46,0,0x0018
12879,2026-08-15T10:14:47.129739000-0500,82.262780000,192.168.0.148,192.168.0.178,53414,25565,55668,5899100,0,0,0x0010
12880,2026-08-15T10:14:47.143098000-0500,82.276139000,192.168.0.148,192.168.0.178,53414,25565,55668,5899100,36,0,0x0018
12881,2026-08-15T10:14:47.143989000-0500,82.277030000,192.168.0.148,192.168.0.178,53414,25565,55704,5899100,3,0,0x0018
12882,2026-08-15T10:14:47.146326000-0500,82.279367000,192.168.0.178,192.168.0.148,25565,53414,5899100,55707,0,0,0x0010
12883,2026-08-15T10:14:47.176258000-0500,82.309299000,192.168.0.178,192.168.0.148,25565,53414,5899100,55707,131,0,0x0018
12884,2026-08-15T10:14:47.193399000-0500,82.326440000,192.168.0.148,192.168.0.178,53414,25565,55707,5899231,36,0,0x0018
12885,2026-08-15T10:14:47.194643000-0500,82.327684000,192.168.0.148,192.168.0.178,53414,25565,55743,5899231,3,0,0x0018
12886,2026-08-15T10:14:47.195186000-0500,82.328227000,192.168.0.178,192.168.0.148,25565,53414,5899231,55746,0,0,0x0010
12887,2026-08-15T10:14:47.226531000-0500,82.359572000,192.168.0.178,192.168.0.148,25565,53414,5899231,55746,52,0,0x0018
12888,2026-08-15T10:14:47.243155000-0500,82.376196000,192.168.0.148,192.168.0.178,53414,25565,55746,5899283,28,0,0x0018
12889,2026-08-15T10:14:47.244450000-0500,82.377491000,192.168.0.148,192.168.0.178,53414,25565,55774,5899283,3,0,0x0018
12890,2026-08-15T10:14:47.244966000-0500,82.378007000,192.168.0.178,192.168.0.148,25565,53414,5899283,55777,0,0,0x0010
12891,2026-08-15T10:14:47.276882000-0500,82.409923000,192.168.0.178,192.168.0.148,25565,53414,5899283,55777,134,0,0x0018
12892,2026-08-15T10:14:47.293478000-0500,82.426519000,192.168.0.148,192.168.0.178,53414,25565,55777,5899417,28,0,0x0018
12893,2026-08-15T10:14:47.294731000-0500,82.427772000,192.168.0.148,192.168.0.178,53414,25565,55805,5899417,3,0,0x0018
12894,2026-08-15T10:14:47.295359000-0500,82.428400000,192.168.0.178,192.168.0.148,25565,53414,5899417,55808,0,0,0x0010
12895,2026-08-15T10:14:47.326439000-0500,82.459480000,192.168.0.178,192.168.0.148,25565,53414,5899417,55808,224,0,0x0018
12896,2026-08-15T10:14:47.326728000-0500,82.459769000,192.168.0.148,192.168.0.178,53414,25565,55808,5899641,11,0,0x0018
12897,2026-08-15T10:14:47.343341000-0500,82.476382000,192.168.0.148,192.168.0.178,53414,25565,55819,5899641,36,0,0x0018
12898,2026-08-15T10:14:47.343963000-0500,82.477004000,192.168.0.178,192.168.0.148,25565,53414,5899641,55855,0,0,0x0010
12899,2026-08-15T10:14:47.344429000-0500,82.477470000,192.168.0.148,192.168.0.178,53414,25565,55855,5899641,3,0,0x0018
12900,2026-08-15T10:14:47.376216000-0500,82.509257000,192.168.0.178,192.168.0.148,25565,53414,5899641,55858,52,0,0x0018
12901,2026-08-15T10:14:47.392925000-0500,82.525966000,192.168.0.148,192.168.0.178,53414,25565,55858,5899693,36,0,0x0018
12902,2026-08-15T10:14:47.393586000-0500,82.526627000,192.168.0.148,192.168.0.178,53414,25565,55894,5899693,3,0,0x0018
12903,2026-08-15T10:14:47.394145000-0500,82.527186000,192.168.0.178,192.168.0.148,25565,53414,5899693,55897,0,0,0x0010
12904,2026-08-15T10:14:47.426406000-0500,82.559447000,192.168.0.178,192.168.0.148,25565,53414,5899693,55897,158,0,0x0018
12905,2026-08-15T10:14:47.443262000-0500,82.576303000,192.168.0.148,192.168.0.178,53414,25565,55897,5899851,36,0,0x0018
12906,2026-08-15T10:14:47.444760000-0500,82.577801000,192.168.0.148,192.168.0.178,53414,25565,55933,5899851,3,0,0x0018
12907,2026-08-15T10:14:47.445271000-0500,82.578312000,192.168.0.178,192.168.0.148,25565,53414,5899851,55936,0,0,0x0010
12908,2026-08-15T10:14:47.478310000-0500,82.611351000,192.168.0.178,192.168.0.148,25565,53414,5899851,55936,187,0,0x0018
12909,2026-08-15T10:14:47.493362000-0500,82.626403000,192.168.0.148,192.168.0.178,53414,25565,55936,5900038,28,0,0x0018
12910,2026-08-15T10:14:47.494675000-0500,82.627716000,192.168.0.148,192.168.0.178,53414,25565,55964,5900038,3,0,0x0018
12911,2026-08-15T10:14:47.495245000-0500,82.628286000,192.168.0.178,192.168.0.148,25565,53414,5900038,55967,0,0,0x0010
12912,2026-08-15T10:14:47.526574000-0500,82.659615000,192.168.0.178,192.168.0.148,25565,53414,5900038,55967,52,0,0x0018
12913,2026-08-15T10:14:47.543198000-0500,82.676239000,192.168.0.148,192.168.0.178,53414,25565,55967,5900090,28,0,0x0018
12914,2026-08-15T10:14:47.544436000-0500,82.677477000,192.168.0.148,192.168.0.178,53414,25565,55995,5900090,3,0,0x0018
12915,2026-08-15T10:14:47.545065000-0500,82.678106000,192.168.0.178,192.168.0.148,25565,53414,5900090,55998,0,0,0x0010
12916,2026-08-15T10:14:47.578201000-0500,82.711242000,192.168.0.178,192.168.0.148,25565,53414,5900090,55998,167,0,0x0018
12917,2026-08-15T10:14:47.593430000-0500,82.726471000,192.168.0.148,192.168.0.178,53414,25565,55998,5900257,28,0,0x0018
12918,2026-08-15T10:14:47.594638000-0500,82.727679000,192.168.0.148,192.168.0.178,53414,25565,56026,5900257,3,0,0x0018
12919,2026-08-15T10:14:47.596255000-0500,82.729296000,192.168.0.178,192.168.0.148,25565,53414,5900257,56029,0,0,0x0010
12920,2026-08-15T10:14:47.626385000-0500,82.759426000,192.168.0.178,192.168.0.148,25565,53414,5900257,56029,193,0,0x0018
12921,2026-08-15T10:14:47.642607000-0500,82.775648000,192.168.0.148,192.168.0.178,53414,25565,56029,5900450,28,0,0x0018
12922,2026-08-15T10:14:47.643186000-0500,82.776227000,192.168.0.148,192.168.0.178,53414,25565,56057,5900450,3,0,0x0018
12923,2026-08-15T10:14:47.643680000-0500,82.776721000,192.168.0.178,192.168.0.148,25565,53414,5900450,56060,0,0,0x0010
12924,2026-08-15T10:14:47.676697000-0500,82.809738000,192.168.0.178,192.168.0.148,25565,53414,5900450,56060,84,0,0x0018
12925,2026-08-15T10:14:47.693310000-0500,82.826351000,192.168.0.148,192.168.0.178,53414,25565,56060,5900534,28,0,0x0018
12926,2026-08-15T10:14:47.694600000-0500,82.827641000,192.168.0.148,192.168.0.178,53414,25565,56088,5900534,3,0,0x0018
12927,2026-08-15T10:14:47.695116000-0500,82.828157000,192.168.0.178,192.168.0.148,25565,53414,5900534,56091,0,0,0x0010
12928,2026-08-15T10:14:47.727623000-0500,82.860664000,192.168.0.178,192.168.0.148,25565,53414,5900534,56091,177,0,0x0018
12929,2026-08-15T10:14:47.743156000-0500,82.876197000,192.168.0.148,192.168.0.178,53414,25565,56091,5900711,28,0,0x0018
12930,2026-08-15T10:14:47.744401000-0500,82.877442000,192.168.0.148,192.168.0.178,53414,25565,56119,5900711,3,0,0x0018
12931,2026-08-15T10:14:47.744881000-0500,82.877922000,192.168.0.178,192.168.0.148,25565,53414,5900711,56122,0,0,0x0010
12932,2026-08-15T10:14:47.778804000-0500,82.911845000,192.168.0.178,192.168.0.148,25565,53414,5900711,56122,180,0,0x0018
12933,2026-08-15T10:14:47.793345000-0500,82.926386000,192.168.0.148,192.168.0.178,53414,25565,56122,5900891,28,0,0x0018
12934,2026-08-15T10:14:47.794292000-0500,82.927333000,192.168.0.178,192.168.0.148,25565,53414,5900891,56150,11,0,0x0018
12935,2026-08-15T10:14:47.794292000-0500,82.927333000,192.168.0.178,192.168.0.148,25565,53414,5900902,56150,11,0,0x0018
12936,2026-08-15T10:14:47.794322000-0500,82.927363000,192.168.0.148,192.168.0.178,53414,25565,56150,5900913,0,0,0x0010
12937,2026-08-15T10:14:47.794386000-0500,82.927427000,192.168.0.178,192.168.0.148,25565,53414,5900913,56150,22,0,0x0018
12938,2026-08-15T10:14:47.794386000-0500,82.927427000,192.168.0.178,192.168.0.148,25565,53414,5900935,56150,22,0,0x0018
12939,2026-08-15T10:14:47.794386000-0500,82.927427000,192.168.0.178,192.168.0.148,25565,53414,5900957,56150,22,0,0x0018
12940,2026-08-15T10:14:47.794402000-0500,82.927443000,192.168.0.148,192.168.0.178,53414,25565,56150,5900979,0,0,0x0010
12941,2026-08-15T10:14:47.794437000-0500,82.927478000,192.168.0.178,192.168.0.148,25565,53414,5900979,56150,22,0,0x0018
12942,2026-08-15T10:14:47.794445000-0500,82.927486000,192.168.0.148,192.168.0.178,53414,25565,56150,5901001,0,0,0x0010
12943,2026-08-15T10:14:47.794543000-0500,82.927584000,192.168.0.178,192.168.0.148,25565,53414,5901001,56150,11,0,0x0018
12944,2026-08-15T10:14:47.794543000-0500,82.927584000,192.168.0.178,192.168.0.148,25565,53414,5901012,56150,11,0,0x0018
12945,2026-08-15T10:14:47.794555000-0500,82.927596000,192.168.0.148,192.168.0.178,53414,25565,56150,5901023,0,0,0x0010
12946,2026-08-15T10:14:47.794606000-0500,82.927647000,192.168.0.178,192.168.0.148,25565,53414,5901023,56150,11,0,0x0018
12947,2026-08-15T10:14:47.794606000-0500,82.927647000,192.168.0.178,192.168.0.148,25565,53414,5901034,56150,22,0,0x0018
12948,2026-08-15T10:14:47.794606000-0500,82.927647000,192.168.0.178,192.168.0.148,25565,53414,5901056,56150,13,0,0x0018
12949,2026-08-15T10:14:47.794616000-0500,82.927657000,192.168.0.148,192.168.0.178,53414,25565,56150,5901069,0,0,0x0010
12950,2026-08-15T10:14:47.794767000-0500,82.927808000,192.168.0.148,192.168.0.178,53414,25565,56150,5901069,3,0,0x0018
12951,2026-08-15T10:14:47.828304000-0500,82.961345000,192.168.0.178,192.168.0.148,25565,53414,5901069,56153,1460,0,0x0010
12952,2026-08-15T10:14:47.828366000-0500,82.961407000,192.168.0.178,192.168.0.148,25565,53414,5902529,56153,1460,0,0x0010
12953,2026-08-15T10:14:47.828379000-0500,82.961420000,192.168.0.148,192.168.0.178,53414,25565,56153,5903989,0,0,0x0010
12954,2026-08-15T10:14:47.828434000-0500,82.961475000,192.168.0.178,192.168.0.148,25565,53414,5903989,56153,942,0,0x0018
12955,2026-08-15T10:14:47.843333000-0500,82.976374000,192.168.0.148,192.168.0.178,53414,25565,56153,5904931,28,0,0x0018
12956,2026-08-15T10:14:47.844562000-0500,82.977603000,192.168.0.148,192.168.0.178,53414,25565,56181,5904931,3,0,0x0018
12957,2026-08-15T10:14:47.845095000-0500,82.978136000,192.168.0.178,192.168.0.148,25565,53414,5904931,56184,0,0,0x0010
12958,2026-08-15T10:14:47.879538000-0500,83.012579000,192.168.0.178,192.168.0.148,25565,53414,5904931,56184,135,0,0x0018
12959,2026-08-15T10:14:47.892271000-0500,83.025312000,192.168.0.148,192.168.0.178,53414,25565,56184,5905066,28,0,0x0018
12960,2026-08-15T10:14:47.893165000-0500,83.026206000,192.168.0.148,192.168.0.178,53414,25565,56212,5905066,3,0,0x0018
12961,2026-08-15T10:14:47.893261000-0500,83.026302000,192.168.0.178,192.168.0.148,25565,53414,5905066,56212,11,0,0x0018
12962,2026-08-15T10:14:47.893290000-0500,83.026331000,192.168.0.178,192.168.0.148,25565,53414,5905077,56212,11,0,0x0018
12963,2026-08-15T10:14:47.893294000-0500,83.026335000,192.168.0.148,192.168.0.178,53414,25565,56215,5905088,0,0,0x0010
12964,2026-08-15T10:14:47.893395000-0500,83.026436000,192.168.0.178,192.168.0.148,25565,53414,5905088,56212,11,0,0x0018
12965,2026-08-15T10:14:47.893395000-0500,83.026436000,192.168.0.178,192.168.0.148,25565,53414,5905099,56212,11,0,0x0018
12966,2026-08-15T10:14:47.893401000-0500,83.026442000,192.168.0.148,192.168.0.178,53414,25565,56215,5905110,0,0,0x0010
12967,2026-08-15T10:14:47.893442000-0500,83.026483000,192.168.0.178,192.168.0.148,25565,53414,5905110,56212,22,0,0x0018
12968,2026-08-15T10:14:47.893442000-0500,83.026483000,192.168.0.178,192.168.0.148,25565,53414,5905132,56215,22,0,0x0018
12969,2026-08-15T10:14:47.893448000-0500,83.026489000,192.168.0.148,192.168.0.178,53414,25565,56215,5905154,0,0,0x0010
12970,2026-08-15T10:14:47.893497000-0500,83.026538000,192.168.0.178,192.168.0.148,25565,53414,5905154,56215,11,0,0x0018
12971,2026-08-15T10:14:47.893566000-0500,83.026607000,192.168.0.178,192.168.0.148,25565,53414,5905165,56215,11,0,0x0018
12972,2026-08-15T10:14:47.893570000-0500,83.026611000,192.168.0.148,192.168.0.178,53414,25565,56215,5905176,0,0,0x0010
12973,2026-08-15T10:14:47.893645000-0500,83.026686000,192.168.0.178,192.168.0.148,25565,53414,5905176,56215,22,0,0x0018
12974,2026-08-15T10:14:47.893645000-0500,83.026686000,192.168.0.178,192.168.0.148,25565,53414,5905198,56215,11,0,0x0018
12975,2026-08-15T10:14:47.893645000-0500,83.026686000,192.168.0.178,192.168.0.148,25565,53414,5905209,56215,13,0,0x0018
12976,2026-08-15T10:14:47.893652000-0500,83.026693000,192.168.0.148,192.168.0.178,53414,25565,56215,5905222,0,0,0x0010
12977,2026-08-15T10:14:47.928927000-0500,83.061968000,192.168.0.178,192.168.0.148,25565,53414,5905222,56215,148,0,0x0018
12978,2026-08-15T10:14:47.928968000-0500,83.062009000,192.168.0.148,192.168.0.178,53414,25565,56215,5905370,0,0,0x0010
12979,2026-08-15T10:14:47.943200000-0500,83.076241000,192.168.0.148,192.168.0.178,53414,25565,56215,5905370,28,0,0x0018
12980,2026-08-15T10:14:47.944442000-0500,83.077483000,192.168.0.148,192.168.0.178,53414,25565,56243,5905370,3,0,0x0018
12981,2026-08-15T10:14:47.944950000-0500,83.077991000,192.168.0.178,192.168.0.148,25565,53414,5905370,56246,0,0,0x0010
12982,2026-08-15T10:14:47.977490000-0500,83.110531000,192.168.0.178,192.168.0.148,25565,53414,5905370,56246,60,0,0x0018
12983,2026-08-15T10:14:47.993373000-0500,83.126414000,192.168.0.148,192.168.0.178,53414,25565,56246,5905430,28,0,0x0018
12984,2026-08-15T10:14:47.994071000-0500,83.127112000,192.168.0.178,192.168.0.148,25565,53414,5905430,56274,46,0,0x0018
12985,2026-08-15T10:14:47.994628000-0500,83.127669000,192.168.0.148,192.168.0.178,53414,25565,56274,5905476,3,0,0x0018
12986,2026-08-15T10:14:48.027068000-0500,83.160109000,192.168.0.178,192.168.0.148,25565,53414,5905476,56277,113,0,0x0018
12987,2026-08-15T10:14:48.043243000-0500,83.176284000,192.168.0.148,192.168.0.178,53414,25565,56277,5905589,28,0,0x0018
12988,2026-08-15T10:14:48.044491000-0500,83.177532000,192.168.0.148,192.168.0.178,53414,25565,56305,5905589,3,0,0x0018
12989,2026-08-15T10:14:48.045030000-0500,83.178071000,192.168.0.178,192.168.0.148,25565,53414,5905589,56308,0,0,0x0010
12990,2026-08-15T10:14:48.079560000-0500,83.212601000,192.168.0.178,192.168.0.148,25565,53414,5905589,56308,163,0,0x0018
12991,2026-08-15T10:14:48.093386000-0500,83.226427000,192.168.0.148,192.168.0.178,53414,25565,56308,5905752,28,0,0x0018
12992,2026-08-15T10:14:48.094643000-0500,83.227684000,192.168.0.148,192.168.0.178,53414,25565,56336,5905752,3,0,0x0018
12993,2026-08-15T10:14:48.095177000-0500,83.228218000,192.168.0.178,192.168.0.148,25565,53414,5905752,56339,0,0,0x0010
12994,2026-08-15T10:14:48.128125000-0500,83.261166000,192.168.0.178,192.168.0.148,25565,53414,5905752,56339,225,0,0x0018
12995,2026-08-15T10:14:48.142557000-0500,83.275598000,192.168.0.148,192.168.0.178,53414,25565,56339,5905977,28,0,0x0018
12996,2026-08-15T10:14:48.143211000-0500,83.276252000,192.168.0.148,192.168.0.178,53414,25565,56367,5905977,3,0,0x0018
12997,2026-08-15T10:14:48.143626000-0500,83.276667000,192.168.0.178,192.168.0.148,25565,53414,5905977,56370,0,0,0x0010
12998,2026-08-15T10:14:48.178116000-0500,83.311157000,192.168.0.178,192.168.0.148,25565,53414,5905977,56370,180,0,0x0018
12999,2026-08-15T10:14:48.193238000-0500,83.326279000,192.168.0.148,192.168.0.178,53414,25565,56370,5906157,28,0,0x0018
13000,2026-08-15T10:14:48.194529000-0500,83.327570000,192.168.0.148,192.168.0.178,53414,25565,56398,5906157,3,0,0x0018
13001,2026-08-15T10:14:48.195035000-0500,83.328076000,192.168.0.178,192.168.0.148,25565,53414,5906157,56401,0,0,0x0010
13002,2026-08-15T10:14:48.226998000-0500,83.360039000,192.168.0.178,192.168.0.148,25565,53414,5906157,56401,129,0,0x0018
13003,2026-08-15T10:14:48.243278000-0500,83.376319000,192.168.0.148,192.168.0.178,53414,25565,56401,5906286,28,0,0x0018
13004,2026-08-15T10:14:48.244581000-0500,83.377622000,192.168.0.148,192.168.0.178,53414,25565,56429,5906286,3,0,0x0018
13005,2026-08-15T10:14:48.245106000-0500,83.378147000,192.168.0.178,192.168.0.148,25565,53414,5906286,56432,0,0,0x0010
13006,2026-08-15T10:14:48.281719000-0500,83.414760000,192.168.0.178,192.168.0.148,25565,53414,5906286,56432,164,0,0x0018
13007,2026-08-15T10:14:48.293463000-0500,83.426504000,192.168.0.148,192.168.0.178,53414,25565,56432,5906450,28,0,0x0018
13008,2026-08-15T10:14:48.294688000-0500,83.427729000,192.168.0.148,192.168.0.178,53414,25565,56460,5906450,3,0,0x0018
13009,2026-08-15T10:14:48.295243000-0500,83.428284000,192.168.0.178,192.168.0.148,25565,53414,5906450,56463,0,0,0x0010
13010,2026-08-15T10:14:48.328424000-0500,83.461465000,192.168.0.178,192.168.0.148,25565,53414,5906450,56463,138,0,0x0018
13011,2026-08-15T10:14:48.328636000-0500,83.461677000,192.168.0.148,192.168.0.178,53414,25565,56463,5906588,11,0,0x0018
13012,2026-08-15T10:14:48.344320000-0500,83.477361000,192.168.0.148,192.168.0.178,53414,25565,56474,5906588,28,0,0x0018
13013,2026-08-15T10:14:48.344941000-0500,83.477982000,192.168.0.178,192.168.0.148,25565,53414,5906588,56502,0,0,0x0010
13014,2026-08-15T10:14:48.345582000-0500,83.478623000,192.168.0.148,192.168.0.178,53414,25565,56502,5906588,3,0,0x0018
13015,2026-08-15T10:14:48.378024000-0500,83.511065000,192.168.0.178,192.168.0.148,25565,53414,5906588,56505,129,0,0x0018
13016,2026-08-15T10:14:48.393406000-0500,83.526447000,192.168.0.148,192.168.0.178,53414,25565,56505,5906717,28,0,0x0018
13017,2026-08-15T10:14:48.394686000-0500,83.527727000,192.168.0.148,192.168.0.178,53414,25565,56533,5906717,3,0,0x0018
13018,2026-08-15T10:14:48.395255000-0500,83.528296000,192.168.0.178,192.168.0.148,25565,53414,5906717,56536,0,0,0x0010
13019,2026-08-15T10:14:48.428315000-0500,83.561356000,192.168.0.178,192.168.0.148,25565,53414,5906717,56536,101,0,0x0018
13020,2026-08-15T10:14:48.443570000-0500,83.576611000,192.168.0.148,192.168.0.178,53414,25565,56536,5906818,28,0,0x0018
13021,2026-08-15T10:14:48.444450000-0500,83.577491000,192.168.0.178,192.168.0.148,25565,53414,5906818,56564,46,0,0x0018
13022,2026-08-15T10:14:48.444778000-0500,83.577819000,192.168.0.148,192.168.0.178,53414,25565,56564,5906864,3,0,0x0018
13023,2026-08-15T10:14:48.478070000-0500,83.611111000,192.168.0.178,192.168.0.148,25565,53414,5906864,56567,163,0,0x0018
13024,2026-08-15T10:14:48.493410000-0500,83.626451000,192.168.0.148,192.168.0.178,53414,25565,56567,5907027,28,0,0x0018
13025,2026-08-15T10:14:48.494658000-0500,83.627699000,192.168.0.148,192.168.0.178,53414,25565,56595,5907027,3,0,0x0018
13026,2026-08-15T10:14:48.495154000-0500,83.628195000,192.168.0.178,192.168.0.148,25565,53414,5907027,56598,0,0,0x0010
13027,2026-08-15T10:14:48.526744000-0500,83.659785000,192.168.0.178,192.168.0.148,25565,53414,5907027,56598,138,0,0x0018
13028,2026-08-15T10:14:48.543233000-0500,83.676274000,192.168.0.148,192.168.0.178,53414,25565,56598,5907165,28,0,0x0018
13029,2026-08-15T10:14:48.544420000-0500,83.677461000,192.168.0.148,192.168.0.178,53414,25565,56626,5907165,3,0,0x0018
13030,2026-08-15T10:14:48.548162000-0500,83.681203000,192.168.0.178,192.168.0.148,25565,53414,5907165,56629,0,0,0x0010
13031,2026-08-15T10:14:48.577070000-0500,83.710111000,192.168.0.178,192.168.0.148,25565,53414,5907165,56629,105,0,0x0018
13032,2026-08-15T10:14:48.593330000-0500,83.726371000,192.168.0.148,192.168.0.178,53414,25565,56629,5907270,28,0,0x0018
13033,2026-08-15T10:14:48.594565000-0500,83.727606000,192.168.0.148,192.168.0.178,53414,25565,56657,5907270,3,0,0x0018
13034,2026-08-15T10:14:48.595069000-0500,83.728110000,192.168.0.178,192.168.0.148,25565,53414,5907270,56660,0,0,0x0010
13035,2026-08-15T10:14:48.626641000-0500,83.759682000,192.168.0.178,192.168.0.148,25565,53414,5907270,56660,265,0,0x0018
13036,2026-08-15T10:14:48.643200000-0500,83.776241000,192.168.0.148,192.168.0.178,53414,25565,56660,5907535,28,0,0x0018
13037,2026-08-15T10:14:48.644448000-0500,83.777489000,192.168.0.148,192.168.0.178,53414,25565,56688,5907535,3,0,0x0018
13038,2026-08-15T10:14:48.644994000-0500,83.778035000,192.168.0.178,192.168.0.148,25565,53414,5907535,56691,0,0,0x0010
13039,2026-08-15T10:14:48.676739000-0500,83.809780000,192.168.0.178,192.168.0.148,25565,53414,5907535,56691,150,0,0x0018
13040,2026-08-15T10:14:48.692794000-0500,83.825835000,192.168.0.148,192.168.0.178,53414,25565,56691,5907685,28,0,0x0018
13041,2026-08-15T10:14:48.693634000-0500,83.826675000,192.168.0.148,192.168.0.178,53414,25565,56719,5907685,3,0,0x0018
13042,2026-08-15T10:14:48.694225000-0500,83.827266000,192.168.0.178,192.168.0.148,25565,53414,5907685,56722,0,0,0x0010
13043,2026-08-15T10:14:48.726803000-0500,83.859844000,192.168.0.178,192.168.0.148,25565,53414,5907685,56722,91,0,0x0018
13044,2026-08-15T10:14:48.743159000-0500,83.876200000,192.168.0.148,192.168.0.178,53414,25565,56722,5907776,28,0,0x0018
13045,2026-08-15T10:14:48.744426000-0500,83.877467000,192.168.0.148,192.168.0.178,53414,25565,56750,5907776,3,0,0x0018
13046,2026-08-15T10:14:48.744915000-0500,83.877956000,192.168.0.178,192.168.0.148,25565,53414,5907776,56753,0,0,0x0010
13047,2026-08-15T10:14:48.776541000-0500,83.909582000,192.168.0.178,192.168.0.148,25565,53414,5907776,56753,101,0,0x0018
13048,2026-08-15T10:14:48.793234000-0500,83.926275000,192.168.0.148,192.168.0.178,53414,25565,56753,5907877,28,0,0x0018
13049,2026-08-15T10:14:48.794499000-0500,83.927540000,192.168.0.148,192.168.0.178,53414,25565,56781,5907877,3,0,0x0018
13050,2026-08-15T10:14:48.795216000-0500,83.928257000,192.168.0.178,192.168.0.148,25565,53414,5907877,56784,0,0,0x0010
13051,2026-08-15T10:14:48.826703000-0500,83.959744000,192.168.0.178,192.168.0.148,25565,53414,5907877,56784,146,0,0x0018
13052,2026-08-15T10:14:48.829894000-0500,83.962935000,192.168.0.178,192.168.0.148,25565,53414,5908023,56784,46,0,0x0018
13053,2026-08-15T10:14:48.829945000-0500,83.962986000,192.168.0.148,192.168.0.178,53414,25565,56784,5908069,0,0,0x0010
13054,2026-08-15T10:14:48.843210000-0500,83.976251000,192.168.0.148,192.168.0.178,53414,25565,56784,5908069,28,0,0x0018
13055,2026-08-15T10:14:48.844477000-0500,83.977518000,192.168.0.148,192.168.0.178,53414,25565,56812,5908069,3,0,0x0018
13056,2026-08-15T10:14:48.845155000-0500,83.978196000,192.168.0.178,192.168.0.148,25565,53414,5908069,56815,0,0,0x0010
13057,2026-08-15T10:14:48.876788000-0500,84.009829000,192.168.0.178,192.168.0.148,25565,53414,5908069,56815,91,0,0x0018
13058,2026-08-15T10:14:48.893182000-0500,84.026223000,192.168.0.148,192.168.0.178,53414,25565,56815,5908160,28,0,0x0018
13059,2026-08-15T10:14:48.894405000-0500,84.027446000,192.168.0.148,192.168.0.178,53414,25565,56843,5908160,3,0,0x0018
13060,2026-08-15T10:14:48.895034000-0500,84.028075000,192.168.0.178,192.168.0.148,25565,53414,5908160,56846,0,0,0x0010
13061,2026-08-15T10:14:48.927077000-0500,84.060118000,192.168.0.178,192.168.0.148,25565,53414,5908160,56846,103,0,0x0018
13062,2026-08-15T10:14:48.942654000-0500,84.075695000,192.168.0.148,192.168.0.178,53414,25565,56846,5908263,28,0,0x0018
13063,2026-08-15T10:14:48.943545000-0500,84.076586000,192.168.0.148,192.168.0.178,53414,25565,56874,5908263,3,0,0x0018
13064,2026-08-15T10:14:48.944168000-0500,84.077209000,192.168.0.178,192.168.0.148,25565,53414,5908263,56877,0,0,0x0010
13065,2026-08-15T10:14:48.978127000-0500,84.111168000,192.168.0.178,192.168.0.148,25565,53414,5908263,56877,219,0,0x0018
13066,2026-08-15T10:14:48.993298000-0500,84.126339000,192.168.0.148,192.168.0.178,53414,25565,56877,5908482,28,0,0x0018
13067,2026-08-15T10:14:48.994564000-0500,84.127605000,192.168.0.148,192.168.0.178,53414,25565,56905,5908482,3,0,0x0018
13068,2026-08-15T10:14:48.996190000-0500,84.129231000,192.168.0.178,192.168.0.148,25565,53414,5908482,56908,0,0,0x0010
13069,2026-08-15T10:14:49.026788000-0500,84.159829000,192.168.0.178,192.168.0.148,25565,53414,5908482,56908,91,0,0x0018
13070,2026-08-15T10:14:49.043026000-0500,84.176067000,192.168.0.148,192.168.0.178,53414,25565,56908,5908573,28,0,0x0018
13071,2026-08-15T10:14:49.044257000-0500,84.177298000,192.168.0.148,192.168.0.178,53414,25565,56936,5908573,3,0,0x0018
13072,2026-08-15T10:14:49.044840000-0500,84.177881000,192.168.0.178,192.168.0.148,25565,53414,5908573,56939,0,0,0x0010
13073,2026-08-15T10:14:49.076960000-0500,84.210001000,192.168.0.178,192.168.0.148,25565,53414,5908573,56939,236,0,0x0018
13074,2026-08-15T10:14:49.093525000-0500,84.226566000,192.168.0.148,192.168.0.178,53414,25565,56939,5908809,28,0,0x0018
13075,2026-08-15T10:14:49.094771000-0500,84.227812000,192.168.0.148,192.168.0.178,53414,25565,56967,5908809,3,0,0x0018
13076,2026-08-15T10:14:49.095411000-0500,84.228452000,192.168.0.178,192.168.0.148,25565,53414,5908809,56970,0,0,0x0010
13077,2026-08-15T10:14:49.127193000-0500,84.260234000,192.168.0.178,192.168.0.148,25565,53414,5908809,56970,249,0,0x0018
13078,2026-08-15T10:14:49.143101000-0500,84.276142000,192.168.0.148,192.168.0.178,53414,25565,56970,5909058,28,0,0x0018
13079,2026-08-15T10:14:49.144387000-0500,84.277428000,192.168.0.148,192.168.0.178,53414,25565,56998,5909058,3,0,0x0018
13080,2026-08-15T10:14:49.145065000-0500,84.278106000,192.168.0.178,192.168.0.148,25565,53414,5909058,57001,0,0,0x0010
13081,2026-08-15T10:14:49.178157000-0500,84.311198000,192.168.0.178,192.168.0.148,25565,53414,5909058,57001,99,0,0x0018
13082,2026-08-15T10:14:49.192950000-0500,84.325991000,192.168.0.148,192.168.0.178,53414,25565,57001,5909157,28,0,0x0018
13083,2026-08-15T10:14:49.193900000-0500,84.326941000,192.168.0.148,192.168.0.178,53414,25565,57029,5909157,3,0,0x0018
13084,2026-08-15T10:14:49.194382000-0500,84.327423000,192.168.0.178,192.168.0.148,25565,53414,5909157,57032,0,0,0x0010
13085,2026-08-15T10:14:49.230151000-0500,84.363192000,192.168.0.178,192.168.0.148,25565,53414,5909157,57032,89,0,0x0018
13086,2026-08-15T10:14:49.243240000-0500,84.376281000,192.168.0.148,192.168.0.178,53414,25565,57032,5909246,28,0,0x0018
13087,2026-08-15T10:14:49.244404000-0500,84.377445000,192.168.0.148,192.168.0.178,53414,25565,57060,5909246,3,0,0x0018
13088,2026-08-15T10:14:49.244844000-0500,84.377885000,192.168.0.178,192.168.0.148,25565,53414,5909246,57063,0,0,0x0010
13089,2026-08-15T10:14:49.280191000-0500,84.413232000,192.168.0.178,192.168.0.148,25565,53414,5909246,57063,173,0,0x0018
13090,2026-08-15T10:14:49.293379000-0500,84.426420000,192.168.0.148,192.168.0.178,53414,25565,57063,5909419,28,0,0x0018
13091,2026-08-15T10:14:49.294626000-0500,84.427667000,192.168.0.148,192.168.0.178,53414,25565,57091,5909419,3,0,0x0018
13092,2026-08-15T10:14:49.295302000-0500,84.428343000,192.168.0.178,192.168.0.148,25565,53414,5909419,57094,0,0,0x0010
13093,2026-08-15T10:14:49.327055000-0500,84.460096000,192.168.0.178,192.168.0.148,25565,53414,5909419,57094,188,0,0x0018
13094,2026-08-15T10:14:49.343200000-0500,84.476241000,192.168.0.148,192.168.0.178,53414,25565,57094,5909607,28,0,0x0018
13095,2026-08-15T10:14:49.344512000-0500,84.477553000,192.168.0.148,192.168.0.178,53414,25565,57122,5909607,3,0,0x0018
13096,2026-08-15T10:14:49.345104000-0500,84.478145000,192.168.0.178,192.168.0.148,25565,53414,5909607,57125,0,0,0x0010
13097,2026-08-15T10:14:49.376689000-0500,84.509730000,192.168.0.178,192.168.0.148,25565,53414,5909607,57125,236,0,0x0018
13098,2026-08-15T10:14:49.376884000-0500,84.509925000,192.168.0.148,192.168.0.178,53414,25565,57125,5909843,11,0,0x0018
13099,2026-08-15T10:14:49.393350000-0500,84.526391000,192.168.0.148,192.168.0.178,53414,25565,57136,5909843,28,0,0x0018
13100,2026-08-15T10:14:49.393960000-0500,84.527001000,192.168.0.178,192.168.0.148,25565,53414,5909843,57164,0,0,0x0010
13101,2026-08-15T10:14:49.394612000-0500,84.527653000,192.168.0.148,192.168.0.178,53414,25565,57164,5909843,3,0,0x0018
13102,2026-08-15T10:14:49.427887000-0500,84.560928000,192.168.0.178,192.168.0.148,25565,53414,5909843,57167,218,0,0x0018
13103,2026-08-15T10:14:49.442947000-0500,84.575988000,192.168.0.148,192.168.0.178,53414,25565,57167,5910061,28,0,0x0018
13104,2026-08-15T10:14:49.444032000-0500,84.577073000,192.168.0.148,192.168.0.178,53414,25565,57195,5910061,3,0,0x0018
13105,2026-08-15T10:14:49.445504000-0500,84.578545000,192.168.0.178,192.168.0.148,25565,53414,5910061,57198,0,0,0x0010
13106,2026-08-15T10:14:49.476709000-0500,84.609750000,192.168.0.178,192.168.0.148,25565,53414,5910061,57198,111,0,0x0018
13107,2026-08-15T10:14:49.493311000-0500,84.626352000,192.168.0.148,192.168.0.178,53414,25565,57198,5910172,28,0,0x0018
13108,2026-08-15T10:14:49.494607000-0500,84.627648000,192.168.0.148,192.168.0.178,53414,25565,57226,5910172,3,0,0x0018
13109,2026-08-15T10:14:49.495246000-0500,84.628287000,192.168.0.178,192.168.0.148,25565,53414,5910172,57229,0,0,0x0010
13110,2026-08-15T10:14:49.526044000-0500,84.659085000,192.168.0.178,192.168.0.148,25565,53414,5910172,57229,119,0,0x0018
13111,2026-08-15T10:14:49.543135000-0500,84.676176000,192.168.0.148,192.168.0.178,53414,25565,57229,5910291,28,0,0x0018
13112,2026-08-15T10:14:49.544351000-0500,84.677392000,192.168.0.148,192.168.0.178,53414,25565,57257,5910291,3,0,0x0018
13113,2026-08-15T10:14:49.544886000-0500,84.677927000,192.168.0.178,192.168.0.148,25565,53414,5910291,57260,0,0,0x0010
13114,2026-08-15T10:14:49.577903000-0500,84.710944000,192.168.0.178,192.168.0.148,25565,53414,5910291,57260,193,0,0x0018
13115,2026-08-15T10:14:49.593392000-0500,84.726433000,192.168.0.148,192.168.0.178,53414,25565,57260,5910484,28,0,0x0018
13116,2026-08-15T10:14:49.594751000-0500,84.727792000,192.168.0.148,192.168.0.178,53414,25565,57288,5910484,3,0,0x0018
13117,2026-08-15T10:14:49.595458000-0500,84.728499000,192.168.0.178,192.168.0.148,25565,53414,5910484,57291,0,0,0x0010
13118,2026-08-15T10:14:49.626558000-0500,84.759599000,192.168.0.178,192.168.0.148,25565,53414,5910484,57291,68,0,0x0018
13119,2026-08-15T10:14:49.643173000-0500,84.776214000,192.168.0.148,192.168.0.178,53414,25565,57291,5910552,28,0,0x0018
13120,2026-08-15T10:14:49.644256000-0500,84.777297000,192.168.0.148,192.168.0.178,53414,25565,57319,5910552,3,0,0x0018
13121,2026-08-15T10:14:49.644948000-0500,84.777989000,192.168.0.178,192.168.0.148,25565,53414,5910552,57322,0,0,0x0010
13122,2026-08-15T10:14:49.675903000-0500,84.808944000,192.168.0.178,192.168.0.148,25565,53414,5910552,57322,210,0,0x0018
13123,2026-08-15T10:14:49.692414000-0500,84.825455000,192.168.0.148,192.168.0.178,53414,25565,57322,5910762,28,0,0x0018
13124,2026-08-15T10:14:49.693129000-0500,84.826170000,192.168.0.148,192.168.0.178,53414,25565,57350,5910762,3,0,0x0018
13125,2026-08-15T10:14:49.693478000-0500,84.826519000,192.168.0.178,192.168.0.148,25565,53414,5910762,57350,11,0,0x0018
13126,2026-08-15T10:14:49.693478000-0500,84.826519000,192.168.0.178,192.168.0.148,25565,53414,5910773,57350,22,0,0x0018
13127,2026-08-15T10:14:49.693497000-0500,84.826538000,192.168.0.148,192.168.0.178,53414,25565,57353,5910795,0,0,0x0010
13128,2026-08-15T10:14:49.693650000-0500,84.826691000,192.168.0.178,192.168.0.148,25565,53414,5910795,57353,134,0,0x0018
13129,2026-08-15T10:14:49.729288000-0500,84.862329000,192.168.0.178,192.168.0.148,25565,53414,5910929,57353,1460,0,0x0010
13130,2026-08-15T10:14:49.729316000-0500,84.862357000,192.168.0.148,192.168.0.178,53414,25565,57353,5912389,0,0,0x0010
13131,2026-08-15T10:14:49.729384000-0500,84.862425000,192.168.0.178,192.168.0.148,25565,53414,5912389,57353,1460,0,0x0010
13132,2026-08-15T10:14:49.729546000-0500,84.862587000,192.168.0.178,192.168.0.148,25565,53414,5913849,57353,1460,0,0x0010
13133,2026-08-15T10:14:49.729555000-0500,84.862596000,192.168.0.148,192.168.0.178,53414,25565,57353,5915309,0,0,0x0010
13134,2026-08-15T10:14:49.729670000-0500,84.862711000,192.168.0.178,192.168.0.148,25565,53414,5915309,57353,1460,0,0x0010
13135,2026-08-15T10:14:49.729790000-0500,84.862831000,192.168.0.178,192.168.0.148,25565,53414,5916769,57353,1460,0,0x0010
13136,2026-08-15T10:14:49.729796000-0500,84.862837000,192.168.0.148,192.168.0.178,53414,25565,57353,5918229,0,0,0x0010
13137,2026-08-15T10:14:49.729912000-0500,84.862953000,192.168.0.178,192.168.0.148,25565,53414,5918229,57353,1460,0,0x0010
13138,2026-08-15T10:14:49.730018000-0500,84.863059000,192.168.0.178,192.168.0.148,25565,53414,5919689,57353,1460,0,0x0010
13139,2026-08-15T10:14:49.730026000-0500,84.863067000,192.168.0.148,192.168.0.178,53414,25565,57353,5921149,0,0,0x0010
13140,2026-08-15T10:14:49.730147000-0500,84.863188000,192.168.0.178,192.168.0.148,25565,53414,5921149,57353,1460,0,0x0010
13141,2026-08-15T10:14:49.730283000-0500,84.863324000,192.168.0.178,192.168.0.148,25565,53414,5922609,57353,1460,0,0x0018
13142,2026-08-15T10:14:49.730291000-0500,84.863332000,192.168.0.148,192.168.0.178,53414,25565,57353,5924069,0,0,0x0010
13143,2026-08-15T10:14:49.730403000-0500,84.863444000,192.168.0.178,192.168.0.148,25565,53414,5924069,57353,1460,0,0x0010
13144,2026-08-15T10:14:49.730529000-0500,84.863570000,192.168.0.178,192.168.0.148,25565,53414,5925529,57353,1460,0,0x0010
13145,2026-08-15T10:14:49.730537000-0500,84.863578000,192.168.0.148,192.168.0.178,53414,25565,57353,5926989,0,0,0x0010
13146,2026-08-15T10:14:49.730649000-0500,84.863690000,192.168.0.178,192.168.0.148,25565,53414,5926989,57353,1460,0,0x0010
13147,2026-08-15T10:14:49.730774000-0500,84.863815000,192.168.0.178,192.168.0.148,25565,53414,5928449,57353,1460,0,0x0010
13148,2026-08-15T10:14:49.730784000-0500,84.863825000,192.168.0.148,192.168.0.178,53414,25565,57353,5929909,0,0,0x0010
13149,2026-08-15T10:14:49.730895000-0500,84.863936000,192.168.0.178,192.168.0.148,25565,53414,5929909,57353,1460,0,0x0010
13150,2026-08-15T10:14:49.730916000-0500,84.863957000,192.168.0.178,192.168.0.148,25565,53414,5931369,57353,522,0,0x0018
13151,2026-08-15T10:14:49.730921000-0500,84.863962000,192.168.0.148,192.168.0.178,53414,25565,57353,5931891,0,0,0x0010
13152,2026-08-15T10:14:49.743772000-0500,84.876813000,192.168.0.148,192.168.0.178,53414,25565,57353,5931891,28,0,0x0018
13153,2026-08-15T10:14:49.744736000-0500,84.877777000,192.168.0.148,192.168.0.178,53414,25565,57381,5931891,3,0,0x0018
13154,2026-08-15T10:14:49.745389000-0500,84.878430000,192.168.0.178,192.168.0.148,25565,53414,5931891,57384,0,0,0x0010
13155,2026-08-15T10:14:49.777669000-0500,84.910710000,192.168.0.178,192.168.0.148,25565,53414,5931891,57384,74,0,0x0018
13156,2026-08-15T10:14:49.793340000-0500,84.926381000,192.168.0.148,192.168.0.178,53414,25565,57384,5931965,28,0,0x0018
13157,2026-08-15T10:14:49.794439000-0500,84.927480000,192.168.0.148,192.168.0.178,53414,25565,57412,5931965,3,0,0x0018
13158,2026-08-15T10:14:49.795183000-0500,84.928224000,192.168.0.178,192.168.0.148,25565,53414,5931965,57415,0,0,0x0010
13159,2026-08-15T10:14:49.827584000-0500,84.960625000,192.168.0.178,192.168.0.148,25565,53414,5931965,57415,157,0,0x0018
13160,2026-08-15T10:14:49.842957000-0500,84.975998000,192.168.0.148,192.168.0.178,53414,25565,57415,5932122,28,0,0x0018
13161,2026-08-15T10:14:49.844323000-0500,84.977364000,192.168.0.148,192.168.0.178,53414,25565,57443,5932122,3,0,0x0018
13162,2026-08-15T10:14:49.844848000-0500,84.977889000,192.168.0.178,192.168.0.148,25565,53414,5932122,57446,0,0,0x0010
13163,2026-08-15T10:14:49.879437000-0500,85.012478000,192.168.0.178,192.168.0.148,25565,53414,5932122,57446,1460,0,0x0010
13164,2026-08-15T10:14:49.879499000-0500,85.012540000,192.168.0.178,192.168.0.148,25565,53414,5933582,57446,1460,0,0x0010
13165,2026-08-15T10:14:49.879518000-0500,85.012559000,192.168.0.148,192.168.0.178,53414,25565,57446,5935042,0,0,0x0010
13166,2026-08-15T10:14:49.879650000-0500,85.012691000,192.168.0.178,192.168.0.148,25565,53414,5935042,57446,1460,0,0x0010
13167,2026-08-15T10:14:49.879786000-0500,85.012827000,192.168.0.178,192.168.0.148,25565,53414,5936502,57446,1460,0,0x0010
13168,2026-08-15T10:14:49.879799000-0500,85.012840000,192.168.0.148,192.168.0.178,53414,25565,57446,5937962,0,0,0x0010
13169,2026-08-15T10:14:49.879863000-0500,85.012904000,192.168.0.178,192.168.0.148,25565,53414,5937962,57446,1460,0,0x0010
13170,2026-08-15T10:14:49.880025000-0500,85.013066000,192.168.0.178,192.168.0.148,25565,53414,5939422,57446,1460,0,0x0010
13171,2026-08-15T10:14:49.880042000-0500,85.013083000,192.168.0.148,192.168.0.178,53414,25565,57446,5940882,0,0,0x0010
13172,2026-08-15T10:14:49.880132000-0500,85.013173000,192.168.0.178,192.168.0.148,25565,53414,5940882,57446,1460,0,0x0010
13173,2026-08-15T10:14:49.880273000-0500,85.013314000,192.168.0.178,192.168.0.148,25565,53414,5942342,57446,1460,0,0x0010
13174,2026-08-15T10:14:49.880310000-0500,85.013351000,192.168.0.148,192.168.0.178,53414,25565,57446,5943802,0,0,0x0010
13175,2026-08-15T10:14:49.880373000-0500,85.013414000,192.168.0.178,192.168.0.148,25565,53414,5943802,57446,1460,0,0x0018
13176,2026-08-15T10:14:49.880515000-0500,85.013556000,192.168.0.178,192.168.0.148,25565,53414,5945262,57446,1460,0,0x0010
13177,2026-08-15T10:14:49.880529000-0500,85.013570000,192.168.0.148,192.168.0.178,53414,25565,57446,5946722,0,0,0x0010
13178,2026-08-15T10:14:49.880645000-0500,85.013686000,192.168.0.178,192.168.0.148,25565,53414,5946722,57446,1460,0,0x0010
13179,2026-08-15T10:14:49.880773000-0500,85.013814000,192.168.0.178,192.168.0.148,25565,53414,5948182,57446,1460,0,0x0010
13180,2026-08-15T10:14:49.880782000-0500,85.013823000,192.168.0.148,192.168.0.178,53414,25565,57446,5949642,0,0,0x0010
13181,2026-08-15T10:14:49.880833000-0500,85.013874000,192.168.0.178,192.168.0.148,25565,53414,5949642,57446,1139,0,0x0018
13182,2026-08-15T10:14:49.892780000-0500,85.025821000,192.168.0.148,192.168.0.178,53414,25565,57446,5950781,28,0,0x0018
13183,2026-08-15T10:14:49.893386000-0500,85.026427000,192.168.0.148,192.168.0.178,53414,25565,57474,5950781,3,0,0x0018
13184,2026-08-15T10:14:49.894043000-0500,85.027084000,192.168.0.178,192.168.0.148,25565,53414,5950781,57477,0,0,0x0010
13185,2026-08-15T10:14:49.929255000-0500,85.062296000,192.168.0.178,192.168.0.148,25565,53414,5950781,57477,1460,0,0x0010
13186,2026-08-15T10:14:49.929330000-0500,85.062371000,192.168.0.178,192.168.0.148,25565,53414,5952241,57477,1460,0,0x0010
13187,2026-08-15T10:14:49.929341000-0500,85.062382000,192.168.0.148,192.168.0.178,53414,25565,57477,5953701,0,0,0x0010
13188,2026-08-15T10:14:49.929467000-0500,85.062508000,192.168.0.178,192.168.0.148,25565,53414,5953701,57477,1460,0,0x0010
13189,2026-08-15T10:14:49.929579000-0500,85.062620000,192.168.0.178,192.168.0.148,25565,53414,5955161,57477,1190,0,0x0018
13190,2026-08-15T10:14:49.929590000-0500,85.062631000,192.168.0.148,192.168.0.178,53414,25565,57477,5956351,0,0,0x0010
13191,2026-08-15T10:14:49.942557000-0500,85.075598000,192.168.0.148,192.168.0.178,53414,25565,57477,5956351,28,0,0x0018
13192,2026-08-15T10:14:49.943272000-0500,85.076313000,192.168.0.148,192.168.0.178,53414,25565,57505,5956351,3,0,0x0018
13193,2026-08-15T10:14:49.943735000-0500,85.076776000,192.168.0.178,192.168.0.148,25565,53414,5956351,57508,0,0,0x0010
13194,2026-08-15T10:14:49.977610000-0500,85.110651000,192.168.0.178,192.168.0.148,25565,53414,5956351,57508,1025,0,0x0018
13195,2026-08-15T10:14:49.992867000-0500,85.125908000,192.168.0.148,192.168.0.178,53414,25565,57508,5957376,28,0,0x0018
13196,2026-08-15T10:14:49.993953000-0500,85.126994000,192.168.0.148,192.168.0.178,53414,25565,57536,5957376,3,0,0x0018
13197,2026-08-15T10:14:49.994584000-0500,85.127625000,192.168.0.178,192.168.0.148,25565,53414,5957376,57539,0,0,0x0010
13198,2026-08-15T10:14:50.026450000-0500,85.159491000,192.168.0.178,192.168.0.148,25565,53414,5957376,57539,270,0,0x0018
13199,2026-08-15T10:14:50.043273000-0500,85.176314000,192.168.0.148,192.168.0.178,53414,25565,57539,5957646,4,0,0x0018
13200,2026-08-15T10:14:50.043316000-0500,85.176357000,192.168.0.148,192.168.0.178,53414,25565,57543,5957646,28,0,0x0018
13201,2026-08-15T10:14:50.043747000-0500,85.176788000,192.168.0.178,192.168.0.148,25565,53414,5957646,57571,0,0,0x0010
13202,2026-08-15T10:14:50.044466000-0500,85.177507000,192.168.0.148,192.168.0.178,53414,25565,57571,5957646,3,0,0x0018
13203,2026-08-15T10:14:50.076298000-0500,85.209339000,192.168.0.178,192.168.0.148,25565,53414,5957646,57574,236,0,0x0018
13204,2026-08-15T10:14:50.098352000-0500,85.231393000,192.168.0.148,192.168.0.178,53414,25565,57574,5957882,28,0,0x0018
13205,2026-08-15T10:14:50.099035000-0500,85.232076000,192.168.0.148,192.168.0.178,53414,25565,57602,5957882,3,0,0x0018
13206,2026-08-15T10:14:50.099572000-0500,85.232613000,192.168.0.178,192.168.0.148,25565,53414,5957882,57605,0,0,0x0010
13207,2026-08-15T10:14:50.126309000-0500,85.259350000,192.168.0.178,192.168.0.148,25565,53414,5957882,57605,243,0,0x0018
13208,2026-08-15T10:14:50.143324000-0500,85.276365000,192.168.0.148,192.168.0.178,53414,25565,57605,5958125,28,0,0x0018
13209,2026-08-15T10:14:50.144255000-0500,85.277296000,192.168.0.178,192.168.0.148,25565,53414,5958125,57633,46,0,0x0018
13210,2026-08-15T10:14:50.144501000-0500,85.277542000,192.168.0.148,192.168.0.178,53414,25565,57633,5958171,3,0,0x0018
13211,2026-08-15T10:14:50.144568000-0500,85.277609000,192.168.0.178,192.168.0.148,25565,53414,5958171,57633,11,0,0x0018
13212,2026-08-15T10:14:50.144568000-0500,85.277609000,192.168.0.178,192.168.0.148,25565,53414,5958182,57633,11,0,0x0018
13213,2026-08-15T10:14:50.144594000-0500,85.277635000,192.168.0.148,192.168.0.178,53414,25565,57636,5958193,0,0,0x0010
13214,2026-08-15T10:14:50.144639000-0500,85.277680000,192.168.0.178,192.168.0.148,25565,53414,5958193,57633,22,0,0x0018
13215,2026-08-15T10:14:50.144695000-0500,85.277736000,192.168.0.178,192.168.0.148,25565,53414,5958215,57633,22,0,0x0018
13216,2026-08-15T10:14:50.144695000-0500,85.277736000,192.168.0.178,192.168.0.148,25565,53414,5958237,57633,33,0,0x0018
13217,2026-08-15T10:14:50.144708000-0500,85.277749000,192.168.0.148,192.168.0.178,53414,25565,57636,5958270,0,0,0x0010
13218,2026-08-15T10:14:50.144768000-0500,85.277809000,192.168.0.178,192.168.0.148,25565,53414,5958270,57636,11,0,0x0018
13219,2026-08-15T10:14:50.144787000-0500,85.277828000,192.168.0.148,192.168.0.178,53414,25565,57636,5958281,0,0,0x0010
13220,2026-08-15T10:14:50.144867000-0500,85.277908000,192.168.0.178,192.168.0.148,25565,53414,5958281,57636,11,0,0x0018
13221,2026-08-15T10:14:50.144931000-0500,85.277972000,192.168.0.178,192.168.0.148,25565,53414,5958292,57636,11,0,0x0018
13222,2026-08-15T10:14:50.144931000-0500,85.277972000,192.168.0.178,192.168.0.148,25565,53414,5958303,57636,22,0,0x0018
13223,2026-08-15T10:14:50.144944000-0500,85.277985000,192.168.0.148,192.168.0.178,53414,25565,57636,5958325,0,0,0x0010
13224,2026-08-15T10:14:50.144999000-0500,85.278040000,192.168.0.178,192.168.0.148,25565,53414,5958325,57636,13,0,0x0018
13225,2026-08-15T10:14:50.145009000-0500,85.278050000,192.168.0.148,192.168.0.178,53414,25565,57636,5958338,0,0,0x0010
13226,2026-08-15T10:14:50.177546000-0500,85.310587000,192.168.0.178,192.168.0.148,25565,53414,5958338,57636,236,0,0x0018
13227,2026-08-15T10:14:50.192104000-0500,85.325145000,192.168.0.148,192.168.0.178,53414,25565,57636,5958574,28,0,0x0018
13228,2026-08-15T10:14:50.192659000-0500,85.325700000,192.168.0.148,192.168.0.178,53414,25565,57664,5958574,3,0,0x0018
13229,2026-08-15T10:14:50.193191000-0500,85.326232000,192.168.0.178,192.168.0.148,25565,53414,5958574,57667,0,0,0x0010
13230,2026-08-15T10:14:50.227751000-0500,85.360792000,192.168.0.178,192.168.0.148,25565,53414,5958574,57667,80,0,0x0018
13231,2026-08-15T10:14:50.243072000-0500,85.376113000,192.168.0.148,192.168.0.178,53414,25565,57667,5958654,28,0,0x0018
13232,2026-08-15T10:14:50.244256000-0500,85.377297000,192.168.0.148,192.168.0.178,53414,25565,57695,5958654,3,0,0x0018
13233,2026-08-15T10:14:50.244825000-0500,85.377866000,192.168.0.178,192.168.0.148,25565,53414,5958654,57698,0,0,0x0010
13234,2026-08-15T10:14:50.276274000-0500,85.409315000,192.168.0.178,192.168.0.148,25565,53414,5958654,57698,91,0,0x0018
13235,2026-08-15T10:14:50.293808000-0500,85.426849000,192.168.0.148,192.168.0.178,53414,25565,57698,5958745,28,0,0x0018
13236,2026-08-15T10:14:50.294988000-0500,85.428029000,192.168.0.148,192.168.0.178,53414,25565,57726,5958745,3,0,0x0018
13237,2026-08-15T10:14:50.295611000-0500,85.428652000,192.168.0.178,192.168.0.148,25565,53414,5958745,57729,0,0,0x0010
13238,2026-08-15T10:14:50.327246000-0500,85.460287000,192.168.0.178,192.168.0.148,25565,53414,5958745,57729,236,0,0x0018
13239,2026-08-15T10:14:50.343237000-0500,85.476278000,192.168.0.148,192.168.0.178,53414,25565,57729,5958981,28,0,0x0018
13240,2026-08-15T10:14:50.344546000-0500,85.477587000,192.168.0.148,192.168.0.178,53414,25565,57757,5958981,3,0,0x0018
13241,2026-08-15T10:14:50.345090000-0500,85.478131000,192.168.0.178,192.168.0.148,25565,53414,5958981,57760,0,0,0x0010
13242,2026-08-15T10:14:50.376364000-0500,85.509405000,192.168.0.178,192.168.0.148,25565,53414,5958981,57760,78,0,0x0018
13243,2026-08-15T10:14:50.393829000-0500,85.526870000,192.168.0.148,192.168.0.178,53414,25565,57760,5959059,28,0,0x0018
13244,2026-08-15T10:14:50.394702000-0500,85.527743000,192.168.0.148,192.168.0.178,53414,25565,57788,5959059,3,0,0x0018
13245,2026-08-15T10:14:50.395266000-0500,85.528307000,192.168.0.178,192.168.0.148,25565,53414,5959059,57791,0,0,0x0010
13246,2026-08-15T10:14:50.427168000-0500,85.560209000,192.168.0.178,192.168.0.148,25565,53414,5959059,57791,110,0,0x0018
13247,2026-08-15T10:14:50.427385000-0500,85.560426000,192.168.0.148,192.168.0.178,53414,25565,57791,5959169,11,0,0x0018
13248,2026-08-15T10:14:50.441977000-0500,85.575018000,192.168.0.148,192.168.0.178,53414,25565,57802,5959169,28,0,0x0018
13249,2026-08-15T10:14:50.442569000-0500,85.575610000,192.168.0.148,192.168.0.178,53414,25565,57830,5959169,3,0,0x0018
13250,2026-08-15T10:14:50.443907000-0500,85.576948000,192.168.0.178,192.168.0.148,25565,53414,5959169,57830,0,0,0x0010
13251,2026-08-15T10:14:50.477509000-0500,85.610550000,192.168.0.178,192.168.0.148,25565,53414,5959169,57833,274,0,0x0018
13252,2026-08-15T10:14:50.493638000-0500,85.626679000,192.168.0.148,192.168.0.178,53414,25565,57833,5959443,4,0,0x0018
13253,2026-08-15T10:14:50.493674000-0500,85.626715000,192.168.0.148,192.168.0.178,53414,25565,57837,5959443,28,0,0x0018
13254,2026-08-15T10:14:50.494126000-0500,85.627167000,192.168.0.178,192.168.0.148,25565,53414,5959443,57865,0,0,0x0010
13255,2026-08-15T10:14:50.494841000-0500,85.627882000,192.168.0.148,192.168.0.178,53414,25565,57865,5959443,3,0,0x0018
13256,2026-08-15T10:14:50.527040000-0500,85.660081000,192.168.0.178,192.168.0.148,25565,53414,5959443,57868,72,0,0x0018
13257,2026-08-15T10:14:50.543293000-0500,85.676334000,192.168.0.148,192.168.0.178,53414,25565,57868,5959515,28,0,0x0018
13258,2026-08-15T10:14:50.544499000-0500,85.677540000,192.168.0.148,192.168.0.178,53414,25565,57896,5959515,3,0,0x0018
13259,2026-08-15T10:14:50.545106000-0500,85.678147000,192.168.0.178,192.168.0.148,25565,53414,5959515,57899,0,0,0x0010
13260,2026-08-15T10:14:50.577078000-0500,85.710119000,192.168.0.178,192.168.0.148,25565,53414,5959515,57899,97,0,0x0018
13261,2026-08-15T10:14:50.593312000-0500,85.726353000,192.168.0.148,192.168.0.178,53414,25565,57899,5959612,28,0,0x0018
13262,2026-08-15T10:14:50.594474000-0500,85.727515000,192.168.0.148,192.168.0.178,53414,25565,57927,5959612,3,0,0x0018
13263,2026-08-15T10:14:50.595129000-0500,85.728170000,192.168.0.178,192.168.0.148,25565,53414,5959612,57930,0,0,0x0010
13264,2026-08-15T10:14:50.627580000-0500,85.760621000,192.168.0.178,192.168.0.148,25565,53414,5959612,57930,119,0,0x0018
13265,2026-08-15T10:14:50.643124000-0500,85.776165000,192.168.0.148,192.168.0.178,53414,25565,57930,5959731,36,0,0x0018
13266,2026-08-15T10:14:50.643998000-0500,85.777039000,192.168.0.148,192.168.0.178,53414,25565,57966,5959731,3,0,0x0018
13267,2026-08-15T10:14:50.644530000-0500,85.777571000,192.168.0.178,192.168.0.148,25565,53414,5959731,57969,0,0,0x0010
13268,2026-08-15T10:14:50.676223000-0500,85.809264000,192.168.0.178,192.168.0.148,25565,53414,5959731,57969,60,0,0x0018
13269,2026-08-15T10:14:50.693273000-0500,85.826314000,192.168.0.148,192.168.0.178,53414,25565,57969,5959791,36,0,0x0018
13270,2026-08-15T10:14:50.694040000-0500,85.827081000,192.168.0.178,192.168.0.148,25565,53414,5959791,58005,46,0,0x0018
13271,2026-08-15T10:14:50.694395000-0500,85.827436000,192.168.0.148,192.168.0.178,53414,25565,58005,5959837,3,0,0x0018
13272,2026-08-15T10:14:50.726972000-0500,85.860013000,192.168.0.178,192.168.0.148,25565,53414,5959837,58008,176,0,0x0018
13273,2026-08-15T10:14:50.743084000-0500,85.876125000,192.168.0.148,192.168.0.178,53414,25565,58008,5960013,4,0,0x0018
13274,2026-08-15T10:14:50.743146000-0500,85.876187000,192.168.0.148,192.168.0.178,53414,25565,58012,5960013,36,0,0x0018
13275,2026-08-15T10:14:50.743688000-0500,85.876729000,192.168.0.178,192.168.0.148,25565,53414,5960013,58048,0,0,0x0010
13276,2026-08-15T10:14:50.743942000-0500,85.876983000,192.168.0.148,192.168.0.178,53414,25565,58048,5960013,3,0,0x0018
13277,2026-08-15T10:14:50.780448000-0500,85.913489000,192.168.0.178,192.168.0.148,25565,53414,5960013,58051,260,0,0x0018
13278,2026-08-15T10:14:50.793351000-0500,85.926392000,192.168.0.148,192.168.0.178,53414,25565,58051,5960273,36,0,0x0018
13279,2026-08-15T10:14:50.794693000-0500,85.927734000,192.168.0.148,192.168.0.178,53414,25565,58087,5960273,3,0,0x0018
13280,2026-08-15T10:14:50.795266000-0500,85.928307000,192.168.0.178,192.168.0.148,25565,53414,5960273,58090,0,0,0x0010
13281,2026-08-15T10:14:50.825856000-0500,85.958897000,192.168.0.178,192.168.0.148,25565,53414,5960273,58090,76,0,0x0018
13282,2026-08-15T10:14:50.843353000-0500,85.976394000,192.168.0.148,192.168.0.178,53414,25565,58090,5960349,36,0,0x0018
13283,2026-08-15T10:14:50.844550000-0500,85.977591000,192.168.0.148,192.168.0.178,53414,25565,58126,5960349,3,0,0x0018
13284,2026-08-15T10:14:50.845076000-0500,85.978117000,192.168.0.178,192.168.0.148,25565,53414,5960349,58129,0,0,0x0010
13285,2026-08-15T10:14:50.875825000-0500,86.008866000,192.168.0.178,192.168.0.148,25565,53414,5960349,58129,84,0,0x0018
13286,2026-08-15T10:14:50.893384000-0500,86.026425000,192.168.0.148,192.168.0.178,53414,25565,58129,5960433,36,0,0x0018
13287,2026-08-15T10:14:50.894590000-0500,86.027631000,192.168.0.148,192.168.0.178,53414,25565,58165,5960433,3,0,0x0018
13288,2026-08-15T10:14:50.895163000-0500,86.028204000,192.168.0.178,192.168.0.148,25565,53414,5960433,58168,0,0,0x0010
13289,2026-08-15T10:14:50.927867000-0500,86.060908000,192.168.0.178,192.168.0.148,25565,53414,5960433,58168,204,0,0x0018
13290,2026-08-15T10:14:50.943316000-0500,86.076357000,192.168.0.148,192.168.0.178,53414,25565,58168,5960637,28,0,0x0018
13291,2026-08-15T10:14:50.944482000-0500,86.077523000,192.168.0.148,192.168.0.178,53414,25565,58196,5960637,3,0,0x0018
13292,2026-08-15T10:14:50.945001000-0500,86.078042000,192.168.0.178,192.168.0.148,25565,53414,5960637,58199,0,0,0x0010
13293,2026-08-15T10:14:50.975947000-0500,86.108988000,192.168.0.178,192.168.0.148,25565,53414,5960637,58199,88,0,0x0018
13294,2026-08-15T10:14:50.992683000-0500,86.125724000,192.168.0.148,192.168.0.178,53414,25565,58199,5960725,28,0,0x0018
13295,2026-08-15T10:14:50.993406000-0500,86.126447000,192.168.0.148,192.168.0.178,53414,25565,58227,5960725,3,0,0x0018
13296,2026-08-15T10:14:50.993912000-0500,86.126953000,192.168.0.178,192.168.0.148,25565,53414,5960725,58230,0,0,0x0010
13297,2026-08-15T10:14:51.025542000-0500,86.158583000,192.168.0.178,192.168.0.148,25565,53414,5960725,58230,60,0,0x0018
13298,2026-08-15T10:14:51.043715000-0500,86.176756000,192.168.0.148,192.168.0.178,53414,25565,58230,5960785,28,0,0x0018
13299,2026-08-15T10:14:51.044875000-0500,86.177916000,192.168.0.148,192.168.0.178,53414,25565,58258,5960785,3,0,0x0018
13300,2026-08-15T10:14:51.045386000-0500,86.178427000,192.168.0.178,192.168.0.148,25565,53414,5960785,58261,0,0,0x0010
13301,2026-08-15T10:14:51.078131000-0500,86.211172000,192.168.0.178,192.168.0.148,25565,53414,5960785,58261,270,0,0x0018
13302,2026-08-15T10:14:51.093364000-0500,86.226405000,192.168.0.148,192.168.0.178,53414,25565,58261,5961055,28,0,0x0018
13303,2026-08-15T10:14:51.094543000-0500,86.227584000,192.168.0.148,192.168.0.178,53414,25565,58289,5961055,3,0,0x0018
13304,2026-08-15T10:14:51.112451000-0500,86.245492000,192.168.0.178,192.168.0.148,25565,53414,5961055,58292,0,0,0x0010
13305,2026-08-15T10:14:51.125992000-0500,86.259033000,192.168.0.178,192.168.0.148,25565,53414,5961055,58292,88,0,0x0018
13306,2026-08-15T10:14:51.143288000-0500,86.276329000,192.168.0.148,192.168.0.178,53414,25565,58292,5961143,28,0,0x0018
13307,2026-08-15T10:14:51.144413000-0500,86.277454000,192.168.0.148,192.168.0.178,53414,25565,58320,5961143,3,0,0x0018
13308,2026-08-15T10:14:51.145057000-0500,86.278098000,192.168.0.178,192.168.0.148,25565,53414,5961143,58323,0,0,0x0010
13309,2026-08-15T10:14:51.176028000-0500,86.309069000,192.168.0.178,192.168.0.148,25565,53414,5961143,58323,60,0,0x0018
13310,2026-08-15T10:14:51.193165000-0500,86.326206000,192.168.0.148,192.168.0.178,53414,25565,58323,5961203,28,0,0x0018
13311,2026-08-15T10:14:51.194305000-0500,86.327346000,192.168.0.148,192.168.0.178,53414,25565,58351,5961203,3,0,0x0018
13312,2026-08-15T10:14:51.195725000-0500,86.328766000,192.168.0.178,192.168.0.148,25565,53414,5961203,58354,0,0,0x0010
13313,2026-08-15T10:14:51.226771000-0500,86.359812000,192.168.0.178,192.168.0.148,25565,53414,5961203,58354,189,0,0x0018
13314,2026-08-15T10:14:51.242731000-0500,86.375772000,192.168.0.148,192.168.0.178,53414,25565,58354,5961392,36,0,0x0018
13315,2026-08-15T10:14:51.243518000-0500,86.376559000,192.168.0.148,192.168.0.178,53414,25565,58390,5961392,3,0,0x0018
13316,2026-08-15T10:14:51.244234000-0500,86.377275000,192.168.0.178,192.168.0.148,25565,53414,5961392,58393,0,0,0x0010
13317,2026-08-15T10:14:51.276300000-0500,86.409341000,192.168.0.178,192.168.0.148,25565,53414,5961392,58393,119,0,0x0018
13318,2026-08-15T10:14:51.293511000-0500,86.426552000,192.168.0.148,192.168.0.178,53414,25565,58393,5961511,36,0,0x0018
13319,2026-08-15T10:14:51.294544000-0500,86.427585000,192.168.0.148,192.168.0.178,53414,25565,58429,5961511,3,0,0x0018
13320,2026-08-15T10:14:51.295135000-0500,86.428176000,192.168.0.178,192.168.0.148,25565,53414,5961511,58432,0,0,0x0010
13321,2026-08-15T10:14:51.327013000-0500,86.460054000,192.168.0.178,192.168.0.148,25565,53414,5961511,58432,104,0,0x0018
13322,2026-08-15T10:14:51.342396000-0500,86.475437000,192.168.0.148,192.168.0.178,53414,25565,58432,5961615,36,0,0x0018
13323,2026-08-15T10:14:51.342967000-0500,86.476008000,192.168.0.148,192.168.0.178,53414,25565,58468,5961615,3,0,0x0018
13324,2026-08-15T10:14:51.343495000-0500,86.476536000,192.168.0.178,192.168.0.148,25565,53414,5961615,58471,0,0,0x0010
13325,2026-08-15T10:14:51.379155000-0500,86.512196000,192.168.0.178,192.168.0.148,25565,53414,5961615,58471,265,0,0x0018
13326,2026-08-15T10:14:51.393523000-0500,86.526564000,192.168.0.148,192.168.0.178,53414,25565,58471,5961880,36,0,0x0018
13327,2026-08-15T10:14:51.394620000-0500,86.527661000,192.168.0.148,192.168.0.178,53414,25565,58507,5961880,3,0,0x0018
13328,2026-08-15T10:14:51.395308000-0500,86.528349000,192.168.0.178,192.168.0.148,25565,53414,5961880,58510,0,0,0x0010
13329,2026-08-15T10:14:51.427145000-0500,86.560186000,192.168.0.178,192.168.0.148,25565,53414,5961880,58510,554,0,0x0018
13330,2026-08-15T10:14:51.443977000-0500,86.577018000,192.168.0.148,192.168.0.178,53414,25565,58510,5962434,36,0,0x0018
13331,2026-08-15T10:14:51.445200000-0500,86.578241000,192.168.0.148,192.168.0.178,53414,25565,58546,5962434,3,0,0x0018
13332,2026-08-15T10:14:51.445851000-0500,86.578892000,192.168.0.178,192.168.0.148,25565,53414,5962434,58549,0,0,0x0010
13333,2026-08-15T10:14:51.478777000-0500,86.611818000,192.168.0.178,192.168.0.148,25565,53414,5962434,58549,84,0,0x0018
13334,2026-08-15T10:14:51.478962000-0500,86.612003000,192.168.0.148,192.168.0.178,53414,25565,58549,5962518,11,0,0x0018
13335,2026-08-15T10:14:51.492596000-0500,86.625637000,192.168.0.148,192.168.0.178,53414,25565,58560,5962518,36,0,0x0018
13336,2026-08-15T10:14:51.493081000-0500,86.626122000,192.168.0.148,192.168.0.178,53414,25565,58596,5962518,3,0,0x0018
13337,2026-08-15T10:14:51.493232000-0500,86.626273000,192.168.0.178,192.168.0.148,25565,53414,5962518,58596,0,0,0x0010
13338,2026-08-15T10:14:51.493646000-0500,86.626687000,192.168.0.178,192.168.0.148,25565,53414,5962518,58599,46,0,0x0018
13339,2026-08-15T10:14:51.526296000-0500,86.659337000,192.168.0.178,192.168.0.148,25565,53414,5962564,58599,228,0,0x0018
13340,2026-08-15T10:14:51.526329000-0500,86.659370000,192.168.0.148,192.168.0.178,53414,25565,58599,5962792,0,0,0x0010
13341,2026-08-15T10:14:51.543357000-0500,86.676398000,192.168.0.148,192.168.0.178,53414,25565,58599,5962792,4,0,0x0018
13342,2026-08-15T10:14:51.543400000-0500,86.676441000,192.168.0.148,192.168.0.178,53414,25565,58603,5962792,36,0,0x0018
13343,2026-08-15T10:14:51.543991000-0500,86.677032000,192.168.0.178,192.168.0.148,25565,53414,5962792,58639,0,0,0x0010
13344,2026-08-15T10:14:51.544360000-0500,86.677401000,192.168.0.148,192.168.0.178,53414,25565,58639,5962792,3,0,0x0018
13345,2026-08-15T10:14:51.576122000-0500,86.709163000,192.168.0.178,192.168.0.148,25565,53414,5962792,58642,125,0,0x0018
13346,2026-08-15T10:14:51.593434000-0500,86.726475000,192.168.0.148,192.168.0.178,53414,25565,58642,5962917,28,0,0x0018
13347,2026-08-15T10:14:51.594456000-0500,86.727497000,192.168.0.178,192.168.0.148,25565,53414,5962917,58670,11,0,0x0018
13348,2026-08-15T10:14:51.594456000-0500,86.727497000,192.168.0.178,192.168.0.148,25565,53414,5962928,58670,22,0,0x0018
13349,2026-08-15T10:14:51.594493000-0500,86.727534000,192.168.0.148,192.168.0.178,53414,25565,58670,5962950,0,0,0x0010
13350,2026-08-15T10:14:51.594500000-0500,86.727541000,192.168.0.148,192.168.0.178,53414,25565,58670,5962950,3,0,0x0018
13351,2026-08-15T10:14:51.594576000-0500,86.727617000,192.168.0.178,192.168.0.148,25565,53414,5962950,58670,134,0,0x0018
13352,2026-08-15T10:14:51.626499000-0500,86.759540000,192.168.0.178,192.168.0.148,25565,53414,5963084,58673,1460,0,0x0010
13353,2026-08-15T10:14:51.626567000-0500,86.759608000,192.168.0.148,192.168.0.178,53414,25565,58673,5964544,0,0,0x0010
13354,2026-08-15T10:14:51.626613000-0500,86.759654000,192.168.0.178,192.168.0.148,25565,53414,5964544,58673,1460,0,0x0010
13355,2026-08-15T10:14:51.626691000-0500,86.759732000,192.168.0.178,192.168.0.148,25565,53414,5966004,58673,1460,0,0x0010
13356,2026-08-15T10:14:51.626704000-0500,86.759745000,192.168.0.148,192.168.0.178,53414,25565,58673,5967464,0,0,0x0010
13357,2026-08-15T10:14:51.626840000-0500,86.759881000,192.168.0.178,192.168.0.148,25565,53414,5967464,58673,1460,0,0x0010
13358,2026-08-15T10:14:51.626971000-0500,86.760012000,192.168.0.178,192.168.0.148,25565,53414,5968924,58673,1460,0,0x0010
13359,2026-08-15T10:14:51.626979000-0500,86.760020000,192.168.0.148,192.168.0.178,53414,25565,58673,5970384,0,0,0x0010
13360,2026-08-15T10:14:51.627097000-0500,86.760138000,192.168.0.178,192.168.0.148,25565,53414,5970384,58673,1460,0,0x0010
13361,2026-08-15T10:14:51.627216000-0500,86.760257000,192.168.0.178,192.168.0.148,25565,53414,5971844,58673,1460,0,0x0010
13362,2026-08-15T10:14:51.627229000-0500,86.760270000,192.168.0.148,192.168.0.178,53414,25565,58673,5973304,0,0,0x0010
13363,2026-08-15T10:14:51.627347000-0500,86.760388000,192.168.0.178,192.168.0.148,25565,53414,5973304,58673,1460,0,0x0010
13364,2026-08-15T10:14:51.627468000-0500,86.760509000,192.168.0.178,192.168.0.148,25565,53414,5974764,58673,1460,0,0x0018
13365,2026-08-15T10:14:51.627490000-0500,86.760531000,192.168.0.148,192.168.0.178,53414,25565,58673,5976224,0,0,0x0010
13366,2026-08-15T10:14:51.627527000-0500,86.760568000,192.168.0.178,192.168.0.148,25565,53414,5976224,58673,816,0,0x0018
13367,2026-08-15T10:14:51.642634000-0500,86.775675000,192.168.0.148,192.168.0.178,53414,25565,58673,5977040,28,0,0x0018
13368,2026-08-15T10:14:51.643246000-0500,86.776287000,192.168.0.148,192.168.0.178,53414,25565,58701,5977040,3,0,0x0018
13369,2026-08-15T10:14:51.644562000-0500,86.777603000,192.168.0.178,192.168.0.148,25565,53414,5977040,58704,0,0,0x0010
13370,2026-08-15T10:14:51.676436000-0500,86.809477000,192.168.0.178,192.168.0.148,25565,53414,5977040,58704,1460,0,0x0010
13371,2026-08-15T10:14:51.676522000-0500,86.809563000,192.168.0.178,192.168.0.148,25565,53414,5978500,58704,1460,0,0x0010
13372,2026-08-15T10:14:51.676540000-0500,86.809581000,192.168.0.148,192.168.0.178,53414,25565,58704,5979960,0,0,0x0010
13373,2026-08-15T10:14:51.676687000-0500,86.809728000,192.168.0.178,192.168.0.148,25565,53414,5979960,58704,1460,0,0x0010
13374,2026-08-15T10:14:51.676752000-0500,86.809793000,192.168.0.178,192.168.0.148,25565,53414,5981420,58704,1460,0,0x0010
13375,2026-08-15T10:14:51.676765000-0500,86.809806000,192.168.0.148,192.168.0.178,53414,25565,58704,5982880,0,0,0x0010
13376,2026-08-15T10:14:51.676883000-0500,86.809924000,192.168.0.178,192.168.0.148,25565,53414,5982880,58704,1460,0,0x0010
13377,2026-08-15T10:14:51.677034000-0500,86.810075000,192.168.0.178,192.168.0.148,25565,53414,5984340,58704,1460,0,0x0010
13378,2026-08-15T10:14:51.677045000-0500,86.810086000,192.168.0.148,192.168.0.178,53414,25565,58704,5985800,0,0,0x0010
13379,2026-08-15T10:14:51.677095000-0500,86.810136000,192.168.0.178,192.168.0.148,25565,53414,5985800,58704,1460,0,0x0010
13380,2026-08-15T10:14:51.677252000-0500,86.810293000,192.168.0.178,192.168.0.148,25565,53414,5987260,58704,1460,0,0x0010
13381,2026-08-15T10:14:51.677262000-0500,86.810303000,192.168.0.148,192.168.0.178,53414,25565,58704,5988720,0,0,0x0010
13382,2026-08-15T10:14:51.677372000-0500,86.810413000,192.168.0.178,192.168.0.148,25565,53414,5988720,58704,1460,0,0x0018
13383,2026-08-15T10:14:51.677520000-0500,86.810561000,192.168.0.178,192.168.0.148,25565,53414,5990180,58704,1460,0,0x0010
13384,2026-08-15T10:14:51.677535000-0500,86.810576000,192.168.0.148,192.168.0.178,53414,25565,58704,5991640,0,0,0x0010
13385,2026-08-15T10:14:51.677648000-0500,86.810689000,192.168.0.178,192.168.0.148,25565,53414,5991640,58704,1460,0,0x0010
13386,2026-08-15T10:14:51.677775000-0500,86.810816000,192.168.0.178,192.168.0.148,25565,53414,5993100,58704,1460,0,0x0010
13387,2026-08-15T10:14:51.677782000-0500,86.810823000,192.168.0.148,192.168.0.178,53414,25565,58704,5994560,0,0,0x0010
13388,2026-08-15T10:14:51.677900000-0500,86.810941000,192.168.0.178,192.168.0.148,25565,53414,5994560,58704,1460,0,0x0010
13389,2026-08-15T10:14:51.678022000-0500,86.811063000,192.168.0.178,192.168.0.148,25565,53414,5996020,58704,1460,0,0x0010
13390,2026-08-15T10:14:51.678022000-0500,86.811063000,192.168.0.178,192.168.0.148,25565,53414,5997480,58704,498,0,0x0018
13391,2026-08-15T10:14:51.678032000-0500,86.811073000,192.168.0.148,192.168.0.178,53414,25565,58704,5997978,0,0,0x0010
13392,2026-08-15T10:14:51.694535000-0500,86.827576000,192.168.0.148,192.168.0.178,53414,25565,58704,5997978,4,0,0x0018
13393,2026-08-15T10:14:51.694561000-0500,86.827602000,192.168.0.148,192.168.0.178,53414,25565,58708,5997978,28,0,0x0018
13394,2026-08-15T10:14:51.695167000-0500,86.828208000,192.168.0.178,192.168.0.148,25565,53414,5997978,58736,0,0,0x0010
13395,2026-08-15T10:14:51.695261000-0500,86.828302000,192.168.0.148,192.168.0.178,53414,25565,58736,5997978,3,0,0x0018
13396,2026-08-15T10:14:51.727060000-0500,86.860101000,192.168.0.178,192.168.0.148,25565,53414,5997978,58739,1460,0,0x0010
13397,2026-08-15T10:14:51.727154000-0500,86.860195000,192.168.0.178,192.168.0.148,25565,53414,5999438,58739,1460,0,0x0010
13398,2026-08-15T10:14:51.727170000-0500,86.860211000,192.168.0.148,192.168.0.178,53414,25565,58739,6000898,0,0,0x0010
13399,2026-08-15T10:14:51.727236000-0500,86.860277000,192.168.0.178,192.168.0.148,25565,53414,6000898,58739,1244,0,0x0018
13400,2026-08-15T10:14:51.742479000-0500,86.875520000,192.168.0.148,192.168.0.178,53414,25565,58739,6002142,28,0,0x0018
13401,2026-08-15T10:14:51.743163000-0500,86.876204000,192.168.0.148,192.168.0.178,53414,25565,58767,6002142,3,0,0x0018
13402,2026-08-15T10:14:51.743713000-0500,86.876754000,192.168.0.178,192.168.0.148,25565,53414,6002142,58770,0,0,0x0010
13403,2026-08-15T10:14:51.776091000-0500,86.909132000,192.168.0.178,192.168.0.148,25565,53414,6002142,58770,768,0,0x0018
13404,2026-08-15T10:14:51.793315000-0500,86.926356000,192.168.0.148,192.168.0.178,53414,25565,58770,6002910,28,0,0x0018
13405,2026-08-15T10:14:51.794422000-0500,86.927463000,192.168.0.148,192.168.0.178,53414,25565,58798,6002910,3,0,0x0018
13406,2026-08-15T10:14:51.795033000-0500,86.928074000,192.168.0.178,192.168.0.148,25565,53414,6002910,58801,0,0,0x0010
13407,2026-08-15T10:14:51.825814000-0500,86.958855000,192.168.0.178,192.168.0.148,25565,53414,6002910,58801,216,0,0x0018
13408,2026-08-15T10:14:51.842782000-0500,86.975823000,192.168.0.148,192.168.0.178,53414,25565,58801,6003126,28,0,0x0018
13409,2026-08-15T10:14:51.843627000-0500,86.976668000,192.168.0.148,192.168.0.178,53414,25565,58829,6003126,3,0,0x0018
13410,2026-08-15T10:14:51.844272000-0500,86.977313000,192.168.0.178,192.168.0.148,25565,53414,6003126,58832,0,0,0x0010
13411,2026-08-15T10:14:51.876561000-0500,87.009602000,192.168.0.178,192.168.0.148,25565,53414,6003126,58832,1088,0,0x0018
13412,2026-08-15T10:14:51.893290000-0500,87.026331000,192.168.0.148,192.168.0.178,53414,25565,58832,6004214,28,0,0x0018
13413,2026-08-15T10:14:51.894397000-0500,87.027438000,192.168.0.148,192.168.0.178,53414,25565,58860,6004214,3,0,0x0018
13414,2026-08-15T10:14:51.894962000-0500,87.028003000,192.168.0.178,192.168.0.148,25565,53414,6004214,58863,0,0,0x0010
13415,2026-08-15T10:14:51.925801000-0500,87.058842000,192.168.0.178,192.168.0.148,25565,53414,6004214,58863,54,0,0x0018
13416,2026-08-15T10:14:51.942917000-0500,87.075958000,192.168.0.148,192.168.0.178,53414,25565,58863,6004268,28,0,0x0018
13417,2026-08-15T10:14:51.943761000-0500,87.076802000,192.168.0.148,192.168.0.178,53414,25565,58891,6004268,3,0,0x0018
13418,2026-08-15T10:14:51.944295000-0500,87.077336000,192.168.0.178,192.168.0.148,25565,53414,6004268,58894,0,0,0x0010
13419,2026-08-15T10:14:51.976423000-0500,87.109464000,192.168.0.178,192.168.0.148,25565,53414,6004268,58894,140,0,0x0018
13420,2026-08-15T10:14:51.993568000-0500,87.126609000,192.168.0.148,192.168.0.178,53414,25565,58894,6004408,28,0,0x0018
13421,2026-08-15T10:14:51.994657000-0500,87.127698000,192.168.0.148,192.168.0.178,53414,25565,58922,6004408,3,0,0x0018
13422,2026-08-15T10:14:51.995253000-0500,87.128294000,192.168.0.178,192.168.0.148,25565,53414,6004408,58925,0,0,0x0010
13423,2026-08-15T10:14:52.026485000-0500,87.159526000,192.168.0.178,192.168.0.148,25565,53414,6004408,58925,1242,0,0x0018
13424,2026-08-15T10:14:52.043565000-0500,87.176606000,192.168.0.148,192.168.0.178,53414,25565,58925,6005650,36,0,0x0018
13425,2026-08-15T10:14:52.044685000-0500,87.177726000,192.168.0.148,192.168.0.178,53414,25565,58961,6005650,3,0,0x0018
13426,2026-08-15T10:14:52.045302000-0500,87.178343000,192.168.0.178,192.168.0.148,25565,53414,6005650,58964,0,0,0x0010
13427,2026-08-15T10:14:52.077268000-0500,87.210309000,192.168.0.178,192.168.0.148,25565,53414,6005650,58964,1460,0,0x0010
13428,2026-08-15T10:14:52.077390000-0500,87.210431000,192.168.0.178,192.168.0.148,25565,53414,6007110,58964,1460,0,0x0010
13429,2026-08-15T10:14:52.077410000-0500,87.210451000,192.168.0.148,192.168.0.178,53414,25565,58964,6008570,0,0,0x0010
13430,2026-08-15T10:14:52.077455000-0500,87.210496000,192.168.0.178,192.168.0.148,25565,53414,6008570,58964,1460,0,0x0010
13431,2026-08-15T10:14:52.077535000-0500,87.210576000,192.168.0.178,192.168.0.148,25565,53414,6010030,58964,1460,0,0x0010
13432,2026-08-15T10:14:52.077548000-0500,87.210589000,192.168.0.148,192.168.0.178,53414,25565,58964,6011490,0,0,0x0010
13433,2026-08-15T10:14:52.077684000-0500,87.210725000,192.168.0.178,192.168.0.148,25565,53414,6011490,58964,1460,0,0x0010
13434,2026-08-15T10:14:52.077817000-0500,87.210858000,192.168.0.178,192.168.0.148,25565,53414,6012950,58964,1460,0,0x0010
13435,2026-08-15T10:14:52.077825000-0500,87.210866000,192.168.0.148,192.168.0.178,53414,25565,58964,6014410,0,0,0x0010
13436,2026-08-15T10:14:52.077949000-0500,87.210990000,192.168.0.178,192.168.0.148,25565,53414,6014410,58964,1460,0,0x0010
13437,2026-08-15T10:14:52.078027000-0500,87.211068000,192.168.0.178,192.168.0.148,25565,53414,6015870,58964,1460,0,0x0010
13438,2026-08-15T10:14:52.078034000-0500,87.211075000,192.168.0.148,192.168.0.178,53414,25565,58964,6017330,0,0,0x0010
13439,2026-08-15T10:14:52.078170000-0500,87.211211000,192.168.0.178,192.168.0.148,25565,53414,6017330,58964,1460,0,0x0018
13440,2026-08-15T10:14:52.078338000-0500,87.211379000,192.168.0.178,192.168.0.148,25565,53414,6018790,58964,1460,0,0x0010
13441,2026-08-15T10:14:52.078347000-0500,87.211388000,192.168.0.148,192.168.0.178,53414,25565,58964,6020250,0,0,0x0010
13442,2026-08-15T10:14:52.078464000-0500,87.211505000,192.168.0.178,192.168.0.148,25565,53414,6020250,58964,1460,0,0x0010
13443,2026-08-15T10:14:52.078591000-0500,87.211632000,192.168.0.178,192.168.0.148,25565,53414,6021710,58964,1460,0,0x0010
13444,2026-08-15T10:14:52.078591000-0500,87.211632000,192.168.0.178,192.168.0.148,25565,53414,6023170,58964,519,0,0x0018
13445,2026-08-15T10:14:52.078607000-0500,87.211648000,192.168.0.148,192.168.0.178,53414,25565,58964,6023689,0,0,0x0010
13446,2026-08-15T10:14:52.092685000-0500,87.225726000,192.168.0.148,192.168.0.178,53414,25565,58964,6023689,4,0,0x0018
13447,2026-08-15T10:14:52.092704000-0500,87.225745000,192.168.0.148,192.168.0.178,53414,25565,58968,6023689,36,0,0x0018
13448,2026-08-15T10:14:52.093211000-0500,87.226252000,192.168.0.148,192.168.0.178,53414,25565,59004,6023689,3,0,0x0018
13449,2026-08-15T10:14:52.093224000-0500,87.226265000,192.168.0.178,192.168.0.148,25565,53414,6023689,59004,0,0,0x0010
13450,2026-08-15T10:14:52.126578000-0500,87.259619000,192.168.0.178,192.168.0.148,25565,53414,6023689,59007,1460,0,0x0010
13451,2026-08-15T10:14:52.126663000-0500,87.259704000,192.168.0.178,192.168.0.148,25565,53414,6025149,59007,1460,0,0x0010
13452,2026-08-15T10:14:52.126676000-0500,87.259717000,192.168.0.148,192.168.0.178,53414,25565,59007,6026609,0,0,0x0010
13453,2026-08-15T10:14:52.126799000-0500,87.259840000,192.168.0.178,192.168.0.148,25565,53414,6026609,59007,1460,0,0x0010
13454,2026-08-15T10:14:52.126945000-0500,87.259986000,192.168.0.178,192.168.0.148,25565,53414,6028069,59007,1460,0,0x0010
13455,2026-08-15T10:14:52.126952000-0500,87.259993000,192.168.0.148,192.168.0.178,53414,25565,59007,6029529,0,0,0x0010
13456,2026-08-15T10:14:52.127066000-0500,87.260107000,192.168.0.178,192.168.0.148,25565,53414,6029529,59007,1460,0,0x0010
13457,2026-08-15T10:14:52.127191000-0500,87.260232000,192.168.0.178,192.168.0.148,25565,53414,6030989,59007,1460,0,0x0010
13458,2026-08-15T10:14:52.127198000-0500,87.260239000,192.168.0.148,192.168.0.178,53414,25565,59007,6032449,0,0,0x0010
13459,2026-08-15T10:14:52.127312000-0500,87.260353000,192.168.0.178,192.168.0.148,25565,53414,6032449,59007,1460,0,0x0010
13460,2026-08-15T10:14:52.127440000-0500,87.260481000,192.168.0.178,192.168.0.148,25565,53414,6033909,59007,1460,0,0x0010
13461,2026-08-15T10:14:52.127444000-0500,87.260485000,192.168.0.148,192.168.0.178,53414,25565,59007,6035369,0,0,0x0010
13462,2026-08-15T10:14:52.127525000-0500,87.260566000,192.168.0.178,192.168.0.148,25565,53414,6035369,59007,1460,0,0x0018
13463,2026-08-15T10:14:52.127686000-0500,87.260727000,192.168.0.178,192.168.0.148,25565,53414,6036829,59007,1460,0,0x0010
13464,2026-08-15T10:14:52.127686000-0500,87.260727000,192.168.0.178,192.168.0.148,25565,53414,6038289,59007,495,0,0x0018
13465,2026-08-15T10:14:52.127694000-0500,87.260735000,192.168.0.148,192.168.0.178,53414,25565,59007,6038784,0,0,0x0010
13466,2026-08-15T10:14:52.143772000-0500,87.276813000,192.168.0.148,192.168.0.178,53414,25565,59007,6038784,28,0,0x0018
13467,2026-08-15T10:14:52.144521000-0500,87.277562000,192.168.0.148,192.168.0.178,53414,25565,59035,6038784,3,0,0x0018
13468,2026-08-15T10:14:52.145232000-0500,87.278273000,192.168.0.178,192.168.0.148,25565,53414,6038784,59038,0,0,0x0010
13469,2026-08-15T10:14:52.176091000-0500,87.309132000,192.168.0.178,192.168.0.148,25565,53414,6038784,59038,1027,0,0x0018
13470,2026-08-15T10:14:52.193270000-0500,87.326311000,192.168.0.148,192.168.0.178,53414,25565,59038,6039811,28,0,0x0018
13471,2026-08-15T10:14:52.194362000-0500,87.327403000,192.168.0.148,192.168.0.178,53414,25565,59066,6039811,3,0,0x0018
13472,2026-08-15T10:14:52.194955000-0500,87.327996000,192.168.0.178,192.168.0.148,25565,53414,6039811,59069,0,0,0x0010
13473,2026-08-15T10:14:52.228290000-0500,87.361331000,192.168.0.178,192.168.0.148,25565,53414,6039811,59069,60,0,0x0018
13474,2026-08-15T10:14:52.243315000-0500,87.376356000,192.168.0.148,192.168.0.178,53414,25565,59069,6039871,28,0,0x0018
13475,2026-08-15T10:14:52.244338000-0500,87.377379000,192.168.0.148,192.168.0.178,53414,25565,59097,6039871,3,0,0x0018
13476,2026-08-15T10:14:52.244927000-0500,87.377968000,192.168.0.178,192.168.0.148,25565,53414,6039871,59100,0,0,0x0010
13477,2026-08-15T10:14:52.275821000-0500,87.408862000,192.168.0.178,192.168.0.148,25565,53414,6039871,59100,88,0,0x0018
13478,2026-08-15T10:14:52.293329000-0500,87.426370000,192.168.0.148,192.168.0.178,53414,25565,59100,6039959,28,0,0x0018
13479,2026-08-15T10:14:52.294356000-0500,87.427397000,192.168.0.148,192.168.0.178,53414,25565,59128,6039959,3,0,0x0018
13480,2026-08-15T10:14:52.295143000-0500,87.428184000,192.168.0.178,192.168.0.148,25565,53414,6039959,59131,0,0,0x0010
13481,2026-08-15T10:14:52.325860000-0500,87.458901000,192.168.0.178,192.168.0.148,25565,53414,6039959,59131,251,0,0x0018
13482,2026-08-15T10:14:52.343540000-0500,87.476581000,192.168.0.148,192.168.0.178,53414,25565,59131,6040210,4,0,0x0018
13483,2026-08-15T10:14:52.343872000-0500,87.476913000,192.168.0.148,192.168.0.178,53414,25565,59135,6040210,36,0,0x0018
13484,2026-08-15T10:14:52.344337000-0500,87.477378000,192.168.0.178,192.168.0.148,25565,53414,6040210,59171,0,0,0x0010
13485,2026-08-15T10:14:52.344589000-0500,87.477630000,192.168.0.148,192.168.0.178,53414,25565,59171,6040210,3,0,0x0018
13486,2026-08-15T10:14:52.375831000-0500,87.508872000,192.168.0.178,192.168.0.148,25565,53414,6040210,59174,155,0,0x0018
13487,2026-08-15T10:14:52.393460000-0500,87.526501000,192.168.0.148,192.168.0.178,53414,25565,59174,6040365,28,0,0x0018
13488,2026-08-15T10:14:52.394472000-0500,87.527513000,192.168.0.148,192.168.0.178,53414,25565,59202,6040365,3,0,0x0018
13489,2026-08-15T10:14:52.396592000-0500,87.529633000,192.168.0.178,192.168.0.148,25565,53414,6040365,59205,0,0,0x0010
13490,2026-08-15T10:14:52.429011000-0500,87.562052000,192.168.0.178,192.168.0.148,25565,53414,6040365,59205,231,0,0x0018
13491,2026-08-15T10:14:52.443589000-0500,87.576630000,192.168.0.148,192.168.0.178,53414,25565,59205,6040596,28,0,0x0018
13492,2026-08-15T10:14:52.444720000-0500,87.577761000,192.168.0.148,192.168.0.178,53414,25565,59233,6040596,3,0,0x0018
13493,2026-08-15T10:14:52.445443000-0500,87.578484000,192.168.0.178,192.168.0.148,25565,53414,6040596,59236,0,0,0x0010
13494,2026-08-15T10:14:52.479506000-0500,87.612547000,192.168.0.178,192.168.0.148,25565,53414,6040596,59236,125,0,0x0018
13495,2026-08-15T10:14:52.479722000-0500,87.612763000,192.168.0.148,192.168.0.178,53414,25565,59236,6040721,11,0,0x0018
13496,2026-08-15T10:14:52.493355000-0500,87.626396000,192.168.0.148,192.168.0.178,53414,25565,59247,6040721,36,0,0x0018
13497,2026-08-15T10:14:52.494051000-0500,87.627092000,192.168.0.178,192.168.0.148,25565,53414,6040721,59283,0,0,0x0010
13498,2026-08-15T10:14:52.494631000-0500,87.627672000,192.168.0.148,192.168.0.178,53414,25565,59283,6040721,3,0,0x0018
13499,2026-08-15T10:14:52.528203000-0500,87.661244000,192.168.0.178,192.168.0.148,25565,53414,6040721,59286,46,0,0x0018
13500,2026-08-15T10:14:52.543254000-0500,87.676295000,192.168.0.148,192.168.0.178,53414,25565,59286,6040767,4,0,0x0018
13501,2026-08-15T10:14:52.543294000-0500,87.676335000,192.168.0.148,192.168.0.178,53414,25565,59290,6040767,28,0,0x0018
13502,2026-08-15T10:14:52.543838000-0500,87.676879000,192.168.0.178,192.168.0.148,25565,53414,6040767,59318,0,0,0x0010
13503,2026-08-15T10:14:52.544337000-0500,87.677378000,192.168.0.148,192.168.0.178,53414,25565,59318,6040767,3,0,0x0018
13504,2026-08-15T10:14:52.576806000-0500,87.709847000,192.168.0.178,192.168.0.148,25565,53414,6040767,59321,224,0,0x0018
13505,2026-08-15T10:14:52.593546000-0500,87.726587000,192.168.0.148,192.168.0.178,53414,25565,59321,6040991,36,0,0x0018
13506,2026-08-15T10:14:52.594776000-0500,87.727817000,192.168.0.148,192.168.0.178,53414,25565,59357,6040991,3,0,0x0018
13507,2026-08-15T10:14:52.595448000-0500,87.728489000,192.168.0.178,192.168.0.148,25565,53414,6040991,59360,0,0,0x0010
13508,2026-08-15T10:14:52.626979000-0500,87.760020000,192.168.0.178,192.168.0.148,25565,53414,6040991,59360,306,0,0x0018
13509,2026-08-15T10:14:52.643496000-0500,87.776537000,192.168.0.148,192.168.0.178,53414,25565,59360,6041297,36,0,0x0018
13510,2026-08-15T10:14:52.644401000-0500,87.777442000,192.168.0.148,192.168.0.178,53414,25565,59396,6041297,3,0,0x0018
13511,2026-08-15T10:14:52.645024000-0500,87.778065000,192.168.0.178,192.168.0.148,25565,53414,6041297,59399,0,0,0x0010
13512,2026-08-15T10:14:52.677134000-0500,87.810175000,192.168.0.178,192.168.0.148,25565,53414,6041297,59399,66,0,0x0018
13513,2026-08-15T10:14:52.693828000-0500,87.826869000,192.168.0.148,192.168.0.178,53414,25565,59399,6041363,4,0,0x0018
13514,2026-08-15T10:14:52.693858000-0500,87.826899000,192.168.0.148,192.168.0.178,53414,25565,59403,6041363,36,0,0x0018
13515,2026-08-15T10:14:52.694531000-0500,87.827572000,192.168.0.178,192.168.0.148,25565,53414,6041363,59439,0,0,0x0010
13516,2026-08-15T10:14:52.694769000-0500,87.827810000,192.168.0.148,192.168.0.178,53414,25565,59439,6041363,3,0,0x0018
13517,2026-08-15T10:14:52.726050000-0500,87.859091000,192.168.0.178,192.168.0.148,25565,53414,6041363,59442,204,0,0x0018
13518,2026-08-15T10:14:52.743234000-0500,87.876275000,192.168.0.148,192.168.0.178,53414,25565,59442,6041567,28,0,0x0018
13519,2026-08-15T10:14:52.744312000-0500,87.877353000,192.168.0.148,192.168.0.178,53414,25565,59470,6041567,3,0,0x0018
13520,2026-08-15T10:14:52.744875000-0500,87.877916000,192.168.0.178,192.168.0.148,25565,53414,6041567,59473,0,0,0x0010
13521,2026-08-15T10:14:52.776974000-0500,87.910015000,192.168.0.178,192.168.0.148,25565,53414,6041567,59473,199,0,0x0018
13522,2026-08-15T10:14:52.793451000-0500,87.926492000,192.168.0.148,192.168.0.178,53414,25565,59473,6041766,28,0,0x0018
13523,2026-08-15T10:14:52.794467000-0500,87.927508000,192.168.0.148,192.168.0.178,53414,25565,59501,6041766,3,0,0x0018
13524,2026-08-15T10:14:52.795058000-0500,87.928099000,192.168.0.178,192.168.0.148,25565,53414,6041766,59504,0,0,0x0010
13525,2026-08-15T10:14:52.826105000-0500,87.959146000,192.168.0.178,192.168.0.148,25565,53414,6041766,59504,54,0,0x0018
13526,2026-08-15T10:14:52.843260000-0500,87.976301000,192.168.0.148,192.168.0.178,53414,25565,59504,6041820,28,0,0x0018
13527,2026-08-15T10:14:52.844348000-0500,87.977389000,192.168.0.148,192.168.0.178,53414,25565,59532,6041820,3,0,0x0018
13528,2026-08-15T10:14:52.845045000-0500,87.978086000,192.168.0.178,192.168.0.148,25565,53414,6041820,59535,0,0,0x0010
13529,2026-08-15T10:14:52.876417000-0500,88.009458000,192.168.0.178,192.168.0.148,25565,53414,6041820,59535,199,0,0x0018
13530,2026-08-15T10:14:52.893551000-0500,88.026592000,192.168.0.148,192.168.0.178,53414,25565,59535,6042019,28,0,0x0018
13531,2026-08-15T10:14:52.894614000-0500,88.027655000,192.168.0.148,192.168.0.178,53414,25565,59563,6042019,3,0,0x0018
13532,2026-08-15T10:14:52.895190000-0500,88.028231000,192.168.0.178,192.168.0.148,25565,53414,6042019,59566,0,0,0x0010
13533,2026-08-15T10:14:52.928422000-0500,88.061463000,192.168.0.178,192.168.0.148,25565,53414,6042019,59566,255,0,0x0018
13534,2026-08-15T10:14:52.942553000-0500,88.075594000,192.168.0.148,192.168.0.178,53414,25565,59566,6042274,28,0,0x0018
13535,2026-08-15T10:14:52.943309000-0500,88.076350000,192.168.0.148,192.168.0.178,53414,25565,59594,6042274,3,0,0x0018
13536,2026-08-15T10:14:52.943943000-0500,88.076984000,192.168.0.178,192.168.0.148,25565,53414,6042274,59597,0,0,0x0010
13537,2026-08-15T10:14:52.976271000-0500,88.109312000,192.168.0.178,192.168.0.148,25565,53414,6042274,59597,54,0,0x0018
13538,2026-08-15T10:14:52.993278000-0500,88.126319000,192.168.0.148,192.168.0.178,53414,25565,59597,6042328,28,0,0x0018
13539,2026-08-15T10:14:52.994274000-0500,88.127315000,192.168.0.148,192.168.0.178,53414,25565,59625,6042328,3,0,0x0018
13540,2026-08-15T10:14:52.994833000-0500,88.127874000,192.168.0.178,192.168.0.148,25565,53414,6042328,59628,0,0,0x0010
13541,2026-08-15T10:14:53.028250000-0500,88.161291000,192.168.0.178,192.168.0.148,25565,53414,6042328,59628,139,0,0x0018
13542,2026-08-15T10:14:53.043332000-0500,88.176373000,192.168.0.148,192.168.0.178,53414,25565,59628,6042467,28,0,0x0018
13543,2026-08-15T10:14:53.044366000-0500,88.177407000,192.168.0.148,192.168.0.178,53414,25565,59656,6042467,3,0,0x0018
13544,2026-08-15T10:14:53.044947000-0500,88.177988000,192.168.0.178,192.168.0.148,25565,53414,6042467,59659,0,0,0x0010
13545,2026-08-15T10:14:53.075853000-0500,88.208894000,192.168.0.178,192.168.0.148,25565,53414,6042467,59659,123,0,0x0018
13546,2026-08-15T10:14:53.093464000-0500,88.226505000,192.168.0.148,192.168.0.178,53414,25565,59659,6042590,28,0,0x0018
13547,2026-08-15T10:14:53.094763000-0500,88.227804000,192.168.0.148,192.168.0.178,53414,25565,59687,6042590,3,0,0x0018
13548,2026-08-15T10:14:53.095431000-0500,88.228472000,192.168.0.178,192.168.0.148,25565,53414,6042590,59690,0,0,0x0010
13549,2026-08-15T10:14:53.128329000-0500,88.261370000,192.168.0.178,192.168.0.148,25565,53414,6042590,59690,362,0,0x0018
13550,2026-08-15T10:14:53.143282000-0500,88.276323000,192.168.0.148,192.168.0.178,53414,25565,59690,6042952,4,0,0x0018
13551,2026-08-15T10:14:53.143313000-0500,88.276354000,192.168.0.148,192.168.0.178,53414,25565,59694,6042952,28,0,0x0018
13552,2026-08-15T10:14:53.143925000-0500,88.276966000,192.168.0.178,192.168.0.148,25565,53414,6042952,59722,0,0,0x0010
13553,2026-08-15T10:14:53.144248000-0500,88.277289000,192.168.0.148,192.168.0.178,53414,25565,59722,6042952,3,0,0x0018
13554,2026-08-15T10:14:53.178514000-0500,88.311555000,192.168.0.178,192.168.0.148,25565,53414,6042952,59725,254,0,0x0018
13555,2026-08-15T10:14:53.192845000-0500,88.325886000,192.168.0.148,192.168.0.178,53414,25565,59725,6043206,28,0,0x0018
13556,2026-08-15T10:14:53.193311000-0500,88.326352000,192.168.0.148,192.168.0.178,53414,25565,59753,6043206,3,0,0x0018
13557,2026-08-15T10:14:53.193859000-0500,88.326900000,192.168.0.178,192.168.0.148,25565,53414,6043206,59756,0,0,0x0010
13558,2026-08-15T10:14:53.226107000-0500,88.359148000,192.168.0.178,192.168.0.148,25565,53414,6043206,59756,136,0,0x0018
13559,2026-08-15T10:14:53.243316000-0500,88.376357000,192.168.0.148,192.168.0.178,53414,25565,59756,6043342,28,0,0x0018
13560,2026-08-15T10:14:53.244359000-0500,88.377400000,192.168.0.148,192.168.0.178,53414,25565,59784,6043342,3,0,0x0018
13561,2026-08-15T10:14:53.244996000-0500,88.378037000,192.168.0.178,192.168.0.148,25565,53414,6043342,59787,0,0,0x0010
13562,2026-08-15T10:14:53.276457000-0500,88.409498000,192.168.0.178,192.168.0.148,25565,53414,6043342,59787,46,0,0x0018
13563,2026-08-15T10:14:53.293434000-0500,88.426475000,192.168.0.148,192.168.0.178,53414,25565,59787,6043388,28,0,0x0018
13564,2026-08-15T10:14:53.294424000-0500,88.427465000,192.168.0.148,192.168.0.178,53414,25565,59815,6043388,3,0,0x0018
13565,2026-08-15T10:14:53.295089000-0500,88.428130000,192.168.0.178,192.168.0.148,25565,53414,6043388,59818,0,0,0x0010
13566,2026-08-15T10:14:53.326067000-0500,88.459108000,192.168.0.178,192.168.0.148,25565,53414,6043388,59818,184,0,0x0018
13567,2026-08-15T10:14:53.343588000-0500,88.476629000,192.168.0.148,192.168.0.178,53414,25565,59818,6043572,28,0,0x0018
13568,2026-08-15T10:14:53.344605000-0500,88.477646000,192.168.0.148,192.168.0.178,53414,25565,59846,6043572,3,0,0x0018
13569,2026-08-15T10:14:53.345250000-0500,88.478291000,192.168.0.178,192.168.0.148,25565,53414,6043572,59849,0,0,0x0010
13570,2026-08-15T10:14:53.376390000-0500,88.509431000,192.168.0.178,192.168.0.148,25565,53414,6043572,59849,143,0,0x0018
13571,2026-08-15T10:14:53.393413000-0500,88.526454000,192.168.0.148,192.168.0.178,53414,25565,59849,6043715,28,0,0x0018
13572,2026-08-15T10:14:53.394391000-0500,88.527432000,192.168.0.148,192.168.0.178,53414,25565,59877,6043715,3,0,0x0018
13573,2026-08-15T10:14:53.395080000-0500,88.528121000,192.168.0.178,192.168.0.148,25565,53414,6043715,59880,0,0,0x0010
13574,2026-08-15T10:14:53.426155000-0500,88.559196000,192.168.0.178,192.168.0.148,25565,53414,6043715,59880,105,0,0x0018
13575,2026-08-15T10:14:53.442850000-0500,88.575891000,192.168.0.148,192.168.0.178,53414,25565,59880,6043820,28,0,0x0018
13576,2026-08-15T10:14:53.443459000-0500,88.576500000,192.168.0.148,192.168.0.178,53414,25565,59908,6043820,3,0,0x0018
13577,2026-08-15T10:14:53.448230000-0500,88.581271000,192.168.0.178,192.168.0.148,25565,53414,6043820,59911,0,0,0x0010
13578,2026-08-15T10:14:53.476877000-0500,88.609918000,192.168.0.178,192.168.0.148,25565,53414,6043820,59911,205,0,0x0018
13579,2026-08-15T10:14:53.493556000-0500,88.626597000,192.168.0.148,192.168.0.178,53414,25565,59911,6044025,28,0,0x0018
13580,2026-08-15T10:14:53.494800000-0500,88.627841000,192.168.0.148,192.168.0.178,53414,25565,59939,6044025,3,0,0x0018
13581,2026-08-15T10:14:53.495502000-0500,88.628543000,192.168.0.178,192.168.0.148,25565,53414,6044025,59942,0,0,0x0010
13582,2026-08-15T10:14:53.526445000-0500,88.659486000,192.168.0.178,192.168.0.148,25565,53414,6044025,59942,153,0,0x0018
13583,2026-08-15T10:14:53.526648000-0500,88.659689000,192.168.0.148,192.168.0.178,53414,25565,59942,6044178,11,0,0x0018
13584,2026-08-15T10:14:53.543270000-0500,88.676311000,192.168.0.148,192.168.0.178,53414,25565,59953,6044178,28,0,0x0018
13585,2026-08-15T10:14:53.544004000-0500,88.677045000,192.168.0.178,192.168.0.148,25565,53414,6044178,59981,0,0,0x0010
13586,2026-08-15T10:14:53.544314000-0500,88.677355000,192.168.0.148,192.168.0.178,53414,25565,59981,6044178,3,0,0x0018
13587,2026-08-15T10:14:53.576067000-0500,88.709108000,192.168.0.178,192.168.0.148,25565,53414,6044178,59984,46,0,0x0018
13588,2026-08-15T10:14:53.593314000-0500,88.726355000,192.168.0.148,192.168.0.178,53414,25565,59984,6044224,28,0,0x0018
13589,2026-08-15T10:14:53.594371000-0500,88.727412000,192.168.0.148,192.168.0.178,53414,25565,60012,6044224,3,0,0x0018
13590,2026-08-15T10:14:53.595036000-0500,88.728077000,192.168.0.178,192.168.0.148,25565,53414,6044224,60015,0,0,0x0010
13591,2026-08-15T10:14:53.628425000-0500,88.761466000,192.168.0.178,192.168.0.148,25565,53414,6044224,60015,244,0,0x0018
13592,2026-08-15T10:14:53.642866000-0500,88.775907000,192.168.0.148,192.168.0.178,53414,25565,60015,6044468,28,0,0x0018
13593,2026-08-15T10:14:53.643621000-0500,88.776662000,192.168.0.148,192.168.0.178,53414,25565,60043,6044468,3,0,0x0018
13594,2026-08-15T10:14:53.644321000-0500,88.777362000,192.168.0.178,192.168.0.148,25565,53414,6044468,60046,0,0,0x0010
13595,2026-08-15T10:14:53.678137000-0500,88.811178000,192.168.0.178,192.168.0.148,25565,53414,6044468,60046,1460,0,0x0010
13596,2026-08-15T10:14:53.678137000-0500,88.811178000,192.168.0.178,192.168.0.148,25565,53414,6045928,60046,83,0,0x0018
13597,2026-08-15T10:14:53.678183000-0500,88.811224000,192.168.0.148,192.168.0.178,53414,25565,60046,6046011,0,0,0x0010
13598,2026-08-15T10:14:53.692896000-0500,88.825937000,192.168.0.148,192.168.0.178,53414,25565,60046,6046011,28,0,0x0018
13599,2026-08-15T10:14:53.693470000-0500,88.826511000,192.168.0.148,192.168.0.178,53414,25565,60074,6046011,3,0,0x0018
13600,2026-08-15T10:14:53.694128000-0500,88.827169000,192.168.0.178,192.168.0.148,25565,53414,6046011,60077,0,0,0x0010
13601,2026-08-15T10:14:53.728173000-0500,88.861214000,192.168.0.178,192.168.0.148,25565,53414,6046011,60077,175,0,0x0018
13602,2026-08-15T10:14:53.745695000-0500,88.878736000,192.168.0.148,192.168.0.178,53414,25565,60077,6046186,28,0,0x0018
13603,2026-08-15T10:14:53.746307000-0500,88.879348000,192.168.0.148,192.168.0.178,53414,25565,60105,6046186,3,0,0x0018
13604,2026-08-15T10:14:53.746934000-0500,88.879975000,192.168.0.178,192.168.0.148,25565,53414,6046186,60108,0,0,0x0010
13605,2026-08-15T10:14:53.776252000-0500,88.909293000,192.168.0.178,192.168.0.148,25565,53414,6046186,60108,236,0,0x0018
13606,2026-08-15T10:14:53.793224000-0500,88.926265000,192.168.0.148,192.168.0.178,53414,25565,60108,6046422,28,0,0x0018
13607,2026-08-15T10:14:53.794269000-0500,88.927310000,192.168.0.148,192.168.0.178,53414,25565,60136,6046422,3,0,0x0018
13608,2026-08-15T10:14:53.794834000-0500,88.927875000,192.168.0.178,192.168.0.148,25565,53414,6046422,60139,0,0,0x0010
13609,2026-08-15T10:14:53.826461000-0500,88.959502000,192.168.0.178,192.168.0.148,25565,53414,6046422,60139,626,0,0x0018
13610,2026-08-15T10:14:53.843232000-0500,88.976273000,192.168.0.148,192.168.0.178,53414,25565,60139,6047048,28,0,0x0018
13611,2026-08-15T10:14:53.844260000-0500,88.977301000,192.168.0.148,192.168.0.178,53414,25565,60167,6047048,3,0,0x0018
13612,2026-08-15T10:14:53.844722000-0500,88.977763000,192.168.0.178,192.168.0.148,25565,53414,6047048,60170,0,0,0x0010
13613,2026-08-15T10:14:53.875964000-0500,89.009005000,192.168.0.178,192.168.0.148,25565,53414,6047048,60170,121,0,0x0018
13614,2026-08-15T10:14:53.893247000-0500,89.026288000,192.168.0.148,192.168.0.178,53414,25565,60170,6047169,28,0,0x0018
13615,2026-08-15T10:14:53.894333000-0500,89.027374000,192.168.0.148,192.168.0.178,53414,25565,60198,6047169,3,0,0x0018
13616,2026-08-15T10:14:53.895017000-0500,89.028058000,192.168.0.178,192.168.0.148,25565,53414,6047169,60201,0,0,0x0010
13617,2026-08-15T10:14:53.932523000-0500,89.065564000,192.168.0.178,192.168.0.148,25565,53414,6047169,60201,220,0,0x0018
13618,2026-08-15T10:14:53.943104000-0500,89.076145000,192.168.0.148,192.168.0.178,53414,25565,60201,6047389,28,0,0x0018
13619,2026-08-15T10:14:53.944282000-0500,89.077323000,192.168.0.148,192.168.0.178,53414,25565,60229,6047389,3,0,0x0018
13620,2026-08-15T10:14:53.944943000-0500,89.077984000,192.168.0.178,192.168.0.148,25565,53414,6047389,60232,0,0,0x0010
13621,2026-08-15T10:14:53.976292000-0500,89.109333000,192.168.0.178,192.168.0.148,25565,53414,6047389,60232,1161,0,0x0018
13622,2026-08-15T10:14:53.992726000-0500,89.125767000,192.168.0.148,192.168.0.178,53414,25565,60232,6048550,28,0,0x0018
13623,2026-08-15T10:14:53.993500000-0500,89.126541000,192.168.0.148,192.168.0.178,53414,25565,60260,6048550,3,0,0x0018
13624,2026-08-15T10:14:53.994179000-0500,89.127220000,192.168.0.178,192.168.0.148,25565,53414,6048550,60263,0,0,0x0010
13625,2026-08-15T10:14:54.028161000-0500,89.161202000,192.168.0.178,192.168.0.148,25565,53414,6048550,60263,52,0,0x0018
13626,2026-08-15T10:14:54.043326000-0500,89.176367000,192.168.0.148,192.168.0.178,53414,25565,60263,6048602,36,0,0x0018
13627,2026-08-15T10:14:54.044333000-0500,89.177374000,192.168.0.148,192.168.0.178,53414,25565,60299,6048602,3,0,0x0018
13628,2026-08-15T10:14:54.044872000-0500,89.177913000,192.168.0.178,192.168.0.148,25565,53414,6048602,60302,0,0,0x0010
13629,2026-08-15T10:14:54.075719000-0500,89.208760000,192.168.0.178,192.168.0.148,25565,53414,6048602,60302,203,0,0x0018
13630,2026-08-15T10:14:54.093666000-0500,89.226707000,192.168.0.148,192.168.0.178,53414,25565,60302,6048805,36,0,0x0018
13631,2026-08-15T10:14:54.094652000-0500,89.227693000,192.168.0.148,192.168.0.178,53414,25565,60338,6048805,3,0,0x0018
13632,2026-08-15T10:14:54.095353000-0500,89.228394000,192.168.0.178,192.168.0.148,25565,53414,6048805,60341,0,0,0x0010
13633,2026-08-15T10:14:54.126589000-0500,89.259630000,192.168.0.178,192.168.0.148,25565,53414,6048805,60341,267,0,0x0018
13634,2026-08-15T10:14:54.142737000-0500,89.275778000,192.168.0.148,192.168.0.178,53414,25565,60341,6049072,36,0,0x0018
13635,2026-08-15T10:14:54.143495000-0500,89.276536000,192.168.0.148,192.168.0.178,53414,25565,60377,6049072,3,0,0x0018
13636,2026-08-15T10:14:54.144213000-0500,89.277254000,192.168.0.178,192.168.0.148,25565,53414,6049072,60380,0,0,0x0010
13637,2026-08-15T10:14:54.177285000-0500,89.310326000,192.168.0.178,192.168.0.148,25565,53414,6049072,60380,158,0,0x0018
13638,2026-08-15T10:14:54.193317000-0500,89.326358000,192.168.0.148,192.168.0.178,53414,25565,60380,6049230,36,0,0x0018
13639,2026-08-15T10:14:54.194333000-0500,89.327374000,192.168.0.148,192.168.0.178,53414,25565,60416,6049230,3,0,0x0018
13640,2026-08-15T10:14:54.194902000-0500,89.327943000,192.168.0.178,192.168.0.148,25565,53414,6049230,60419,0,0,0x0010
13641,2026-08-15T10:14:54.226591000-0500,89.359632000,192.168.0.178,192.168.0.148,25565,53414,6049230,60419,261,0,0x0018
13642,2026-08-15T10:14:54.243098000-0500,89.376139000,192.168.0.148,192.168.0.178,53414,25565,60419,6049491,28,0,0x0018
13643,2026-08-15T10:14:54.243777000-0500,89.376818000,192.168.0.148,192.168.0.178,53414,25565,60447,6049491,3,0,0x0018
13644,2026-08-15T10:14:54.244368000-0500,89.377409000,192.168.0.178,192.168.0.148,25565,53414,6049491,60450,0,0,0x0010
13645,2026-08-15T10:14:54.275961000-0500,89.409002000,192.168.0.178,192.168.0.148,25565,53414,6049491,60450,247,0,0x0018
13646,2026-08-15T10:14:54.293496000-0500,89.426537000,192.168.0.148,192.168.0.178,53414,25565,60450,6049738,36,0,0x0018
13647,2026-08-15T10:14:54.294518000-0500,89.427559000,192.168.0.148,192.168.0.178,53414,25565,60486,6049738,3,0,0x0018
13648,2026-08-15T10:14:54.295036000-0500,89.428077000,192.168.0.178,192.168.0.148,25565,53414,6049738,60489,0,0,0x0010
13649,2026-08-15T10:14:54.326043000-0500,89.459084000,192.168.0.178,192.168.0.148,25565,53414,6049738,60489,72,0,0x0018
13650,2026-08-15T10:14:54.343748000-0500,89.476789000,192.168.0.148,192.168.0.178,53414,25565,60489,6049810,36,0,0x0018
13651,2026-08-15T10:14:54.344790000-0500,89.477831000,192.168.0.148,192.168.0.178,53414,25565,60525,6049810,3,0,0x0018
13652,2026-08-15T10:14:54.345378000-0500,89.478419000,192.168.0.178,192.168.0.148,25565,53414,6049810,60528,0,0,0x0010
13653,2026-08-15T10:14:54.375747000-0500,89.508788000,192.168.0.178,192.168.0.148,25565,53414,6049810,60528,188,0,0x0018
13654,2026-08-15T10:14:54.393553000-0500,89.526594000,192.168.0.148,192.168.0.178,53414,25565,60528,6049998,36,0,0x0018
13655,2026-08-15T10:14:54.394595000-0500,89.527636000,192.168.0.148,192.168.0.178,53414,25565,60564,6049998,3,0,0x0018
13656,2026-08-15T10:14:54.395271000-0500,89.528312000,192.168.0.178,192.168.0.148,25565,53414,6049998,60567,0,0,0x0010
13657,2026-08-15T10:14:54.430977000-0500,89.564018000,192.168.0.178,192.168.0.148,25565,53414,6049998,60567,434,0,0x0018
13658,2026-08-15T10:14:54.443265000-0500,89.576306000,192.168.0.148,192.168.0.178,53414,25565,60567,6050432,28,0,0x0018
13659,2026-08-15T10:14:54.444313000-0500,89.577354000,192.168.0.148,192.168.0.178,53414,25565,60595,6050432,3,0,0x0018
13660,2026-08-15T10:14:54.444910000-0500,89.577951000,192.168.0.178,192.168.0.148,25565,53414,6050432,60598,0,0,0x0010
13661,2026-08-15T10:14:54.476155000-0500,89.609196000,192.168.0.178,192.168.0.148,25565,53414,6050432,60598,40,0,0x0018
13662,2026-08-15T10:14:54.492783000-0500,89.625824000,192.168.0.148,192.168.0.178,53414,25565,60598,6050472,28,0,0x0018
13663,2026-08-15T10:14:54.493470000-0500,89.626511000,192.168.0.148,192.168.0.178,53414,25565,60626,6050472,3,0,0x0018
13664,2026-08-15T10:14:54.494172000-0500,89.627213000,192.168.0.178,192.168.0.148,25565,53414,6050472,60629,0,0,0x0010
13665,2026-08-15T10:14:54.526315000-0500,89.659356000,192.168.0.178,192.168.0.148,25565,53414,6050472,60629,223,0,0x0018
13666,2026-08-15T10:14:54.543330000-0500,89.676371000,192.168.0.148,192.168.0.178,53414,25565,60629,6050695,28,0,0x0018
13667,2026-08-15T10:14:54.544402000-0500,89.677443000,192.168.0.148,192.168.0.178,53414,25565,60657,6050695,3,0,0x0018
13668,2026-08-15T10:14:54.544962000-0500,89.678003000,192.168.0.178,192.168.0.148,25565,53414,6050695,60660,0,0,0x0010
13669,2026-08-15T10:14:54.580390000-0500,89.713431000,192.168.0.178,192.168.0.148,25565,53414,6050695,60660,1460,0,0x0010
13670,2026-08-15T10:14:54.580507000-0500,89.713548000,192.168.0.178,192.168.0.148,25565,53414,6052155,60660,1460,0,0x0010
13671,2026-08-15T10:14:54.580536000-0500,89.713577000,192.168.0.148,192.168.0.178,53414,25565,60660,6053615,0,0,0x0010
13672,2026-08-15T10:14:54.580635000-0500,89.713676000,192.168.0.178,192.168.0.148,25565,53414,6053615,60660,1460,0,0x0010
13673,2026-08-15T10:14:54.580757000-0500,89.713798000,192.168.0.178,192.168.0.148,25565,53414,6055075,60660,1460,0,0x0010
13674,2026-08-15T10:14:54.580771000-0500,89.713812000,192.168.0.148,192.168.0.178,53414,25565,60660,6056535,0,0,0x0010
13675,2026-08-15T10:14:54.580841000-0500,89.713882000,192.168.0.178,192.168.0.148,25565,53414,6056535,60660,1460,0,0x0010
13676,2026-08-15T10:14:54.581004000-0500,89.714045000,192.168.0.178,192.168.0.148,25565,53414,6057995,60660,1460,0,0x0010
13677,2026-08-15T10:14:54.581013000-0500,89.714054000,192.168.0.148,192.168.0.178,53414,25565,60660,6059455,0,0,0x0010
13678,2026-08-15T10:14:54.581129000-0500,89.714170000,192.168.0.178,192.168.0.148,25565,53414,6059455,60660,1460,0,0x0010
13679,2026-08-15T10:14:54.581258000-0500,89.714299000,192.168.0.178,192.168.0.148,25565,53414,6060915,60660,1460,0,0x0010
13680,2026-08-15T10:14:54.581271000-0500,89.714312000,192.168.0.148,192.168.0.178,53414,25565,60660,6062375,0,0,0x0010
13681,2026-08-15T10:14:54.581334000-0500,89.714375000,192.168.0.178,192.168.0.148,25565,53414,6062375,60660,1460,0,0x0018
13682,2026-08-15T10:14:54.581523000-0500,89.714564000,192.168.0.178,192.168.0.148,25565,53414,6063835,60660,1460,0,0x0010
13683,2026-08-15T10:14:54.581535000-0500,89.714576000,192.168.0.148,192.168.0.178,53414,25565,60660,6065295,0,0,0x0010
13684,2026-08-15T10:14:54.581652000-0500,89.714693000,192.168.0.178,192.168.0.148,25565,53414,6065295,60660,1460,0,0x0010
13685,2026-08-15T10:14:54.581729000-0500,89.714770000,192.168.0.178,192.168.0.148,25565,53414,6066755,60660,1460,0,0x0010
13686,2026-08-15T10:14:54.581737000-0500,89.714778000,192.168.0.148,192.168.0.178,53414,25565,60660,6068215,0,0,0x0010
13687,2026-08-15T10:14:54.581860000-0500,89.714901000,192.168.0.178,192.168.0.148,25565,53414,6068215,60660,1397,0,0x0018
13688,2026-08-15T10:14:54.582158000-0500,89.715199000,192.168.0.148,192.168.0.178,53414,25565,60660,6069612,11,0,0x0018
13689,2026-08-15T10:14:54.592793000-0500,89.725834000,192.168.0.148,192.168.0.178,53414,25565,60671,6069612,28,0,0x0018
13690,2026-08-15T10:14:54.593261000-0500,89.726302000,192.168.0.148,192.168.0.178,53414,25565,60699,6069612,3,0,0x0018
13691,2026-08-15T10:14:54.593414000-0500,89.726455000,192.168.0.178,192.168.0.148,25565,53414,6069612,60699,0,0,0x0010
13692,2026-08-15T10:14:54.627199000-0500,89.760240000,192.168.0.178,192.168.0.148,25565,53414,6069612,60702,1460,0,0x0010
13693,2026-08-15T10:14:54.627199000-0500,89.760240000,192.168.0.178,192.168.0.148,25565,53414,6071072,60702,1460,0,0x0010
13694,2026-08-15T10:14:54.627199000-0500,89.760240000,192.168.0.178,192.168.0.148,25565,53414,6072532,60702,1460,0,0x0010
13695,2026-08-15T10:14:54.627199000-0500,89.760240000,192.168.0.178,192.168.0.148,25565,53414,6073992,60702,1460,0,0x0010
13696,2026-08-15T10:14:54.627199000-0500,89.760240000,192.168.0.178,192.168.0.148,25565,53414,6075452,60702,1460,0,0x0010
13697,2026-08-15T10:14:54.627259000-0500,89.760300000,192.168.0.148,192.168.0.178,53414,25565,60702,6076912,0,0,0x0010
13698,2026-08-15T10:14:54.627302000-0500,89.760343000,192.168.0.178,192.168.0.148,25565,53414,6076912,60702,1460,0,0x0010
13699,2026-08-15T10:14:54.627308000-0500,89.760349000,192.168.0.148,192.168.0.178,53414,25565,60702,6078372,0,0,0x0010
13700,2026-08-15T10:14:54.627431000-0500,89.760472000,192.168.0.178,192.168.0.148,25565,53414,6078372,60702,1460,0,0x0010
13701,2026-08-15T10:14:54.627555000-0500,89.760596000,192.168.0.178,192.168.0.148,25565,53414,6079832,60702,1460,0,0x0010
13702,2026-08-15T10:14:54.627561000-0500,89.760602000,192.168.0.148,192.168.0.178,53414,25565,60702,6081292,0,0,0x0010
13703,2026-08-15T10:14:54.627673000-0500,89.760714000,192.168.0.178,192.168.0.148,25565,53414,6081292,60702,1460,0,0x0018
13704,2026-08-15T10:14:54.627855000-0500,89.760896000,192.168.0.178,192.168.0.148,25565,53414,6082752,60702,1460,0,0x0010
13705,2026-08-15T10:14:54.627855000-0500,89.760896000,192.168.0.178,192.168.0.148,25565,53414,6084212,60702,242,0,0x0018
13706,2026-08-15T10:14:54.627862000-0500,89.760903000,192.168.0.148,192.168.0.178,53414,25565,60702,6084454,0,0,0x0010
13707,2026-08-15T10:14:54.642513000-0500,89.775554000,192.168.0.148,192.168.0.178,53414,25565,60702,6084454,28,0,0x0018
13708,2026-08-15T10:14:54.643018000-0500,89.776059000,192.168.0.148,192.168.0.178,53414,25565,60730,6084454,3,0,0x0018
13709,2026-08-15T10:14:54.643508000-0500,89.776549000,192.168.0.178,192.168.0.148,25565,53414,6084454,60733,0,0,0x0010
13710,2026-08-15T10:14:54.677543000-0500,89.810584000,192.168.0.178,192.168.0.148,25565,53414,6084454,60733,1460,0,0x0010
13711,2026-08-15T10:14:54.677598000-0500,89.810639000,192.168.0.178,192.168.0.148,25565,53414,6085914,60733,1460,0,0x0010
13712,2026-08-15T10:14:54.677609000-0500,89.810650000,192.168.0.148,192.168.0.178,53414,25565,60733,6087374,0,0,0x0010
13713,2026-08-15T10:14:54.677720000-0500,89.810761000,192.168.0.178,192.168.0.148,25565,53414,6087374,60733,1460,0,0x0010
13714,2026-08-15T10:14:54.677840000-0500,89.810881000,192.168.0.178,192.168.0.148,25565,53414,6088834,60733,1460,0,0x0010
13715,2026-08-15T10:14:54.677846000-0500,89.810887000,192.168.0.148,192.168.0.178,53414,25565,60733,6090294,0,0,0x0010
13716,2026-08-15T10:14:54.677929000-0500,89.810970000,192.168.0.178,192.168.0.148,25565,53414,6090294,60733,1460,0,0x0010
13717,2026-08-15T10:14:54.678087000-0500,89.811128000,192.168.0.178,192.168.0.148,25565,53414,6091754,60733,1460,0,0x0010
13718,2026-08-15T10:14:54.678092000-0500,89.811133000,192.168.0.148,192.168.0.178,53414,25565,60733,6093214,0,0,0x0010
13719,2026-08-15T10:14:54.678172000-0500,89.811213000,192.168.0.178,192.168.0.148,25565,53414,6093214,60733,1460,0,0x0010
13720,2026-08-15T10:14:54.678335000-0500,89.811376000,192.168.0.178,192.168.0.148,25565,53414,6094674,60733,1460,0,0x0010
13721,2026-08-15T10:14:54.678341000-0500,89.811382000,192.168.0.148,192.168.0.178,53414,25565,60733,6096134,0,0,0x0010
13722,2026-08-15T10:14:54.678459000-0500,89.811500000,192.168.0.178,192.168.0.148,25565,53414,6096134,60733,1460,0,0x0018
13723,2026-08-15T10:14:54.678596000-0500,89.811637000,192.168.0.178,192.168.0.148,25565,53414,6097594,60733,1460,0,0x0010
13724,2026-08-15T10:14:54.678601000-0500,89.811642000,192.168.0.148,192.168.0.178,53414,25565,60733,6099054,0,0,0x0010
13725,2026-08-15T10:14:54.678682000-0500,89.811723000,192.168.0.178,192.168.0.148,25565,53414,6099054,60733,1460,0,0x0010
13726,2026-08-15T10:14:54.678695000-0500,89.811736000,192.168.0.178,192.168.0.148,25565,53414,6100514,60733,129,0,0x0018
13727,2026-08-15T10:14:54.678698000-0500,89.811739000,192.168.0.148,192.168.0.178,53414,25565,60733,6100643,0,0,0x0010
13728,2026-08-15T10:14:54.692606000-0500,89.825647000,192.168.0.148,192.168.0.178,53414,25565,60733,6100643,28,0,0x0018
13729,2026-08-15T10:14:54.693197000-0500,89.826238000,192.168.0.148,192.168.0.178,53414,25565,60761,6100643,3,0,0x0018
13730,2026-08-15T10:14:54.693675000-0500,89.826716000,192.168.0.178,192.168.0.148,25565,53414,6100643,60764,0,0,0x0010
13731,2026-08-15T10:14:54.726947000-0500,89.859988000,192.168.0.178,192.168.0.148,25565,53414,6100643,60764,1460,0,0x0010
13732,2026-08-15T10:14:54.727010000-0500,89.860051000,192.168.0.178,192.168.0.148,25565,53414,6102103,60764,1460,0,0x0010
13733,2026-08-15T10:14:54.727026000-0500,89.860067000,192.168.0.148,192.168.0.178,53414,25565,60764,6103563,0,0,0x0010
13734,2026-08-15T10:14:54.727089000-0500,89.860130000,192.168.0.178,192.168.0.148,25565,53414,6103563,60764,1460,0,0x0010
13735,2026-08-15T10:14:54.727252000-0500,89.860293000,192.168.0.178,192.168.0.148,25565,53414,6105023,60764,1460,0,0x0010
13736,2026-08-15T10:14:54.727257000-0500,89.860298000,192.168.0.148,192.168.0.178,53414,25565,60764,6106483,0,0,0x0010
13737,2026-08-15T10:14:54.727337000-0500,89.860378000,192.168.0.178,192.168.0.148,25565,53414,6106483,60764,1460,0,0x0010
13738,2026-08-15T10:14:54.727497000-0500,89.860538000,192.168.0.178,192.168.0.148,25565,53414,6107943,60764,1460,0,0x0010
13739,2026-08-15T10:14:54.727504000-0500,89.860545000,192.168.0.148,192.168.0.178,53414,25565,60764,6109403,0,0,0x0010
13740,2026-08-15T10:14:54.727615000-0500,89.860656000,192.168.0.178,192.168.0.148,25565,53414,6109403,60764,1460,0,0x0010
13741,2026-08-15T10:14:54.727846000-0500,89.860887000,192.168.0.178,192.168.0.148,25565,53414,6110863,60764,1460,0,0x0010
13742,2026-08-15T10:14:54.727855000-0500,89.860896000,192.168.0.148,192.168.0.178,53414,25565,60764,6112323,0,0,0x0010
13743,2026-08-15T10:14:54.727866000-0500,89.860907000,192.168.0.178,192.168.0.148,25565,53414,6112323,60764,1460,0,0x0018
13744,2026-08-15T10:14:54.727950000-0500,89.860991000,192.168.0.178,192.168.0.148,25565,53414,6113783,60764,1460,0,0x0010
13745,2026-08-15T10:14:54.727956000-0500,89.860997000,192.168.0.148,192.168.0.178,53414,25565,60764,6115243,0,0,0x0010
13746,2026-08-15T10:14:54.728108000-0500,89.861149000,192.168.0.178,192.168.0.148,25565,53414,6115243,60764,1460,0,0x0010
13747,2026-08-15T10:14:54.728264000-0500,89.861305000,192.168.0.178,192.168.0.148,25565,53414,6116703,60764,1460,0,0x0010
13748,2026-08-15T10:14:54.728271000-0500,89.861312000,192.168.0.148,192.168.0.178,53414,25565,60764,6118163,0,0,0x0010
13749,2026-08-15T10:14:54.728310000-0500,89.861351000,192.168.0.178,192.168.0.148,25565,53414,6118163,60764,1040,0,0x0018
13750,2026-08-15T10:14:54.742714000-0500,89.875755000,192.168.0.148,192.168.0.178,53414,25565,60764,6119203,28,0,0x0018
13751,2026-08-15T10:14:54.743195000-0500,89.876236000,192.168.0.148,192.168.0.178,53414,25565,60792,6119203,3,0,0x0018
13752,2026-08-15T10:14:54.743851000-0500,89.876892000,192.168.0.178,192.168.0.148,25565,53414,6119203,60795,0,0,0x0010
13753,2026-08-15T10:14:54.778196000-0500,89.911237000,192.168.0.178,192.168.0.148,25565,53414,6119203,60795,1460,0,0x0010
13754,2026-08-15T10:14:54.778283000-0500,89.911324000,192.168.0.178,192.168.0.148,25565,53414,6120663,60795,1460,0,0x0010
13755,2026-08-15T10:14:54.778295000-0500,89.911336000,192.168.0.148,192.168.0.178,53414,25565,60795,6122123,0,0,0x0010
13756,2026-08-15T10:14:54.778419000-0500,89.911460000,192.168.0.178,192.168.0.148,25565,53414,6122123,60795,1460,0,0x0010
13757,2026-08-15T10:14:54.778516000-0500,89.911557000,192.168.0.178,192.168.0.148,25565,53414,6123583,60795,1460,0,0x0010
13758,2026-08-15T10:14:54.778525000-0500,89.911566000,192.168.0.148,192.168.0.178,53414,25565,60795,6125043,0,0,0x0010
13759,2026-08-15T10:14:54.778704000-0500,89.911745000,192.168.0.178,192.168.0.148,25565,53414,6125043,60795,1460,0,0x0010
13760,2026-08-15T10:14:54.778761000-0500,89.911802000,192.168.0.178,192.168.0.148,25565,53414,6126503,60795,1460,0,0x0010
13761,2026-08-15T10:14:54.778766000-0500,89.911807000,192.168.0.148,192.168.0.178,53414,25565,60795,6127963,0,0,0x0010
13762,2026-08-15T10:14:54.778922000-0500,89.911963000,192.168.0.178,192.168.0.148,25565,53414,6127963,60795,1460,0,0x0010
13763,2026-08-15T10:14:54.779008000-0500,89.912049000,192.168.0.178,192.168.0.148,25565,53414,6129423,60795,1460,0,0x0010
13764,2026-08-15T10:14:54.779013000-0500,89.912054000,192.168.0.148,192.168.0.178,53414,25565,60795,6130883,0,0,0x0010
13765,2026-08-15T10:14:54.779165000-0500,89.912206000,192.168.0.178,192.168.0.148,25565,53414,6130883,60795,1460,0,0x0018
13766,2026-08-15T10:14:54.779292000-0500,89.912333000,192.168.0.178,192.168.0.148,25565,53414,6132343,60795,1460,0,0x0010
13767,2026-08-15T10:14:54.779296000-0500,89.912337000,192.168.0.148,192.168.0.178,53414,25565,60795,6133803,0,0,0x0010
13768,2026-08-15T10:14:54.779380000-0500,89.912421000,192.168.0.178,192.168.0.148,25565,53414,6133803,60795,1460,0,0x0010
13769,2026-08-15T10:14:54.779510000-0500,89.912551000,192.168.0.178,192.168.0.148,25565,53414,6135263,60795,1460,0,0x0010
13770,2026-08-15T10:14:54.779515000-0500,89.912556000,192.168.0.148,192.168.0.178,53414,25565,60795,6136723,0,0,0x0010
13771,2026-08-15T10:14:54.779667000-0500,89.912708000,192.168.0.178,192.168.0.148,25565,53414,6136723,60795,1460,0,0x0010
13772,2026-08-15T10:14:54.779784000-0500,89.912825000,192.168.0.178,192.168.0.148,25565,53414,6138183,60795,1460,0,0x0010
13773,2026-08-15T10:14:54.779789000-0500,89.912830000,192.168.0.148,192.168.0.178,53414,25565,60795,6139643,0,0,0x0010
13774,2026-08-15T10:14:54.779870000-0500,89.912911000,192.168.0.178,192.168.0.148,25565,53414,6139643,60795,1460,0,0x0010
13775,2026-08-15T10:14:54.779968000-0500,89.913009000,192.168.0.178,192.168.0.148,25565,53414,6141103,60795,655,0,0x0018
13776,2026-08-15T10:14:54.779974000-0500,89.913015000,192.168.0.148,192.168.0.178,53414,25565,60795,6141758,0,0,0x0010
13777,2026-08-15T10:14:54.792561000-0500,89.925602000,192.168.0.148,192.168.0.178,53414,25565,60795,6141758,36,0,0x0018
13778,2026-08-15T10:14:54.793089000-0500,89.926130000,192.168.0.148,192.168.0.178,53414,25565,60831,6141758,3,0,0x0018
13779,2026-08-15T10:14:54.793504000-0500,89.926545000,192.168.0.178,192.168.0.148,25565,53414,6141758,60834,0,0,0x0010
13780,2026-08-15T10:14:54.826303000-0500,89.959344000,192.168.0.178,192.168.0.148,25565,53414,6141758,60834,1460,0,0x0010
13781,2026-08-15T10:14:54.826387000-0500,89.959428000,192.168.0.178,192.168.0.148,25565,53414,6143218,60834,1460,0,0x0010
13782,2026-08-15T10:14:54.826399000-0500,89.959440000,192.168.0.148,192.168.0.178,53414,25565,60834,6144678,0,0,0x0010
13783,2026-08-15T10:14:54.826523000-0500,89.959564000,192.168.0.178,192.168.0.148,25565,53414,6144678,60834,1460,0,0x0010
13784,2026-08-15T10:14:54.826661000-0500,89.959702000,192.168.0.178,192.168.0.148,25565,53414,6146138,60834,1460,0,0x0010
13785,2026-08-15T10:14:54.826667000-0500,89.959708000,192.168.0.148,192.168.0.178,53414,25565,60834,6147598,0,0,0x0010
13786,2026-08-15T10:14:54.826778000-0500,89.959819000,192.168.0.178,192.168.0.148,25565,53414,6147598,60834,1460,0,0x0010
13787,2026-08-15T10:14:54.826916000-0500,89.959957000,192.168.0.178,192.168.0.148,25565,53414,6149058,60834,1460,0,0x0010
13788,2026-08-15T10:14:54.826921000-0500,89.959962000,192.168.0.148,192.168.0.178,53414,25565,60834,6150518,0,0,0x0010
13789,2026-08-15T10:14:54.826999000-0500,89.960040000,192.168.0.178,192.168.0.148,25565,53414,6150518,60834,1460,0,0x0010
13790,2026-08-15T10:14:54.827154000-0500,89.960195000,192.168.0.178,192.168.0.148,25565,53414,6151978,60834,1460,0,0x0010
13791,2026-08-15T10:14:54.827160000-0500,89.960201000,192.168.0.148,192.168.0.178,53414,25565,60834,6153438,0,0,0x0010
13792,2026-08-15T10:14:54.827240000-0500,89.960281000,192.168.0.178,192.168.0.148,25565,53414,6153438,60834,1460,0,0x0018
13793,2026-08-15T10:14:54.827312000-0500,89.960353000,192.168.0.178,192.168.0.148,25565,53414,6154898,60834,434,0,0x0018
13794,2026-08-15T10:14:54.827321000-0500,89.960362000,192.168.0.148,192.168.0.178,53414,25565,60834,6155332,0,0,0x0010
13795,2026-08-15T10:14:54.842861000-0500,89.975902000,192.168.0.148,192.168.0.178,53414,25565,60834,6155332,36,0,0x0018
13796,2026-08-15T10:14:54.843315000-0500,89.976356000,192.168.0.148,192.168.0.178,53414,25565,60870,6155332,3,0,0x0018
13797,2026-08-15T10:14:54.843862000-0500,89.976903000,192.168.0.178,192.168.0.148,25565,53414,6155332,60873,0,0,0x0010
13798,2026-08-15T10:14:54.877585000-0500,90.010626000,192.168.0.178,192.168.0.148,25565,53414,6155332,60873,1460,0,0x0010
13799,2026-08-15T10:14:54.877663000-0500,90.010704000,192.168.0.178,192.168.0.148,25565,53414,6156792,60873,1460,0,0x0010
13800,2026-08-15T10:14:54.877675000-0500,90.010716000,192.168.0.148,192.168.0.178,53414,25565,60873,6158252,0,0,0x0010
13801,2026-08-15T10:14:54.877798000-0500,90.010839000,192.168.0.178,192.168.0.148,25565,53414,6158252,60873,1460,0,0x0010
13802,2026-08-15T10:14:54.877932000-0500,90.010973000,192.168.0.178,192.168.0.148,25565,53414,6159712,60873,1460,0,0x0010
13803,2026-08-15T10:14:54.877939000-0500,90.010980000,192.168.0.148,192.168.0.178,53414,25565,60873,6161172,0,0,0x0010
13804,2026-08-15T10:14:54.878055000-0500,90.011096000,192.168.0.178,192.168.0.148,25565,53414,6161172,60873,1460,0,0x0010
13805,2026-08-15T10:14:54.878178000-0500,90.011219000,192.168.0.178,192.168.0.148,25565,53414,6162632,60873,1460,0,0x0010
13806,2026-08-15T10:14:54.878182000-0500,90.011223000,192.168.0.148,192.168.0.178,53414,25565,60873,6164092,0,0,0x0010
13807,2026-08-15T10:14:54.878267000-0500,90.011308000,192.168.0.178,192.168.0.148,25565,53414,6164092,60873,1460,0,0x0010
13808,2026-08-15T10:14:54.878421000-0500,90.011462000,192.168.0.178,192.168.0.148,25565,53414,6165552,60873,1460,0,0x0010
13809,2026-08-15T10:14:54.878427000-0500,90.011468000,192.168.0.148,192.168.0.178,53414,25565,60873,6167012,0,0,0x0010
13810,2026-08-15T10:14:54.878549000-0500,90.011590000,192.168.0.178,192.168.0.148,25565,53414,6167012,60873,1460,0,0x0018
13811,2026-08-15T10:14:54.878669000-0500,90.011710000,192.168.0.178,192.168.0.148,25565,53414,6168472,60873,1460,0,0x0010
13812,2026-08-15T10:14:54.878674000-0500,90.011715000,192.168.0.148,192.168.0.178,53414,25565,60873,6169932,0,0,0x0010
13813,2026-08-15T10:14:54.878787000-0500,90.011828000,192.168.0.178,192.168.0.148,25565,53414,6169932,60873,1460,0,0x0010
13814,2026-08-15T10:14:54.878913000-0500,90.011954000,192.168.0.178,192.168.0.148,25565,53414,6171392,60873,1460,0,0x0010
13815,2026-08-15T10:14:54.878919000-0500,90.011960000,192.168.0.148,192.168.0.178,53414,25565,60873,6172852,0,0,0x0010
13816,2026-08-15T10:14:54.879004000-0500,90.012045000,192.168.0.178,192.168.0.148,25565,53414,6172852,60873,1460,0,0x0010
13817,2026-08-15T10:14:54.879160000-0500,90.012201000,192.168.0.178,192.168.0.148,25565,53414,6174312,60873,1460,0,0x0010
13818,2026-08-15T10:14:54.879165000-0500,90.012206000,192.168.0.148,192.168.0.178,53414,25565,60873,6175772,0,0,0x0010
13819,2026-08-15T10:14:54.879207000-0500,90.012248000,192.168.0.178,192.168.0.148,25565,53414,6175772,60873,967,0,0x0018
13820,2026-08-15T10:14:54.900261000-0500,90.033302000,192.168.0.148,192.168.0.178,53414,25565,60873,6176739,36,0,0x0018
13821,2026-08-15T10:14:54.901084000-0500,90.034125000,192.168.0.148,192.168.0.178,53414,25565,60909,6176739,3,0,0x0018
13822,2026-08-15T10:14:54.901637000-0500,90.034678000,192.168.0.178,192.168.0.148,25565,53414,6176739,60912,0,0,0x0010
13823,2026-08-15T10:14:54.926623000-0500,90.059664000,192.168.0.178,192.168.0.148,25565,53414,6176739,60912,1460,0,0x0010
13824,2026-08-15T10:14:54.926753000-0500,90.059794000,192.168.0.178,192.168.0.148,25565,53414,6178199,60912,1460,0,0x0010
13825,2026-08-15T10:14:54.926763000-0500,90.059804000,192.168.0.148,192.168.0.178,53414,25565,60912,6179659,0,0,0x0010
13826,2026-08-15T10:14:54.926872000-0500,90.059913000,192.168.0.178,192.168.0.148,25565,53414,6179659,60912,1460,0,0x0010
13827,2026-08-15T10:14:54.926994000-0500,90.060035000,192.168.0.178,192.168.0.148,25565,53414,6181119,60912,1460,0,0x0010
13828,2026-08-15T10:14:54.927000000-0500,90.060041000,192.168.0.148,192.168.0.178,53414,25565,60912,6182579,0,0,0x0010
13829,2026-08-15T10:14:54.927112000-0500,90.060153000,192.168.0.178,192.168.0.148,25565,53414,6182579,60912,1460,0,0x0010
13830,2026-08-15T10:14:54.927238000-0500,90.060279000,192.168.0.178,192.168.0.148,25565,53414,6184039,60912,1460,0,0x0010
13831,2026-08-15T10:14:54.927244000-0500,90.060285000,192.168.0.148,192.168.0.178,53414,25565,60912,6185499,0,0,0x0010
13832,2026-08-15T10:14:54.927358000-0500,90.060399000,192.168.0.178,192.168.0.148,25565,53414,6185499,60912,1460,0,0x0010
13833,2026-08-15T10:14:54.927486000-0500,90.060527000,192.168.0.178,192.168.0.148,25565,53414,6186959,60912,1460,0,0x0010
13834,2026-08-15T10:14:54.927493000-0500,90.060534000,192.168.0.148,192.168.0.178,53414,25565,60912,6188419,0,0,0x0010
13835,2026-08-15T10:14:54.927606000-0500,90.060647000,192.168.0.178,192.168.0.148,25565,53414,6188419,60912,1460,0,0x0018
13836,2026-08-15T10:14:54.927778000-0500,90.060819000,192.168.0.178,192.168.0.148,25565,53414,6189879,60912,1460,0,0x0010
13837,2026-08-15T10:14:54.927784000-0500,90.060825000,192.168.0.148,192.168.0.178,53414,25565,60912,6191339,0,0,0x0010
13838,2026-08-15T10:14:54.927901000-0500,90.060942000,192.168.0.178,192.168.0.148,25565,53414,6191339,60912,1460,0,0x0010
13839,2026-08-15T10:14:54.928023000-0500,90.061064000,192.168.0.178,192.168.0.148,25565,53414,6192799,60912,1460,0,0x0010
13840,2026-08-15T10:14:54.928028000-0500,90.061069000,192.168.0.148,192.168.0.178,53414,25565,60912,6194259,0,0,0x0010
13841,2026-08-15T10:14:54.928107000-0500,90.061148000,192.168.0.178,192.168.0.148,25565,53414,6194259,60912,1460,0,0x0010
13842,2026-08-15T10:14:54.928179000-0500,90.061220000,192.168.0.178,192.168.0.148,25565,53414,6195719,60912,256,0,0x0018
13843,2026-08-15T10:14:54.928184000-0500,90.061225000,192.168.0.148,192.168.0.178,53414,25565,60912,6195975,0,0,0x0010
13844,2026-08-15T10:14:54.942836000-0500,90.075877000,192.168.0.148,192.168.0.178,53414,25565,60912,6195975,12,0,0x0018
13845,2026-08-15T10:14:54.943618000-0500,90.076659000,192.168.0.148,192.168.0.178,53414,25565,60924,6195975,3,0,0x0018
13846,2026-08-15T10:14:54.944214000-0500,90.077255000,192.168.0.178,192.168.0.148,25565,53414,6195975,60927,0,0,0x0010
13847,2026-08-15T10:14:54.976416000-0500,90.109457000,192.168.0.178,192.168.0.148,25565,53414,6195975,60927,1460,0,0x0010
13848,2026-08-15T10:14:54.976502000-0500,90.109543000,192.168.0.178,192.168.0.148,25565,53414,6197435,60927,1460,0,0x0010
13849,2026-08-15T10:14:54.976515000-0500,90.109556000,192.168.0.148,192.168.0.178,53414,25565,60927,6198895,0,0,0x0010
13850,2026-08-15T10:14:54.976706000-0500,90.109747000,192.168.0.178,192.168.0.148,25565,53414,6198895,60927,1460,0,0x0010
13851,2026-08-15T10:14:54.976770000-0500,90.109811000,192.168.0.178,192.168.0.148,25565,53414,6200355,60927,1460,0,0x0010
13852,2026-08-15T10:14:54.976785000-0500,90.109826000,192.168.0.148,192.168.0.178,53414,25565,60927,6201815,0,0,0x0010
13853,2026-08-15T10:14:54.976901000-0500,90.109942000,192.168.0.178,192.168.0.148,25565,53414,6201815,60927,1460,0,0x0010
13854,2026-08-15T10:14:54.977028000-0500,90.110069000,192.168.0.178,192.168.0.148,25565,53414,6203275,60927,1460,0,0x0010
13855,2026-08-15T10:14:54.977036000-0500,90.110077000,192.168.0.148,192.168.0.178,53414,25565,60927,6204735,0,0,0x0010
13856,2026-08-15T10:14:54.977152000-0500,90.110193000,192.168.0.178,192.168.0.148,25565,53414,6204735,60927,1460,0,0x0010
13857,2026-08-15T10:14:54.977278000-0500,90.110319000,192.168.0.178,192.168.0.148,25565,53414,6206195,60927,1460,0,0x0010
13858,2026-08-15T10:14:54.977291000-0500,90.110332000,192.168.0.148,192.168.0.178,53414,25565,60927,6207655,0,0,0x0010
13859,2026-08-15T10:14:54.977358000-0500,90.110399000,192.168.0.178,192.168.0.148,25565,53414,6207655,60927,1460,0,0x0018
13860,2026-08-15T10:14:54.977520000-0500,90.110561000,192.168.0.178,192.168.0.148,25565,53414,6209115,60927,1460,0,0x0010
13861,2026-08-15T10:14:54.977527000-0500,90.110568000,192.168.0.148,192.168.0.178,53414,25565,60927,6210575,0,0,0x0010
13862,2026-08-15T10:14:54.977641000-0500,90.110682000,192.168.0.178,192.168.0.148,25565,53414,6210575,60927,1460,0,0x0010
13863,2026-08-15T10:14:54.977773000-0500,90.110814000,192.168.0.178,192.168.0.148,25565,53414,6212035,60927,1460,0,0x0010
13864,2026-08-15T10:14:54.977785000-0500,90.110826000,192.168.0.148,192.168.0.178,53414,25565,60927,6213495,0,0,0x0010
13865,2026-08-15T10:14:54.977852000-0500,90.110893000,192.168.0.178,192.168.0.148,25565,53414,6213495,60927,1460,0,0x0010
13866,2026-08-15T10:14:54.978016000-0500,90.111057000,192.168.0.178,192.168.0.148,25565,53414,6214955,60927,1460,0,0x0010
13867,2026-08-15T10:14:54.978016000-0500,90.111057000,192.168.0.178,192.168.0.148,25565,53414,6216415,60927,9,0,0x0018
13868,2026-08-15T10:14:54.978034000-0500,90.111075000,192.168.0.148,192.168.0.178,53414,25565,60927,6216424,0,0,0x0010
13869,2026-08-15T10:14:54.993259000-0500,90.126300000,192.168.0.148,192.168.0.178,53414,25565,60927,6216424,12,0,0x0018
13870,2026-08-15T10:14:54.993848000-0500,90.126889000,192.168.0.148,192.168.0.178,53414,25565,60939,6216424,3,0,0x0018
13871,2026-08-15T10:14:54.994464000-0500,90.127505000,192.168.0.178,192.168.0.148,25565,53414,6216424,60942,0,0,0x0010
13872,2026-08-15T10:14:55.028471000-0500,90.161512000,192.168.0.178,192.168.0.148,25565,53414,6216424,60942,1460,0,0x0010
13873,2026-08-15T10:14:55.028553000-0500,90.161594000,192.168.0.178,192.168.0.148,25565,53414,6217884,60942,1460,0,0x0010
13874,2026-08-15T10:14:55.028564000-0500,90.161605000,192.168.0.148,192.168.0.178,53414,25565,60942,6219344,0,0,0x0010
13875,2026-08-15T10:14:55.028694000-0500,90.161735000,192.168.0.178,192.168.0.148,25565,53414,6219344,60942,1460,0,0x0010
13876,2026-08-15T10:14:55.028839000-0500,90.161880000,192.168.0.178,192.168.0.148,25565,53414,6220804,60942,1460,0,0x0010
13877,2026-08-15T10:14:55.028846000-0500,90.161887000,192.168.0.148,192.168.0.178,53414,25565,60942,6222264,0,0,0x0010
13878,2026-08-15T10:14:55.028956000-0500,90.161997000,192.168.0.178,192.168.0.148,25565,53414,6222264,60942,1460,0,0x0010
13879,2026-08-15T10:14:55.029094000-0500,90.162135000,192.168.0.178,192.168.0.148,25565,53414,6223724,60942,1460,0,0x0010
13880,2026-08-15T10:14:55.029094000-0500,90.162135000,192.168.0.178,192.168.0.148,25565,53414,6225184,60942,278,0,0x0018
13881,2026-08-15T10:14:55.029103000-0500,90.162144000,192.168.0.148,192.168.0.178,53414,25565,60942,6225462,0,0,0x0010
13882,2026-08-15T10:14:55.043624000-0500,90.176665000,192.168.0.148,192.168.0.178,53414,25565,60942,6225462,12,0,0x0018
13883,2026-08-15T10:14:55.044498000-0500,90.177539000,192.168.0.148,192.168.0.178,53414,25565,60954,6225462,3,0,0x0018
13884,2026-08-15T10:14:55.045020000-0500,90.178061000,192.168.0.178,192.168.0.148,25565,53414,6225462,60957,0,0,0x0010
13885,2026-08-15T10:14:55.076099000-0500,90.209140000,192.168.0.178,192.168.0.148,25565,53414,6225462,60957,254,0,0x0018
13886,2026-08-15T10:14:55.093358000-0500,90.226399000,192.168.0.148,192.168.0.178,53414,25565,60957,6225716,12,0,0x0018
13887,2026-08-15T10:14:55.094521000-0500,90.227562000,192.168.0.148,192.168.0.178,53414,25565,60969,6225716,3,0,0x0018
13888,2026-08-15T10:14:55.095213000-0500,90.228254000,192.168.0.178,192.168.0.148,25565,53414,6225716,60972,0,0,0x0010
13889,2026-08-15T10:14:55.126498000-0500,90.259539000,192.168.0.178,192.168.0.148,25565,53414,6225716,60972,650,0,0x0018
13890,2026-08-15T10:14:55.144444000-0500,90.277485000,192.168.0.148,192.168.0.178,53414,25565,60972,6226366,3,0,0x0018
13891,2026-08-15T10:14:55.178436000-0500,90.311477000,192.168.0.178,192.168.0.148,25565,53414,6226366,60975,320,0,0x0018
13892,2026-08-15T10:14:55.194526000-0500,90.327567000,192.168.0.148,192.168.0.178,53414,25565,60975,6226686,3,0,0x0018
13893,2026-08-15T10:14:55.226333000-0500,90.359374000,192.168.0.178,192.168.0.148,25565,53414,6226686,60978,351,0,0x0018
13894,2026-08-15T10:14:55.244109000-0500,90.377150000,192.168.0.148,192.168.0.178,53414,25565,60978,6227037,4,0,0x0018
13895,2026-08-15T10:14:55.244143000-0500,90.377184000,192.168.0.148,192.168.0.178,53414,25565,60982,6227037,28,0,0x0018
13896,2026-08-15T10:14:55.244666000-0500,90.377707000,192.168.0.178,192.168.0.148,25565,53414,6227037,61010,0,0,0x0010
13897,2026-08-15T10:14:55.245272000-0500,90.378313000,192.168.0.148,192.168.0.178,53414,25565,61010,6227037,3,0,0x0018
13898,2026-08-15T10:14:55.276893000-0500,90.409934000,192.168.0.178,192.168.0.148,25565,53414,6227037,61013,1229,0,0x0018
13899,2026-08-15T10:14:55.293594000-0500,90.426635000,192.168.0.148,192.168.0.178,53414,25565,61013,6228266,28,0,0x0018
13900,2026-08-15T10:14:55.294460000-0500,90.427501000,192.168.0.148,192.168.0.178,53414,25565,61041,6228266,3,0,0x0018
13901,2026-08-15T10:14:55.295074000-0500,90.428115000,192.168.0.178,192.168.0.148,25565,53414,6228266,61044,0,0,0x0010
13902,2026-08-15T10:14:55.326853000-0500,90.459894000,192.168.0.178,192.168.0.148,25565,53414,6228266,61044,340,0,0x0018
13903,2026-08-15T10:14:55.343633000-0500,90.476674000,192.168.0.148,192.168.0.178,53414,25565,61044,6228606,36,0,0x0018
13904,2026-08-15T10:14:55.344511000-0500,90.477552000,192.168.0.148,192.168.0.178,53414,25565,61080,6228606,3,0,0x0018
13905,2026-08-15T10:14:55.345126000-0500,90.478167000,192.168.0.178,192.168.0.148,25565,53414,6228606,61083,0,0,0x0010
13906,2026-08-15T10:14:55.387332000-0500,90.520373000,192.168.0.178,192.168.0.148,25565,53414,6228606,61083,616,0,0x0018
13907,2026-08-15T10:14:55.393489000-0500,90.526530000,192.168.0.148,192.168.0.178,53414,25565,61083,6229222,36,0,0x0018
13908,2026-08-15T10:14:55.394503000-0500,90.527544000,192.168.0.148,192.168.0.178,53414,25565,61119,6229222,3,0,0x0018
13909,2026-08-15T10:14:55.395055000-0500,90.528096000,192.168.0.178,192.168.0.148,25565,53414,6229222,61122,0,0,0x0010
13910,2026-08-15T10:14:55.437028000-0500,90.570069000,192.168.0.178,192.168.0.148,25565,53414,6229222,61122,416,0,0x0018
13911,2026-08-15T10:14:55.443627000-0500,90.576668000,192.168.0.148,192.168.0.178,53414,25565,61122,6229638,36,0,0x0018
13912,2026-08-15T10:14:55.444681000-0500,90.577722000,192.168.0.148,192.168.0.178,53414,25565,61158,6229638,3,0,0x0018
13913,2026-08-15T10:14:55.445237000-0500,90.578278000,192.168.0.178,192.168.0.148,25565,53414,6229638,61161,0,0,0x0010
13914,2026-08-15T10:14:55.485440000-0500,90.618481000,192.168.0.178,192.168.0.148,25565,53414,6229638,61161,885,0,0x0018
13915,2026-08-15T10:14:55.494025000-0500,90.627066000,192.168.0.148,192.168.0.178,53414,25565,61161,6230523,36,0,0x0018
13916,2026-08-15T10:14:55.495226000-0500,90.628267000,192.168.0.148,192.168.0.178,53414,25565,61197,6230523,3,0,0x0018
13917,2026-08-15T10:14:55.496088000-0500,90.629129000,192.168.0.178,192.168.0.148,25565,53414,6230523,61200,0,0,0x0010
13918,2026-08-15T10:14:55.531408000-0500,90.664449000,192.168.0.178,192.168.0.148,25565,53414,6230523,61200,164,0,0x0018
13919,2026-08-15T10:14:55.543304000-0500,90.676345000,192.168.0.148,192.168.0.178,53414,25565,61200,6230687,36,0,0x0018
13920,2026-08-15T10:14:55.544478000-0500,90.677519000,192.168.0.148,192.168.0.178,53414,25565,61236,6230687,3,0,0x0018
13921,2026-08-15T10:14:55.545152000-0500,90.678193000,192.168.0.178,192.168.0.148,25565,53414,6230687,61239,0,0,0x0010
13922,2026-08-15T10:14:55.581535000-0500,90.714576000,192.168.0.178,192.168.0.148,25565,53414,6230687,61239,899,0,0x0018
13923,2026-08-15T10:14:55.581694000-0500,90.714735000,192.168.0.148,192.168.0.178,53414,25565,61239,6231586,11,0,0x0018
13924,2026-08-15T10:14:55.593316000-0500,90.726357000,192.168.0.148,192.168.0.178,53414,25565,61250,6231586,28,0,0x0018
13925,2026-08-15T10:14:55.593942000-0500,90.726983000,192.168.0.178,192.168.0.148,25565,53414,6231586,61278,0,0,0x0010
13926,2026-08-15T10:14:55.594138000-0500,90.727179000,192.168.0.148,192.168.0.178,53414,25565,61278,6231586,3,0,0x0018
13927,2026-08-15T10:14:55.631904000-0500,90.764945000,192.168.0.178,192.168.0.148,25565,53414,6231586,61281,874,0,0x0018
13928,2026-08-15T10:14:55.644169000-0500,90.777210000,192.168.0.148,192.168.0.178,53414,25565,61281,6232460,4,0,0x0018
13929,2026-08-15T10:14:55.644193000-0500,90.777234000,192.168.0.148,192.168.0.178,53414,25565,61285,6232460,36,0,0x0018
13930,2026-08-15T10:14:55.644800000-0500,90.777841000,192.168.0.148,192.168.0.178,53414,25565,61321,6232460,3,0,0x0018
13931,2026-08-15T10:14:55.644946000-0500,90.777987000,192.168.0.178,192.168.0.148,25565,53414,6232460,61321,0,0,0x0010
13932,2026-08-15T10:14:55.677401000-0500,90.810442000,192.168.0.178,192.168.0.148,25565,53414,6232460,61324,507,0,0x0018
13933,2026-08-15T10:14:55.693464000-0500,90.826505000,192.168.0.148,192.168.0.178,53414,25565,61324,6232967,36,0,0x0018
13934,2026-08-15T10:14:55.694872000-0500,90.827913000,192.168.0.148,192.168.0.178,53414,25565,61360,6232967,3,0,0x0018
13935,2026-08-15T10:14:55.695312000-0500,90.828353000,192.168.0.178,192.168.0.148,25565,53414,6232967,61363,0,0,0x0010
13936,2026-08-15T10:14:55.728413000-0500,90.861454000,192.168.0.178,192.168.0.148,25565,53414,6232967,61363,231,0,0x0018
13937,2026-08-15T10:14:55.744143000-0500,90.877184000,192.168.0.148,192.168.0.178,53414,25565,61363,6233198,36,0,0x0018
13938,2026-08-15T10:14:55.745232000-0500,90.878273000,192.168.0.148,192.168.0.178,53414,25565,61399,6233198,3,0,0x0018
13939,2026-08-15T10:14:55.745285000-0500,90.878326000,192.168.0.178,192.168.0.148,25565,53414,6233198,61399,11,0,0x0018
13940,2026-08-15T10:14:55.745347000-0500,90.878388000,192.168.0.178,192.168.0.148,25565,53414,6233209,61399,11,0,0x0018
13941,2026-08-15T10:14:55.745364000-0500,90.878405000,192.168.0.148,192.168.0.178,53414,25565,61402,6233220,0,0,0x0010
13942,2026-08-15T10:14:55.745454000-0500,90.878495000,192.168.0.178,192.168.0.148,25565,53414,6233220,61399,11,0,0x0018
13943,2026-08-15T10:14:55.745774000-0500,90.878815000,192.168.0.178,192.168.0.148,25565,53414,6233231,61402,11,0,0x0018
13944,2026-08-15T10:14:55.745784000-0500,90.878825000,192.168.0.148,192.168.0.178,53414,25565,61402,6233242,0,0,0x0010
13945,2026-08-15T10:14:55.745833000-0500,90.878874000,192.168.0.178,192.168.0.148,25565,53414,6233242,61402,11,0,0x0018
13946,2026-08-15T10:14:55.745833000-0500,90.878874000,192.168.0.178,192.168.0.148,25565,53414,6233253,61402,11,0,0x0018
13947,2026-08-15T10:14:55.745843000-0500,90.878884000,192.168.0.148,192.168.0.178,53414,25565,61402,6233264,0,0,0x0010
13948,2026-08-15T10:14:55.745961000-0500,90.879002000,192.168.0.178,192.168.0.148,25565,53414,6233264,61402,11,0,0x0018
13949,2026-08-15T10:14:55.746161000-0500,90.879202000,192.168.0.178,192.168.0.148,25565,53414,6233275,61402,11,0,0x0018
13950,2026-08-15T10:14:55.746161000-0500,90.879202000,192.168.0.178,192.168.0.148,25565,53414,6233286,61402,11,0,0x0018
13951,2026-08-15T10:14:55.746173000-0500,90.879214000,192.168.0.148,192.168.0.178,53414,25565,61402,6233297,0,0,0x0010
13952,2026-08-15T10:14:55.746229000-0500,90.879270000,192.168.0.178,192.168.0.148,25565,53414,6233297,61402,11,0,0x0018
13953,2026-08-15T10:14:55.746236000-0500,90.879277000,192.168.0.148,192.168.0.178,53414,25565,61402,6233308,0,0,0x0010
13954,2026-08-15T10:14:55.746287000-0500,90.879328000,192.168.0.178,192.168.0.148,25565,53414,6233308,61402,11,0,0x0018
13955,2026-08-15T10:14:55.746422000-0500,90.879463000,192.168.0.178,192.168.0.148,25565,53414,6233319,61402,11,0,0x0018
13956,2026-08-15T10:14:55.746429000-0500,90.879470000,192.168.0.148,192.168.0.178,53414,25565,61402,6233330,0,0,0x0010
13957,2026-08-15T10:14:55.746569000-0500,90.879610000,192.168.0.178,192.168.0.148,25565,53414,6233330,61402,11,0,0x0018
13958,2026-08-15T10:14:55.746569000-0500,90.879610000,192.168.0.178,192.168.0.148,25565,53414,6233341,61402,13,0,0x0018
13959,2026-08-15T10:14:55.746578000-0500,90.879619000,192.168.0.148,192.168.0.178,53414,25565,61402,6233354,0,0,0x0010
13960,2026-08-15T10:14:55.787590000-0500,90.920631000,192.168.0.178,192.168.0.148,25565,53414,6233354,61402,1460,0,0x0010
13961,2026-08-15T10:14:55.787652000-0500,90.920693000,192.168.0.178,192.168.0.148,25565,53414,6234814,61402,1460,0,0x0010
13962,2026-08-15T10:14:55.787668000-0500,90.920709000,192.168.0.148,192.168.0.178,53414,25565,61402,6236274,0,0,0x0010
13963,2026-08-15T10:14:55.787726000-0500,90.920767000,192.168.0.178,192.168.0.148,25565,53414,6236274,61402,1214,0,0x0018
13964,2026-08-15T10:14:55.793662000-0500,90.926703000,192.168.0.148,192.168.0.178,53414,25565,61402,6237488,36,0,0x0018
13965,2026-08-15T10:14:55.794955000-0500,90.927996000,192.168.0.148,192.168.0.178,53414,25565,61438,6237488,3,0,0x0018
13966,2026-08-15T10:14:55.795560000-0500,90.928601000,192.168.0.178,192.168.0.148,25565,53414,6237488,61441,0,0,0x0010
13967,2026-08-15T10:14:55.828863000-0500,90.961904000,192.168.0.178,192.168.0.148,25565,53414,6237488,61441,190,0,0x0018
13968,2026-08-15T10:14:55.842680000-0500,90.975721000,192.168.0.148,192.168.0.178,53414,25565,61441,6237678,36,0,0x0018
13969,2026-08-15T10:14:55.843255000-0500,90.976296000,192.168.0.148,192.168.0.178,53414,25565,61477,6237678,3,0,0x0018
13970,2026-08-15T10:14:55.843834000-0500,90.976875000,192.168.0.178,192.168.0.148,25565,53414,6237678,61480,0,0,0x0010
13971,2026-08-15T10:14:55.878259000-0500,91.011300000,192.168.0.178,192.168.0.148,25565,53414,6237678,61480,583,0,0x0018
13972,2026-08-15T10:14:55.893761000-0500,91.026802000,192.168.0.148,192.168.0.178,53414,25565,61480,6238261,36,0,0x0018
13973,2026-08-15T10:14:55.894852000-0500,91.027893000,192.168.0.148,192.168.0.178,53414,25565,61516,6238261,3,0,0x0018
13974,2026-08-15T10:14:55.895501000-0500,91.028542000,192.168.0.178,192.168.0.148,25565,53414,6238261,61519,0,0,0x0010
13975,2026-08-15T10:14:55.927924000-0500,91.060965000,192.168.0.178,192.168.0.148,25565,53414,6238261,61519,603,0,0x0018
13976,2026-08-15T10:14:55.943469000-0500,91.076510000,192.168.0.148,192.168.0.178,53414,25565,61519,6238864,36,0,0x0018
13977,2026-08-15T10:14:55.944686000-0500,91.077727000,192.168.0.148,192.168.0.178,53414,25565,61555,6238864,3,0,0x0018
13978,2026-08-15T10:14:55.945388000-0500,91.078429000,192.168.0.178,192.168.0.148,25565,53414,6238864,61558,0,0,0x0010
13979,2026-08-15T10:14:55.976557000-0500,91.109598000,192.168.0.178,192.168.0.148,25565,53414,6238864,61558,182,0,0x0018
13980,2026-08-15T10:14:55.993803000-0500,91.126844000,192.168.0.148,192.168.0.178,53414,25565,61558,6239046,36,0,0x0018
13981,2026-08-15T10:14:55.994923000-0500,91.127964000,192.168.0.148,192.168.0.178,53414,25565,61594,6239046,3,0,0x0018
13982,2026-08-15T10:14:55.995513000-0500,91.128554000,192.168.0.178,192.168.0.148,25565,53414,6239046,61597,0,0,0x0010
13983,2026-08-15T10:14:56.026986000-0500,91.160027000,192.168.0.178,192.168.0.148,25565,53414,6239046,61597,323,0,0x0018
13984,2026-08-15T10:14:56.043400000-0500,91.176441000,192.168.0.148,192.168.0.178,53414,25565,61597,6239369,36,0,0x0018
13985,2026-08-15T10:14:56.044281000-0500,91.177322000,192.168.0.178,192.168.0.148,25565,53414,6239369,61633,46,0,0x0018
13986,2026-08-15T10:14:56.044562000-0500,91.177603000,192.168.0.148,192.168.0.178,53414,25565,61633,6239415,3,0,0x0018
13987,2026-08-15T10:14:56.076426000-0500,91.209467000,192.168.0.178,192.168.0.148,25565,53414,6239415,61636,371,0,0x0018
13988,2026-08-15T10:14:56.092713000-0500,91.225754000,192.168.0.148,192.168.0.178,53414,25565,61636,6239786,36,0,0x0018
13989,2026-08-15T10:14:56.093316000-0500,91.226357000,192.168.0.148,192.168.0.178,53414,25565,61672,6239786,3,0,0x0018
13990,2026-08-15T10:14:56.093850000-0500,91.226891000,192.168.0.178,192.168.0.148,25565,53414,6239786,61675,0,0,0x0010
13991,2026-08-15T10:14:56.129307000-0500,91.262348000,192.168.0.178,192.168.0.148,25565,53414,6239786,61675,1460,0,0x0010
13992,2026-08-15T10:14:56.129307000-0500,91.262348000,192.168.0.178,192.168.0.148,25565,53414,6241246,61675,36,0,0x0018
13993,2026-08-15T10:14:56.129354000-0500,91.262395000,192.168.0.148,192.168.0.178,53414,25565,61675,6241282,0,0,0x0010
13994,2026-08-15T10:14:56.131329000-0500,91.264370000,192.168.0.178,192.168.0.148,25565,53414,6241282,61675,12,0,0x0018
13995,2026-08-15T10:14:56.143696000-0500,91.276737000,192.168.0.148,192.168.0.178,53414,25565,61675,6241294,36,0,0x0018
13996,2026-08-15T10:14:56.144616000-0500,91.277657000,192.168.0.148,192.168.0.178,53414,25565,61711,6241294,3,0,0x0018
13997,2026-08-15T10:14:56.145079000-0500,91.278120000,192.168.0.178,192.168.0.148,25565,53414,6241294,61714,0,0,0x0010
13998,2026-08-15T10:14:56.178355000-0500,91.311396000,192.168.0.178,192.168.0.148,25565,53414,6241294,61714,1460,0,0x0010
13999,2026-08-15T10:14:56.178355000-0500,91.311396000,192.168.0.178,192.168.0.148,25565,53414,6242754,61714,460,0,0x0018
14000,2026-08-15T10:14:56.178396000-0500,91.311437000,192.168.0.148,192.168.0.178,53414,25565,61714,6243214,0,0,0x0010
14001,2026-08-15T10:14:56.193422000-0500,91.326463000,192.168.0.148,192.168.0.178,53414,25565,61714,6243214,36,0,0x0018
14002,2026-08-15T10:14:56.194681000-0500,91.327722000,192.168.0.148,192.168.0.178,53414,25565,61750,6243214,3,0,0x0018
14003,2026-08-15T10:14:56.195368000-0500,91.328409000,192.168.0.178,192.168.0.148,25565,53414,6243214,61753,0,0,0x0010
14004,2026-08-15T10:14:56.227327000-0500,91.360368000,192.168.0.178,192.168.0.148,25565,53414,6243214,61753,369,0,0x0018
14005,2026-08-15T10:14:56.243944000-0500,91.376985000,192.168.0.148,192.168.0.178,53414,25565,61753,6243583,36,0,0x0018
14006,2026-08-15T10:14:56.245087000-0500,91.378128000,192.168.0.148,192.168.0.178,53414,25565,61789,6243583,3,0,0x0018
14007,2026-08-15T10:14:56.245699000-0500,91.378740000,192.168.0.178,192.168.0.148,25565,53414,6243583,61792,0,0,0x0010
14008,2026-08-15T10:14:56.278597000-0500,91.411638000,192.168.0.178,192.168.0.148,25565,53414,6243583,61792,446,0,0x0018
14009,2026-08-15T10:14:56.293481000-0500,91.426522000,192.168.0.148,192.168.0.178,53414,25565,61792,6244029,36,0,0x0018
14010,2026-08-15T10:14:56.294614000-0500,91.427655000,192.168.0.148,192.168.0.178,53414,25565,61828,6244029,3,0,0x0018
14011,2026-08-15T10:14:56.295079000-0500,91.428120000,192.168.0.178,192.168.0.148,25565,53414,6244029,61831,0,0,0x0010
14012,2026-08-15T10:14:56.326423000-0500,91.459464000,192.168.0.178,192.168.0.148,25565,53414,6244029,61831,197,0,0x0018
14013,2026-08-15T10:14:56.342715000-0500,91.475756000,192.168.0.148,192.168.0.178,53414,25565,61831,6244226,36,0,0x0018
14014,2026-08-15T10:14:56.343424000-0500,91.476465000,192.168.0.148,192.168.0.178,53414,25565,61867,6244226,3,0,0x0018
14015,2026-08-15T10:14:56.343490000-0500,91.476531000,192.168.0.178,192.168.0.148,25565,53414,6244226,61867,46,0,0x0018
14016,2026-08-15T10:14:56.377009000-0500,91.510050000,192.168.0.178,192.168.0.148,25565,53414,6244272,61870,722,0,0x0018
14017,2026-08-15T10:14:56.377051000-0500,91.510092000,192.168.0.148,192.168.0.178,53414,25565,61870,6244994,0,0,0x0010
14018,2026-08-15T10:14:56.393014000-0500,91.526055000,192.168.0.148,192.168.0.178,53414,25565,61870,6244994,36,0,0x0018
14019,2026-08-15T10:14:56.394073000-0500,91.527114000,192.168.0.148,192.168.0.178,53414,25565,61906,6244994,3,0,0x0018
14020,2026-08-15T10:14:56.395535000-0500,91.528576000,192.168.0.178,192.168.0.148,25565,53414,6244994,61909,0,0,0x0010
14021,2026-08-15T10:14:56.427982000-0500,91.561023000,192.168.0.178,192.168.0.148,25565,53414,6244994,61909,531,0,0x0018
14022,2026-08-15T10:14:56.443337000-0500,91.576378000,192.168.0.148,192.168.0.178,53414,25565,61909,6245525,36,0,0x0018
14023,2026-08-15T10:14:56.444181000-0500,91.577222000,192.168.0.148,192.168.0.178,53414,25565,61945,6245525,3,0,0x0018
14024,2026-08-15T10:14:56.446206000-0500,91.579247000,192.168.0.178,192.168.0.148,25565,53414,6245525,61948,0,0,0x0010
14025,2026-08-15T10:14:56.477100000-0500,91.610141000,192.168.0.178,192.168.0.148,25565,53414,6245525,61948,300,0,0x0018
14026,2026-08-15T10:14:56.494133000-0500,91.627174000,192.168.0.148,192.168.0.178,53414,25565,61948,6245825,36,0,0x0018
14027,2026-08-15T10:14:56.495476000-0500,91.628517000,192.168.0.148,192.168.0.178,53414,25565,61984,6245825,3,0,0x0018
14028,2026-08-15T10:14:56.496089000-0500,91.629130000,192.168.0.178,192.168.0.148,25565,53414,6245825,61987,0,0,0x0010
14029,2026-08-15T10:14:56.526627000-0500,91.659668000,192.168.0.178,192.168.0.148,25565,53414,6245825,61987,371,0,0x0018
14030,2026-08-15T10:14:56.543360000-0500,91.676401000,192.168.0.148,192.168.0.178,53414,25565,61987,6246196,36,0,0x0018
14031,2026-08-15T10:14:56.544554000-0500,91.677595000,192.168.0.148,192.168.0.178,53414,25565,62023,6246196,3,0,0x0018
14032,2026-08-15T10:14:56.545244000-0500,91.678285000,192.168.0.178,192.168.0.148,25565,53414,6246196,62026,0,0,0x0010
14033,2026-08-15T10:14:56.579323000-0500,91.712364000,192.168.0.178,192.168.0.148,25565,53414,6246196,62026,913,0,0x0018
14034,2026-08-15T10:14:56.592909000-0500,91.725950000,192.168.0.148,192.168.0.178,53414,25565,62026,6247109,36,0,0x0018
14035,2026-08-15T10:14:56.593589000-0500,91.726630000,192.168.0.148,192.168.0.178,53414,25565,62062,6247109,3,0,0x0018
14036,2026-08-15T10:14:56.594090000-0500,91.727131000,192.168.0.178,192.168.0.148,25565,53414,6247109,62065,0,0,0x0010
14037,2026-08-15T10:14:56.627826000-0500,91.760867000,192.168.0.178,192.168.0.148,25565,53414,6247109,62065,688,0,0x0018
14038,2026-08-15T10:14:56.628070000-0500,91.761111000,192.168.0.148,192.168.0.178,53414,25565,62065,6247797,11,0,0x0018
14039,2026-08-15T10:14:56.643426000-0500,91.776467000,192.168.0.148,192.168.0.178,53414,25565,62076,6247797,36,0,0x0018
14040,2026-08-15T10:14:56.644331000-0500,91.777372000,192.168.0.148,192.168.0.178,53414,25565,62112,6247797,3,0,0x0018
14041,2026-08-15T10:14:56.644850000-0500,91.777891000,192.168.0.178,192.168.0.148,25565,53414,6247797,62115,0,0,0x0010
14042,2026-08-15T10:14:56.676778000-0500,91.809819000,192.168.0.178,192.168.0.148,25565,53414,6247797,62115,593,0,0x0018
14043,2026-08-15T10:14:56.693304000-0500,91.826345000,192.168.0.148,192.168.0.178,53414,25565,62115,6248390,36,0,0x0018
14044,2026-08-15T10:14:56.694621000-0500,91.827662000,192.168.0.148,192.168.0.178,53414,25565,62151,6248390,3,0,0x0018
14045,2026-08-15T10:14:56.695129000-0500,91.828170000,192.168.0.178,192.168.0.148,25565,53414,6248390,62154,0,0,0x0010
14046,2026-08-15T10:14:56.727718000-0500,91.860759000,192.168.0.178,192.168.0.148,25565,53414,6248390,62154,337,0,0x0018
14047,2026-08-15T10:14:56.743191000-0500,91.876232000,192.168.0.148,192.168.0.178,53414,25565,62154,6248727,28,0,0x0018
14048,2026-08-15T10:14:56.744526000-0500,91.877567000,192.168.0.148,192.168.0.178,53414,25565,62182,6248727,3,0,0x0018
14049,2026-08-15T10:14:56.745239000-0500,91.878280000,192.168.0.178,192.168.0.148,25565,53414,6248727,62185,0,0,0x0010
14050,2026-08-15T10:14:56.777190000-0500,91.910231000,192.168.0.178,192.168.0.148,25565,53414,6248727,62185,231,0,0x0018
14051,2026-08-15T10:14:56.793849000-0500,91.926890000,192.168.0.148,192.168.0.178,53414,25565,62185,6248958,36,0,0x0018
14052,2026-08-15T10:14:56.795082000-0500,91.928123000,192.168.0.148,192.168.0.178,53414,25565,62221,6248958,3,0,0x0018
14053,2026-08-15T10:14:56.795652000-0500,91.928693000,192.168.0.178,192.168.0.148,25565,53414,6248958,62224,0,0,0x0010
14054,2026-08-15T10:14:56.826243000-0500,91.959284000,192.168.0.178,192.168.0.148,25565,53414,6248958,62224,842,0,0x0018
14055,2026-08-15T10:14:56.843993000-0500,91.977034000,192.168.0.148,192.168.0.178,53414,25565,62224,6249800,4,0,0x0018
14056,2026-08-15T10:14:56.844035000-0500,91.977076000,192.168.0.148,192.168.0.178,53414,25565,62228,6249800,36,0,0x0018
14057,2026-08-15T10:14:56.844671000-0500,91.977712000,192.168.0.178,192.168.0.148,25565,53414,6249800,62264,0,0,0x0010
14058,2026-08-15T10:14:56.845239000-0500,91.978280000,192.168.0.148,192.168.0.178,53414,25565,62264,6249800,3,0,0x0018
14059,2026-08-15T10:14:56.876002000-0500,92.009043000,192.168.0.178,192.168.0.148,25565,53414,6249800,62267,678,0,0x0018
14060,2026-08-15T10:14:56.893587000-0500,92.026628000,192.168.0.148,192.168.0.178,53414,25565,62267,6250478,4,0,0x0018
14061,2026-08-15T10:14:56.893614000-0500,92.026655000,192.168.0.148,192.168.0.178,53414,25565,62271,6250478,36,0,0x0018
14062,2026-08-15T10:14:56.894174000-0500,92.027215000,192.168.0.178,192.168.0.148,25565,53414,6250478,62307,0,0,0x0010
14063,2026-08-15T10:14:56.894378000-0500,92.027419000,192.168.0.148,192.168.0.178,53414,25565,62307,6250478,3,0,0x0018
14064,2026-08-15T10:14:56.927338000-0500,92.060379000,192.168.0.178,192.168.0.148,25565,53414,6250478,62310,146,0,0x0018
14065,2026-08-15T10:14:56.943471000-0500,92.076512000,192.168.0.148,192.168.0.178,53414,25565,62310,6250624,36,0,0x0018
14066,2026-08-15T10:14:56.944721000-0500,92.077762000,192.168.0.148,192.168.0.178,53414,25565,62346,6250624,3,0,0x0018
14067,2026-08-15T10:14:56.945296000-0500,92.078337000,192.168.0.178,192.168.0.148,25565,53414,6250624,62349,0,0,0x0010
14068,2026-08-15T10:14:56.976665000-0500,92.109706000,192.168.0.178,192.168.0.148,25565,53414,6250624,62349,643,0,0x0018
14069,2026-08-15T10:14:56.978268000-0500,92.111309000,192.168.0.148,192.168.0.178,53414,25565,62349,6251267,36,0,0x0018
14070,2026-08-15T10:14:56.979442000-0500,92.112483000,192.168.0.148,192.168.0.178,53414,25565,62385,6251267,3,0,0x0018
14071,2026-08-15T10:14:56.980091000-0500,92.113132000,192.168.0.178,192.168.0.148,25565,53414,6251267,62388,0,0,0x0010
14072,2026-08-15T10:14:57.026184000-0500,92.159225000,192.168.0.178,192.168.0.148,25565,53414,6251267,62388,336,0,0x0018
14073,2026-08-15T10:14:57.042037000-0500,92.175078000,192.168.0.148,192.168.0.178,53414,25565,62388,6251603,36,0,0x0018
14074,2026-08-15T10:14:57.042650000-0500,92.175691000,192.168.0.148,192.168.0.178,53414,25565,62424,6251603,3,0,0x0018
14075,2026-08-15T10:14:57.043132000-0500,92.176173000,192.168.0.178,192.168.0.148,25565,53414,6251603,62427,0,0,0x0010
14076,2026-08-15T10:14:57.076596000-0500,92.209637000,192.168.0.178,192.168.0.148,25565,53414,6251603,62427,215,0,0x0018
14077,2026-08-15T10:14:57.093495000-0500,92.226536000,192.168.0.148,192.168.0.178,53414,25565,62427,6251818,36,0,0x0018
14078,2026-08-15T10:14:57.094753000-0500,92.227794000,192.168.0.148,192.168.0.178,53414,25565,62463,6251818,3,0,0x0018
14079,2026-08-15T10:14:57.095471000-0500,92.228512000,192.168.0.178,192.168.0.148,25565,53414,6251818,62466,0,0,0x0010
14080,2026-08-15T10:14:57.126794000-0500,92.259835000,192.168.0.178,192.168.0.148,25565,53414,6251818,62466,971,0,0x0018
14081,2026-08-15T10:14:57.142923000-0500,92.275964000,192.168.0.148,192.168.0.178,53414,25565,62466,6252789,36,0,0x0018
14082,2026-08-15T10:14:57.143833000-0500,92.276874000,192.168.0.148,192.168.0.178,53414,25565,62502,6252789,3,0,0x0018
14083,2026-08-15T10:14:57.144428000-0500,92.277469000,192.168.0.178,192.168.0.148,25565,53414,6252789,62505,0,0,0x0010
14084,2026-08-15T10:14:57.177842000-0500,92.310883000,192.168.0.178,192.168.0.148,25565,53414,6252789,62505,386,0,0x0018
14085,2026-08-15T10:14:57.193201000-0500,92.326242000,192.168.0.148,192.168.0.178,53414,25565,62505,6253175,28,0,0x0018
14086,2026-08-15T10:14:57.194584000-0500,92.327625000,192.168.0.178,192.168.0.148,25565,53414,6253175,62533,11,0,0x0018
14087,2026-08-15T10:14:57.194584000-0500,92.327625000,192.168.0.178,192.168.0.148,25565,53414,6253186,62533,11,0,0x0018
14088,2026-08-15T10:14:57.194598000-0500,92.327639000,192.168.0.148,192.168.0.178,53414,25565,62533,6253175,3,0,0x0018
14089,2026-08-15T10:14:57.194625000-0500,92.327666000,192.168.0.148,192.168.0.178,53414,25565,62536,6253197,0,0,0x0010
14090,2026-08-15T10:14:57.194666000-0500,92.327707000,192.168.0.178,192.168.0.148,25565,53414,6253197,62533,11,0,0x0018
14091,2026-08-15T10:14:57.194731000-0500,92.327772000,192.168.0.178,192.168.0.148,25565,53414,6253208,62533,11,0,0x0018
14092,2026-08-15T10:14:57.194743000-0500,92.327784000,192.168.0.148,192.168.0.178,53414,25565,62536,6253219,0,0,0x0010
14093,2026-08-15T10:14:57.194804000-0500,92.327845000,192.168.0.178,192.168.0.148,25565,53414,6253219,62533,11,0,0x0018
14094,2026-08-15T10:14:57.194804000-0500,92.327845000,192.168.0.178,192.168.0.148,25565,53414,6253230,62533,11,0,0x0018
14095,2026-08-15T10:14:57.194814000-0500,92.327855000,192.168.0.148,192.168.0.178,53414,25565,62536,6253241,0,0,0x0010
14096,2026-08-15T10:14:57.195232000-0500,92.328273000,192.168.0.178,192.168.0.148,25565,53414,6253241,62536,11,0,0x0018
14097,2026-08-15T10:14:57.195232000-0500,92.328273000,192.168.0.178,192.168.0.148,25565,53414,6253252,62536,11,0,0x0018
14098,2026-08-15T10:14:57.195247000-0500,92.328288000,192.168.0.148,192.168.0.178,53414,25565,62536,6253263,0,0,0x0010
14099,2026-08-15T10:14:57.195301000-0500,92.328342000,192.168.0.178,192.168.0.148,25565,53414,6253263,62536,11,0,0x0018
14100,2026-08-15T10:14:57.195301000-0500,92.328342000,192.168.0.178,192.168.0.148,25565,53414,6253274,62536,11,0,0x0018
14101,2026-08-15T10:14:57.195312000-0500,92.328353000,192.168.0.148,192.168.0.178,53414,25565,62536,6253285,0,0,0x0010
14102,2026-08-15T10:14:57.195356000-0500,92.328397000,192.168.0.178,192.168.0.148,25565,53414,6253285,62536,11,0,0x0018
14103,2026-08-15T10:14:57.195444000-0500,92.328485000,192.168.0.178,192.168.0.148,25565,53414,6253296,62536,11,0,0x0018
14104,2026-08-15T10:14:57.195452000-0500,92.328493000,192.168.0.148,192.168.0.178,53414,25565,62536,6253307,0,0,0x0010
14105,2026-08-15T10:14:57.195953000-0500,92.328994000,192.168.0.178,192.168.0.148,25565,53414,6253307,62536,11,0,0x0018
14106,2026-08-15T10:14:57.196017000-0500,92.329058000,192.168.0.178,192.168.0.148,25565,53414,6253318,62536,11,0,0x0018
14107,2026-08-15T10:14:57.196017000-0500,92.329058000,192.168.0.178,192.168.0.148,25565,53414,6253329,62536,13,0,0x0018
14108,2026-08-15T10:14:57.196024000-0500,92.329065000,192.168.0.148,192.168.0.178,53414,25565,62536,6253342,0,0,0x0010
14109,2026-08-15T10:14:57.226962000-0500,92.360003000,192.168.0.178,192.168.0.148,25565,53414,6253342,62536,344,0,0x0018
14110,2026-08-15T10:14:57.227004000-0500,92.360045000,192.168.0.148,192.168.0.178,53414,25565,62536,6253686,0,0,0x0010
14111,2026-08-15T10:14:57.243380000-0500,92.376421000,192.168.0.148,192.168.0.178,53414,25565,62536,6253686,28,0,0x0018
14112,2026-08-15T10:14:57.244659000-0500,92.377700000,192.168.0.148,192.168.0.178,53414,25565,62564,6253686,3,0,0x0018
14113,2026-08-15T10:14:57.245567000-0500,92.378608000,192.168.0.178,192.168.0.148,25565,53414,6253686,62567,0,0,0x0010
14114,2026-08-15T10:14:57.276258000-0500,92.409299000,192.168.0.178,192.168.0.148,25565,53414,6253686,62567,500,0,0x0018
14115,2026-08-15T10:14:57.293476000-0500,92.426517000,192.168.0.148,192.168.0.178,53414,25565,62567,6254186,28,0,0x0018
14116,2026-08-15T10:14:57.294798000-0500,92.427839000,192.168.0.148,192.168.0.178,53414,25565,62595,6254186,3,0,0x0018
14117,2026-08-15T10:14:57.295389000-0500,92.428430000,192.168.0.178,192.168.0.148,25565,53414,6254186,62598,0,0,0x0010
14118,2026-08-15T10:14:57.325954000-0500,92.458995000,192.168.0.178,192.168.0.148,25565,53414,6254186,62598,416,0,0x0018
14119,2026-08-15T10:14:57.343143000-0500,92.476184000,192.168.0.148,192.168.0.178,53414,25565,62598,6254602,28,0,0x0018
14120,2026-08-15T10:14:57.344584000-0500,92.477625000,192.168.0.148,192.168.0.178,53414,25565,62626,6254602,3,0,0x0018
14121,2026-08-15T10:14:57.345167000-0500,92.478208000,192.168.0.178,192.168.0.148,25565,53414,6254602,62629,0,0,0x0010
14122,2026-08-15T10:14:57.375832000-0500,92.508873000,192.168.0.178,192.168.0.148,25565,53414,6254602,62629,590,0,0x0018
14123,2026-08-15T10:14:57.392558000-0500,92.525599000,192.168.0.148,192.168.0.178,53414,25565,62629,6255192,28,0,0x0018
14124,2026-08-15T10:14:57.393156000-0500,92.526197000,192.168.0.148,192.168.0.178,53414,25565,62657,6255192,3,0,0x0018
14125,2026-08-15T10:14:57.393726000-0500,92.526767000,192.168.0.178,192.168.0.148,25565,53414,6255192,62660,0,0,0x0010
14126,2026-08-15T10:14:57.426604000-0500,92.559645000,192.168.0.178,192.168.0.148,25565,53414,6255192,62660,463,0,0x0018
14127,2026-08-15T10:14:57.443417000-0500,92.576458000,192.168.0.148,192.168.0.178,53414,25565,62660,6255655,28,0,0x0018
14128,2026-08-15T10:14:57.444799000-0500,92.577840000,192.168.0.148,192.168.0.178,53414,25565,62688,6255655,3,0,0x0018
14129,2026-08-15T10:14:57.445370000-0500,92.578411000,192.168.0.178,192.168.0.148,25565,53414,6255655,62691,0,0,0x0010
14130,2026-08-15T10:14:57.475855000-0500,92.608896000,192.168.0.178,192.168.0.148,25565,53414,6255655,62691,393,0,0x0018
14131,2026-08-15T10:14:57.493367000-0500,92.626408000,192.168.0.148,192.168.0.178,53414,25565,62691,6256048,28,0,0x0018
14132,2026-08-15T10:14:57.494991000-0500,92.628032000,192.168.0.148,192.168.0.178,53414,25565,62719,6256048,3,0,0x0018
14133,2026-08-15T10:14:57.495609000-0500,92.628650000,192.168.0.178,192.168.0.148,25565,53414,6256048,62722,0,0,0x0010
14134,2026-08-15T10:14:57.526373000-0500,92.659414000,192.168.0.178,192.168.0.148,25565,53414,6256048,62722,400,0,0x0018
14135,2026-08-15T10:14:57.543079000-0500,92.676120000,192.168.0.148,192.168.0.178,53414,25565,62722,6256448,28,0,0x0018
14136,2026-08-15T10:14:57.544435000-0500,92.677476000,192.168.0.148,192.168.0.178,53414,25565,62750,6256448,3,0,0x0018
14137,2026-08-15T10:14:57.544967000-0500,92.678008000,192.168.0.178,192.168.0.148,25565,53414,6256448,62753,0,0,0x0010
14138,2026-08-15T10:14:57.577112000-0500,92.710153000,192.168.0.178,192.168.0.148,25565,53414,6256448,62753,453,0,0x0018
14139,2026-08-15T10:14:57.593485000-0500,92.726526000,192.168.0.148,192.168.0.178,53414,25565,62753,6256901,28,0,0x0018
14140,2026-08-15T10:14:57.594867000-0500,92.727908000,192.168.0.148,192.168.0.178,53414,25565,62781,6256901,3,0,0x0018
14141,2026-08-15T10:14:57.595594000-0500,92.728635000,192.168.0.178,192.168.0.148,25565,53414,6256901,62784,0,0,0x0010
14142,2026-08-15T10:14:57.627387000-0500,92.760428000,192.168.0.178,192.168.0.148,25565,53414,6256901,62784,998,0,0x0018
14143,2026-08-15T10:14:57.642263000-0500,92.775304000,192.168.0.148,192.168.0.178,53414,25565,62784,6257899,28,0,0x0018
14144,2026-08-15T10:14:57.642833000-0500,92.775874000,192.168.0.148,192.168.0.178,53414,25565,62812,6257899,3,0,0x0018
14145,2026-08-15T10:14:57.643291000-0500,92.776332000,192.168.0.178,192.168.0.148,25565,53414,6257899,62815,0,0,0x0010
14146,2026-08-15T10:14:57.678609000-0500,92.811650000,192.168.0.178,192.168.0.148,25565,53414,6257899,62815,1460,0,0x0010
14147,2026-08-15T10:14:57.678609000-0500,92.811650000,192.168.0.178,192.168.0.148,25565,53414,6259359,62815,434,0,0x0018
14148,2026-08-15T10:14:57.678660000-0500,92.811701000,192.168.0.148,192.168.0.178,53414,25565,62815,6259793,0,0,0x0010
14149,2026-08-15T10:14:57.679011000-0500,92.812052000,192.168.0.148,192.168.0.178,53414,25565,62815,6259793,11,0,0x0018
14150,2026-08-15T10:14:57.693495000-0500,92.826536000,192.168.0.148,192.168.0.178,53414,25565,62826,6259793,28,0,0x0018
14151,2026-08-15T10:14:57.694280000-0500,92.827321000,192.168.0.178,192.168.0.148,25565,53414,6259793,62854,0,0,0x0010
14152,2026-08-15T10:14:57.694743000-0500,92.827784000,192.168.0.148,192.168.0.178,53414,25565,62854,6259793,3,0,0x0018
14153,2026-08-15T10:14:57.730389000-0500,92.863430000,192.168.0.178,192.168.0.148,25565,53414,6259793,62857,1460,0,0x0010
14154,2026-08-15T10:14:57.730477000-0500,92.863518000,192.168.0.178,192.168.0.148,25565,53414,6261253,62857,1460,0,0x0010
14155,2026-08-15T10:14:57.730495000-0500,92.863536000,192.168.0.148,192.168.0.178,53414,25565,62857,6262713,0,0,0x0010
14156,2026-08-15T10:14:57.730625000-0500,92.863666000,192.168.0.178,192.168.0.148,25565,53414,6262713,62857,1460,0,0x0010
14157,2026-08-15T10:14:57.730755000-0500,92.863796000,192.168.0.178,192.168.0.148,25565,53414,6264173,62857,1460,0,0x0010
14158,2026-08-15T10:14:57.730764000-0500,92.863805000,192.168.0.148,192.168.0.178,53414,25565,62857,6265633,0,0,0x0010
14159,2026-08-15T10:14:57.730906000-0500,92.863947000,192.168.0.178,192.168.0.148,25565,53414,6265633,62857,1460,0,0x0010
14160,2026-08-15T10:14:57.730980000-0500,92.864021000,192.168.0.178,192.168.0.148,25565,53414,6267093,62857,1460,0,0x0010
14161,2026-08-15T10:14:57.730992000-0500,92.864033000,192.168.0.148,192.168.0.178,53414,25565,62857,6268553,0,0,0x0010
14162,2026-08-15T10:14:57.731119000-0500,92.864160000,192.168.0.178,192.168.0.148,25565,53414,6268553,62857,1460,0,0x0010
14163,2026-08-15T10:14:57.731249000-0500,92.864290000,192.168.0.178,192.168.0.148,25565,53414,6270013,62857,1460,0,0x0010
14164,2026-08-15T10:14:57.731263000-0500,92.864304000,192.168.0.148,192.168.0.178,53414,25565,62857,6271473,0,0,0x0010
14165,2026-08-15T10:14:57.731379000-0500,92.864420000,192.168.0.178,192.168.0.148,25565,53414,6271473,62857,1460,0,0x0018
14166,2026-08-15T10:14:57.731455000-0500,92.864496000,192.168.0.178,192.168.0.148,25565,53414,6272933,62857,1460,0,0x0010
14167,2026-08-15T10:14:57.731469000-0500,92.864510000,192.168.0.148,192.168.0.178,53414,25565,62857,6274393,0,0,0x0010
14168,2026-08-15T10:14:57.731597000-0500,92.864638000,192.168.0.178,192.168.0.148,25565,53414,6274393,62857,1460,0,0x0010
14169,2026-08-15T10:14:57.731741000-0500,92.864782000,192.168.0.178,192.168.0.148,25565,53414,6275853,62857,1460,0,0x0010
14170,2026-08-15T10:14:57.731755000-0500,92.864796000,192.168.0.148,192.168.0.178,53414,25565,62857,6277313,0,0,0x0010
14171,2026-08-15T10:14:57.731815000-0500,92.864856000,192.168.0.178,192.168.0.148,25565,53414,6277313,62857,984,0,0x0018
14172,2026-08-15T10:14:57.742598000-0500,92.875639000,192.168.0.148,192.168.0.178,53414,25565,62857,6278297,28,0,0x0018
14173,2026-08-15T10:14:57.743297000-0500,92.876338000,192.168.0.148,192.168.0.178,53414,25565,62885,6278297,3,0,0x0018
14174,2026-08-15T10:14:57.743932000-0500,92.876973000,192.168.0.178,192.168.0.148,25565,53414,6278297,62888,0,0,0x0010
14175,2026-08-15T10:14:57.777430000-0500,92.910471000,192.168.0.178,192.168.0.148,25565,53414,6278297,62888,1460,0,0x0010
14176,2026-08-15T10:14:57.777560000-0500,92.910601000,192.168.0.178,192.168.0.148,25565,53414,6279757,62888,1460,0,0x0010
14177,2026-08-15T10:14:57.777574000-0500,92.910615000,192.168.0.148,192.168.0.178,53414,25565,62888,6281217,0,0,0x0010
14178,2026-08-15T10:14:57.777635000-0500,92.910676000,192.168.0.178,192.168.0.148,25565,53414,6281217,62888,1460,0,0x0010
14179,2026-08-15T10:14:57.777762000-0500,92.910803000,192.168.0.178,192.168.0.148,25565,53414,6282677,62888,1460,0,0x0010
14180,2026-08-15T10:14:57.777769000-0500,92.910810000,192.168.0.148,192.168.0.178,53414,25565,62888,6284137,0,0,0x0010
14181,2026-08-15T10:14:57.777890000-0500,92.910931000,192.168.0.178,192.168.0.148,25565,53414,6284137,62888,1460,0,0x0010
14182,2026-08-15T10:14:57.778042000-0500,92.911083000,192.168.0.178,192.168.0.148,25565,53414,6285597,62888,1460,0,0x0010
14183,2026-08-15T10:14:57.778053000-0500,92.911094000,192.168.0.148,192.168.0.178,53414,25565,62888,6287057,0,0,0x0010
14184,2026-08-15T10:14:57.778098000-0500,92.911139000,192.168.0.178,192.168.0.148,25565,53414,6287057,62888,684,0,0x0018
14185,2026-08-15T10:14:57.793649000-0500,92.926690000,192.168.0.148,192.168.0.178,53414,25565,62888,6287741,28,0,0x0018
14186,2026-08-15T10:14:57.794799000-0500,92.927840000,192.168.0.148,192.168.0.178,53414,25565,62916,6287741,3,0,0x0018
14187,2026-08-15T10:14:57.799908000-0500,92.932949000,192.168.0.178,192.168.0.148,25565,53414,6287741,62919,0,0,0x0010
14188,2026-08-15T10:14:57.826479000-0500,92.959520000,192.168.0.178,192.168.0.148,25565,53414,6287741,62919,468,0,0x0018
14189,2026-08-15T10:14:57.843453000-0500,92.976494000,192.168.0.148,192.168.0.178,53414,25565,62919,6288209,28,0,0x0018
14190,2026-08-15T10:14:57.844735000-0500,92.977776000,192.168.0.148,192.168.0.178,53414,25565,62947,6288209,3,0,0x0018
14191,2026-08-15T10:14:57.845425000-0500,92.978466000,192.168.0.178,192.168.0.148,25565,53414,6288209,62950,0,0,0x0010
14192,2026-08-15T10:14:57.877313000-0500,93.010354000,192.168.0.178,192.168.0.148,25565,53414,6288209,62950,819,0,0x0018
14193,2026-08-15T10:14:57.893319000-0500,93.026360000,192.168.0.148,192.168.0.178,53414,25565,62950,6289028,36,0,0x0018
14194,2026-08-15T10:14:57.894512000-0500,93.027553000,192.168.0.148,192.168.0.178,53414,25565,62986,6289028,3,0,0x0018
14195,2026-08-15T10:14:57.895075000-0500,93.028116000,192.168.0.178,192.168.0.148,25565,53414,6289028,62989,0,0,0x0010
14196,2026-08-15T10:14:57.926958000-0500,93.059999000,192.168.0.178,192.168.0.148,25565,53414,6289028,62989,376,0,0x0018
14197,2026-08-15T10:14:57.942178000-0500,93.075219000,192.168.0.148,192.168.0.178,53414,25565,62989,6289404,36,0,0x0018
14198,2026-08-15T10:14:57.942832000-0500,93.075873000,192.168.0.148,192.168.0.178,53414,25565,63025,6289404,3,0,0x0018
14199,2026-08-15T10:14:57.944964000-0500,93.078005000,192.168.0.178,192.168.0.148,25565,53414,6289404,63028,0,0,0x0010
14200,2026-08-15T10:14:57.977251000-0500,93.110292000,192.168.0.178,192.168.0.148,25565,53414,6289404,63028,106,0,0x0018
14201,2026-08-15T10:14:57.993201000-0500,93.126242000,192.168.0.148,192.168.0.178,53414,25565,63028,6289510,4,0,0x0018
14202,2026-08-15T10:14:57.993234000-0500,93.126275000,192.168.0.148,192.168.0.178,53414,25565,63032,6289510,36,0,0x0018
14203,2026-08-15T10:14:57.994210000-0500,93.127251000,192.168.0.148,192.168.0.178,53414,25565,63068,6289510,3,0,0x0018
14204,2026-08-15T10:14:57.994405000-0500,93.127446000,192.168.0.178,192.168.0.148,25565,53414,6289510,63068,0,0,0x0010
14205,2026-08-15T10:14:58.025987000-0500,93.159028000,192.168.0.178,192.168.0.148,25565,53414,6289510,63071,402,0,0x0018
14206,2026-08-15T10:14:58.042790000-0500,93.175831000,192.168.0.148,192.168.0.178,53414,25565,63071,6289912,36,0,0x0018
14207,2026-08-15T10:14:58.043581000-0500,93.176622000,192.168.0.148,192.168.0.178,53414,25565,63107,6289912,3,0,0x0018
14208,2026-08-15T10:14:58.044115000-0500,93.177156000,192.168.0.178,192.168.0.148,25565,53414,6289912,63110,0,0,0x0010
14209,2026-08-15T10:14:58.076281000-0500,93.209322000,192.168.0.178,192.168.0.148,25565,53414,6289912,63110,725,0,0x0018
14210,2026-08-15T10:14:58.093364000-0500,93.226405000,192.168.0.148,192.168.0.178,53414,25565,63110,6290637,36,0,0x0018
14211,2026-08-15T10:14:58.094378000-0500,93.227419000,192.168.0.148,192.168.0.178,53414,25565,63146,6290637,3,0,0x0018
14212,2026-08-15T10:14:58.094943000-0500,93.227984000,192.168.0.178,192.168.0.148,25565,53414,6290637,63149,0,0,0x0010
14213,2026-08-15T10:14:58.126630000-0500,93.259671000,192.168.0.178,192.168.0.148,25565,53414,6290637,63149,593,0,0x0018
14214,2026-08-15T10:14:58.143567000-0500,93.276608000,192.168.0.148,192.168.0.178,53414,25565,63149,6291230,36,0,0x0018
14215,2026-08-15T10:14:58.144885000-0500,93.277926000,192.168.0.148,192.168.0.178,53414,25565,63185,6291230,3,0,0x0018
14216,2026-08-15T10:14:58.145489000-0500,93.278530000,192.168.0.178,192.168.0.148,25565,53414,6291230,63188,0,0,0x0010
14217,2026-08-15T10:14:58.176067000-0500,93.309108000,192.168.0.178,192.168.0.148,25565,53414,6291230,63188,392,0,0x0018
14218,2026-08-15T10:14:58.193257000-0500,93.326298000,192.168.0.148,192.168.0.178,53414,25565,63188,6291622,36,0,0x0018
14219,2026-08-15T10:14:58.194477000-0500,93.327518000,192.168.0.148,192.168.0.178,53414,25565,63224,6291622,3,0,0x0018
14220,2026-08-15T10:14:58.195187000-0500,93.328228000,192.168.0.178,192.168.0.148,25565,53414,6291622,63227,0,0,0x0010
14221,2026-08-15T10:14:58.226888000-0500,93.359929000,192.168.0.178,192.168.0.148,25565,53414,6291622,63227,816,0,0x0018
14222,2026-08-15T10:14:58.242052000-0500,93.375093000,192.168.0.148,192.168.0.178,53414,25565,63227,6292438,36,0,0x0018
14223,2026-08-15T10:14:58.242671000-0500,93.375712000,192.168.0.148,192.168.0.178,53414,25565,63263,6292438,3,0,0x0018
14224,2026-08-15T10:14:58.243221000-0500,93.376262000,192.168.0.178,192.168.0.148,25565,53414,6292438,63266,0,0,0x0010
14225,2026-08-15T10:14:58.276140000-0500,93.409181000,192.168.0.178,192.168.0.148,25565,53414,6292438,63266,193,0,0x0018
14226,2026-08-15T10:14:58.292876000-0500,93.425917000,192.168.0.148,192.168.0.178,53414,25565,63266,6292631,36,0,0x0018
14227,2026-08-15T10:14:58.293744000-0500,93.426785000,192.168.0.148,192.168.0.178,53414,25565,63302,6292631,3,0,0x0018
14228,2026-08-15T10:14:58.294286000-0500,93.427327000,192.168.0.178,192.168.0.148,25565,53414,6292631,63305,0,0,0x0010
14229,2026-08-15T10:14:58.325575000-0500,93.458616000,192.168.0.178,192.168.0.148,25565,53414,6292631,63305,527,0,0x0018
14230,2026-08-15T10:14:58.342907000-0500,93.475948000,192.168.0.148,192.168.0.178,53414,25565,63305,6293158,4,0,0x0018
14231,2026-08-15T10:14:58.342944000-0500,93.475985000,192.168.0.148,192.168.0.178,53414,25565,63309,6293158,36,0,0x0018
14232,2026-08-15T10:14:58.343612000-0500,93.476653000,192.168.0.178,192.168.0.148,25565,53414,6293158,63345,0,0,0x0010
14233,2026-08-15T10:14:58.343981000-0500,93.477022000,192.168.0.148,192.168.0.178,53414,25565,63345,6293158,3,0,0x0018
14234,2026-08-15T10:14:58.344063000-0500,93.477104000,192.168.0.178,192.168.0.148,25565,53414,6293158,63345,13,0,0x0018
14235,2026-08-15T10:14:58.375917000-0500,93.508958000,192.168.0.178,192.168.0.148,25565,53414,6293171,63348,546,0,0x0018
14236,2026-08-15T10:14:58.375971000-0500,93.509012000,192.168.0.148,192.168.0.178,53414,25565,63348,6293717,0,0,0x0010
14237,2026-08-15T10:14:58.393787000-0500,93.526828000,192.168.0.148,192.168.0.178,53414,25565,63348,6293717,36,0,0x0018
14238,2026-08-15T10:14:58.395073000-0500,93.528114000,192.168.0.148,192.168.0.178,53414,25565,63384,6293717,3,0,0x0018
14239,2026-08-15T10:14:58.395677000-0500,93.528718000,192.168.0.178,192.168.0.148,25565,53414,6293717,63387,0,0,0x0010
14240,2026-08-15T10:14:58.428205000-0500,93.561246000,192.168.0.178,192.168.0.148,25565,53414,6293717,63387,612,0,0x0018
14241,2026-08-15T10:14:58.443560000-0500,93.576601000,192.168.0.148,192.168.0.178,53414,25565,63387,6294329,36,0,0x0018
14242,2026-08-15T10:14:58.444821000-0500,93.577862000,192.168.0.148,192.168.0.178,53414,25565,63423,6294329,3,0,0x0018
14243,2026-08-15T10:14:58.446816000-0500,93.579857000,192.168.0.178,192.168.0.148,25565,53414,6294329,63426,0,0,0x0010
14244,2026-08-15T10:14:58.476168000-0500,93.609209000,192.168.0.178,192.168.0.148,25565,53414,6294329,63426,373,0,0x0018
14245,2026-08-15T10:14:58.493533000-0500,93.626574000,192.168.0.148,192.168.0.178,53414,25565,63426,6294702,28,0,0x0018
14246,2026-08-15T10:14:58.494904000-0500,93.627945000,192.168.0.148,192.168.0.178,53414,25565,63454,6294702,3,0,0x0018
14247,2026-08-15T10:14:58.495563000-0500,93.628604000,192.168.0.178,192.168.0.148,25565,53414,6294702,63457,0,0,0x0010
14248,2026-08-15T10:14:58.526828000-0500,93.659869000,192.168.0.178,192.168.0.148,25565,53414,6294702,63457,521,0,0x0018
14249,2026-08-15T10:14:58.543253000-0500,93.676294000,192.168.0.148,192.168.0.178,53414,25565,63457,6295223,4,0,0x0018
14250,2026-08-15T10:14:58.543291000-0500,93.676332000,192.168.0.148,192.168.0.178,53414,25565,63461,6295223,28,0,0x0018
14251,2026-08-15T10:14:58.543765000-0500,93.676806000,192.168.0.178,192.168.0.148,25565,53414,6295223,63489,0,0,0x0010
14252,2026-08-15T10:14:58.544576000-0500,93.677617000,192.168.0.148,192.168.0.178,53414,25565,63489,6295223,3,0,0x0018
14253,2026-08-15T10:14:58.575817000-0500,93.708858000,192.168.0.178,192.168.0.148,25565,53414,6295223,63492,330,0,0x0018
14254,2026-08-15T10:14:58.592860000-0500,93.725901000,192.168.0.148,192.168.0.178,53414,25565,63492,6295553,36,0,0x0018
14255,2026-08-15T10:14:58.593601000-0500,93.726642000,192.168.0.148,192.168.0.178,53414,25565,63528,6295553,3,0,0x0018
14256,2026-08-15T10:14:58.594184000-0500,93.727225000,192.168.0.178,192.168.0.148,25565,53414,6295553,63531,0,0,0x0010
14257,2026-08-15T10:14:58.628277000-0500,93.761318000,192.168.0.178,192.168.0.148,25565,53414,6295553,63531,716,0,0x0018
14258,2026-08-15T10:14:58.643372000-0500,93.776413000,192.168.0.148,192.168.0.178,53414,25565,63531,6296269,28,0,0x0018
14259,2026-08-15T10:14:58.644458000-0500,93.777499000,192.168.0.148,192.168.0.178,53414,25565,63559,6296269,3,0,0x0018
14260,2026-08-15T10:14:58.645128000-0500,93.778169000,192.168.0.178,192.168.0.148,25565,53414,6296269,63562,0,0,0x0010
14261,2026-08-15T10:14:58.677714000-0500,93.810755000,192.168.0.178,192.168.0.148,25565,53414,6296269,63562,418,0,0x0018
14262,2026-08-15T10:14:58.693266000-0500,93.826307000,192.168.0.148,192.168.0.178,53414,25565,63562,6296687,28,0,0x0018
14263,2026-08-15T10:14:58.694661000-0500,93.827702000,192.168.0.148,192.168.0.178,53414,25565,63590,6296687,3,0,0x0018
14264,2026-08-15T10:14:58.695130000-0500,93.828171000,192.168.0.178,192.168.0.148,25565,53414,6296687,63593,0,0,0x0010
14265,2026-08-15T10:14:58.728461000-0500,93.861502000,192.168.0.178,192.168.0.148,25565,53414,6296687,63593,976,0,0x0018
14266,2026-08-15T10:14:58.729014000-0500,93.862055000,192.168.0.148,192.168.0.178,53414,25565,63593,6297663,11,0,0x0018
14267,2026-08-15T10:14:58.743574000-0500,93.876615000,192.168.0.148,192.168.0.178,53414,25565,63604,6297663,28,0,0x0018
14268,2026-08-15T10:14:58.744332000-0500,93.877373000,192.168.0.178,192.168.0.148,25565,53414,6297663,63632,0,0,0x0010
14269,2026-08-15T10:14:58.745022000-0500,93.878063000,192.168.0.148,192.168.0.178,53414,25565,63632,6297663,3,0,0x0018
14270,2026-08-15T10:14:58.776880000-0500,93.909921000,192.168.0.178,192.168.0.148,25565,53414,6297663,63635,378,0,0x0018
14271,2026-08-15T10:14:58.793706000-0500,93.926747000,192.168.0.148,192.168.0.178,53414,25565,63635,6298041,28,0,0x0018
14272,2026-08-15T10:14:58.795080000-0500,93.928121000,192.168.0.148,192.168.0.178,53414,25565,63663,6298041,3,0,0x0018
14273,2026-08-15T10:14:58.795733000-0500,93.928774000,192.168.0.178,192.168.0.148,25565,53414,6298041,63666,0,0,0x0010
14274,2026-08-15T10:14:58.826488000-0500,93.959529000,192.168.0.178,192.168.0.148,25565,53414,6298041,63666,418,0,0x0018
14275,2026-08-15T10:14:58.842759000-0500,93.975800000,192.168.0.148,192.168.0.178,53414,25565,63666,6298459,28,0,0x0018
14276,2026-08-15T10:14:58.843860000-0500,93.976901000,192.168.0.148,192.168.0.178,53414,25565,63694,6298459,3,0,0x0018
14277,2026-08-15T10:14:58.844434000-0500,93.977475000,192.168.0.178,192.168.0.148,25565,53414,6298459,63697,0,0,0x0010
14278,2026-08-15T10:14:58.877439000-0500,94.010480000,192.168.0.178,192.168.0.148,25565,53414,6298459,63697,607,0,0x0018
14279,2026-08-15T10:14:58.893531000-0500,94.026572000,192.168.0.148,192.168.0.178,53414,25565,63697,6299066,28,0,0x0018
14280,2026-08-15T10:14:58.894740000-0500,94.027781000,192.168.0.148,192.168.0.178,53414,25565,63725,6299066,3,0,0x0018
14281,2026-08-15T10:14:58.895380000-0500,94.028421000,192.168.0.178,192.168.0.148,25565,53414,6299066,63728,0,0,0x0010
14282,2026-08-15T10:14:58.926455000-0500,94.059496000,192.168.0.178,192.168.0.148,25565,53414,6299066,63728,379,0,0x0018
14283,2026-08-15T10:14:58.943730000-0500,94.076771000,192.168.0.148,192.168.0.178,53414,25565,63728,6299445,4,0,0x0018
14284,2026-08-15T10:14:58.943761000-0500,94.076802000,192.168.0.148,192.168.0.178,53414,25565,63732,6299445,28,0,0x0018
14285,2026-08-15T10:14:58.945010000-0500,94.078051000,192.168.0.148,192.168.0.178,53414,25565,63760,6299445,3,0,0x0018
14286,2026-08-15T10:14:58.948207000-0500,94.081248000,192.168.0.178,192.168.0.148,25565,53414,6299445,63763,0,0,0x0010
14287,2026-08-15T10:14:58.976000000-0500,94.109041000,192.168.0.178,192.168.0.148,25565,53414,6299445,63763,496,0,0x0018
14288,2026-08-15T10:14:58.993496000-0500,94.126537000,192.168.0.148,192.168.0.178,53414,25565,63763,6299941,28,0,0x0018
14289,2026-08-15T10:14:58.995235000-0500,94.128276000,192.168.0.148,192.168.0.178,53414,25565,63791,6299941,3,0,0x0018
14290,2026-08-15T10:14:58.995702000-0500,94.128743000,192.168.0.178,192.168.0.148,25565,53414,6299941,63794,0,0,0x0010
14291,2026-08-15T10:14:59.027830000-0500,94.160871000,192.168.0.178,192.168.0.148,25565,53414,6299941,63794,191,0,0x0018
14292,2026-08-15T10:14:59.043247000-0500,94.176288000,192.168.0.148,192.168.0.178,53414,25565,63794,6300132,36,0,0x0018
14293,2026-08-15T10:14:59.044604000-0500,94.177645000,192.168.0.148,192.168.0.178,53414,25565,63830,6300132,3,0,0x0018
14294,2026-08-15T10:14:59.045127000-0500,94.178168000,192.168.0.178,192.168.0.148,25565,53414,6300132,63833,0,0,0x0010
14295,2026-08-15T10:14:59.078106000-0500,94.211147000,192.168.0.178,192.168.0.148,25565,53414,6300132,63833,357,0,0x0018
14296,2026-08-15T10:14:59.092650000-0500,94.225691000,192.168.0.148,192.168.0.178,53414,25565,63833,6300489,28,0,0x0018
14297,2026-08-15T10:14:59.093306000-0500,94.226347000,192.168.0.148,192.168.0.178,53414,25565,63861,6300489,3,0,0x0018
14298,2026-08-15T10:14:59.093857000-0500,94.226898000,192.168.0.178,192.168.0.148,25565,53414,6300489,63864,0,0,0x0010
14299,2026-08-15T10:14:59.128271000-0500,94.261312000,192.168.0.178,192.168.0.148,25565,53414,6300489,63864,880,0,0x0018
14300,2026-08-15T10:14:59.143477000-0500,94.276518000,192.168.0.148,192.168.0.178,53414,25565,63864,6301369,36,0,0x0018
14301,2026-08-15T10:14:59.144855000-0500,94.277896000,192.168.0.148,192.168.0.178,53414,25565,63900,6301369,3,0,0x0018
14302,2026-08-15T10:14:59.145417000-0500,94.278458000,192.168.0.178,192.168.0.148,25565,53414,6301369,63903,0,0,0x0010
14303,2026-08-15T10:14:59.178476000-0500,94.311517000,192.168.0.178,192.168.0.148,25565,53414,6301369,63903,1460,0,0x0010
14304,2026-08-15T10:14:59.178476000-0500,94.311517000,192.168.0.178,192.168.0.148,25565,53414,6302829,63903,56,0,0x0018
14305,2026-08-15T10:14:59.178545000-0500,94.311586000,192.168.0.148,192.168.0.178,53414,25565,63903,6302885,0,0,0x0010
14306,2026-08-15T10:14:59.193833000-0500,94.326874000,192.168.0.148,192.168.0.178,53414,25565,63903,6302885,36,0,0x0018
14307,2026-08-15T10:14:59.195057000-0500,94.328098000,192.168.0.148,192.168.0.178,53414,25565,63939,6302885,3,0,0x0018
14308,2026-08-15T10:14:59.195718000-0500,94.328759000,192.168.0.178,192.168.0.148,25565,53414,6302885,63942,0,0,0x0010
14309,2026-08-15T10:14:59.228802000-0500,94.361843000,192.168.0.178,192.168.0.148,25565,53414,6302885,63942,476,0,0x0018
14310,2026-08-15T10:14:59.243602000-0500,94.376643000,192.168.0.148,192.168.0.178,53414,25565,63942,6303361,36,0,0x0018
14311,2026-08-15T10:14:59.244958000-0500,94.377999000,192.168.0.148,192.168.0.178,53414,25565,63978,6303361,3,0,0x0018
14312,2026-08-15T10:14:59.245472000-0500,94.378513000,192.168.0.178,192.168.0.148,25565,53414,6303361,63981,0,0,0x0010
14313,2026-08-15T10:14:59.278147000-0500,94.411188000,192.168.0.178,192.168.0.148,25565,53414,6303361,63981,464,0,0x0018
14314,2026-08-15T10:14:59.292375000-0500,94.425416000,192.168.0.148,192.168.0.178,53414,25565,63981,6303825,36,0,0x0018
14315,2026-08-15T10:14:59.293106000-0500,94.426147000,192.168.0.148,192.168.0.178,53414,25565,64017,6303825,3,0,0x0018
14316,2026-08-15T10:14:59.295780000-0500,94.428821000,192.168.0.178,192.168.0.148,25565,53414,6303825,64020,0,0,0x0010
14317,2026-08-15T10:14:59.326069000-0500,94.459110000,192.168.0.178,192.168.0.148,25565,53414,6303825,64020,257,0,0x0018
14318,2026-08-15T10:14:59.342382000-0500,94.475423000,192.168.0.148,192.168.0.178,53414,25565,64020,6304082,36,0,0x0018
14319,2026-08-15T10:14:59.343089000-0500,94.476130000,192.168.0.148,192.168.0.178,53414,25565,64056,6304082,3,0,0x0018
14320,2026-08-15T10:14:59.343571000-0500,94.476612000,192.168.0.178,192.168.0.148,25565,53414,6304082,64059,0,0,0x0010
14321,2026-08-15T10:14:59.376839000-0500,94.509880000,192.168.0.178,192.168.0.148,25565,53414,6304082,64059,1030,0,0x0018
14322,2026-08-15T10:14:59.392985000-0500,94.526026000,192.168.0.148,192.168.0.178,53414,25565,64059,6305112,36,0,0x0018
14323,2026-08-15T10:14:59.393840000-0500,94.526881000,192.168.0.148,192.168.0.178,53414,25565,64095,6305112,3,0,0x0018
14324,2026-08-15T10:14:59.394476000-0500,94.527517000,192.168.0.178,192.168.0.148,25565,53414,6305112,64098,0,0,0x0010
14325,2026-08-15T10:14:59.427171000-0500,94.560212000,192.168.0.178,192.168.0.148,25565,53414,6305112,64098,412,0,0x0018
14326,2026-08-15T10:14:59.442979000-0500,94.576020000,192.168.0.148,192.168.0.178,53414,25565,64098,6305524,36,0,0x0018
14327,2026-08-15T10:14:59.443803000-0500,94.576844000,192.168.0.148,192.168.0.178,53414,25565,64134,6305524,3,0,0x0018
14328,2026-08-15T10:14:59.459021000-0500,94.592062000,192.168.0.178,192.168.0.148,25565,53414,6305524,64137,0,0,0x0010
14329,2026-08-15T10:14:59.477658000-0500,94.610699000,192.168.0.178,192.168.0.148,25565,53414,6305524,64137,297,0,0x0018
14330,2026-08-15T10:14:59.492689000-0500,94.625730000,192.168.0.148,192.168.0.178,53414,25565,64137,6305821,28,0,0x0018
14331,2026-08-15T10:14:59.493344000-0500,94.626385000,192.168.0.148,192.168.0.178,53414,25565,64165,6305821,3,0,0x0018
14332,2026-08-15T10:14:59.494038000-0500,94.627079000,192.168.0.178,192.168.0.148,25565,53414,6305821,64168,0,0,0x0010
14333,2026-08-15T10:14:59.528595000-0500,94.661636000,192.168.0.178,192.168.0.148,25565,53414,6305821,64168,327,0,0x0018
14334,2026-08-15T10:14:59.543493000-0500,94.676534000,192.168.0.148,192.168.0.178,53414,25565,64168,6306148,28,0,0x0018
14335,2026-08-15T10:14:59.544925000-0500,94.677966000,192.168.0.148,192.168.0.178,53414,25565,64196,6306148,3,0,0x0018
14336,2026-08-15T10:14:59.545696000-0500,94.678737000,192.168.0.178,192.168.0.148,25565,53414,6306148,64199,0,0,0x0010
14337,2026-08-15T10:14:59.577884000-0500,94.710925000,192.168.0.178,192.168.0.148,25565,53414,6306148,64199,387,0,0x0018
14338,2026-08-15T10:14:59.593562000-0500,94.726603000,192.168.0.148,192.168.0.178,53414,25565,64199,6306535,28,0,0x0018
14339,2026-08-15T10:14:59.594953000-0500,94.727994000,192.168.0.148,192.168.0.178,53414,25565,64227,6306535,3,0,0x0018
14340,2026-08-15T10:14:59.595602000-0500,94.728643000,192.168.0.178,192.168.0.148,25565,53414,6306535,64230,0,0,0x0010
14341,2026-08-15T10:14:59.627722000-0500,94.760763000,192.168.0.178,192.168.0.148,25565,53414,6306535,64230,600,0,0x0018
14342,2026-08-15T10:14:59.642953000-0500,94.775994000,192.168.0.148,192.168.0.178,53414,25565,64230,6307135,28,0,0x0018
14343,2026-08-15T10:14:59.643963000-0500,94.777004000,192.168.0.148,192.168.0.178,53414,25565,64258,6307135,3,0,0x0018
14344,2026-08-15T10:14:59.644698000-0500,94.777739000,192.168.0.178,192.168.0.148,25565,53414,6307135,64261,0,0,0x0010
14345,2026-08-15T10:14:59.678803000-0500,94.811844000,192.168.0.178,192.168.0.148,25565,53414,6307135,64261,347,0,0x0018
14346,2026-08-15T10:14:59.693461000-0500,94.826502000,192.168.0.148,192.168.0.178,53414,25565,64261,6307482,28,0,0x0018
14347,2026-08-15T10:14:59.694803000-0500,94.827844000,192.168.0.148,192.168.0.178,53414,25565,64289,6307482,3,0,0x0018
14348,2026-08-15T10:14:59.695427000-0500,94.828468000,192.168.0.178,192.168.0.148,25565,53414,6307482,64292,0,0,0x0010
14349,2026-08-15T10:14:59.726730000-0500,94.859771000,192.168.0.178,192.168.0.148,25565,53414,6307482,64292,383,0,0x0018
14350,2026-08-15T10:14:59.743541000-0500,94.876582000,192.168.0.148,192.168.0.178,53414,25565,64292,6307865,36,0,0x0018
14351,2026-08-15T10:14:59.744956000-0500,94.877997000,192.168.0.148,192.168.0.178,53414,25565,64328,6307865,3,0,0x0018
14352,2026-08-15T10:14:59.745747000-0500,94.878788000,192.168.0.178,192.168.0.148,25565,53414,6307865,64331,0,0,0x0010
14353,2026-08-15T10:14:59.777332000-0500,94.910373000,192.168.0.178,192.168.0.148,25565,53414,6307865,64331,771,0,0x0018
14354,2026-08-15T10:14:59.777596000-0500,94.910637000,192.168.0.148,192.168.0.178,53414,25565,64331,6308636,11,0,0x0018
14355,2026-08-15T10:14:59.792310000-0500,94.925351000,192.168.0.148,192.168.0.178,53414,25565,64342,6308636,36,0,0x0018
14356,2026-08-15T10:14:59.792927000-0500,94.925968000,192.168.0.148,192.168.0.178,53414,25565,64378,6308636,3,0,0x0018
14357,2026-08-15T10:14:59.793007000-0500,94.926048000,192.168.0.178,192.168.0.148,25565,53414,6308636,64378,0,0,0x0010
14358,2026-08-15T10:14:59.827627000-0500,94.960668000,192.168.0.178,192.168.0.148,25565,53414,6308636,64381,446,0,0x0018
14359,2026-08-15T10:14:59.842219000-0500,94.975260000,192.168.0.148,192.168.0.178,53414,25565,64381,6309082,36,0,0x0018
14360,2026-08-15T10:14:59.842876000-0500,94.975917000,192.168.0.148,192.168.0.178,53414,25565,64417,6309082,3,0,0x0018
14361,2026-08-15T10:14:59.844291000-0500,94.977332000,192.168.0.178,192.168.0.148,25565,53414,6309082,64420,0,0,0x0010
14362,2026-08-15T10:14:59.877322000-0500,95.010363000,192.168.0.178,192.168.0.148,25565,53414,6309082,64420,838,0,0x0018
14363,2026-08-15T10:14:59.892570000-0500,95.025611000,192.168.0.148,192.168.0.178,53414,25565,64420,6309920,36,0,0x0018
14364,2026-08-15T10:14:59.893385000-0500,95.026426000,192.168.0.148,192.168.0.178,53414,25565,64456,6309920,3,0,0x0018
14365,2026-08-15T10:14:59.894204000-0500,95.027245000,192.168.0.178,192.168.0.148,25565,53414,6309920,64459,0,0,0x0010
14366,2026-08-15T10:14:59.927369000-0500,95.060410000,192.168.0.178,192.168.0.148,25565,53414,6309920,64459,138,0,0x0018
14367,2026-08-15T10:14:59.942605000-0500,95.075646000,192.168.0.148,192.168.0.178,53414,25565,64459,6310058,36,0,0x0018
14368,2026-08-15T10:14:59.943335000-0500,95.076376000,192.168.0.148,192.168.0.178,53414,25565,64495,6310058,3,0,0x0018
14369,2026-08-15T10:14:59.944024000-0500,95.077065000,192.168.0.178,192.168.0.148,25565,53414,6310058,64498,0,0,0x0010
14370,2026-08-15T10:14:59.976561000-0500,95.109602000,192.168.0.178,192.168.0.148,25565,53414,6310058,64498,429,0,0x0018
14371,2026-08-15T10:14:59.993680000-0500,95.126721000,192.168.0.148,192.168.0.178,53414,25565,64498,6310487,36,0,0x0018
14372,2026-08-15T10:14:59.994990000-0500,95.128031000,192.168.0.148,192.168.0.178,53414,25565,64534,6310487,3,0,0x0018
14373,2026-08-15T10:14:59.995656000-0500,95.128697000,192.168.0.178,192.168.0.148,25565,53414,6310487,64537,0,0,0x0010
14374,2026-08-15T10:15:00.027361000-0500,95.160402000,192.168.0.178,192.168.0.148,25565,53414,6310487,64537,409,0,0x0018
14375,2026-08-15T10:15:00.043387000-0500,95.176428000,192.168.0.148,192.168.0.178,53414,25565,64537,6310896,36,0,0x0018
14376,2026-08-15T10:15:00.044837000-0500,95.177878000,192.168.0.148,192.168.0.178,53414,25565,64573,6310896,3,0,0x0018
14377,2026-08-15T10:15:00.045624000-0500,95.178665000,192.168.0.178,192.168.0.148,25565,53414,6310896,64576,0,0,0x0010
14378,2026-08-15T10:15:00.076974000-0500,95.210015000,192.168.0.178,192.168.0.148,25565,53414,6310896,64576,164,0,0x0018
14379,2026-08-15T10:15:00.093652000-0500,95.226693000,192.168.0.148,192.168.0.178,53414,25565,64576,6311060,28,0,0x0018
14380,2026-08-15T10:15:00.095670000-0500,95.228711000,192.168.0.148,192.168.0.178,53414,25565,64604,6311060,3,0,0x0018
14381,2026-08-15T10:15:00.096362000-0500,95.229403000,192.168.0.178,192.168.0.148,25565,53414,6311060,64607,0,0,0x0010
14382,2026-08-15T10:15:00.127888000-0500,95.260929000,192.168.0.178,192.168.0.148,25565,53414,6311060,64607,855,0,0x0018
14383,2026-08-15T10:15:00.143577000-0500,95.276618000,192.168.0.148,192.168.0.178,53414,25565,64607,6311915,4,0,0x0018
14384,2026-08-15T10:15:00.143595000-0500,95.276636000,192.168.0.148,192.168.0.178,53414,25565,64611,6311915,28,0,0x0018
14385,2026-08-15T10:15:00.144317000-0500,95.277358000,192.168.0.148,192.168.0.178,53414,25565,64639,6311915,3,0,0x0018
14386,2026-08-15T10:15:00.144362000-0500,95.277403000,192.168.0.178,192.168.0.148,25565,53414,6311915,64639,0,0,0x0010
14387,2026-08-15T10:15:00.176654000-0500,95.309695000,192.168.0.178,192.168.0.148,25565,53414,6311915,64642,525,0,0x0018
14388,2026-08-15T10:15:00.193453000-0500,95.326494000,192.168.0.148,192.168.0.178,53414,25565,64642,6312440,28,0,0x0018
14389,2026-08-15T10:15:00.194848000-0500,95.327889000,192.168.0.148,192.168.0.178,53414,25565,64670,6312440,3,0,0x0018
14390,2026-08-15T10:15:00.195696000-0500,95.328737000,192.168.0.178,192.168.0.148,25565,53414,6312440,64673,0,0,0x0010
14391,2026-08-15T10:15:00.227902000-0500,95.360943000,192.168.0.178,192.168.0.148,25565,53414,6312440,64673,220,0,0x0018
14392,2026-08-15T10:15:00.243449000-0500,95.376490000,192.168.0.148,192.168.0.178,53414,25565,64673,6312660,28,0,0x0018
14393,2026-08-15T10:15:00.244829000-0500,95.377870000,192.168.0.148,192.168.0.178,53414,25565,64701,6312660,3,0,0x0018
14394,2026-08-15T10:15:00.245463000-0500,95.378504000,192.168.0.178,192.168.0.148,25565,53414,6312660,64704,0,0,0x0010
14395,2026-08-15T10:15:00.282397000-0500,95.415438000,192.168.0.178,192.168.0.148,25565,53414,6312660,64704,298,0,0x0018
14396,2026-08-15T10:15:00.293654000-0500,95.426695000,192.168.0.148,192.168.0.178,53414,25565,64704,6312958,28,0,0x0018
14397,2026-08-15T10:15:00.295017000-0500,95.428058000,192.168.0.148,192.168.0.178,53414,25565,64732,6312958,3,0,0x0018
14398,2026-08-15T10:15:00.295810000-0500,95.428851000,192.168.0.178,192.168.0.148,25565,53414,6312958,64735,0,0,0x0010
14399,2026-08-15T10:15:00.339896000-0500,95.472937000,192.168.0.178,192.168.0.148,25565,53414,6312958,64735,530,0,0x0018
14400,2026-08-15T10:15:00.343458000-0500,95.476499000,192.168.0.148,192.168.0.178,53414,25565,64735,6313488,28,0,0x0018
14401,2026-08-15T10:15:00.344762000-0500,95.477803000,192.168.0.148,192.168.0.178,53414,25565,64763,6313488,3,0,0x0018
14402,2026-08-15T10:15:00.345579000-0500,95.478620000,192.168.0.178,192.168.0.148,25565,53414,6313488,64766,0,0,0x0010
14403,2026-08-15T10:15:00.387085000-0500,95.520126000,192.168.0.178,192.168.0.148,25565,53414,6313488,64766,548,0,0x0018
14404,2026-08-15T10:15:00.393300000-0500,95.526341000,192.168.0.148,192.168.0.178,53414,25565,64766,6314036,28,0,0x0018
14405,2026-08-15T10:15:00.394309000-0500,95.527350000,192.168.0.148,192.168.0.178,53414,25565,64794,6314036,3,0,0x0018
14406,2026-08-15T10:15:00.394957000-0500,95.527998000,192.168.0.178,192.168.0.148,25565,53414,6314036,64797,0,0,0x0010
14407,2026-08-15T10:15:00.433590000-0500,95.566631000,192.168.0.178,192.168.0.148,25565,53414,6314036,64797,274,0,0x0018
14408,2026-08-15T10:15:00.443572000-0500,95.576613000,192.168.0.148,192.168.0.178,53414,25565,64797,6314310,28,0,0x0018
14409,2026-08-15T10:15:00.444828000-0500,95.577869000,192.168.0.148,192.168.0.178,53414,25565,64825,6314310,3,0,0x0018
14410,2026-08-15T10:15:00.445571000-0500,95.578612000,192.168.0.178,192.168.0.148,25565,53414,6314310,64828,0,0,0x0010
14411,2026-08-15T10:15:00.482867000-0500,95.615908000,192.168.0.178,192.168.0.148,25565,53414,6314310,64828,1460,0,0x0010
14412,2026-08-15T10:15:00.482867000-0500,95.615908000,192.168.0.178,192.168.0.148,25565,53414,6315770,64828,1460,0,0x0010
14413,2026-08-15T10:15:00.482949000-0500,95.615990000,192.168.0.148,192.168.0.178,53414,25565,64828,6317230,0,0,0x0010
14414,2026-08-15T10:15:00.483015000-0500,95.616056000,192.168.0.178,192.168.0.148,25565,53414,6317230,64828,1460,0,0x0010
14415,2026-08-15T10:15:00.483077000-0500,95.616118000,192.168.0.178,192.168.0.148,25565,53414,6318690,64828,1460,0,0x0010
14416,2026-08-15T10:15:00.483090000-0500,95.616131000,192.168.0.148,192.168.0.178,53414,25565,64828,6320150,0,0,0x0010
14417,2026-08-15T10:15:00.483336000-0500,95.616377000,192.168.0.178,192.168.0.148,25565,53414,6320150,64828,1460,0,0x0010
14418,2026-08-15T10:15:00.483336000-0500,95.616377000,192.168.0.178,192.168.0.148,25565,53414,6321610,64828,1460,0,0x0010
14419,2026-08-15T10:15:00.483380000-0500,95.616421000,192.168.0.148,192.168.0.178,53414,25565,64828,6323070,0,0,0x0010
14420,2026-08-15T10:15:00.483449000-0500,95.616490000,192.168.0.178,192.168.0.148,25565,53414,6323070,64828,1460,0,0x0010
14421,2026-08-15T10:15:00.483697000-0500,95.616738000,192.168.0.178,192.168.0.148,25565,53414,6324530,64828,1460,0,0x0010
14422,2026-08-15T10:15:00.483697000-0500,95.616738000,192.168.0.178,192.168.0.148,25565,53414,6325990,64828,1460,0,0x0018
14423,2026-08-15T10:15:00.483752000-0500,95.616793000,192.168.0.148,192.168.0.178,53414,25565,64828,6327450,0,0,0x0010
14424,2026-08-15T10:15:00.483825000-0500,95.616866000,192.168.0.178,192.168.0.148,25565,53414,6327450,64828,1460,0,0x0010
14425,2026-08-15T10:15:00.483842000-0500,95.616883000,192.168.0.148,192.168.0.178,53414,25565,64828,6328910,0,0,0x0010
14426,2026-08-15T10:15:00.484052000-0500,95.617093000,192.168.0.178,192.168.0.148,25565,53414,6328910,64828,1460,0,0x0010
14427,2026-08-15T10:15:00.484052000-0500,95.617093000,192.168.0.178,192.168.0.148,25565,53414,6330370,64828,249,0,0x0018
14428,2026-08-15T10:15:00.484109000-0500,95.617150000,192.168.0.148,192.168.0.178,53414,25565,64828,6330619,0,0,0x0010
14429,2026-08-15T10:15:00.493019000-0500,95.626060000,192.168.0.148,192.168.0.178,53414,25565,64828,6330619,28,0,0x0018
14430,2026-08-15T10:15:00.493690000-0500,95.626731000,192.168.0.148,192.168.0.178,53414,25565,64856,6330619,3,0,0x0018
14431,2026-08-15T10:15:00.494944000-0500,95.627985000,192.168.0.178,192.168.0.148,25565,53414,6330619,64859,0,0,0x0010
14432,2026-08-15T10:15:00.532600000-0500,95.665641000,192.168.0.178,192.168.0.148,25565,53414,6330619,64859,1460,0,0x0010
14433,2026-08-15T10:15:00.532600000-0500,95.665641000,192.168.0.178,192.168.0.148,25565,53414,6332079,64859,1460,0,0x0010
14434,2026-08-15T10:15:00.532648000-0500,95.665689000,192.168.0.148,192.168.0.178,53414,25565,64859,6333539,0,0,0x0010
14435,2026-08-15T10:15:00.532683000-0500,95.665724000,192.168.0.178,192.168.0.148,25565,53414,6333539,64859,1460,0,0x0010
14436,2026-08-15T10:15:00.532922000-0500,95.665963000,192.168.0.178,192.168.0.148,25565,53414,6334999,64859,1460,0,0x0010
14437,2026-08-15T10:15:00.532922000-0500,95.665963000,192.168.0.178,192.168.0.148,25565,53414,6336459,64859,1460,0,0x0010
14438,2026-08-15T10:15:00.532944000-0500,95.665985000,192.168.0.148,192.168.0.178,53414,25565,64859,6337919,0,0,0x0010
14439,2026-08-15T10:15:00.533161000-0500,95.666202000,192.168.0.178,192.168.0.148,25565,53414,6337919,64859,1460,0,0x0010
14440,2026-08-15T10:15:00.533182000-0500,95.666223000,192.168.0.148,192.168.0.178,53414,25565,64859,6339379,0,0,0x0010
14441,2026-08-15T10:15:00.533234000-0500,95.666275000,192.168.0.178,192.168.0.148,25565,53414,6339379,64859,1460,0,0x0010
14442,2026-08-15T10:15:00.533397000-0500,95.666438000,192.168.0.178,192.168.0.148,25565,53414,6340839,64859,1460,0,0x0010
14443,2026-08-15T10:15:00.533418000-0500,95.666459000,192.168.0.148,192.168.0.178,53414,25565,64859,6342299,0,0,0x0010
14444,2026-08-15T10:15:00.533465000-0500,95.666506000,192.168.0.178,192.168.0.148,25565,53414,6342299,64859,1460,0,0x0018
14445,2026-08-15T10:15:00.533578000-0500,95.666619000,192.168.0.178,192.168.0.148,25565,53414,6343759,64859,1460,0,0x0010
14446,2026-08-15T10:15:00.533586000-0500,95.666627000,192.168.0.148,192.168.0.178,53414,25565,64859,6345219,0,0,0x0010
14447,2026-08-15T10:15:00.533761000-0500,95.666802000,192.168.0.178,192.168.0.148,25565,53414,6345219,64859,1460,0,0x0010
14448,2026-08-15T10:15:00.533814000-0500,95.666855000,192.168.0.178,192.168.0.148,25565,53414,6346679,64859,1460,0,0x0010
14449,2026-08-15T10:15:00.533821000-0500,95.666862000,192.168.0.148,192.168.0.178,53414,25565,64859,6348139,0,0,0x0010
14450,2026-08-15T10:15:00.533862000-0500,95.666903000,192.168.0.178,192.168.0.148,25565,53414,6348139,64859,752,0,0x0018
14451,2026-08-15T10:15:00.542990000-0500,95.676031000,192.168.0.148,192.168.0.178,53414,25565,64859,6348891,28,0,0x0018
14452,2026-08-15T10:15:00.543725000-0500,95.676766000,192.168.0.148,192.168.0.178,53414,25565,64887,6348891,3,0,0x0018
14453,2026-08-15T10:15:00.544419000-0500,95.677460000,192.168.0.178,192.168.0.148,25565,53414,6348891,64890,0,0,0x0010
14454,2026-08-15T10:15:00.581210000-0500,95.714251000,192.168.0.178,192.168.0.148,25565,53414,6348891,64890,1460,0,0x0010
14455,2026-08-15T10:15:00.581210000-0500,95.714251000,192.168.0.178,192.168.0.148,25565,53414,6350351,64890,1460,0,0x0010
14456,2026-08-15T10:15:00.581265000-0500,95.714306000,192.168.0.148,192.168.0.178,53414,25565,64890,6351811,0,0,0x0010
14457,2026-08-15T10:15:00.581323000-0500,95.714364000,192.168.0.178,192.168.0.148,25565,53414,6351811,64890,1460,0,0x0010
14458,2026-08-15T10:15:00.581466000-0500,95.714507000,192.168.0.178,192.168.0.148,25565,53414,6353271,64890,1460,0,0x0010
14459,2026-08-15T10:15:00.581484000-0500,95.714525000,192.168.0.148,192.168.0.178,53414,25565,64890,6354731,0,0,0x0010
14460,2026-08-15T10:15:00.581564000-0500,95.714605000,192.168.0.178,192.168.0.148,25565,53414,6354731,64890,1460,0,0x0010
14461,2026-08-15T10:15:00.581820000-0500,95.714861000,192.168.0.178,192.168.0.148,25565,53414,6356191,64890,1460,0,0x0010
14462,2026-08-15T10:15:00.581820000-0500,95.714861000,192.168.0.178,192.168.0.148,25565,53414,6357651,64890,1460,0,0x0010
14463,2026-08-15T10:15:00.581840000-0500,95.714881000,192.168.0.148,192.168.0.178,53414,25565,64890,6359111,0,0,0x0010
14464,2026-08-15T10:15:00.582054000-0500,95.715095000,192.168.0.178,192.168.0.148,25565,53414,6359111,64890,1460,0,0x0010
14465,2026-08-15T10:15:00.582054000-0500,95.715095000,192.168.0.178,192.168.0.148,25565,53414,6360571,64890,1460,0,0x0018
14466,2026-08-15T10:15:00.582077000-0500,95.715118000,192.168.0.148,192.168.0.178,53414,25565,64890,6362031,0,0,0x0010
14467,2026-08-15T10:15:00.582284000-0500,95.715325000,192.168.0.178,192.168.0.148,25565,53414,6362031,64890,1460,0,0x0010
14468,2026-08-15T10:15:00.582284000-0500,95.715325000,192.168.0.178,192.168.0.148,25565,53414,6363491,64890,1460,0,0x0010
14469,2026-08-15T10:15:00.582303000-0500,95.715344000,192.168.0.148,192.168.0.178,53414,25565,64890,6364951,0,0,0x0010
14470,2026-08-15T10:15:00.582512000-0500,95.715553000,192.168.0.178,192.168.0.148,25565,53414,6364951,64890,1460,0,0x0010
14471,2026-08-15T10:15:00.582530000-0500,95.715571000,192.168.0.148,192.168.0.178,53414,25565,64890,6366411,0,0,0x0010
14472,2026-08-15T10:15:00.582563000-0500,95.715604000,192.168.0.178,192.168.0.148,25565,53414,6366411,64890,1460,0,0x0010
14473,2026-08-15T10:15:00.582696000-0500,95.715737000,192.168.0.178,192.168.0.148,25565,53414,6367871,64890,1460,0,0x0010
14474,2026-08-15T10:15:00.582714000-0500,95.715755000,192.168.0.148,192.168.0.178,53414,25565,64890,6369331,0,0,0x0010
14475,2026-08-15T10:15:00.582765000-0500,95.715806000,192.168.0.178,192.168.0.148,25565,53414,6369331,64890,1009,0,0x0018
14476,2026-08-15T10:15:00.592900000-0500,95.725941000,192.168.0.148,192.168.0.178,53414,25565,64890,6370340,28,0,0x0018
14477,2026-08-15T10:15:00.593530000-0500,95.726571000,192.168.0.148,192.168.0.178,53414,25565,64918,6370340,3,0,0x0018
14478,2026-08-15T10:15:00.594217000-0500,95.727258000,192.168.0.178,192.168.0.148,25565,53414,6370340,64921,0,0,0x0010
14479,2026-08-15T10:15:00.631667000-0500,95.764708000,192.168.0.178,192.168.0.148,25565,53414,6370340,64921,1460,0,0x0010
14480,2026-08-15T10:15:00.631667000-0500,95.764708000,192.168.0.178,192.168.0.148,25565,53414,6371800,64921,1460,0,0x0010
14481,2026-08-15T10:15:00.631734000-0500,95.764775000,192.168.0.148,192.168.0.178,53414,25565,64921,6373260,0,0,0x0010
14482,2026-08-15T10:15:00.631799000-0500,95.764840000,192.168.0.178,192.168.0.148,25565,53414,6373260,64921,1460,0,0x0010
14483,2026-08-15T10:15:00.632016000-0500,95.765057000,192.168.0.178,192.168.0.148,25565,53414,6374720,64921,1460,0,0x0010
14484,2026-08-15T10:15:00.632016000-0500,95.765057000,192.168.0.178,192.168.0.148,25565,53414,6376180,64921,1460,0,0x0010
14485,2026-08-15T10:15:00.632038000-0500,95.765079000,192.168.0.148,192.168.0.178,53414,25565,64921,6377640,0,0,0x0010
14486,2026-08-15T10:15:00.632260000-0500,95.765301000,192.168.0.178,192.168.0.148,25565,53414,6377640,64921,1460,0,0x0010
14487,2026-08-15T10:15:00.632260000-0500,95.765301000,192.168.0.178,192.168.0.148,25565,53414,6379100,64921,1460,0,0x0010
14488,2026-08-15T10:15:00.632280000-0500,95.765321000,192.168.0.148,192.168.0.178,53414,25565,64921,6380560,0,0,0x0010
14489,2026-08-15T10:15:00.632495000-0500,95.765536000,192.168.0.178,192.168.0.148,25565,53414,6380560,64921,1460,0,0x0010
14490,2026-08-15T10:15:00.632516000-0500,95.765557000,192.168.0.148,192.168.0.178,53414,25565,64921,6382020,0,0,0x0010
14491,2026-08-15T10:15:00.632564000-0500,95.765605000,192.168.0.178,192.168.0.148,25565,53414,6382020,64921,1460,0,0x0018
14492,2026-08-15T10:15:00.632733000-0500,95.765774000,192.168.0.178,192.168.0.148,25565,53414,6383480,64921,1460,0,0x0010
14493,2026-08-15T10:15:00.632753000-0500,95.765794000,192.168.0.148,192.168.0.178,53414,25565,64921,6384940,0,0,0x0010
14494,2026-08-15T10:15:00.632787000-0500,95.765828000,192.168.0.178,192.168.0.148,25565,53414,6384940,64921,1460,0,0x0010
14495,2026-08-15T10:15:00.632787000-0500,95.765828000,192.168.0.178,192.168.0.148,25565,53414,6386400,64921,422,0,0x0018
14496,2026-08-15T10:15:00.632795000-0500,95.765836000,192.168.0.148,192.168.0.178,53414,25565,64921,6386822,0,0,0x0010
14497,2026-08-15T10:15:00.642403000-0500,95.775444000,192.168.0.148,192.168.0.178,53414,25565,64921,6386822,28,0,0x0018
14498,2026-08-15T10:15:00.642994000-0500,95.776035000,192.168.0.148,192.168.0.178,53414,25565,64949,6386822,3,0,0x0018
14499,2026-08-15T10:15:00.643754000-0500,95.776795000,192.168.0.178,192.168.0.148,25565,53414,6386822,64952,0,0,0x0010
14500,2026-08-15T10:15:00.679543000-0500,95.812584000,192.168.0.178,192.168.0.148,25565,53414,6386822,64952,1460,0,0x0010
14501,2026-08-15T10:15:00.679601000-0500,95.812642000,192.168.0.178,192.168.0.148,25565,53414,6388282,64952,1460,0,0x0010
14502,2026-08-15T10:15:00.679615000-0500,95.812656000,192.168.0.148,192.168.0.178,53414,25565,64952,6389742,0,0,0x0010
14503,2026-08-15T10:15:00.679683000-0500,95.812724000,192.168.0.178,192.168.0.148,25565,53414,6389742,64952,1460,0,0x0010
14504,2026-08-15T10:15:00.679846000-0500,95.812887000,192.168.0.178,192.168.0.148,25565,53414,6391202,64952,1460,0,0x0010
14505,2026-08-15T10:15:00.679851000-0500,95.812892000,192.168.0.148,192.168.0.178,53414,25565,64952,6392662,0,0,0x0010
14506,2026-08-15T10:15:00.679930000-0500,95.812971000,192.168.0.178,192.168.0.148,25565,53414,6392662,64952,1460,0,0x0010
14507,2026-08-15T10:15:00.680091000-0500,95.813132000,192.168.0.178,192.168.0.148,25565,53414,6394122,64952,1460,0,0x0010
14508,2026-08-15T10:15:00.680095000-0500,95.813136000,192.168.0.148,192.168.0.178,53414,25565,64952,6395582,0,0,0x0010
14509,2026-08-15T10:15:00.680175000-0500,95.813216000,192.168.0.178,192.168.0.148,25565,53414,6395582,64952,1460,0,0x0010
14510,2026-08-15T10:15:00.680305000-0500,95.813346000,192.168.0.178,192.168.0.148,25565,53414,6397042,64952,1083,0,0x0018
14511,2026-08-15T10:15:00.680313000-0500,95.813354000,192.168.0.148,192.168.0.178,53414,25565,64952,6398125,0,0,0x0010
14512,2026-08-15T10:15:00.693131000-0500,95.826172000,192.168.0.148,192.168.0.178,53414,25565,64952,6398125,4,0,0x0018
14513,2026-08-15T10:15:00.693151000-0500,95.826192000,192.168.0.148,192.168.0.178,53414,25565,64956,6398125,28,0,0x0018
14514,2026-08-15T10:15:00.693583000-0500,95.826624000,192.168.0.178,192.168.0.148,25565,53414,6398125,64984,0,0,0x0010
14515,2026-08-15T10:15:00.693916000-0500,95.826957000,192.168.0.148,192.168.0.178,53414,25565,64984,6398125,3,0,0x0018
14516,2026-08-15T10:15:00.693973000-0500,95.827014000,192.168.0.178,192.168.0.148,25565,53414,6398125,64984,11,0,0x0018
14517,2026-08-15T10:15:00.694033000-0500,95.827074000,192.168.0.178,192.168.0.148,25565,53414,6398136,64984,11,0,0x0018
14518,2026-08-15T10:15:00.694039000-0500,95.827080000,192.168.0.148,192.168.0.178,53414,25565,64987,6398147,0,0,0x0010
14519,2026-08-15T10:15:00.694093000-0500,95.827134000,192.168.0.178,192.168.0.148,25565,53414,6398147,64984,11,0,0x0018
14520,2026-08-15T10:15:00.694189000-0500,95.827230000,192.168.0.178,192.168.0.148,25565,53414,6398158,64984,13,0,0x0018
14521,2026-08-15T10:15:00.694196000-0500,95.827237000,192.168.0.148,192.168.0.178,53414,25565,64987,6398171,0,0,0x0010
14522,2026-08-15T10:15:00.729185000-0500,95.862226000,192.168.0.178,192.168.0.148,25565,53414,6398171,64987,264,0,0x0018
14523,2026-08-15T10:15:00.742040000-0500,95.875081000,192.168.0.148,192.168.0.178,53414,25565,64987,6398435,28,0,0x0018
14524,2026-08-15T10:15:00.742801000-0500,95.875842000,192.168.0.148,192.168.0.178,53414,25565,65015,6398435,3,0,0x0018
14525,2026-08-15T10:15:00.743354000-0500,95.876395000,192.168.0.178,192.168.0.148,25565,53414,6398435,65018,0,0,0x0010
14526,2026-08-15T10:15:00.782255000-0500,95.915296000,192.168.0.178,192.168.0.148,25565,53414,6398435,65018,466,0,0x0018
14527,2026-08-15T10:15:00.782595000-0500,95.915636000,192.168.0.148,192.168.0.178,53414,25565,65018,6398901,11,0,0x0018
14528,2026-08-15T10:15:00.793808000-0500,95.926849000,192.168.0.148,192.168.0.178,53414,25565,65029,6398901,4,0,0x0018
14529,2026-08-15T10:15:00.793840000-0500,95.926881000,192.168.0.148,192.168.0.178,53414,25565,65033,6398901,28,0,0x0018
14530,2026-08-15T10:15:00.794502000-0500,95.927543000,192.168.0.178,192.168.0.148,25565,53414,6398901,65061,0,0,0x0010
14531,2026-08-15T10:15:00.795169000-0500,95.928210000,192.168.0.148,192.168.0.178,53414,25565,65061,6398901,3,0,0x0018
14532,2026-08-15T10:15:00.828788000-0500,95.961829000,192.168.0.178,192.168.0.148,25565,53414,6398901,65064,325,0,0x0018
14533,2026-08-15T10:15:00.843441000-0500,95.976482000,192.168.0.148,192.168.0.178,53414,25565,65064,6399226,28,0,0x0018
14534,2026-08-15T10:15:00.844743000-0500,95.977784000,192.168.0.148,192.168.0.178,53414,25565,65092,6399226,3,0,0x0018
14535,2026-08-15T10:15:00.845442000-0500,95.978483000,192.168.0.178,192.168.0.148,25565,53414,6399226,65095,0,0,0x0010
14536,2026-08-15T10:15:00.883059000-0500,96.016100000,192.168.0.178,192.168.0.148,25565,53414,6399226,65095,658,0,0x0018
14537,2026-08-15T10:15:00.893637000-0500,96.026678000,192.168.0.148,192.168.0.178,53414,25565,65095,6399884,36,0,0x0018
14538,2026-08-15T10:15:00.895086000-0500,96.028127000,192.168.0.148,192.168.0.178,53414,25565,65131,6399884,3,0,0x0018
14539,2026-08-15T10:15:00.895756000-0500,96.028797000,192.168.0.178,192.168.0.148,25565,53414,6399884,65134,0,0,0x0010
14540,2026-08-15T10:15:00.927797000-0500,96.060838000,192.168.0.178,192.168.0.148,25565,53414,6399884,65134,546,0,0x0018
14541,2026-08-15T10:15:00.943528000-0500,96.076569000,192.168.0.148,192.168.0.178,53414,25565,65134,6400430,4,0,0x0018
14542,2026-08-15T10:15:00.943562000-0500,96.076603000,192.168.0.148,192.168.0.178,53414,25565,65138,6400430,36,0,0x0018
14543,2026-08-15T10:15:00.944677000-0500,96.077718000,192.168.0.148,192.168.0.178,53414,25565,65174,6400430,3,0,0x0018
14544,2026-08-15T10:15:00.945841000-0500,96.078882000,192.168.0.178,192.168.0.148,25565,53414,6400430,65174,0,0,0x0010
14545,2026-08-15T10:15:00.976874000-0500,96.109915000,192.168.0.178,192.168.0.148,25565,53414,6400430,65177,146,0,0x0018
14546,2026-08-15T10:15:00.993194000-0500,96.126235000,192.168.0.148,192.168.0.178,53414,25565,65177,6400576,36,0,0x0018
14547,2026-08-15T10:15:00.994189000-0500,96.127230000,192.168.0.148,192.168.0.178,53414,25565,65213,6400576,3,0,0x0018
14548,2026-08-15T10:15:00.994769000-0500,96.127810000,192.168.0.178,192.168.0.148,25565,53414,6400576,65216,0,0,0x0010
14549,2026-08-15T10:15:01.027164000-0500,96.160205000,192.168.0.178,192.168.0.148,25565,53414,6400576,65216,282,0,0x0018
14550,2026-08-15T10:15:01.043650000-0500,96.176691000,192.168.0.148,192.168.0.178,53414,25565,65216,6400858,36,0,0x0018
14551,2026-08-15T10:15:01.044901000-0500,96.177942000,192.168.0.148,192.168.0.178,53414,25565,65252,6400858,3,0,0x0018
14552,2026-08-15T10:15:01.045418000-0500,96.178459000,192.168.0.178,192.168.0.148,25565,53414,6400858,65255,0,0,0x0010
14553,2026-08-15T10:15:01.076837000-0500,96.209878000,192.168.0.178,192.168.0.148,25565,53414,6400858,65255,748,0,0x0018
14554,2026-08-15T10:15:01.093725000-0500,96.226766000,192.168.0.148,192.168.0.178,53414,25565,65255,6401606,36,0,0x0018
14555,2026-08-15T10:15:01.095192000-0500,96.228233000,192.168.0.148,192.168.0.178,53414,25565,65291,6401606,3,0,0x0018
14556,2026-08-15T10:15:01.095854000-0500,96.228895000,192.168.0.178,192.168.0.148,25565,53414,6401606,65294,0,0,0x0010
14557,2026-08-15T10:15:01.125919000-0500,96.258960000,192.168.0.178,192.168.0.148,25565,53414,6401606,65294,164,0,0x0018
14558,2026-08-15T10:15:01.143436000-0500,96.276477000,192.168.0.148,192.168.0.178,53414,25565,65294,6401770,36,0,0x0018
14559,2026-08-15T10:15:01.144811000-0500,96.277852000,192.168.0.148,192.168.0.178,53414,25565,65330,6401770,3,0,0x0018
14560,2026-08-15T10:15:01.145410000-0500,96.278451000,192.168.0.178,192.168.0.148,25565,53414,6401770,65333,0,0,0x0010
14561,2026-08-15T10:15:01.176957000-0500,96.309998000,192.168.0.178,192.168.0.148,25565,53414,6401770,65333,298,0,0x0018
14562,2026-08-15T10:15:01.193325000-0500,96.326366000,192.168.0.148,192.168.0.178,53414,25565,65333,6402068,28,0,0x0018
14563,2026-08-15T10:15:01.194645000-0500,96.327686000,192.168.0.148,192.168.0.178,53414,25565,65361,6402068,3,0,0x0018
14564,2026-08-15T10:15:01.195193000-0500,96.328234000,192.168.0.178,192.168.0.148,25565,53414,6402068,65364,0,0,0x0010
14565,2026-08-15T10:15:01.225834000-0500,96.358875000,192.168.0.178,192.168.0.148,25565,53414,6402068,65364,423,0,0x0018
14566,2026-08-15T10:15:01.243390000-0500,96.376431000,192.168.0.148,192.168.0.178,53414,25565,65364,6402491,4,0,0x0018
14567,2026-08-15T10:15:01.243414000-0500,96.376455000,192.168.0.148,192.168.0.178,53414,25565,65368,6402491,28,0,0x0018
14568,2026-08-15T10:15:01.244143000-0500,96.377184000,192.168.0.178,192.168.0.148,25565,53414,6402491,65396,0,0,0x0010
14569,2026-08-15T10:15:01.244178000-0500,96.377219000,192.168.0.148,192.168.0.178,53414,25565,65396,6402491,3,0,0x0018
14570,2026-08-15T10:15:01.276683000-0500,96.409724000,192.168.0.178,192.168.0.148,25565,53414,6402491,65399,158,0,0x0018
14571,2026-08-15T10:15:01.293534000-0500,96.426575000,192.168.0.148,192.168.0.178,53414,25565,65399,6402649,28,0,0x0018
14572,2026-08-15T10:15:01.294811000-0500,96.427852000,192.168.0.148,192.168.0.178,53414,25565,65427,6402649,3,0,0x0018
14573,2026-08-15T10:15:01.295307000-0500,96.428348000,192.168.0.178,192.168.0.148,25565,53414,6402649,65430,0,0,0x0010
14574,2026-08-15T10:15:01.326714000-0500,96.459755000,192.168.0.178,192.168.0.148,25565,53414,6402649,65430,280,0,0x0018
14575,2026-08-15T10:15:01.343303000-0500,96.476344000,192.168.0.148,192.168.0.178,53414,25565,65430,6402929,28,0,0x0018
14576,2026-08-15T10:15:01.344617000-0500,96.477658000,192.168.0.148,192.168.0.178,53414,25565,65458,6402929,3,0,0x0018
14577,2026-08-15T10:15:01.345214000-0500,96.478255000,192.168.0.178,192.168.0.148,25565,53414,6402929,65461,0,0,0x0010
14578,2026-08-15T10:15:01.376321000-0500,96.509362000,192.168.0.178,192.168.0.148,25565,53414,6402929,65461,1142,0,0x0018
14579,2026-08-15T10:15:01.393457000-0500,96.526498000,192.168.0.148,192.168.0.178,53414,25565,65461,6404071,28,0,0x0018
14580,2026-08-15T10:15:01.394758000-0500,96.527799000,192.168.0.148,192.168.0.178,53414,25565,65489,6404071,3,0,0x0018
14581,2026-08-15T10:15:01.395416000-0500,96.528457000,192.168.0.178,192.168.0.148,25565,53414,6404071,65492,0,0,0x0010
14582,2026-08-15T10:15:01.426146000-0500,96.559187000,192.168.0.178,192.168.0.148,25565,53414,6404071,65492,140,0,0x0018
14583,2026-08-15T10:15:01.443700000-0500,96.576741000,192.168.0.148,192.168.0.178,53414,25565,65492,6404211,36,0,0x0018
14584,2026-08-15T10:15:01.445013000-0500,96.578054000,192.168.0.148,192.168.0.178,53414,25565,65528,6404211,3,0,0x0018
14585,2026-08-15T10:15:01.445615000-0500,96.578656000,192.168.0.178,192.168.0.148,25565,53414,6404211,65531,0,0,0x0010
14586,2026-08-15T10:15:01.476972000-0500,96.610013000,192.168.0.178,192.168.0.148,25565,53414,6404211,65531,281,0,0x0018
14587,2026-08-15T10:15:01.492714000-0500,96.625755000,192.168.0.148,192.168.0.178,53414,25565,65531,6404492,36,0,0x0018
14588,2026-08-15T10:15:01.493520000-0500,96.626561000,192.168.0.148,192.168.0.178,53414,25565,65567,6404492,3,0,0x0018
14589,2026-08-15T10:15:01.494108000-0500,96.627149000,192.168.0.178,192.168.0.148,25565,53414,6404492,65570,0,0,0x0010
14590,2026-08-15T10:15:01.527074000-0500,96.660115000,192.168.0.178,192.168.0.148,25565,53414,6404492,65570,403,0,0x0018
14591,2026-08-15T10:15:01.543656000-0500,96.676697000,192.168.0.148,192.168.0.178,53414,25565,65570,6404895,36,0,0x0018
14592,2026-08-15T10:15:01.544923000-0500,96.677964000,192.168.0.148,192.168.0.178,53414,25565,65606,6404895,3,0,0x0018
14593,2026-08-15T10:15:01.545593000-0500,96.678634000,192.168.0.178,192.168.0.148,25565,53414,6404895,65609,0,0,0x0010
14594,2026-08-15T10:15:01.576801000-0500,96.709842000,192.168.0.178,192.168.0.148,25565,53414,6404895,65609,66,0,0x0018
14595,2026-08-15T10:15:01.594278000-0500,96.727319000,192.168.0.148,192.168.0.178,53414,25565,65609,6404961,36,0,0x0018
14596,2026-08-15T10:15:01.595319000-0500,96.728360000,192.168.0.148,192.168.0.178,53414,25565,65645,6404961,3,0,0x0018
14597,2026-08-15T10:15:01.595983000-0500,96.729024000,192.168.0.178,192.168.0.148,25565,53414,6404961,65648,0,0,0x0010
14598,2026-08-15T10:15:01.626436000-0500,96.759477000,192.168.0.178,192.168.0.148,25565,53414,6404961,65648,576,0,0x0018
14599,2026-08-15T10:15:01.643004000-0500,96.776045000,192.168.0.148,192.168.0.178,53414,25565,65648,6405537,36,0,0x0018
14600,2026-08-15T10:15:01.643462000-0500,96.776503000,192.168.0.148,192.168.0.178,53414,25565,65684,6405537,3,0,0x0018
14601,2026-08-15T10:15:01.643992000-0500,96.777033000,192.168.0.178,192.168.0.148,25565,53414,6405537,65687,0,0,0x0010
14602,2026-08-15T10:15:01.677219000-0500,96.810260000,192.168.0.178,192.168.0.148,25565,53414,6405537,65687,406,0,0x0018
14603,2026-08-15T10:15:01.692961000-0500,96.826002000,192.168.0.148,192.168.0.178,53414,25565,65687,6405943,36,0,0x0018
14604,2026-08-15T10:15:01.694001000-0500,96.827042000,192.168.0.148,192.168.0.178,53414,25565,65723,6405943,3,0,0x0018
14605,2026-08-15T10:15:01.694668000-0500,96.827709000,192.168.0.178,192.168.0.148,25565,53414,6405943,65726,0,0,0x0010
14606,2026-08-15T10:15:01.727037000-0500,96.860078000,192.168.0.178,192.168.0.148,25565,53414,6405943,65726,306,0,0x0018
14607,2026-08-15T10:15:01.742396000-0500,96.875437000,192.168.0.148,192.168.0.178,53414,25565,65726,6406249,36,0,0x0018
14608,2026-08-15T10:15:01.742958000-0500,96.875999000,192.168.0.148,192.168.0.178,53414,25565,65762,6406249,3,0,0x0018
14609,2026-08-15T10:15:01.743476000-0500,96.876517000,192.168.0.178,192.168.0.148,25565,53414,6406249,65765,0,0,0x0010
14610,2026-08-15T10:15:01.777995000-0500,96.911036000,192.168.0.178,192.168.0.148,25565,53414,6406249,65765,344,0,0x0018
14611,2026-08-15T10:15:01.793539000-0500,96.926580000,192.168.0.148,192.168.0.178,53414,25565,65765,6406593,4,0,0x0018
14612,2026-08-15T10:15:01.793574000-0500,96.926615000,192.168.0.148,192.168.0.178,53414,25565,65769,6406593,36,0,0x0018
14613,2026-08-15T10:15:01.794055000-0500,96.927096000,192.168.0.178,192.168.0.148,25565,53414,6406593,65805,0,0,0x0010
14614,2026-08-15T10:15:01.794327000-0500,96.927368000,192.168.0.178,192.168.0.148,25565,53414,6406593,65805,46,0,0x0018
14615,2026-08-15T10:15:01.794574000-0500,96.927615000,192.168.0.148,192.168.0.178,53414,25565,65805,6406639,3,0,0x0018
14616,2026-08-15T10:15:01.826298000-0500,96.959339000,192.168.0.178,192.168.0.148,25565,53414,6406639,65808,410,0,0x0018
14617,2026-08-15T10:15:01.826548000-0500,96.959589000,192.168.0.148,192.168.0.178,53414,25565,65808,6407049,11,0,0x0018
14618,2026-08-15T10:15:01.843351000-0500,96.976392000,192.168.0.148,192.168.0.178,53414,25565,65819,6407049,28,0,0x0018
14619,2026-08-15T10:15:01.844057000-0500,96.977098000,192.168.0.178,192.168.0.148,25565,53414,6407049,65847,0,0,0x0010
14620,2026-08-15T10:15:01.844654000-0500,96.977695000,192.168.0.148,192.168.0.178,53414,25565,65847,6407049,3,0,0x0018
14621,2026-08-15T10:15:01.876866000-0500,97.009907000,192.168.0.178,192.168.0.148,25565,53414,6407049,65850,472,0,0x0018
14622,2026-08-15T10:15:01.893575000-0500,97.026616000,192.168.0.148,192.168.0.178,53414,25565,65850,6407521,28,0,0x0018
14623,2026-08-15T10:15:01.894796000-0500,97.027837000,192.168.0.148,192.168.0.178,53414,25565,65878,6407521,3,0,0x0018
14624,2026-08-15T10:15:01.895440000-0500,97.028481000,192.168.0.178,192.168.0.148,25565,53414,6407521,65881,0,0,0x0010
14625,2026-08-15T10:15:01.926969000-0500,97.060010000,192.168.0.178,192.168.0.148,25565,53414,6407521,65881,449,0,0x0018
14626,2026-08-15T10:15:01.943303000-0500,97.076344000,192.168.0.148,192.168.0.178,53414,25565,65881,6407970,28,0,0x0018
14627,2026-08-15T10:15:01.944650000-0500,97.077691000,192.168.0.148,192.168.0.178,53414,25565,65909,6407970,3,0,0x0018
14628,2026-08-15T10:15:01.945340000-0500,97.078381000,192.168.0.178,192.168.0.148,25565,53414,6407970,65912,0,0,0x0010
14629,2026-08-15T10:15:01.976149000-0500,97.109190000,192.168.0.178,192.168.0.148,25565,53414,6407970,65912,406,0,0x0018
14630,2026-08-15T10:15:01.993407000-0500,97.126448000,192.168.0.148,192.168.0.178,53414,25565,65912,6408376,28,0,0x0018
14631,2026-08-15T10:15:01.995048000-0500,97.128089000,192.168.0.148,192.168.0.178,53414,25565,65940,6408376,3,0,0x0018
14632,2026-08-15T10:15:01.995758000-0500,97.128799000,192.168.0.178,192.168.0.148,25565,53414,6408376,65943,0,0,0x0010
14633,2026-08-15T10:15:02.027398000-0500,97.160439000,192.168.0.178,192.168.0.148,25565,53414,6408376,65943,234,0,0x0018
14634,2026-08-15T10:15:02.042984000-0500,97.176025000,192.168.0.148,192.168.0.178,53414,25565,65943,6408610,28,0,0x0018
14635,2026-08-15T10:15:02.044013000-0500,97.177054000,192.168.0.148,192.168.0.178,53414,25565,65971,6408610,3,0,0x0018
14636,2026-08-15T10:15:02.044607000-0500,97.177648000,192.168.0.178,192.168.0.148,25565,53414,6408610,65974,0,0,0x0010
14637,2026-08-15T10:15:02.077088000-0500,97.210129000,192.168.0.178,192.168.0.148,25565,53414,6408610,65974,229,0,0x0018
14638,2026-08-15T10:15:02.093466000-0500,97.226507000,192.168.0.148,192.168.0.178,53414,25565,65974,6408839,28,0,0x0018
14639,2026-08-15T10:15:02.094797000-0500,97.227838000,192.168.0.148,192.168.0.178,53414,25565,66002,6408839,3,0,0x0018
14640,2026-08-15T10:15:02.095501000-0500,97.228542000,192.168.0.178,192.168.0.148,25565,53414,6408839,66005,0,0,0x0010
14641,2026-08-15T10:15:02.126401000-0500,97.259442000,192.168.0.178,192.168.0.148,25565,53414,6408839,66005,694,0,0x0018
14642,2026-08-15T10:15:02.143302000-0500,97.276343000,192.168.0.148,192.168.0.178,53414,25565,66005,6409533,28,0,0x0018
14643,2026-08-15T10:15:02.144834000-0500,97.277875000,192.168.0.148,192.168.0.178,53414,25565,66033,6409533,3,0,0x0018
14644,2026-08-15T10:15:02.145537000-0500,97.278578000,192.168.0.178,192.168.0.148,25565,53414,6409533,66036,0,0,0x0010
14645,2026-08-15T10:15:02.176428000-0500,97.309469000,192.168.0.178,192.168.0.148,25565,53414,6409533,66036,419,0,0x0018
14646,2026-08-15T10:15:02.193213000-0500,97.326254000,192.168.0.148,192.168.0.178,53414,25565,66036,6409952,28,0,0x0018
14647,2026-08-15T10:15:02.194357000-0500,97.327398000,192.168.0.148,192.168.0.178,53414,25565,66064,6409952,3,0,0x0018
14648,2026-08-15T10:15:02.195057000-0500,97.328098000,192.168.0.178,192.168.0.148,25565,53414,6409952,66067,0,0,0x0010
14649,2026-08-15T10:15:02.226759000-0500,97.359800000,192.168.0.178,192.168.0.148,25565,53414,6409952,66067,198,0,0x0018
14650,2026-08-15T10:15:02.243238000-0500,97.376279000,192.168.0.148,192.168.0.178,53414,25565,66067,6410150,28,0,0x0018
14651,2026-08-15T10:15:02.244578000-0500,97.377619000,192.168.0.148,192.168.0.178,53414,25565,66095,6410150,3,0,0x0018
14652,2026-08-15T10:15:02.245244000-0500,97.378285000,192.168.0.178,192.168.0.148,25565,53414,6410150,66098,0,0,0x0010
14653,2026-08-15T10:15:02.278174000-0500,97.411215000,192.168.0.178,192.168.0.148,25565,53414,6410150,66098,1460,0,0x0010
14654,2026-08-15T10:15:02.278262000-0500,97.411303000,192.168.0.178,192.168.0.148,25565,53414,6411610,66098,1460,0,0x0010
14655,2026-08-15T10:15:02.278273000-0500,97.411314000,192.168.0.148,192.168.0.178,53414,25565,66098,6413070,0,0,0x0010
14656,2026-08-15T10:15:02.278328000-0500,97.411369000,192.168.0.178,192.168.0.148,25565,53414,6413070,66098,1460,0,0x0010
14657,2026-08-15T10:15:02.278487000-0500,97.411528000,192.168.0.178,192.168.0.148,25565,53414,6414530,66098,1460,0,0x0010
14658,2026-08-15T10:15:02.278493000-0500,97.411534000,192.168.0.148,192.168.0.178,53414,25565,66098,6415990,0,0,0x0010
14659,2026-08-15T10:15:02.278594000-0500,97.411635000,192.168.0.178,192.168.0.148,25565,53414,6415990,66098,1460,0,0x0010
14660,2026-08-15T10:15:02.278739000-0500,97.411780000,192.168.0.178,192.168.0.148,25565,53414,6417450,66098,1460,0,0x0010
14661,2026-08-15T10:15:02.278743000-0500,97.411784000,192.168.0.148,192.168.0.178,53414,25565,66098,6418910,0,0,0x0010
14662,2026-08-15T10:15:02.278822000-0500,97.411863000,192.168.0.178,192.168.0.148,25565,53414,6418910,66098,1460,0,0x0010
14663,2026-08-15T10:15:02.278976000-0500,97.412017000,192.168.0.178,192.168.0.148,25565,53414,6420370,66098,1460,0,0x0010
14664,2026-08-15T10:15:02.278981000-0500,97.412022000,192.168.0.148,192.168.0.178,53414,25565,66098,6421830,0,0,0x0010
14665,2026-08-15T10:15:02.279065000-0500,97.412106000,192.168.0.178,192.168.0.148,25565,53414,6421830,66098,1460,0,0x0018
14666,2026-08-15T10:15:02.279185000-0500,97.412226000,192.168.0.178,192.168.0.148,25565,53414,6423290,66098,1460,0,0x0010
14667,2026-08-15T10:15:02.279190000-0500,97.412231000,192.168.0.148,192.168.0.178,53414,25565,66098,6424750,0,0,0x0010
14668,2026-08-15T10:15:02.279343000-0500,97.412384000,192.168.0.178,192.168.0.148,25565,53414,6424750,66098,1460,0,0x0010
14669,2026-08-15T10:15:02.279471000-0500,97.412512000,192.168.0.178,192.168.0.148,25565,53414,6426210,66098,1460,0,0x0010
14670,2026-08-15T10:15:02.279475000-0500,97.412516000,192.168.0.148,192.168.0.178,53414,25565,66098,6427670,0,0,0x0010
14671,2026-08-15T10:15:02.279555000-0500,97.412596000,192.168.0.178,192.168.0.148,25565,53414,6427670,66098,1373,0,0x0018
14672,2026-08-15T10:15:02.293409000-0500,97.426450000,192.168.0.148,192.168.0.178,53414,25565,66098,6429043,28,0,0x0018
14673,2026-08-15T10:15:02.294189000-0500,97.427230000,192.168.0.148,192.168.0.178,53414,25565,66126,6429043,3,0,0x0018
14674,2026-08-15T10:15:02.294723000-0500,97.427764000,192.168.0.178,192.168.0.148,25565,53414,6429043,66129,0,0,0x0010
14675,2026-08-15T10:15:02.326131000-0500,97.459172000,192.168.0.178,192.168.0.148,25565,53414,6429043,66129,416,0,0x0018
14676,2026-08-15T10:15:02.343372000-0500,97.476413000,192.168.0.148,192.168.0.178,53414,25565,66129,6429459,28,0,0x0018
14677,2026-08-15T10:15:02.344516000-0500,97.477557000,192.168.0.148,192.168.0.178,53414,25565,66157,6429459,3,0,0x0018
14678,2026-08-15T10:15:02.345214000-0500,97.478255000,192.168.0.178,192.168.0.148,25565,53414,6429459,66160,0,0,0x0010
14679,2026-08-15T10:15:02.375742000-0500,97.508783000,192.168.0.178,192.168.0.148,25565,53414,6429459,66160,191,0,0x0018
14680,2026-08-15T10:15:02.393758000-0500,97.526799000,192.168.0.148,192.168.0.178,53414,25565,66160,6429650,28,0,0x0018
14681,2026-08-15T10:15:02.394779000-0500,97.527820000,192.168.0.148,192.168.0.178,53414,25565,66188,6429650,3,0,0x0018
14682,2026-08-15T10:15:02.395453000-0500,97.528494000,192.168.0.178,192.168.0.148,25565,53414,6429650,66191,0,0,0x0010
14683,2026-08-15T10:15:02.427126000-0500,97.560167000,192.168.0.178,192.168.0.148,25565,53414,6429650,66191,424,0,0x0018
14684,2026-08-15T10:15:02.443348000-0500,97.576389000,192.168.0.148,192.168.0.178,53414,25565,66191,6430074,28,0,0x0018
14685,2026-08-15T10:15:02.444574000-0500,97.577615000,192.168.0.148,192.168.0.178,53414,25565,66219,6430074,3,0,0x0018
14686,2026-08-15T10:15:02.445281000-0500,97.578322000,192.168.0.178,192.168.0.148,25565,53414,6430074,66222,0,0,0x0010
14687,2026-08-15T10:15:02.476669000-0500,97.609710000,192.168.0.178,192.168.0.148,25565,53414,6430074,66222,241,0,0x0018
14688,2026-08-15T10:15:02.494298000-0500,97.627339000,192.168.0.148,192.168.0.178,53414,25565,66222,6430315,28,0,0x0018
14689,2026-08-15T10:15:02.495713000-0500,97.628754000,192.168.0.148,192.168.0.178,53414,25565,66250,6430315,3,0,0x0018
14690,2026-08-15T10:15:02.496242000-0500,97.629283000,192.168.0.178,192.168.0.148,25565,53414,6430315,66253,0,0,0x0010
14691,2026-08-15T10:15:02.526182000-0500,97.659223000,192.168.0.178,192.168.0.148,25565,53414,6430315,66253,202,0,0x0018
14692,2026-08-15T10:15:02.543025000-0500,97.676066000,192.168.0.148,192.168.0.178,53414,25565,66253,6430517,28,0,0x0018
14693,2026-08-15T10:15:02.544069000-0500,97.677110000,192.168.0.148,192.168.0.178,53414,25565,66281,6430517,3,0,0x0018
14694,2026-08-15T10:15:02.544677000-0500,97.677718000,192.168.0.178,192.168.0.148,25565,53414,6430517,66284,0,0,0x0010
14695,2026-08-15T10:15:02.576964000-0500,97.710005000,192.168.0.178,192.168.0.148,25565,53414,6430517,66284,664,0,0x0018
14696,2026-08-15T10:15:02.592722000-0500,97.725763000,192.168.0.148,192.168.0.178,53414,25565,66284,6431181,28,0,0x0018
14697,2026-08-15T10:15:02.593467000-0500,97.726508000,192.168.0.148,192.168.0.178,53414,25565,66312,6431181,3,0,0x0018
14698,2026-08-15T10:15:02.594163000-0500,97.727204000,192.168.0.178,192.168.0.148,25565,53414,6431181,66315,0,0,0x0010
14699,2026-08-15T10:15:02.626319000-0500,97.759360000,192.168.0.178,192.168.0.148,25565,53414,6431181,66315,93,0,0x0018
14700,2026-08-15T10:15:02.643472000-0500,97.776513000,192.168.0.148,192.168.0.178,53414,25565,66315,6431274,28,0,0x0018
14701,2026-08-15T10:15:02.644517000-0500,97.777558000,192.168.0.148,192.168.0.178,53414,25565,66343,6431274,3,0,0x0018
14702,2026-08-15T10:15:02.645179000-0500,97.778220000,192.168.0.178,192.168.0.148,25565,53414,6431274,66346,0,0,0x0010
14703,2026-08-15T10:15:02.676876000-0500,97.809917000,192.168.0.178,192.168.0.148,25565,53414,6431274,66346,267,0,0x0018
14704,2026-08-15T10:15:02.693525000-0500,97.826566000,192.168.0.148,192.168.0.178,53414,25565,66346,6431541,28,0,0x0018
14705,2026-08-15T10:15:02.694690000-0500,97.827731000,192.168.0.148,192.168.0.178,53414,25565,66374,6431541,3,0,0x0018
14706,2026-08-15T10:15:02.695246000-0500,97.828287000,192.168.0.178,192.168.0.148,25565,53414,6431541,66377,0,0,0x0010
14707,2026-08-15T10:15:02.726913000-0500,97.859954000,192.168.0.178,192.168.0.148,25565,53414,6431541,66377,899,0,0x0018
14708,2026-08-15T10:15:02.743811000-0500,97.876852000,192.168.0.148,192.168.0.178,53414,25565,66377,6432440,28,0,0x0018
14709,2026-08-15T10:15:02.745059000-0500,97.878100000,192.168.0.148,192.168.0.178,53414,25565,66405,6432440,3,0,0x0018
14710,2026-08-15T10:15:02.745638000-0500,97.878679000,192.168.0.178,192.168.0.148,25565,53414,6432440,66408,0,0,0x0010
14711,2026-08-15T10:15:02.776549000-0500,97.909590000,192.168.0.178,192.168.0.148,25565,53414,6432440,66408,291,0,0x0018
14712,2026-08-15T10:15:02.793801000-0500,97.926842000,192.168.0.148,192.168.0.178,53414,25565,66408,6432731,28,0,0x0018
14713,2026-08-15T10:15:02.794787000-0500,97.927828000,192.168.0.178,192.168.0.148,25565,53414,6432731,66436,11,0,0x0018
14714,2026-08-15T10:15:02.794855000-0500,97.927896000,192.168.0.178,192.168.0.148,25565,53414,6432742,66436,13,0,0x0018
14715,2026-08-15T10:15:02.794873000-0500,97.927914000,192.168.0.148,192.168.0.178,53414,25565,66436,6432755,0,0,0x0010
14716,2026-08-15T10:15:02.795028000-0500,97.928069000,192.168.0.148,192.168.0.178,53414,25565,66436,6432755,3,0,0x0018
14717,2026-08-15T10:15:02.836110000-0500,97.969151000,192.168.0.178,192.168.0.148,25565,53414,6432755,66439,0,0,0x0010
14718,2026-08-15T10:15:02.838640000-0500,97.971681000,192.168.0.178,192.168.0.148,25565,53414,6432755,66439,652,0,0x0018
14719,2026-08-15T10:15:02.838926000-0500,97.971967000,192.168.0.148,192.168.0.178,53414,25565,66439,6433407,11,0,0x0018
14720,2026-08-15T10:15:02.839614000-0500,97.972655000,192.168.0.178,192.168.0.148,25565,53414,6433407,66450,0,0,0x0010
14721,2026-08-15T10:15:02.843066000-0500,97.976107000,192.168.0.148,192.168.0.178,53414,25565,66450,6433407,28,0,0x0018
14722,2026-08-15T10:15:02.843808000-0500,97.976849000,192.168.0.178,192.168.0.148,25565,53414,6433407,66478,0,0,0x0010
14723,2026-08-15T10:15:02.843956000-0500,97.976997000,192.168.0.148,192.168.0.178,53414,25565,66478,6433407,3,0,0x0018
14724,2026-08-15T10:15:02.844675000-0500,97.977716000,192.168.0.178,192.168.0.148,25565,53414,6433407,66481,0,0,0x0010
14725,2026-08-15T10:15:02.876437000-0500,98.009478000,192.168.0.178,192.168.0.148,25565,53414,6433407,66481,382,0,0x0018
14726,2026-08-15T10:15:02.893551000-0500,98.026592000,192.168.0.148,192.168.0.178,53414,25565,66481,6433789,28,0,0x0018
14727,2026-08-15T10:15:02.894745000-0500,98.027786000,192.168.0.148,192.168.0.178,53414,25565,66509,6433789,3,0,0x0018
14728,2026-08-15T10:15:02.895406000-0500,98.028447000,192.168.0.178,192.168.0.148,25565,53414,6433789,66512,0,0,0x0010
14729,2026-08-15T10:15:02.928469000-0500,98.061510000,192.168.0.178,192.168.0.148,25565,53414,6433789,66512,1460,0,0x0010
14730,2026-08-15T10:15:02.928530000-0500,98.061571000,192.168.0.178,192.168.0.148,25565,53414,6435249,66512,1460,0,0x0010
14731,2026-08-15T10:15:02.928547000-0500,98.061588000,192.168.0.148,192.168.0.178,53414,25565,66512,6436709,0,0,0x0010
14732,2026-08-15T10:15:02.928665000-0500,98.061706000,192.168.0.178,192.168.0.148,25565,53414,6436709,66512,1460,0,0x0010
14733,2026-08-15T10:15:02.928792000-0500,98.061833000,192.168.0.178,192.168.0.148,25565,53414,6438169,66512,1460,0,0x0010
14734,2026-08-15T10:15:02.928803000-0500,98.061844000,192.168.0.148,192.168.0.178,53414,25565,66512,6439629,0,0,0x0010
14735,2026-08-15T10:15:02.928917000-0500,98.061958000,192.168.0.178,192.168.0.148,25565,53414,6439629,66512,1460,0,0x0010
14736,2026-08-15T10:15:02.929036000-0500,98.062077000,192.168.0.178,192.168.0.148,25565,53414,6441089,66512,1460,0,0x0010
14737,2026-08-15T10:15:02.929042000-0500,98.062083000,192.168.0.148,192.168.0.178,53414,25565,66512,6442549,0,0,0x0010
14738,2026-08-15T10:15:02.929155000-0500,98.062196000,192.168.0.178,192.168.0.148,25565,53414,6442549,66512,1460,0,0x0010
14739,2026-08-15T10:15:02.929250000-0500,98.062291000,192.168.0.178,192.168.0.148,25565,53414,6444009,66512,1460,0,0x0010
14740,2026-08-15T10:15:02.929256000-0500,98.062297000,192.168.0.148,192.168.0.178,53414,25565,66512,6445469,0,0,0x0010
14741,2026-08-15T10:15:02.929375000-0500,98.062416000,192.168.0.178,192.168.0.148,25565,53414,6445469,66512,1460,0,0x0018
14742,2026-08-15T10:15:02.929530000-0500,98.062571000,192.168.0.178,192.168.0.148,25565,53414,6446929,66512,1460,0,0x0010
14743,2026-08-15T10:15:02.929541000-0500,98.062582000,192.168.0.148,192.168.0.178,53414,25565,66512,6448389,0,0,0x0010
14744,2026-08-15T10:15:02.929653000-0500,98.062694000,192.168.0.178,192.168.0.148,25565,53414,6448389,66512,1460,0,0x0010
14745,2026-08-15T10:15:02.929773000-0500,98.062814000,192.168.0.178,192.168.0.148,25565,53414,6449849,66512,1460,0,0x0010
14746,2026-08-15T10:15:02.929781000-0500,98.062822000,192.168.0.148,192.168.0.178,53414,25565,66512,6451309,0,0,0x0010
14747,2026-08-15T10:15:02.929893000-0500,98.062934000,192.168.0.178,192.168.0.148,25565,53414,6451309,66512,1460,0,0x0010
14748,2026-08-15T10:15:02.929947000-0500,98.062988000,192.168.0.178,192.168.0.148,25565,53414,6452769,66512,736,0,0x0018
14749,2026-08-15T10:15:02.929955000-0500,98.062996000,192.168.0.148,192.168.0.178,53414,25565,66512,6453505,0,0,0x0010
14750,2026-08-15T10:15:02.942808000-0500,98.075849000,192.168.0.148,192.168.0.178,53414,25565,66512,6453505,28,0,0x0018
14751,2026-08-15T10:15:02.943400000-0500,98.076441000,192.168.0.148,192.168.0.178,53414,25565,66540,6453505,3,0,0x0018
14752,2026-08-15T10:15:02.943888000-0500,98.076929000,192.168.0.178,192.168.0.148,25565,53414,6453505,66543,0,0,0x0010
14753,2026-08-15T10:15:02.979641000-0500,98.112682000,192.168.0.178,192.168.0.148,25565,53414,6453505,66543,1460,0,0x0010
14754,2026-08-15T10:15:02.979762000-0500,98.112803000,192.168.0.178,192.168.0.148,25565,53414,6454965,66543,1460,0,0x0010
14755,2026-08-15T10:15:02.979773000-0500,98.112814000,192.168.0.148,192.168.0.178,53414,25565,66543,6456425,0,0,0x0010
14756,2026-08-15T10:15:02.979890000-0500,98.112931000,192.168.0.178,192.168.0.148,25565,53414,6456425,66543,1460,0,0x0010
14757,2026-08-15T10:15:02.980011000-0500,98.113052000,192.168.0.178,192.168.0.148,25565,53414,6457885,66543,1460,0,0x0010
14758,2026-08-15T10:15:02.980016000-0500,98.113057000,192.168.0.148,192.168.0.178,53414,25565,66543,6459345,0,0,0x0010
14759,2026-08-15T10:15:02.980099000-0500,98.113140000,192.168.0.178,192.168.0.148,25565,53414,6459345,66543,1460,0,0x0010
14760,2026-08-15T10:15:02.980252000-0500,98.113293000,192.168.0.178,192.168.0.148,25565,53414,6460805,66543,1460,0,0x0010
14761,2026-08-15T10:15:02.980262000-0500,98.113303000,192.168.0.148,192.168.0.178,53414,25565,66543,6462265,0,0,0x0010
14762,2026-08-15T10:15:02.980382000-0500,98.113423000,192.168.0.178,192.168.0.148,25565,53414,6462265,66543,1460,0,0x0010
14763,2026-08-15T10:15:02.980527000-0500,98.113568000,192.168.0.178,192.168.0.148,25565,53414,6463725,66543,1460,0,0x0010
14764,2026-08-15T10:15:02.980535000-0500,98.113576000,192.168.0.148,192.168.0.178,53414,25565,66543,6465185,0,0,0x0010
14765,2026-08-15T10:15:02.980590000-0500,98.113631000,192.168.0.178,192.168.0.148,25565,53414,6465185,66543,1460,0,0x0018
14766,2026-08-15T10:15:02.980786000-0500,98.113827000,192.168.0.178,192.168.0.148,25565,53414,6466645,66543,1460,0,0x0010
14767,2026-08-15T10:15:02.980794000-0500,98.113835000,192.168.0.148,192.168.0.178,53414,25565,66543,6468105,0,0,0x0010
14768,2026-08-15T10:15:02.980839000-0500,98.113880000,192.168.0.178,192.168.0.148,25565,53414,6468105,66543,1460,0,0x0010
14769,2026-08-15T10:15:02.980970000-0500,98.114011000,192.168.0.178,192.168.0.148,25565,53414,6469565,66543,1164,0,0x0018
14770,2026-08-15T10:15:02.980980000-0500,98.114021000,192.168.0.148,192.168.0.178,53414,25565,66543,6470729,0,0,0x0010
14771,2026-08-15T10:15:02.994340000-0500,98.127381000,192.168.0.148,192.168.0.178,53414,25565,66543,6470729,28,0,0x0018
14772,2026-08-15T10:15:02.995644000-0500,98.128685000,192.168.0.148,192.168.0.178,53414,25565,66571,6470729,3,0,0x0018
14773,2026-08-15T10:15:02.996325000-0500,98.129366000,192.168.0.178,192.168.0.148,25565,53414,6470729,66574,0,0,0x0010
14774,2026-08-15T10:15:03.030294000-0500,98.163335000,192.168.0.178,192.168.0.148,25565,53414,6470729,66574,1460,0,0x0010
14775,2026-08-15T10:15:03.030378000-0500,98.163419000,192.168.0.178,192.168.0.148,25565,53414,6472189,66574,1460,0,0x0010
14776,2026-08-15T10:15:03.030393000-0500,98.163434000,192.168.0.148,192.168.0.178,53414,25565,66574,6473649,0,0,0x0010
14777,2026-08-15T10:15:03.030519000-0500,98.163560000,192.168.0.178,192.168.0.148,25565,53414,6473649,66574,1460,0,0x0010
14778,2026-08-15T10:15:03.030661000-0500,98.163702000,192.168.0.178,192.168.0.148,25565,53414,6475109,66574,1460,0,0x0010
14779,2026-08-15T10:15:03.030669000-0500,98.163710000,192.168.0.148,192.168.0.178,53414,25565,66574,6476569,0,0,0x0010
14780,2026-08-15T10:15:03.030781000-0500,98.163822000,192.168.0.178,192.168.0.148,25565,53414,6476569,66574,1460,0,0x0010
14781,2026-08-15T10:15:03.030908000-0500,98.163949000,192.168.0.178,192.168.0.148,25565,53414,6478029,66574,1460,0,0x0010
14782,2026-08-15T10:15:03.030917000-0500,98.163958000,192.168.0.148,192.168.0.178,53414,25565,66574,6479489,0,0,0x0010
14783,2026-08-15T10:15:03.031028000-0500,98.164069000,192.168.0.178,192.168.0.148,25565,53414,6479489,66574,1460,0,0x0010
14784,2026-08-15T10:15:03.031152000-0500,98.164193000,192.168.0.178,192.168.0.148,25565,53414,6480949,66574,1460,0,0x0010
14785,2026-08-15T10:15:03.031157000-0500,98.164198000,192.168.0.148,192.168.0.178,53414,25565,66574,6482409,0,0,0x0010
14786,2026-08-15T10:15:03.031263000-0500,98.164304000,192.168.0.178,192.168.0.148,25565,53414,6482409,66574,1460,0,0x0018
14787,2026-08-15T10:15:03.031383000-0500,98.164424000,192.168.0.178,192.168.0.148,25565,53414,6483869,66574,1460,0,0x0010
14788,2026-08-15T10:15:03.031390000-0500,98.164431000,192.168.0.148,192.168.0.178,53414,25565,66574,6485329,0,0,0x0010
14789,2026-08-15T10:15:03.031447000-0500,98.164488000,192.168.0.178,192.168.0.148,25565,53414,6485329,66574,1029,0,0x0018
14790,2026-08-15T10:15:03.043693000-0500,98.176734000,192.168.0.148,192.168.0.178,53414,25565,66574,6486358,28,0,0x0018
14791,2026-08-15T10:15:03.044709000-0500,98.177750000,192.168.0.148,192.168.0.178,53414,25565,66602,6486358,3,0,0x0018
14792,2026-08-15T10:15:03.045209000-0500,98.178250000,192.168.0.178,192.168.0.148,25565,53414,6486358,66605,0,0,0x0010
14793,2026-08-15T10:15:03.079193000-0500,98.212234000,192.168.0.178,192.168.0.148,25565,53414,6486358,66605,1460,0,0x0010
14794,2026-08-15T10:15:03.079193000-0500,98.212234000,192.168.0.178,192.168.0.148,25565,53414,6487818,66605,1460,0,0x0010
14795,2026-08-15T10:15:03.079275000-0500,98.212316000,192.168.0.148,192.168.0.178,53414,25565,66605,6489278,0,0,0x0010
14796,2026-08-15T10:15:03.079324000-0500,98.212365000,192.168.0.178,192.168.0.148,25565,53414,6489278,66605,1460,0,0x0010
14797,2026-08-15T10:15:03.079461000-0500,98.212502000,192.168.0.178,192.168.0.148,25565,53414,6490738,66605,1460,0,0x0010
14798,2026-08-15T10:15:03.079474000-0500,98.212515000,192.168.0.148,192.168.0.178,53414,25565,66605,6492198,0,0,0x0010
14799,2026-08-15T10:15:03.079535000-0500,98.212576000,192.168.0.178,192.168.0.148,25565,53414,6492198,66605,1313,0,0x0018
14800,2026-08-15T10:15:03.092614000-0500,98.225655000,192.168.0.148,192.168.0.178,53414,25565,66605,6493511,28,0,0x0018
14801,2026-08-15T10:15:03.093178000-0500,98.226219000,192.168.0.148,192.168.0.178,53414,25565,66633,6493511,3,0,0x0018
14802,2026-08-15T10:15:03.093606000-0500,98.226647000,192.168.0.178,192.168.0.148,25565,53414,6493511,66636,0,0,0x0010
14803,2026-08-15T10:15:03.128920000-0500,98.261961000,192.168.0.178,192.168.0.148,25565,53414,6493511,66636,290,0,0x0018
14804,2026-08-15T10:15:03.143166000-0500,98.276207000,192.168.0.148,192.168.0.178,53414,25565,66636,6493801,36,0,0x0018
14805,2026-08-15T10:15:03.144248000-0500,98.277289000,192.168.0.148,192.168.0.178,53414,25565,66672,6493801,3,0,0x0018
14806,2026-08-15T10:15:03.144880000-0500,98.277921000,192.168.0.178,192.168.0.148,25565,53414,6493801,66675,0,0,0x0010
14807,2026-08-15T10:15:03.177584000-0500,98.310625000,192.168.0.178,192.168.0.148,25565,53414,6493801,66675,366,0,0x0018
14808,2026-08-15T10:15:03.193497000-0500,98.326538000,192.168.0.148,192.168.0.178,53414,25565,66675,6494167,4,0,0x0018
14809,2026-08-15T10:15:03.193534000-0500,98.326575000,192.168.0.148,192.168.0.178,53414,25565,66679,6494167,36,0,0x0018
14810,2026-08-15T10:15:03.194280000-0500,98.327321000,192.168.0.178,192.168.0.148,25565,53414,6494167,66715,0,0,0x0010
14811,2026-08-15T10:15:03.194836000-0500,98.327877000,192.168.0.148,192.168.0.178,53414,25565,66715,6494167,3,0,0x0018
14812,2026-08-15T10:15:03.226623000-0500,98.359664000,192.168.0.178,192.168.0.148,25565,53414,6494167,66718,187,0,0x0018
14813,2026-08-15T10:15:03.243531000-0500,98.376572000,192.168.0.148,192.168.0.178,53414,25565,66718,6494354,36,0,0x0018
14814,2026-08-15T10:15:03.244740000-0500,98.377781000,192.168.0.148,192.168.0.178,53414,25565,66754,6494354,3,0,0x0018
14815,2026-08-15T10:15:03.245314000-0500,98.378355000,192.168.0.178,192.168.0.148,25565,53414,6494354,66757,0,0,0x0010
14816,2026-08-15T10:15:03.281186000-0500,98.414227000,192.168.0.178,192.168.0.148,25565,53414,6494354,66757,238,0,0x0018
14817,2026-08-15T10:15:03.292860000-0500,98.425901000,192.168.0.148,192.168.0.178,53414,25565,66757,6494592,36,0,0x0018
14818,2026-08-15T10:15:03.293686000-0500,98.426727000,192.168.0.148,192.168.0.178,53414,25565,66793,6494592,3,0,0x0018
14819,2026-08-15T10:15:03.294310000-0500,98.427351000,192.168.0.178,192.168.0.148,25565,53414,6494592,66796,0,0,0x0010
14820,2026-08-15T10:15:03.331532000-0500,98.464573000,192.168.0.178,192.168.0.148,25565,53414,6494592,66796,694,0,0x0018
14821,2026-08-15T10:15:03.342446000-0500,98.475487000,192.168.0.148,192.168.0.178,53414,25565,66796,6495286,36,0,0x0018
14822,2026-08-15T10:15:03.342974000-0500,98.476015000,192.168.0.148,192.168.0.178,53414,25565,66832,6495286,3,0,0x0018
14823,2026-08-15T10:15:03.343524000-0500,98.476565000,192.168.0.178,192.168.0.148,25565,53414,6495286,66835,0,0,0x0010
14824,2026-08-15T10:15:03.380651000-0500,98.513692000,192.168.0.178,192.168.0.148,25565,53414,6495286,66835,133,0,0x0018
14825,2026-08-15T10:15:03.393528000-0500,98.526569000,192.168.0.148,192.168.0.178,53414,25565,66835,6495419,36,0,0x0018
14826,2026-08-15T10:15:03.394833000-0500,98.527874000,192.168.0.148,192.168.0.178,53414,25565,66871,6495419,3,0,0x0018
14827,2026-08-15T10:15:03.395393000-0500,98.528434000,192.168.0.178,192.168.0.148,25565,53414,6495419,66874,0,0,0x0010
14828,2026-08-15T10:15:03.428974000-0500,98.562015000,192.168.0.178,192.168.0.148,25565,53414,6495419,66874,416,0,0x0018
14829,2026-08-15T10:15:03.443653000-0500,98.576694000,192.168.0.148,192.168.0.178,53414,25565,66874,6495835,36,0,0x0018
14830,2026-08-15T10:15:03.444874000-0500,98.577915000,192.168.0.148,192.168.0.178,53414,25565,66910,6495835,3,0,0x0018
14831,2026-08-15T10:15:03.445433000-0500,98.578474000,192.168.0.178,192.168.0.148,25565,53414,6495835,66913,0,0,0x0010
14832,2026-08-15T10:15:03.479606000-0500,98.612647000,192.168.0.178,192.168.0.148,25565,53414,6495835,66913,1460,0,0x0010
14833,2026-08-15T10:15:03.479709000-0500,98.612750000,192.168.0.178,192.168.0.148,25565,53414,6497295,66913,1460,0,0x0010
14834,2026-08-15T10:15:03.479732000-0500,98.612773000,192.168.0.148,192.168.0.178,53414,25565,66913,6498755,0,0,0x0010
14835,2026-08-15T10:15:03.479805000-0500,98.612846000,192.168.0.178,192.168.0.148,25565,53414,6498755,66913,1460,0,0x0010
14836,2026-08-15T10:15:03.479966000-0500,98.613007000,192.168.0.178,192.168.0.148,25565,53414,6500215,66913,1460,0,0x0010
14837,2026-08-15T10:15:03.479980000-0500,98.613021000,192.168.0.148,192.168.0.178,53414,25565,66913,6501675,0,0,0x0010
14838,2026-08-15T10:15:03.480096000-0500,98.613137000,192.168.0.178,192.168.0.148,25565,53414,6501675,66913,1460,0,0x0010
14839,2026-08-15T10:15:03.480220000-0500,98.613261000,192.168.0.178,192.168.0.148,25565,53414,6503135,66913,1460,0,0x0010
14840,2026-08-15T10:15:03.480227000-0500,98.613268000,192.168.0.148,192.168.0.178,53414,25565,66913,6504595,0,0,0x0010
14841,2026-08-15T10:15:03.480296000-0500,98.613337000,192.168.0.178,192.168.0.148,25565,53414,6504595,66913,1460,0,0x0010
14842,2026-08-15T10:15:03.480459000-0500,98.613500000,192.168.0.178,192.168.0.148,25565,53414,6506055,66913,1460,0,0x0010
14843,2026-08-15T10:15:03.480470000-0500,98.613511000,192.168.0.148,192.168.0.178,53414,25565,66913,6507515,0,0,0x0010
14844,2026-08-15T10:15:03.480530000-0500,98.613571000,192.168.0.178,192.168.0.148,25565,53414,6507515,66913,1258,0,0x0018
14845,2026-08-15T10:15:03.493615000-0500,98.626656000,192.168.0.148,192.168.0.178,53414,25565,66913,6508773,28,0,0x0018
14846,2026-08-15T10:15:03.495212000-0500,98.628253000,192.168.0.148,192.168.0.178,53414,25565,66941,6508773,3,0,0x0018
14847,2026-08-15T10:15:03.495740000-0500,98.628781000,192.168.0.178,192.168.0.148,25565,53414,6508773,66944,0,0,0x0010
14848,2026-08-15T10:15:03.528174000-0500,98.661215000,192.168.0.178,192.168.0.148,25565,53414,6508773,66944,1460,0,0x0010
14849,2026-08-15T10:15:03.528304000-0500,98.661345000,192.168.0.178,192.168.0.148,25565,53414,6510233,66944,1460,0,0x0010
14850,2026-08-15T10:15:03.528329000-0500,98.661370000,192.168.0.148,192.168.0.178,53414,25565,66944,6511693,0,0,0x0010
14851,2026-08-15T10:15:03.528376000-0500,98.661417000,192.168.0.178,192.168.0.148,25565,53414,6511693,66944,1460,0,0x0010
14852,2026-08-15T10:15:03.528444000-0500,98.661485000,192.168.0.178,192.168.0.148,25565,53414,6513153,66944,1460,0,0x0010
14853,2026-08-15T10:15:03.528454000-0500,98.661495000,192.168.0.148,192.168.0.178,53414,25565,66944,6514613,0,0,0x0010
14854,2026-08-15T10:15:03.528572000-0500,98.661613000,192.168.0.178,192.168.0.148,25565,53414,6514613,66944,1460,0,0x0010
14855,2026-08-15T10:15:03.528726000-0500,98.661767000,192.168.0.178,192.168.0.148,25565,53414,6516073,66944,1460,0,0x0010
14856,2026-08-15T10:15:03.528734000-0500,98.661775000,192.168.0.148,192.168.0.178,53414,25565,66944,6517533,0,0,0x0010
14857,2026-08-15T10:15:03.528848000-0500,98.661889000,192.168.0.178,192.168.0.148,25565,53414,6517533,66944,1460,0,0x0010
14858,2026-08-15T10:15:03.528971000-0500,98.662012000,192.168.0.178,192.168.0.148,25565,53414,6518993,66944,1460,0,0x0010
14859,2026-08-15T10:15:03.528984000-0500,98.662025000,192.168.0.148,192.168.0.178,53414,25565,66944,6520453,0,0,0x0010
14860,2026-08-15T10:15:03.529101000-0500,98.662142000,192.168.0.178,192.168.0.148,25565,53414,6520453,66944,1460,0,0x0018
14861,2026-08-15T10:15:03.529244000-0500,98.662285000,192.168.0.178,192.168.0.148,25565,53414,6521913,66944,1460,0,0x0010
14862,2026-08-15T10:15:03.529264000-0500,98.662305000,192.168.0.148,192.168.0.178,53414,25565,66944,6523373,0,0,0x0010
14863,2026-08-15T10:15:03.529349000-0500,98.662390000,192.168.0.178,192.168.0.148,25565,53414,6523373,66944,862,0,0x0018
14864,2026-08-15T10:15:03.542533000-0500,98.675574000,192.168.0.148,192.168.0.178,53414,25565,66944,6524235,28,0,0x0018
14865,2026-08-15T10:15:03.543151000-0500,98.676192000,192.168.0.148,192.168.0.178,53414,25565,66972,6524235,3,0,0x0018
14866,2026-08-15T10:15:03.543698000-0500,98.676739000,192.168.0.178,192.168.0.148,25565,53414,6524235,66975,0,0,0x0010
14867,2026-08-15T10:15:03.578868000-0500,98.711909000,192.168.0.178,192.168.0.148,25565,53414,6524235,66975,1460,0,0x0010
14868,2026-08-15T10:15:03.578938000-0500,98.711979000,192.168.0.178,192.168.0.148,25565,53414,6525695,66975,1460,0,0x0010
14869,2026-08-15T10:15:03.578952000-0500,98.711993000,192.168.0.148,192.168.0.178,53414,25565,66975,6527155,0,0,0x0010
14870,2026-08-15T10:15:03.579020000-0500,98.712061000,192.168.0.178,192.168.0.148,25565,53414,6527155,66975,1460,0,0x0010
14871,2026-08-15T10:15:03.579156000-0500,98.712197000,192.168.0.178,192.168.0.148,25565,53414,6528615,66975,1460,0,0x0010
14872,2026-08-15T10:15:03.579168000-0500,98.712209000,192.168.0.148,192.168.0.178,53414,25565,66975,6530075,0,0,0x0010
14873,2026-08-15T10:15:03.579294000-0500,98.712335000,192.168.0.178,192.168.0.148,25565,53414,6530075,66975,1460,0,0x0010
14874,2026-08-15T10:15:03.579426000-0500,98.712467000,192.168.0.178,192.168.0.148,25565,53414,6531535,66975,1460,0,0x0010
14875,2026-08-15T10:15:03.579431000-0500,98.712472000,192.168.0.148,192.168.0.178,53414,25565,66975,6532995,0,0,0x0010
14876,2026-08-15T10:15:03.579547000-0500,98.712588000,192.168.0.178,192.168.0.148,25565,53414,6532995,66975,1460,0,0x0010
14877,2026-08-15T10:15:03.579671000-0500,98.712712000,192.168.0.178,192.168.0.148,25565,53414,6534455,66975,1460,0,0x0010
14878,2026-08-15T10:15:03.579680000-0500,98.712721000,192.168.0.148,192.168.0.178,53414,25565,66975,6535915,0,0,0x0010
14879,2026-08-15T10:15:03.579791000-0500,98.712832000,192.168.0.178,192.168.0.148,25565,53414,6535915,66975,1460,0,0x0018
14880,2026-08-15T10:15:03.579919000-0500,98.712960000,192.168.0.178,192.168.0.148,25565,53414,6537375,66975,1460,0,0x0010
14881,2026-08-15T10:15:03.579927000-0500,98.712968000,192.168.0.148,192.168.0.178,53414,25565,66975,6538835,0,0,0x0010
14882,2026-08-15T10:15:03.580039000-0500,98.713080000,192.168.0.178,192.168.0.148,25565,53414,6538835,66975,1460,0,0x0010
14883,2026-08-15T10:15:03.580164000-0500,98.713205000,192.168.0.178,192.168.0.148,25565,53414,6540295,66975,1460,0,0x0010
14884,2026-08-15T10:15:03.580175000-0500,98.713216000,192.168.0.148,192.168.0.178,53414,25565,66975,6541755,0,0,0x0010
14885,2026-08-15T10:15:03.580292000-0500,98.713333000,192.168.0.178,192.168.0.148,25565,53414,6541755,66975,1460,0,0x0010
14886,2026-08-15T10:15:03.580292000-0500,98.713333000,192.168.0.178,192.168.0.148,25565,53414,6543215,66975,489,0,0x0018
14887,2026-08-15T10:15:03.580304000-0500,98.713345000,192.168.0.148,192.168.0.178,53414,25565,66975,6543704,0,0,0x0010
14888,2026-08-15T10:15:03.594520000-0500,98.727561000,192.168.0.148,192.168.0.178,53414,25565,66975,6543704,28,0,0x0018
14889,2026-08-15T10:15:03.595476000-0500,98.728517000,192.168.0.148,192.168.0.178,53414,25565,67003,6543704,3,0,0x0018
14890,2026-08-15T10:15:03.596095000-0500,98.729136000,192.168.0.178,192.168.0.148,25565,53414,6543704,67006,0,0,0x0010
14891,2026-08-15T10:15:03.627517000-0500,98.760558000,192.168.0.178,192.168.0.148,25565,53414,6543704,67006,1460,0,0x0010
14892,2026-08-15T10:15:03.627582000-0500,98.760623000,192.168.0.178,192.168.0.148,25565,53414,6545164,67006,1460,0,0x0010
14893,2026-08-15T10:15:03.627595000-0500,98.760636000,192.168.0.148,192.168.0.178,53414,25565,67006,6546624,0,0,0x0010
14894,2026-08-15T10:15:03.627718000-0500,98.760759000,192.168.0.178,192.168.0.148,25565,53414,6546624,67006,1460,0,0x0010
14895,2026-08-15T10:15:03.627841000-0500,98.760882000,192.168.0.178,192.168.0.148,25565,53414,6548084,67006,1460,0,0x0010
14896,2026-08-15T10:15:03.627851000-0500,98.760892000,192.168.0.148,192.168.0.178,53414,25565,67006,6549544,0,0,0x0010
14897,2026-08-15T10:15:03.627956000-0500,98.760997000,192.168.0.178,192.168.0.148,25565,53414,6549544,67006,1460,0,0x0010
14898,2026-08-15T10:15:03.628077000-0500,98.761118000,192.168.0.178,192.168.0.148,25565,53414,6551004,67006,1460,0,0x0010
14899,2026-08-15T10:15:03.628083000-0500,98.761124000,192.168.0.148,192.168.0.178,53414,25565,67006,6552464,0,0,0x0010
14900,2026-08-15T10:15:03.628203000-0500,98.761244000,192.168.0.178,192.168.0.148,25565,53414,6552464,67006,1460,0,0x0010
14901,2026-08-15T10:15:03.628324000-0500,98.761365000,192.168.0.178,192.168.0.148,25565,53414,6553924,67006,1460,0,0x0010
14902,2026-08-15T10:15:03.628334000-0500,98.761375000,192.168.0.148,192.168.0.178,53414,25565,67006,6555384,0,0,0x0010
14903,2026-08-15T10:15:03.628450000-0500,98.761491000,192.168.0.178,192.168.0.148,25565,53414,6555384,67006,1460,0,0x0018
14904,2026-08-15T10:15:03.628576000-0500,98.761617000,192.168.0.178,192.168.0.148,25565,53414,6556844,67006,1460,0,0x0010
14905,2026-08-15T10:15:03.628581000-0500,98.761622000,192.168.0.148,192.168.0.178,53414,25565,67006,6558304,0,0,0x0010
14906,2026-08-15T10:15:03.628693000-0500,98.761734000,192.168.0.178,192.168.0.148,25565,53414,6558304,67006,1460,0,0x0010
14907,2026-08-15T10:15:03.628815000-0500,98.761856000,192.168.0.178,192.168.0.148,25565,53414,6559764,67006,1460,0,0x0010
14908,2026-08-15T10:15:03.628815000-0500,98.761856000,192.168.0.178,192.168.0.148,25565,53414,6561224,67006,454,0,0x0018
14909,2026-08-15T10:15:03.628829000-0500,98.761870000,192.168.0.148,192.168.0.178,53414,25565,67006,6561678,0,0,0x0010
14910,2026-08-15T10:15:03.643294000-0500,98.776335000,192.168.0.148,192.168.0.178,53414,25565,67006,6561678,4,0,0x0018
14911,2026-08-15T10:15:03.643317000-0500,98.776358000,192.168.0.148,192.168.0.178,53414,25565,67010,6561678,28,0,0x0018
14912,2026-08-15T10:15:03.643759000-0500,98.776800000,192.168.0.178,192.168.0.148,25565,53414,6561678,67038,0,0,0x0010
14913,2026-08-15T10:15:03.644048000-0500,98.777089000,192.168.0.148,192.168.0.178,53414,25565,67038,6561678,3,0,0x0018
14914,2026-08-15T10:15:03.678148000-0500,98.811189000,192.168.0.178,192.168.0.148,25565,53414,6561678,67041,1460,0,0x0010
14915,2026-08-15T10:15:03.678216000-0500,98.811257000,192.168.0.178,192.168.0.148,25565,53414,6563138,67041,1460,0,0x0010
14916,2026-08-15T10:15:03.678229000-0500,98.811270000,192.168.0.148,192.168.0.178,53414,25565,67041,6564598,0,0,0x0010
14917,2026-08-15T10:15:03.678353000-0500,98.811394000,192.168.0.178,192.168.0.148,25565,53414,6564598,67041,1460,0,0x0010
14918,2026-08-15T10:15:03.678431000-0500,98.811472000,192.168.0.178,192.168.0.148,25565,53414,6566058,67041,1460,0,0x0010
14919,2026-08-15T10:15:03.678443000-0500,98.811484000,192.168.0.148,192.168.0.178,53414,25565,67041,6567518,0,0,0x0010
14920,2026-08-15T10:15:03.678574000-0500,98.811615000,192.168.0.178,192.168.0.148,25565,53414,6567518,67041,1460,0,0x0010
14921,2026-08-15T10:15:03.678712000-0500,98.811753000,192.168.0.178,192.168.0.148,25565,53414,6568978,67041,1460,0,0x0010
14922,2026-08-15T10:15:03.678725000-0500,98.811766000,192.168.0.148,192.168.0.178,53414,25565,67041,6570438,0,0,0x0010
14923,2026-08-15T10:15:03.678845000-0500,98.811886000,192.168.0.178,192.168.0.148,25565,53414,6570438,67041,1460,0,0x0010
14924,2026-08-15T10:15:03.678923000-0500,98.811964000,192.168.0.178,192.168.0.148,25565,53414,6571898,67041,1460,0,0x0010
14925,2026-08-15T10:15:03.678936000-0500,98.811977000,192.168.0.148,192.168.0.178,53414,25565,67041,6573358,0,0,0x0010
14926,2026-08-15T10:15:03.679067000-0500,98.812108000,192.168.0.178,192.168.0.148,25565,53414,6573358,67041,1460,0,0x0018
14927,2026-08-15T10:15:03.679224000-0500,98.812265000,192.168.0.178,192.168.0.148,25565,53414,6574818,67041,1460,0,0x0010
14928,2026-08-15T10:15:03.679233000-0500,98.812274000,192.168.0.148,192.168.0.178,53414,25565,67041,6576278,0,0,0x0010
14929,2026-08-15T10:15:03.679294000-0500,98.812335000,192.168.0.178,192.168.0.148,25565,53414,6576278,67041,1460,0,0x0010
14930,2026-08-15T10:15:03.679449000-0500,98.812490000,192.168.0.178,192.168.0.148,25565,53414,6577738,67041,1460,0,0x0010
14931,2026-08-15T10:15:03.679457000-0500,98.812498000,192.168.0.148,192.168.0.178,53414,25565,67041,6579198,0,0,0x0010
14932,2026-08-15T10:15:03.679574000-0500,98.812615000,192.168.0.178,192.168.0.148,25565,53414,6579198,67041,1460,0,0x0010
14933,2026-08-15T10:15:03.679697000-0500,98.812738000,192.168.0.178,192.168.0.148,25565,53414,6580658,67041,1460,0,0x0010
14934,2026-08-15T10:15:03.679708000-0500,98.812749000,192.168.0.148,192.168.0.178,53414,25565,67041,6582118,0,0,0x0010
14935,2026-08-15T10:15:03.679781000-0500,98.812822000,192.168.0.178,192.168.0.148,25565,53414,6582118,67041,625,0,0x0018
14936,2026-08-15T10:15:03.692565000-0500,98.825606000,192.168.0.148,192.168.0.178,53414,25565,67041,6582743,28,0,0x0018
14937,2026-08-15T10:15:03.693085000-0500,98.826126000,192.168.0.148,192.168.0.178,53414,25565,67069,6582743,3,0,0x0018
14938,2026-08-15T10:15:03.693605000-0500,98.826646000,192.168.0.178,192.168.0.148,25565,53414,6582743,67072,0,0,0x0010
14939,2026-08-15T10:15:03.727532000-0500,98.860573000,192.168.0.178,192.168.0.148,25565,53414,6582743,67072,1460,0,0x0010
14940,2026-08-15T10:15:03.727615000-0500,98.860656000,192.168.0.178,192.168.0.148,25565,53414,6584203,67072,1460,0,0x0010
14941,2026-08-15T10:15:03.727628000-0500,98.860669000,192.168.0.148,192.168.0.178,53414,25565,67072,6585663,0,0,0x0010
14942,2026-08-15T10:15:03.727751000-0500,98.860792000,192.168.0.178,192.168.0.148,25565,53414,6585663,67072,1460,0,0x0010
14943,2026-08-15T10:15:03.727901000-0500,98.860942000,192.168.0.178,192.168.0.148,25565,53414,6587123,67072,1460,0,0x0010
14944,2026-08-15T10:15:03.727907000-0500,98.860948000,192.168.0.148,192.168.0.178,53414,25565,67072,6588583,0,0,0x0010
14945,2026-08-15T10:15:03.728019000-0500,98.861060000,192.168.0.178,192.168.0.148,25565,53414,6588583,67072,1460,0,0x0010
14946,2026-08-15T10:15:03.728142000-0500,98.861183000,192.168.0.178,192.168.0.148,25565,53414,6590043,67072,1460,0,0x0010
14947,2026-08-15T10:15:03.728148000-0500,98.861189000,192.168.0.148,192.168.0.178,53414,25565,67072,6591503,0,0,0x0010
14948,2026-08-15T10:15:03.728264000-0500,98.861305000,192.168.0.178,192.168.0.148,25565,53414,6591503,67072,1460,0,0x0010
14949,2026-08-15T10:15:03.728393000-0500,98.861434000,192.168.0.178,192.168.0.148,25565,53414,6592963,67072,1460,0,0x0010
14950,2026-08-15T10:15:03.728397000-0500,98.861438000,192.168.0.148,192.168.0.178,53414,25565,67072,6594423,0,0,0x0010
14951,2026-08-15T10:15:03.728477000-0500,98.861518000,192.168.0.178,192.168.0.148,25565,53414,6594423,67072,1460,0,0x0018
14952,2026-08-15T10:15:03.728599000-0500,98.861640000,192.168.0.178,192.168.0.148,25565,53414,6595883,67072,1460,0,0x0010
14953,2026-08-15T10:15:03.728605000-0500,98.861646000,192.168.0.148,192.168.0.178,53414,25565,67072,6597343,0,0,0x0010
14954,2026-08-15T10:15:03.728721000-0500,98.861762000,192.168.0.178,192.168.0.148,25565,53414,6597343,67072,1460,0,0x0010
14955,2026-08-15T10:15:03.728831000-0500,98.861872000,192.168.0.178,192.168.0.148,25565,53414,6598803,67072,831,0,0x0018
14956,2026-08-15T10:15:03.728838000-0500,98.861879000,192.168.0.148,192.168.0.178,53414,25565,67072,6599634,0,0,0x0010
14957,2026-08-15T10:15:03.743788000-0500,98.876829000,192.168.0.148,192.168.0.178,53414,25565,67072,6599634,28,0,0x0018
14958,2026-08-15T10:15:03.744800000-0500,98.877841000,192.168.0.148,192.168.0.178,53414,25565,67100,6599634,3,0,0x0018
14959,2026-08-15T10:15:03.745375000-0500,98.878416000,192.168.0.178,192.168.0.148,25565,53414,6599634,67103,0,0,0x0010
14960,2026-08-15T10:15:03.779781000-0500,98.912822000,192.168.0.178,192.168.0.148,25565,53414,6599634,67103,1460,0,0x0010
14961,2026-08-15T10:15:03.779906000-0500,98.912947000,192.168.0.178,192.168.0.148,25565,53414,6601094,67103,1460,0,0x0010
14962,2026-08-15T10:15:03.779925000-0500,98.912966000,192.168.0.148,192.168.0.178,53414,25565,67103,6602554,0,0,0x0010
14963,2026-08-15T10:15:03.779987000-0500,98.913028000,192.168.0.178,192.168.0.148,25565,53414,6602554,67103,1460,0,0x0010
14964,2026-08-15T10:15:03.780146000-0500,98.913187000,192.168.0.178,192.168.0.148,25565,53414,6604014,67103,1460,0,0x0010
14965,2026-08-15T10:15:03.780154000-0500,98.913195000,192.168.0.148,192.168.0.178,53414,25565,67103,6605474,0,0,0x0010
14966,2026-08-15T10:15:03.780271000-0500,98.913312000,192.168.0.178,192.168.0.148,25565,53414,6605474,67103,1460,0,0x0010
14967,2026-08-15T10:15:03.780391000-0500,98.913432000,192.168.0.178,192.168.0.148,25565,53414,6606934,67103,1460,0,0x0010
14968,2026-08-15T10:15:03.780401000-0500,98.913442000,192.168.0.148,192.168.0.178,53414,25565,67103,6608394,0,0,0x0010
14969,2026-08-15T10:15:03.780512000-0500,98.913553000,192.168.0.178,192.168.0.148,25565,53414,6608394,67103,1460,0,0x0010
14970,2026-08-15T10:15:03.780638000-0500,98.913679000,192.168.0.178,192.168.0.148,25565,53414,6609854,67103,1460,0,0x0010
14971,2026-08-15T10:15:03.780644000-0500,98.913685000,192.168.0.148,192.168.0.178,53414,25565,67103,6611314,0,0,0x0010
14972,2026-08-15T10:15:03.780759000-0500,98.913800000,192.168.0.178,192.168.0.148,25565,53414,6611314,67103,1460,0,0x0018
14973,2026-08-15T10:15:03.780912000-0500,98.913953000,192.168.0.178,192.168.0.148,25565,53414,6612774,67103,1460,0,0x0010
14974,2026-08-15T10:15:03.780924000-0500,98.913965000,192.168.0.148,192.168.0.178,53414,25565,67103,6614234,0,0,0x0010
14975,2026-08-15T10:15:03.780973000-0500,98.914014000,192.168.0.178,192.168.0.148,25565,53414,6614234,67103,1460,0,0x0010
14976,2026-08-15T10:15:03.781132000-0500,98.914173000,192.168.0.178,192.168.0.148,25565,53414,6615694,67103,1460,0,0x0010
14977,2026-08-15T10:15:03.781139000-0500,98.914180000,192.168.0.148,192.168.0.178,53414,25565,67103,6617154,0,0,0x0010
14978,2026-08-15T10:15:03.781273000-0500,98.914314000,192.168.0.178,192.168.0.148,25565,53414,6617154,67103,1460,0,0x0010
14979,2026-08-15T10:15:03.781338000-0500,98.914379000,192.168.0.178,192.168.0.148,25565,53414,6618614,67103,1460,0,0x0010
14980,2026-08-15T10:15:03.781352000-0500,98.914393000,192.168.0.148,192.168.0.178,53414,25565,67103,6620074,0,0,0x0010
14981,2026-08-15T10:15:03.781428000-0500,98.914469000,192.168.0.178,192.168.0.148,25565,53414,6620074,67103,95,0,0x0018
14982,2026-08-15T10:15:03.792724000-0500,98.925765000,192.168.0.148,192.168.0.178,53414,25565,67103,6620169,4,0,0x0018
14983,2026-08-15T10:15:03.792740000-0500,98.925781000,192.168.0.148,192.168.0.178,53414,25565,67107,6620169,28,0,0x0018
14984,2026-08-15T10:15:03.793316000-0500,98.926357000,192.168.0.148,192.168.0.178,53414,25565,67135,6620169,3,0,0x0018
14985,2026-08-15T10:15:03.793363000-0500,98.926404000,192.168.0.178,192.168.0.148,25565,53414,6620169,67135,0,0,0x0010
14986,2026-08-15T10:15:03.828061000-0500,98.961102000,192.168.0.178,192.168.0.148,25565,53414,6620169,67138,1460,0,0x0010
14987,2026-08-15T10:15:03.828121000-0500,98.961162000,192.168.0.178,192.168.0.148,25565,53414,6621629,67138,1460,0,0x0010
14988,2026-08-15T10:15:03.828132000-0500,98.961173000,192.168.0.148,192.168.0.178,53414,25565,67138,6623089,0,0,0x0010
14989,2026-08-15T10:15:03.828260000-0500,98.961301000,192.168.0.178,192.168.0.148,25565,53414,6623089,67138,1460,0,0x0010
14990,2026-08-15T10:15:03.828383000-0500,98.961424000,192.168.0.178,192.168.0.148,25565,53414,6624549,67138,1460,0,0x0010
14991,2026-08-15T10:15:03.828388000-0500,98.961429000,192.168.0.148,192.168.0.178,53414,25565,67138,6626009,0,0,0x0010
14992,2026-08-15T10:15:03.828502000-0500,98.961543000,192.168.0.178,192.168.0.148,25565,53414,6626009,67138,1460,0,0x0010
14993,2026-08-15T10:15:03.828629000-0500,98.961670000,192.168.0.178,192.168.0.148,25565,53414,6627469,67138,1460,0,0x0010
14994,2026-08-15T10:15:03.828637000-0500,98.961678000,192.168.0.148,192.168.0.178,53414,25565,67138,6628929,0,0,0x0010
14995,2026-08-15T10:15:03.828751000-0500,98.961792000,192.168.0.178,192.168.0.148,25565,53414,6628929,67138,1460,0,0x0010
14996,2026-08-15T10:15:03.828874000-0500,98.961915000,192.168.0.178,192.168.0.148,25565,53414,6630389,67138,1460,0,0x0010
14997,2026-08-15T10:15:03.828882000-0500,98.961923000,192.168.0.148,192.168.0.178,53414,25565,67138,6631849,0,0,0x0010
14998,2026-08-15T10:15:03.828994000-0500,98.962035000,192.168.0.178,192.168.0.148,25565,53414,6631849,67138,1460,0,0x0018
14999,2026-08-15T10:15:03.829042000-0500,98.962083000,192.168.0.178,192.168.0.148,25565,53414,6633309,67138,571,0,0x0018
15000,2026-08-15T10:15:03.829052000-0500,98.962093000,192.168.0.148,192.168.0.178,53414,25565,67138,6633880,0,0,0x0010
15001,2026-08-15T10:15:03.843984000-0500,98.977025000,192.168.0.148,192.168.0.178,53414,25565,67138,6633880,28,0,0x0018
15002,2026-08-15T10:15:03.845275000-0500,98.978316000,192.168.0.148,192.168.0.178,53414,25565,67166,6633880,3,0,0x0018
15003,2026-08-15T10:15:03.845848000-0500,98.978889000,192.168.0.178,192.168.0.148,25565,53414,6633880,67169,0,0,0x0010
15004,2026-08-15T10:15:03.876619000-0500,99.009660000,192.168.0.178,192.168.0.148,25565,53414,6633880,67169,1460,0,0x0010
15005,2026-08-15T10:15:03.876762000-0500,99.009803000,192.168.0.178,192.168.0.148,25565,53414,6635340,67169,1460,0,0x0010
15006,2026-08-15T10:15:03.876774000-0500,99.009815000,192.168.0.148,192.168.0.178,53414,25565,67169,6636800,0,0,0x0010
15007,2026-08-15T10:15:03.876894000-0500,99.009935000,192.168.0.178,192.168.0.148,25565,53414,6636800,67169,1460,0,0x0010
15008,2026-08-15T10:15:03.877014000-0500,99.010055000,192.168.0.178,192.168.0.148,25565,53414,6638260,67169,1460,0,0x0010
15009,2026-08-15T10:15:03.877022000-0500,99.010063000,192.168.0.148,192.168.0.178,53414,25565,67169,6639720,0,0,0x0010
15010,2026-08-15T10:15:03.877137000-0500,99.010178000,192.168.0.178,192.168.0.148,25565,53414,6639720,67169,1460,0,0x0010
15011,2026-08-15T10:15:03.877254000-0500,99.010295000,192.168.0.178,192.168.0.148,25565,53414,6641180,67169,1460,0,0x0010
15012,2026-08-15T10:15:03.877263000-0500,99.010304000,192.168.0.148,192.168.0.178,53414,25565,67169,6642640,0,0,0x0010
15013,2026-08-15T10:15:03.877374000-0500,99.010415000,192.168.0.178,192.168.0.148,25565,53414,6642640,67169,1460,0,0x0010
15014,2026-08-15T10:15:03.877500000-0500,99.010541000,192.168.0.178,192.168.0.148,25565,53414,6644100,67169,1460,0,0x0010
15015,2026-08-15T10:15:03.877508000-0500,99.010549000,192.168.0.148,192.168.0.178,53414,25565,67169,6645560,0,0,0x0010
15016,2026-08-15T10:15:03.877621000-0500,99.010662000,192.168.0.178,192.168.0.148,25565,53414,6645560,67169,1460,0,0x0018
15017,2026-08-15T10:15:03.877745000-0500,99.010786000,192.168.0.178,192.168.0.148,25565,53414,6647020,67169,1460,0,0x0010
15018,2026-08-15T10:15:03.877756000-0500,99.010797000,192.168.0.148,192.168.0.178,53414,25565,67169,6648480,0,0,0x0010
15019,2026-08-15T10:15:03.877865000-0500,99.010906000,192.168.0.178,192.168.0.148,25565,53414,6648480,67169,1460,0,0x0010
15020,2026-08-15T10:15:03.877991000-0500,99.011032000,192.168.0.178,192.168.0.148,25565,53414,6649940,67169,1460,0,0x0010
15021,2026-08-15T10:15:03.877996000-0500,99.011037000,192.168.0.148,192.168.0.178,53414,25565,67169,6651400,0,0,0x0010
15022,2026-08-15T10:15:03.878114000-0500,99.011155000,192.168.0.178,192.168.0.148,25565,53414,6651400,67169,1460,0,0x0010
15023,2026-08-15T10:15:03.878168000-0500,99.011209000,192.168.0.178,192.168.0.148,25565,53414,6652860,67169,852,0,0x0018
15024,2026-08-15T10:15:03.878178000-0500,99.011219000,192.168.0.148,192.168.0.178,53414,25565,67169,6653712,0,0,0x0010
15025,2026-08-15T10:15:03.878415000-0500,99.011456000,192.168.0.148,192.168.0.178,53414,25565,67169,6653712,11,0,0x0018
15026,2026-08-15T10:15:03.893974000-0500,99.027015000,192.168.0.148,192.168.0.178,53414,25565,67180,6653712,28,0,0x0018
15027,2026-08-15T10:15:03.894687000-0500,99.027728000,192.168.0.178,192.168.0.148,25565,53414,6653712,67208,0,0,0x0010
15028,2026-08-15T10:15:03.895130000-0500,99.028171000,192.168.0.148,192.168.0.178,53414,25565,67208,6653712,3,0,0x0018
15029,2026-08-15T10:15:03.928554000-0500,99.061595000,192.168.0.178,192.168.0.148,25565,53414,6653712,67211,1460,0,0x0010
15030,2026-08-15T10:15:03.928610000-0500,99.061651000,192.168.0.178,192.168.0.148,25565,53414,6655172,67211,1460,0,0x0010
15031,2026-08-15T10:15:03.928621000-0500,99.061662000,192.168.0.148,192.168.0.178,53414,25565,67211,6656632,0,0,0x0010
15032,2026-08-15T10:15:03.928742000-0500,99.061783000,192.168.0.178,192.168.0.148,25565,53414,6656632,67211,1460,0,0x0010
15033,2026-08-15T10:15:03.928873000-0500,99.061914000,192.168.0.178,192.168.0.148,25565,53414,6658092,67211,1460,0,0x0010
15034,2026-08-15T10:15:03.928880000-0500,99.061921000,192.168.0.148,192.168.0.178,53414,25565,67211,6659552,0,0,0x0010
15035,2026-08-15T10:15:03.928999000-0500,99.062040000,192.168.0.178,192.168.0.148,25565,53414,6659552,67211,1460,0,0x0010
15036,2026-08-15T10:15:03.929126000-0500,99.062167000,192.168.0.178,192.168.0.148,25565,53414,6661012,67211,1460,0,0x0010
15037,2026-08-15T10:15:03.929155000-0500,99.062196000,192.168.0.148,192.168.0.178,53414,25565,67211,6662472,0,0,0x0010
15038,2026-08-15T10:15:03.929207000-0500,99.062248000,192.168.0.178,192.168.0.148,25565,53414,6662472,67211,1460,0,0x0010
15039,2026-08-15T10:15:03.929366000-0500,99.062407000,192.168.0.178,192.168.0.148,25565,53414,6663932,67211,1460,0,0x0010
15040,2026-08-15T10:15:03.929378000-0500,99.062419000,192.168.0.148,192.168.0.178,53414,25565,67211,6665392,0,0,0x0010
15041,2026-08-15T10:15:03.929479000-0500,99.062520000,192.168.0.178,192.168.0.148,25565,53414,6665392,67211,1460,0,0x0018
15042,2026-08-15T10:15:03.931296000-0500,99.064337000,192.168.0.178,192.168.0.148,25565,53414,6666852,67211,1460,0,0x0010
15043,2026-08-15T10:15:03.931296000-0500,99.064337000,192.168.0.178,192.168.0.148,25565,53414,6668312,67211,1460,0,0x0010
15044,2026-08-15T10:15:03.931296000-0500,99.064337000,192.168.0.178,192.168.0.148,25565,53414,6669772,67211,1460,0,0x0010
15045,2026-08-15T10:15:03.931296000-0500,99.064337000,192.168.0.178,192.168.0.148,25565,53414,6671232,67211,1460,0,0x0010
15046,2026-08-15T10:15:03.931296000-0500,99.064337000,192.168.0.178,192.168.0.148,25565,53414,6672692,67211,1460,0,0x0010
15047,2026-08-15T10:15:03.931296000-0500,99.064337000,192.168.0.178,192.168.0.148,25565,53414,6674152,67211,936,0,0x0018
15048,2026-08-15T10:15:03.931350000-0500,99.064391000,192.168.0.148,192.168.0.178,53414,25565,67211,6675088,0,0,0x0010
15049,2026-08-15T10:15:03.942739000-0500,99.075780000,192.168.0.148,192.168.0.178,53414,25565,67211,6675088,28,0,0x0018
15050,2026-08-15T10:15:03.943297000-0500,99.076338000,192.168.0.148,192.168.0.178,53414,25565,67239,6675088,3,0,0x0018
15051,2026-08-15T10:15:03.943658000-0500,99.076699000,192.168.0.178,192.168.0.148,25565,53414,6675088,67239,11,0,0x0018
15052,2026-08-15T10:15:03.943715000-0500,99.076756000,192.168.0.178,192.168.0.148,25565,53414,6675099,67239,11,0,0x0018
15053,2026-08-15T10:15:03.943720000-0500,99.076761000,192.168.0.148,192.168.0.178,53414,25565,67242,6675110,0,0,0x0010
15054,2026-08-15T10:15:03.943752000-0500,99.076793000,192.168.0.178,192.168.0.148,25565,53414,6675110,67242,11,0,0x0018
15055,2026-08-15T10:15:03.943762000-0500,99.076803000,192.168.0.178,192.168.0.148,25565,53414,6675121,67242,11,0,0x0018
15056,2026-08-15T10:15:03.943765000-0500,99.076806000,192.168.0.148,192.168.0.178,53414,25565,67242,6675132,0,0,0x0010
15057,2026-08-15T10:15:03.943839000-0500,99.076880000,192.168.0.178,192.168.0.148,25565,53414,6675132,67242,11,0,0x0018
15058,2026-08-15T10:15:03.943925000-0500,99.076966000,192.168.0.178,192.168.0.148,25565,53414,6675143,67242,11,0,0x0018
15059,2026-08-15T10:15:03.943930000-0500,99.076971000,192.168.0.148,192.168.0.178,53414,25565,67242,6675154,0,0,0x0010
15060,2026-08-15T10:15:03.944067000-0500,99.077108000,192.168.0.178,192.168.0.148,25565,53414,6675154,67242,11,0,0x0018
15061,2026-08-15T10:15:03.944102000-0500,99.077143000,192.168.0.178,192.168.0.148,25565,53414,6675165,67242,13,0,0x0018
15062,2026-08-15T10:15:03.944107000-0500,99.077148000,192.168.0.148,192.168.0.178,53414,25565,67242,6675178,0,0,0x0010
15063,2026-08-15T10:15:03.976424000-0500,99.109465000,192.168.0.178,192.168.0.148,25565,53414,6675178,67242,136,0,0x0018
15064,2026-08-15T10:15:03.993836000-0500,99.126877000,192.168.0.148,192.168.0.178,53414,25565,67242,6675314,28,0,0x0018
15065,2026-08-15T10:15:03.995011000-0500,99.128052000,192.168.0.148,192.168.0.178,53414,25565,67270,6675314,3,0,0x0018
15066,2026-08-15T10:15:03.995678000-0500,99.128719000,192.168.0.178,192.168.0.148,25565,53414,6675314,67273,0,0,0x0010
15067,2026-08-15T10:15:04.026340000-0500,99.159381000,192.168.0.178,192.168.0.148,25565,53414,6675314,67273,398,0,0x0018
15068,2026-08-15T10:15:04.043291000-0500,99.176332000,192.168.0.148,192.168.0.178,53414,25565,67273,6675712,28,0,0x0018
15069,2026-08-15T10:15:04.044508000-0500,99.177549000,192.168.0.148,192.168.0.178,53414,25565,67301,6675712,3,0,0x0018
15070,2026-08-15T10:15:04.045071000-0500,99.178112000,192.168.0.178,192.168.0.148,25565,53414,6675712,67304,0,0,0x0010
15071,2026-08-15T10:15:04.078879000-0500,99.211920000,192.168.0.178,192.168.0.148,25565,53414,6675712,67304,1460,0,0x0010
15072,2026-08-15T10:15:04.078964000-0500,99.212005000,192.168.0.178,192.168.0.148,25565,53414,6677172,67304,1460,0,0x0010
15073,2026-08-15T10:15:04.078991000-0500,99.212032000,192.168.0.148,192.168.0.178,53414,25565,67304,6678632,0,0,0x0010
15074,2026-08-15T10:15:04.079117000-0500,99.212158000,192.168.0.178,192.168.0.148,25565,53414,6678632,67304,1460,0,0x0010
15075,2026-08-15T10:15:04.079360000-0500,99.212401000,192.168.0.178,192.168.0.148,25565,53414,6680092,67304,1460,0,0x0010
15076,2026-08-15T10:15:04.079360000-0500,99.212401000,192.168.0.178,192.168.0.148,25565,53414,6681552,67304,1460,0,0x0010
15077,2026-08-15T10:15:04.079382000-0500,99.212423000,192.168.0.148,192.168.0.178,53414,25565,67304,6683012,0,0,0x0010
15078,2026-08-15T10:15:04.079447000-0500,99.212488000,192.168.0.178,192.168.0.148,25565,53414,6683012,67304,1460,0,0x0010
15079,2026-08-15T10:15:04.079453000-0500,99.212494000,192.168.0.148,192.168.0.178,53414,25565,67304,6684472,0,0,0x0010
15080,2026-08-15T10:15:04.079573000-0500,99.212614000,192.168.0.178,192.168.0.148,25565,53414,6684472,67304,1460,0,0x0010
15081,2026-08-15T10:15:04.079727000-0500,99.212768000,192.168.0.178,192.168.0.148,25565,53414,6685932,67304,1460,0,0x0010
15082,2026-08-15T10:15:04.079737000-0500,99.212778000,192.168.0.148,192.168.0.178,53414,25565,67304,6687392,0,0,0x0010
15083,2026-08-15T10:15:04.079853000-0500,99.212894000,192.168.0.178,192.168.0.148,25565,53414,6687392,67304,1460,0,0x0018
15084,2026-08-15T10:15:04.079972000-0500,99.213013000,192.168.0.178,192.168.0.148,25565,53414,6688852,67304,1460,0,0x0010
15085,2026-08-15T10:15:04.079982000-0500,99.213023000,192.168.0.148,192.168.0.178,53414,25565,67304,6690312,0,0,0x0010
15086,2026-08-15T10:15:04.080030000-0500,99.213071000,192.168.0.178,192.168.0.148,25565,53414,6690312,67304,838,0,0x0018
15087,2026-08-15T10:15:04.092806000-0500,99.225847000,192.168.0.148,192.168.0.178,53414,25565,67304,6691150,28,0,0x0018
15088,2026-08-15T10:15:04.093370000-0500,99.226411000,192.168.0.148,192.168.0.178,53414,25565,67332,6691150,3,0,0x0018
15089,2026-08-15T10:15:04.093922000-0500,99.226963000,192.168.0.178,192.168.0.148,25565,53414,6691150,67335,0,0,0x0010
15090,2026-08-15T10:15:04.128724000-0500,99.261765000,192.168.0.178,192.168.0.148,25565,53414,6691150,67335,1460,0,0x0010
15091,2026-08-15T10:15:04.128762000-0500,99.261803000,192.168.0.178,192.168.0.148,25565,53414,6692610,67335,1460,0,0x0010
15092,2026-08-15T10:15:04.128777000-0500,99.261818000,192.168.0.148,192.168.0.178,53414,25565,67335,6694070,0,0,0x0010
15093,2026-08-15T10:15:04.128846000-0500,99.261887000,192.168.0.178,192.168.0.148,25565,53414,6694070,67335,1460,0,0x0010
15094,2026-08-15T10:15:04.129000000-0500,99.262041000,192.168.0.178,192.168.0.148,25565,53414,6695530,67335,1460,0,0x0010
15095,2026-08-15T10:15:04.129026000-0500,99.262067000,192.168.0.148,192.168.0.178,53414,25565,67335,6696990,0,0,0x0010
15096,2026-08-15T10:15:04.129088000-0500,99.262129000,192.168.0.178,192.168.0.148,25565,53414,6696990,67335,1460,0,0x0010
15097,2026-08-15T10:15:04.129246000-0500,99.262287000,192.168.0.178,192.168.0.148,25565,53414,6698450,67335,1460,0,0x0010
15098,2026-08-15T10:15:04.129255000-0500,99.262296000,192.168.0.148,192.168.0.178,53414,25565,67335,6699910,0,0,0x0010
15099,2026-08-15T10:15:04.129369000-0500,99.262410000,192.168.0.178,192.168.0.148,25565,53414,6699910,67335,1460,0,0x0010
15100,2026-08-15T10:15:04.129495000-0500,99.262536000,192.168.0.178,192.168.0.148,25565,53414,6701370,67335,1460,0,0x0010
15101,2026-08-15T10:15:04.129503000-0500,99.262544000,192.168.0.148,192.168.0.178,53414,25565,67335,6702830,0,0,0x0010
15102,2026-08-15T10:15:04.129626000-0500,99.262667000,192.168.0.178,192.168.0.148,25565,53414,6702830,67335,1460,0,0x0018
15103,2026-08-15T10:15:04.129750000-0500,99.262791000,192.168.0.178,192.168.0.148,25565,53414,6704290,67335,1460,0,0x0010
15104,2026-08-15T10:15:04.129756000-0500,99.262797000,192.168.0.148,192.168.0.178,53414,25565,67335,6705750,0,0,0x0010
15105,2026-08-15T10:15:04.129870000-0500,99.262911000,192.168.0.178,192.168.0.148,25565,53414,6705750,67335,1460,0,0x0010
15106,2026-08-15T10:15:04.129992000-0500,99.263033000,192.168.0.178,192.168.0.148,25565,53414,6707210,67335,1460,0,0x0010
15107,2026-08-15T10:15:04.130001000-0500,99.263042000,192.168.0.148,192.168.0.178,53414,25565,67335,6708670,0,0,0x0010
15108,2026-08-15T10:15:04.130052000-0500,99.263093000,192.168.0.178,192.168.0.148,25565,53414,6708670,67335,922,0,0x0018
15109,2026-08-15T10:15:04.143725000-0500,99.276766000,192.168.0.148,192.168.0.178,53414,25565,67335,6709592,28,0,0x0018
15110,2026-08-15T10:15:04.144952000-0500,99.277993000,192.168.0.148,192.168.0.178,53414,25565,67363,6709592,3,0,0x0018
15111,2026-08-15T10:15:04.145488000-0500,99.278529000,192.168.0.178,192.168.0.148,25565,53414,6709592,67366,0,0,0x0010
15112,2026-08-15T10:15:04.177934000-0500,99.310975000,192.168.0.178,192.168.0.148,25565,53414,6709592,67366,1460,0,0x0010
15113,2026-08-15T10:15:04.178013000-0500,99.311054000,192.168.0.178,192.168.0.148,25565,53414,6711052,67366,1460,0,0x0010
15114,2026-08-15T10:15:04.178027000-0500,99.311068000,192.168.0.148,192.168.0.178,53414,25565,67366,6712512,0,0,0x0010
15115,2026-08-15T10:15:04.178158000-0500,99.311199000,192.168.0.178,192.168.0.148,25565,53414,6712512,67366,1460,0,0x0010
15116,2026-08-15T10:15:04.178295000-0500,99.311336000,192.168.0.178,192.168.0.148,25565,53414,6713972,67366,1460,0,0x0010
15117,2026-08-15T10:15:04.178303000-0500,99.311344000,192.168.0.148,192.168.0.178,53414,25565,67366,6715432,0,0,0x0010
15118,2026-08-15T10:15:04.178417000-0500,99.311458000,192.168.0.178,192.168.0.148,25565,53414,6715432,67366,1460,0,0x0010
15119,2026-08-15T10:15:04.178545000-0500,99.311586000,192.168.0.178,192.168.0.148,25565,53414,6716892,67366,1460,0,0x0010
15120,2026-08-15T10:15:04.178553000-0500,99.311594000,192.168.0.148,192.168.0.178,53414,25565,67366,6718352,0,0,0x0010
15121,2026-08-15T10:15:04.178669000-0500,99.311710000,192.168.0.178,192.168.0.148,25565,53414,6718352,67366,1460,0,0x0010
15122,2026-08-15T10:15:04.178798000-0500,99.311839000,192.168.0.178,192.168.0.148,25565,53414,6719812,67366,1460,0,0x0010
15123,2026-08-15T10:15:04.178809000-0500,99.311850000,192.168.0.148,192.168.0.178,53414,25565,67366,6721272,0,0,0x0010
15124,2026-08-15T10:15:04.178873000-0500,99.311914000,192.168.0.178,192.168.0.148,25565,53414,6721272,67366,1460,0,0x0018
15125,2026-08-15T10:15:04.179014000-0500,99.312055000,192.168.0.178,192.168.0.148,25565,53414,6722732,67366,1460,0,0x0010
15126,2026-08-15T10:15:04.179039000-0500,99.312080000,192.168.0.148,192.168.0.178,53414,25565,67366,6724192,0,0,0x0010
15127,2026-08-15T10:15:04.179142000-0500,99.312183000,192.168.0.178,192.168.0.148,25565,53414,6724192,67366,1460,0,0x0010
15128,2026-08-15T10:15:04.179271000-0500,99.312312000,192.168.0.178,192.168.0.148,25565,53414,6725652,67366,1460,0,0x0010
15129,2026-08-15T10:15:04.179271000-0500,99.312312000,192.168.0.178,192.168.0.148,25565,53414,6727112,67366,332,0,0x0018
15130,2026-08-15T10:15:04.179290000-0500,99.312331000,192.168.0.148,192.168.0.178,53414,25565,67366,6727444,0,0,0x0010
15131,2026-08-15T10:15:04.194061000-0500,99.327102000,192.168.0.148,192.168.0.178,53414,25565,67366,6727444,4,0,0x0018
15132,2026-08-15T10:15:04.194096000-0500,99.327137000,192.168.0.148,192.168.0.178,53414,25565,67370,6727444,28,0,0x0018
15133,2026-08-15T10:15:04.194659000-0500,99.327700000,192.168.0.178,192.168.0.148,25565,53414,6727444,67398,0,0,0x0010
15134,2026-08-15T10:15:04.195187000-0500,99.328228000,192.168.0.148,192.168.0.178,53414,25565,67398,6727444,3,0,0x0018
15135,2026-08-15T10:15:04.228337000-0500,99.361378000,192.168.0.178,192.168.0.148,25565,53414,6727444,67401,1460,0,0x0010
15136,2026-08-15T10:15:04.228403000-0500,99.361444000,192.168.0.178,192.168.0.148,25565,53414,6728904,67401,1460,0,0x0010
15137,2026-08-15T10:15:04.228413000-0500,99.361454000,192.168.0.148,192.168.0.178,53414,25565,67401,6730364,0,0,0x0010
15138,2026-08-15T10:15:04.228535000-0500,99.361576000,192.168.0.178,192.168.0.148,25565,53414,6730364,67401,1460,0,0x0010
15139,2026-08-15T10:15:04.228661000-0500,99.361702000,192.168.0.178,192.168.0.148,25565,53414,6731824,67401,1460,0,0x0010
15140,2026-08-15T10:15:04.228669000-0500,99.361710000,192.168.0.148,192.168.0.178,53414,25565,67401,6733284,0,0,0x0010
15141,2026-08-15T10:15:04.228787000-0500,99.361828000,192.168.0.178,192.168.0.148,25565,53414,6733284,67401,1460,0,0x0010
15142,2026-08-15T10:15:04.228908000-0500,99.361949000,192.168.0.178,192.168.0.148,25565,53414,6734744,67401,1460,0,0x0010
15143,2026-08-15T10:15:04.228915000-0500,99.361956000,192.168.0.148,192.168.0.178,53414,25565,67401,6736204,0,0,0x0010
15144,2026-08-15T10:15:04.229027000-0500,99.362068000,192.168.0.178,192.168.0.148,25565,53414,6736204,67401,1460,0,0x0010
15145,2026-08-15T10:15:04.229118000-0500,99.362159000,192.168.0.178,192.168.0.148,25565,53414,6737664,67401,1460,0,0x0010
15146,2026-08-15T10:15:04.229123000-0500,99.362164000,192.168.0.148,192.168.0.178,53414,25565,67401,6739124,0,0,0x0010
15147,2026-08-15T10:15:04.229275000-0500,99.362316000,192.168.0.178,192.168.0.148,25565,53414,6739124,67401,1460,0,0x0018
15148,2026-08-15T10:15:04.229331000-0500,99.362372000,192.168.0.178,192.168.0.148,25565,53414,6740584,67401,986,0,0x0018
15149,2026-08-15T10:15:04.229338000-0500,99.362379000,192.168.0.148,192.168.0.178,53414,25565,67401,6741570,0,0,0x0010
15150,2026-08-15T10:15:04.242472000-0500,99.375513000,192.168.0.148,192.168.0.178,53414,25565,67401,6741570,28,0,0x0018
15151,2026-08-15T10:15:04.242968000-0500,99.376009000,192.168.0.148,192.168.0.178,53414,25565,67429,6741570,3,0,0x0018
15152,2026-08-15T10:15:04.243498000-0500,99.376539000,192.168.0.178,192.168.0.148,25565,53414,6741570,67432,0,0,0x0010
15153,2026-08-15T10:15:04.279537000-0500,99.412578000,192.168.0.178,192.168.0.148,25565,53414,6741570,67432,1460,0,0x0010
15154,2026-08-15T10:15:04.279537000-0500,99.412578000,192.168.0.178,192.168.0.148,25565,53414,6743030,67432,1460,0,0x0010
15155,2026-08-15T10:15:04.279595000-0500,99.412636000,192.168.0.148,192.168.0.178,53414,25565,67432,6744490,0,0,0x0010
15156,2026-08-15T10:15:04.279653000-0500,99.412694000,192.168.0.178,192.168.0.148,25565,53414,6744490,67432,1460,0,0x0010
15157,2026-08-15T10:15:04.279783000-0500,99.412824000,192.168.0.178,192.168.0.148,25565,53414,6745950,67432,1460,0,0x0010
15158,2026-08-15T10:15:04.279793000-0500,99.412834000,192.168.0.148,192.168.0.178,53414,25565,67432,6747410,0,0,0x0010
15159,2026-08-15T10:15:04.279908000-0500,99.412949000,192.168.0.178,192.168.0.148,25565,53414,6747410,67432,1460,0,0x0010
15160,2026-08-15T10:15:04.280027000-0500,99.413068000,192.168.0.178,192.168.0.148,25565,53414,6748870,67432,1460,0,0x0010
15161,2026-08-15T10:15:04.280034000-0500,99.413075000,192.168.0.148,192.168.0.178,53414,25565,67432,6750330,0,0,0x0010
15162,2026-08-15T10:15:04.280146000-0500,99.413187000,192.168.0.178,192.168.0.148,25565,53414,6750330,67432,1460,0,0x0010
15163,2026-08-15T10:15:04.280268000-0500,99.413309000,192.168.0.178,192.168.0.148,25565,53414,6751790,67432,1460,0,0x0010
15164,2026-08-15T10:15:04.280275000-0500,99.413316000,192.168.0.148,192.168.0.178,53414,25565,67432,6753250,0,0,0x0010
15165,2026-08-15T10:15:04.280393000-0500,99.413434000,192.168.0.178,192.168.0.148,25565,53414,6753250,67432,1460,0,0x0018
15166,2026-08-15T10:15:04.280519000-0500,99.413560000,192.168.0.178,192.168.0.148,25565,53414,6754710,67432,1460,0,0x0010
15167,2026-08-15T10:15:04.280532000-0500,99.413573000,192.168.0.148,192.168.0.178,53414,25565,67432,6756170,0,0,0x0010
15168,2026-08-15T10:15:04.280646000-0500,99.413687000,192.168.0.178,192.168.0.148,25565,53414,6756170,67432,1460,0,0x0010
15169,2026-08-15T10:15:04.280756000-0500,99.413797000,192.168.0.178,192.168.0.148,25565,53414,6757630,67432,1460,0,0x0010
15170,2026-08-15T10:15:04.280766000-0500,99.413807000,192.168.0.148,192.168.0.178,53414,25565,67432,6759090,0,0,0x0010
15171,2026-08-15T10:15:04.280858000-0500,99.413899000,192.168.0.178,192.168.0.148,25565,53414,6759090,67432,1460,0,0x0010
15172,2026-08-15T10:15:04.281012000-0500,99.414053000,192.168.0.178,192.168.0.148,25565,53414,6760550,67432,1460,0,0x0010
15173,2026-08-15T10:15:04.281023000-0500,99.414064000,192.168.0.148,192.168.0.178,53414,25565,67432,6762010,0,0,0x0010
15174,2026-08-15T10:15:04.281031000-0500,99.414072000,192.168.0.178,192.168.0.148,25565,53414,6762010,67432,579,0,0x0018
15175,2026-08-15T10:15:04.294078000-0500,99.427119000,192.168.0.148,192.168.0.178,53414,25565,67432,6762589,28,0,0x0018
15176,2026-08-15T10:15:04.295123000-0500,99.428164000,192.168.0.148,192.168.0.178,53414,25565,67460,6762589,3,0,0x0018
15177,2026-08-15T10:15:04.295689000-0500,99.428730000,192.168.0.178,192.168.0.148,25565,53414,6762589,67463,0,0,0x0010
15178,2026-08-15T10:15:04.332315000-0500,99.465356000,192.168.0.178,192.168.0.148,25565,53414,6762589,67463,1460,0,0x0010
15179,2026-08-15T10:15:04.332383000-0500,99.465424000,192.168.0.178,192.168.0.148,25565,53414,6764049,67463,1460,0,0x0010
15180,2026-08-15T10:15:04.332396000-0500,99.465437000,192.168.0.148,192.168.0.178,53414,25565,67463,6765509,0,0,0x0010
15181,2026-08-15T10:15:04.332470000-0500,99.465511000,192.168.0.178,192.168.0.148,25565,53414,6765509,67463,1460,0,0x0010
15182,2026-08-15T10:15:04.332632000-0500,99.465673000,192.168.0.178,192.168.0.148,25565,53414,6766969,67463,1460,0,0x0010
15183,2026-08-15T10:15:04.332639000-0500,99.465680000,192.168.0.148,192.168.0.178,53414,25565,67463,6768429,0,0,0x0010
15184,2026-08-15T10:15:04.332751000-0500,99.465792000,192.168.0.178,192.168.0.148,25565,53414,6768429,67463,1460,0,0x0010
15185,2026-08-15T10:15:04.332884000-0500,99.465925000,192.168.0.178,192.168.0.148,25565,53414,6769889,67463,1460,0,0x0010
15186,2026-08-15T10:15:04.332899000-0500,99.465940000,192.168.0.148,192.168.0.178,53414,25565,67463,6771349,0,0,0x0010
15187,2026-08-15T10:15:04.332961000-0500,99.466002000,192.168.0.178,192.168.0.148,25565,53414,6771349,67463,1460,0,0x0010
15188,2026-08-15T10:15:04.333120000-0500,99.466161000,192.168.0.178,192.168.0.148,25565,53414,6772809,67463,1460,0,0x0010
15189,2026-08-15T10:15:04.333128000-0500,99.466169000,192.168.0.148,192.168.0.178,53414,25565,67463,6774269,0,0,0x0010
15190,2026-08-15T10:15:04.333243000-0500,99.466284000,192.168.0.178,192.168.0.148,25565,53414,6774269,67463,1460,0,0x0018
15191,2026-08-15T10:15:04.333372000-0500,99.466413000,192.168.0.178,192.168.0.148,25565,53414,6775729,67463,1460,0,0x0010
15192,2026-08-15T10:15:04.333389000-0500,99.466430000,192.168.0.148,192.168.0.178,53414,25565,67463,6777189,0,0,0x0010
15193,2026-08-15T10:15:04.333454000-0500,99.466495000,192.168.0.178,192.168.0.148,25565,53414,6777189,67463,1460,0,0x0010
15194,2026-08-15T10:15:04.333616000-0500,99.466657000,192.168.0.178,192.168.0.148,25565,53414,6778649,67463,1460,0,0x0010
15195,2026-08-15T10:15:04.333624000-0500,99.466665000,192.168.0.148,192.168.0.178,53414,25565,67463,6780109,0,0,0x0010
15196,2026-08-15T10:15:04.333740000-0500,99.466781000,192.168.0.178,192.168.0.148,25565,53414,6780109,67463,1460,0,0x0010
15197,2026-08-15T10:15:04.333865000-0500,99.466906000,192.168.0.178,192.168.0.148,25565,53414,6781569,67463,1460,0,0x0010
15198,2026-08-15T10:15:04.333877000-0500,99.466918000,192.168.0.148,192.168.0.178,53414,25565,67463,6783029,0,0,0x0010
15199,2026-08-15T10:15:04.333920000-0500,99.466961000,192.168.0.178,192.168.0.148,25565,53414,6783029,67463,732,0,0x0018
15200,2026-08-15T10:15:04.344048000-0500,99.477089000,192.168.0.148,192.168.0.178,53414,25565,67463,6783761,4,0,0x0018
15201,2026-08-15T10:15:04.344081000-0500,99.477122000,192.168.0.148,192.168.0.178,53414,25565,67467,6783761,28,0,0x0018
15202,2026-08-15T10:15:04.344645000-0500,99.477686000,192.168.0.178,192.168.0.148,25565,53414,6783761,67495,0,0,0x0010
15203,2026-08-15T10:15:04.345157000-0500,99.478198000,192.168.0.148,192.168.0.178,53414,25565,67495,6783761,3,0,0x0018
15204,2026-08-15T10:15:04.377195000-0500,99.510236000,192.168.0.178,192.168.0.148,25565,53414,6783761,67498,1460,0,0x0010
15205,2026-08-15T10:15:04.377340000-0500,99.510381000,192.168.0.178,192.168.0.148,25565,53414,6785221,67498,1460,0,0x0010
15206,2026-08-15T10:15:04.377365000-0500,99.510406000,192.168.0.148,192.168.0.178,53414,25565,67498,6786681,0,0,0x0010
15207,2026-08-15T10:15:04.377419000-0500,99.510460000,192.168.0.178,192.168.0.148,25565,53414,6786681,67498,1460,0,0x0010
15208,2026-08-15T10:15:04.377555000-0500,99.510596000,192.168.0.178,192.168.0.148,25565,53414,6788141,67498,1460,0,0x0010
15209,2026-08-15T10:15:04.377569000-0500,99.510610000,192.168.0.148,192.168.0.178,53414,25565,67498,6789601,0,0,0x0010
15210,2026-08-15T10:15:04.377694000-0500,99.510735000,192.168.0.178,192.168.0.148,25565,53414,6789601,67498,1460,0,0x0010
15211,2026-08-15T10:15:04.377789000-0500,99.510830000,192.168.0.178,192.168.0.148,25565,53414,6791061,67498,1460,0,0x0010
15212,2026-08-15T10:15:04.377798000-0500,99.510839000,192.168.0.148,192.168.0.178,53414,25565,67498,6792521,0,0,0x0010
15213,2026-08-15T10:15:04.377924000-0500,99.510965000,192.168.0.178,192.168.0.148,25565,53414,6792521,67498,1460,0,0x0010
15214,2026-08-15T10:15:04.378050000-0500,99.511091000,192.168.0.178,192.168.0.148,25565,53414,6793981,67498,1460,0,0x0010
15215,2026-08-15T10:15:04.378064000-0500,99.511105000,192.168.0.148,192.168.0.178,53414,25565,67498,6795441,0,0,0x0010
15216,2026-08-15T10:15:04.378133000-0500,99.511174000,192.168.0.178,192.168.0.148,25565,53414,6795441,67498,1460,0,0x0018
15217,2026-08-15T10:15:04.378298000-0500,99.511339000,192.168.0.178,192.168.0.148,25565,53414,6796901,67498,1460,0,0x0010
15218,2026-08-15T10:15:04.378309000-0500,99.511350000,192.168.0.148,192.168.0.178,53414,25565,67498,6798361,0,0,0x0010
15219,2026-08-15T10:15:04.378427000-0500,99.511468000,192.168.0.178,192.168.0.148,25565,53414,6798361,67498,1460,0,0x0010
15220,2026-08-15T10:15:04.378501000-0500,99.511542000,192.168.0.178,192.168.0.148,25565,53414,6799821,67498,1460,0,0x0010
15221,2026-08-15T10:15:04.378515000-0500,99.511556000,192.168.0.148,192.168.0.178,53414,25565,67498,6801281,0,0,0x0010
15222,2026-08-15T10:15:04.378649000-0500,99.511690000,192.168.0.178,192.168.0.148,25565,53414,6801281,67498,1460,0,0x0010
15223,2026-08-15T10:15:04.378783000-0500,99.511824000,192.168.0.178,192.168.0.148,25565,53414,6802741,67498,1460,0,0x0010
15224,2026-08-15T10:15:04.378791000-0500,99.511832000,192.168.0.148,192.168.0.178,53414,25565,67498,6804201,0,0,0x0010
15225,2026-08-15T10:15:04.378907000-0500,99.511948000,192.168.0.178,192.168.0.148,25565,53414,6804201,67498,1460,0,0x0010
15226,2026-08-15T10:15:04.379037000-0500,99.512078000,192.168.0.178,192.168.0.148,25565,53414,6805661,67498,1460,0,0x0010
15227,2026-08-15T10:15:04.379037000-0500,99.512078000,192.168.0.178,192.168.0.148,25565,53414,6807121,67498,184,0,0x0018
15228,2026-08-15T10:15:04.379072000-0500,99.512113000,192.168.0.148,192.168.0.178,53414,25565,67498,6807305,0,0,0x0010
15229,2026-08-15T10:15:04.393141000-0500,99.526182000,192.168.0.148,192.168.0.178,53414,25565,67498,6807305,28,0,0x0018
15230,2026-08-15T10:15:04.393699000-0500,99.526740000,192.168.0.148,192.168.0.178,53414,25565,67526,6807305,3,0,0x0018
15231,2026-08-15T10:15:04.394246000-0500,99.527287000,192.168.0.178,192.168.0.148,25565,53414,6807305,67529,0,0,0x0010
15232,2026-08-15T10:15:04.427650000-0500,99.560691000,192.168.0.178,192.168.0.148,25565,53414,6807305,67529,1460,0,0x0010
15233,2026-08-15T10:15:04.427735000-0500,99.560776000,192.168.0.178,192.168.0.148,25565,53414,6808765,67529,1460,0,0x0010
15234,2026-08-15T10:15:04.427749000-0500,99.560790000,192.168.0.148,192.168.0.178,53414,25565,67529,6810225,0,0,0x0010
15235,2026-08-15T10:15:04.427875000-0500,99.560916000,192.168.0.178,192.168.0.148,25565,53414,6810225,67529,1460,0,0x0010
15236,2026-08-15T10:15:04.428024000-0500,99.561065000,192.168.0.178,192.168.0.148,25565,53414,6811685,67529,1460,0,0x0010
15237,2026-08-15T10:15:04.428031000-0500,99.561072000,192.168.0.148,192.168.0.178,53414,25565,67529,6813145,0,0,0x0010
15238,2026-08-15T10:15:04.428141000-0500,99.561182000,192.168.0.178,192.168.0.148,25565,53414,6813145,67529,1460,0,0x0010
15239,2026-08-15T10:15:04.428260000-0500,99.561301000,192.168.0.178,192.168.0.148,25565,53414,6814605,67529,1460,0,0x0010
15240,2026-08-15T10:15:04.428267000-0500,99.561308000,192.168.0.148,192.168.0.178,53414,25565,67529,6816065,0,0,0x0010
15241,2026-08-15T10:15:04.428382000-0500,99.561423000,192.168.0.178,192.168.0.148,25565,53414,6816065,67529,1460,0,0x0010
15242,2026-08-15T10:15:04.428507000-0500,99.561548000,192.168.0.178,192.168.0.148,25565,53414,6817525,67529,1460,0,0x0010
15243,2026-08-15T10:15:04.428514000-0500,99.561555000,192.168.0.148,192.168.0.178,53414,25565,67529,6818985,0,0,0x0010
15244,2026-08-15T10:15:04.428629000-0500,99.561670000,192.168.0.178,192.168.0.148,25565,53414,6818985,67529,1460,0,0x0018
15245,2026-08-15T10:15:04.428765000-0500,99.561806000,192.168.0.178,192.168.0.148,25565,53414,6820445,67529,1460,0,0x0010
15246,2026-08-15T10:15:04.428765000-0500,99.561806000,192.168.0.178,192.168.0.148,25565,53414,6821905,67529,189,0,0x0018
15247,2026-08-15T10:15:04.428774000-0500,99.561815000,192.168.0.148,192.168.0.178,53414,25565,67529,6822094,0,0,0x0010
15248,2026-08-15T10:15:04.443215000-0500,99.576256000,192.168.0.148,192.168.0.178,53414,25565,67529,6822094,28,0,0x0018
15249,2026-08-15T10:15:04.444004000-0500,99.577045000,192.168.0.148,192.168.0.178,53414,25565,67557,6822094,3,0,0x0018
15250,2026-08-15T10:15:04.444648000-0500,99.577689000,192.168.0.178,192.168.0.148,25565,53414,6822094,67560,0,0,0x0010
15251,2026-08-15T10:15:04.477855000-0500,99.610896000,192.168.0.178,192.168.0.148,25565,53414,6822094,67560,1460,0,0x0010
15252,2026-08-15T10:15:04.477920000-0500,99.610961000,192.168.0.178,192.168.0.148,25565,53414,6823554,67560,1460,0,0x0010
15253,2026-08-15T10:15:04.477934000-0500,99.610975000,192.168.0.148,192.168.0.178,53414,25565,67560,6825014,0,0,0x0010
15254,2026-08-15T10:15:04.478057000-0500,99.611098000,192.168.0.178,192.168.0.148,25565,53414,6825014,67560,1460,0,0x0010
15255,2026-08-15T10:15:04.478133000-0500,99.611174000,192.168.0.178,192.168.0.148,25565,53414,6826474,67560,1460,0,0x0010
15256,2026-08-15T10:15:04.478145000-0500,99.611186000,192.168.0.148,192.168.0.178,53414,25565,67560,6827934,0,0,0x0010
15257,2026-08-15T10:15:04.478282000-0500,99.611323000,192.168.0.178,192.168.0.148,25565,53414,6827934,67560,1460,0,0x0010
15258,2026-08-15T10:15:04.478416000-0500,99.611457000,192.168.0.178,192.168.0.148,25565,53414,6829394,67560,1460,0,0x0010
15259,2026-08-15T10:15:04.478424000-0500,99.611465000,192.168.0.148,192.168.0.178,53414,25565,67560,6830854,0,0,0x0010
15260,2026-08-15T10:15:04.478541000-0500,99.611582000,192.168.0.178,192.168.0.148,25565,53414,6830854,67560,1460,0,0x0010
15261,2026-08-15T10:15:04.478667000-0500,99.611708000,192.168.0.178,192.168.0.148,25565,53414,6832314,67560,1460,0,0x0010
15262,2026-08-15T10:15:04.478676000-0500,99.611717000,192.168.0.148,192.168.0.178,53414,25565,67560,6833774,0,0,0x0010
15263,2026-08-15T10:15:04.478798000-0500,99.611839000,192.168.0.178,192.168.0.148,25565,53414,6833774,67560,1460,0,0x0018
15264,2026-08-15T10:15:04.478872000-0500,99.611913000,192.168.0.178,192.168.0.148,25565,53414,6835234,67560,1460,0,0x0010
15265,2026-08-15T10:15:04.478881000-0500,99.611922000,192.168.0.148,192.168.0.178,53414,25565,67560,6836694,0,0,0x0010
15266,2026-08-15T10:15:04.482466000-0500,99.615507000,192.168.0.178,192.168.0.148,25565,53414,6836694,67560,1460,0,0x0010
15267,2026-08-15T10:15:04.482466000-0500,99.615507000,192.168.0.178,192.168.0.148,25565,53414,6838154,67560,1393,0,0x0018
15268,2026-08-15T10:15:04.482557000-0500,99.615598000,192.168.0.148,192.168.0.178,53414,25565,67560,6839547,0,0,0x0010
15269,2026-08-15T10:15:04.492771000-0500,99.625812000,192.168.0.148,192.168.0.178,53414,25565,67560,6839547,28,0,0x0018
15270,2026-08-15T10:15:04.493329000-0500,99.626370000,192.168.0.148,192.168.0.178,53414,25565,67588,6839547,3,0,0x0018
15271,2026-08-15T10:15:04.494499000-0500,99.627540000,192.168.0.178,192.168.0.148,25565,53414,6839547,67591,0,0,0x0010
15272,2026-08-15T10:15:04.531882000-0500,99.664923000,192.168.0.178,192.168.0.148,25565,53414,6839547,67591,1460,0,0x0010
15273,2026-08-15T10:15:04.531970000-0500,99.665011000,192.168.0.178,192.168.0.148,25565,53414,6841007,67591,1460,0,0x0010
15274,2026-08-15T10:15:04.531985000-0500,99.665026000,192.168.0.148,192.168.0.178,53414,25565,67591,6842467,0,0,0x0010
15275,2026-08-15T10:15:04.532111000-0500,99.665152000,192.168.0.178,192.168.0.148,25565,53414,6842467,67591,1460,0,0x0010
15276,2026-08-15T10:15:04.532244000-0500,99.665285000,192.168.0.178,192.168.0.148,25565,53414,6843927,67591,1460,0,0x0010
15277,2026-08-15T10:15:04.532251000-0500,99.665292000,192.168.0.148,192.168.0.178,53414,25565,67591,6845387,0,0,0x0010
15278,2026-08-15T10:15:04.532366000-0500,99.665407000,192.168.0.178,192.168.0.148,25565,53414,6845387,67591,1460,0,0x0010
15279,2026-08-15T10:15:04.532490000-0500,99.665531000,192.168.0.178,192.168.0.148,25565,53414,6846847,67591,1460,0,0x0010
15280,2026-08-15T10:15:04.532497000-0500,99.665538000,192.168.0.148,192.168.0.178,53414,25565,67591,6848307,0,0,0x0010
15281,2026-08-15T10:15:04.532610000-0500,99.665651000,192.168.0.178,192.168.0.148,25565,53414,6848307,67591,1460,0,0x0010
15282,2026-08-15T10:15:04.532736000-0500,99.665777000,192.168.0.178,192.168.0.148,25565,53414,6849767,67591,1460,0,0x0010
15283,2026-08-15T10:15:04.532747000-0500,99.665788000,192.168.0.148,192.168.0.178,53414,25565,67591,6851227,0,0,0x0010
15284,2026-08-15T10:15:04.532900000-0500,99.665941000,192.168.0.178,192.168.0.148,25565,53414,6851227,67591,1460,0,0x0018
15285,2026-08-15T10:15:04.532953000-0500,99.665994000,192.168.0.178,192.168.0.148,25565,53414,6852687,67591,1460,0,0x0010
15286,2026-08-15T10:15:04.532958000-0500,99.665999000,192.168.0.148,192.168.0.178,53414,25565,67591,6854147,0,0,0x0010
15287,2026-08-15T10:15:04.533070000-0500,99.666111000,192.168.0.178,192.168.0.148,25565,53414,6854147,67591,1460,0,0x0010
15288,2026-08-15T10:15:04.533191000-0500,99.666232000,192.168.0.178,192.168.0.148,25565,53414,6855607,67591,1460,0,0x0010
15289,2026-08-15T10:15:04.533198000-0500,99.666239000,192.168.0.148,192.168.0.178,53414,25565,67591,6857067,0,0,0x0010
15290,2026-08-15T10:15:04.533314000-0500,99.666355000,192.168.0.178,192.168.0.148,25565,53414,6857067,67591,1460,0,0x0010
15291,2026-08-15T10:15:04.533375000-0500,99.666416000,192.168.0.178,192.168.0.148,25565,53414,6858527,67591,711,0,0x0018
15292,2026-08-15T10:15:04.533385000-0500,99.666426000,192.168.0.148,192.168.0.178,53414,25565,67591,6859238,0,0,0x0010
15293,2026-08-15T10:15:04.543597000-0500,99.676638000,192.168.0.148,192.168.0.178,53414,25565,67591,6859238,28,0,0x0018
15294,2026-08-15T10:15:04.544331000-0500,99.677372000,192.168.0.148,192.168.0.178,53414,25565,67619,6859238,3,0,0x0018
15295,2026-08-15T10:15:04.544972000-0500,99.678013000,192.168.0.178,192.168.0.148,25565,53414,6859238,67622,0,0,0x0010
15296,2026-08-15T10:15:04.580636000-0500,99.713677000,192.168.0.178,192.168.0.148,25565,53414,6859238,67622,1460,0,0x0010
15297,2026-08-15T10:15:04.580793000-0500,99.713834000,192.168.0.178,192.168.0.148,25565,53414,6860698,67622,1460,0,0x0010
15298,2026-08-15T10:15:04.580811000-0500,99.713852000,192.168.0.148,192.168.0.178,53414,25565,67622,6862158,0,0,0x0010
15299,2026-08-15T10:15:04.580877000-0500,99.713918000,192.168.0.178,192.168.0.148,25565,53414,6862158,67622,1460,0,0x0010
15300,2026-08-15T10:15:04.581036000-0500,99.714077000,192.168.0.178,192.168.0.148,25565,53414,6863618,67622,1460,0,0x0010
15301,2026-08-15T10:15:04.581049000-0500,99.714090000,192.168.0.148,192.168.0.178,53414,25565,67622,6865078,0,0,0x0010
15302,2026-08-15T10:15:04.581166000-0500,99.714207000,192.168.0.178,192.168.0.148,25565,53414,6865078,67622,1460,0,0x0010
15303,2026-08-15T10:15:04.581244000-0500,99.714285000,192.168.0.178,192.168.0.148,25565,53414,6866538,67622,1460,0,0x0010
15304,2026-08-15T10:15:04.581251000-0500,99.714292000,192.168.0.148,192.168.0.178,53414,25565,67622,6867998,0,0,0x0010
15305,2026-08-15T10:15:04.581380000-0500,99.714421000,192.168.0.178,192.168.0.148,25565,53414,6867998,67622,1460,0,0x0010
15306,2026-08-15T10:15:04.581529000-0500,99.714570000,192.168.0.178,192.168.0.148,25565,53414,6869458,67622,1460,0,0x0010
15307,2026-08-15T10:15:04.581540000-0500,99.714581000,192.168.0.148,192.168.0.178,53414,25565,67622,6870918,0,0,0x0010
15308,2026-08-15T10:15:04.581613000-0500,99.714654000,192.168.0.178,192.168.0.148,25565,53414,6870918,67622,1460,0,0x0018
15309,2026-08-15T10:15:04.581765000-0500,99.714806000,192.168.0.178,192.168.0.148,25565,53414,6872378,67622,1460,0,0x0010
15310,2026-08-15T10:15:04.581772000-0500,99.714813000,192.168.0.148,192.168.0.178,53414,25565,67622,6873838,0,0,0x0010
15311,2026-08-15T10:15:04.581895000-0500,99.714936000,192.168.0.178,192.168.0.148,25565,53414,6873838,67622,1460,0,0x0010
15312,2026-08-15T10:15:04.582026000-0500,99.715067000,192.168.0.178,192.168.0.148,25565,53414,6875298,67622,1460,0,0x0010
15313,2026-08-15T10:15:04.582038000-0500,99.715079000,192.168.0.148,192.168.0.178,53414,25565,67622,6876758,0,0,0x0010
15314,2026-08-15T10:15:04.582105000-0500,99.715146000,192.168.0.178,192.168.0.148,25565,53414,6876758,67622,1460,0,0x0010
15315,2026-08-15T10:15:04.582265000-0500,99.715306000,192.168.0.178,192.168.0.148,25565,53414,6878218,67622,1460,0,0x0010
15316,2026-08-15T10:15:04.582277000-0500,99.715318000,192.168.0.148,192.168.0.178,53414,25565,67622,6879678,0,0,0x0010
15317,2026-08-15T10:15:04.582406000-0500,99.715447000,192.168.0.178,192.168.0.148,25565,53414,6879678,67622,1460,0,0x0010
15318,2026-08-15T10:15:04.582406000-0500,99.715447000,192.168.0.178,192.168.0.148,25565,53414,6881138,67622,627,0,0x0018
15319,2026-08-15T10:15:04.582428000-0500,99.715469000,192.168.0.148,192.168.0.178,53414,25565,67622,6881765,0,0,0x0010
15320,2026-08-15T10:15:04.594384000-0500,99.727425000,192.168.0.148,192.168.0.178,53414,25565,67622,6881765,28,0,0x0018
15321,2026-08-15T10:15:04.595471000-0500,99.728512000,192.168.0.148,192.168.0.178,53414,25565,67650,6881765,3,0,0x0018
15322,2026-08-15T10:15:04.596070000-0500,99.729111000,192.168.0.178,192.168.0.148,25565,53414,6881765,67653,0,0,0x0010
15323,2026-08-15T10:15:04.627766000-0500,99.760807000,192.168.0.178,192.168.0.148,25565,53414,6881765,67653,718,0,0x0018
15324,2026-08-15T10:15:04.643408000-0500,99.776449000,192.168.0.148,192.168.0.178,53414,25565,67653,6882483,28,0,0x0018
15325,2026-08-15T10:15:04.644303000-0500,99.777344000,192.168.0.148,192.168.0.178,53414,25565,67681,6882483,3,0,0x0018
15326,2026-08-15T10:15:04.644925000-0500,99.777966000,192.168.0.178,192.168.0.148,25565,53414,6882483,67684,0,0,0x0010
15327,2026-08-15T10:15:04.677383000-0500,99.810424000,192.168.0.178,192.168.0.148,25565,53414,6882483,67684,710,0,0x0018
15328,2026-08-15T10:15:04.679516000-0500,99.812557000,192.168.0.178,192.168.0.148,25565,53414,6883193,67684,46,0,0x0018
15329,2026-08-15T10:15:04.679538000-0500,99.812579000,192.168.0.148,192.168.0.178,53414,25565,67684,6883239,0,0,0x0010
15330,2026-08-15T10:15:04.693242000-0500,99.826283000,192.168.0.148,192.168.0.178,53414,25565,67684,6883239,28,0,0x0018
15331,2026-08-15T10:15:04.694305000-0500,99.827346000,192.168.0.148,192.168.0.178,53414,25565,67712,6883239,3,0,0x0018
15332,2026-08-15T10:15:04.694876000-0500,99.827917000,192.168.0.178,192.168.0.148,25565,53414,6883239,67715,0,0,0x0010
15333,2026-08-15T10:15:04.728301000-0500,99.861342000,192.168.0.178,192.168.0.148,25565,53414,6883239,67715,259,0,0x0018
15334,2026-08-15T10:15:04.743338000-0500,99.876379000,192.168.0.148,192.168.0.178,53414,25565,67715,6883498,28,0,0x0018
15335,2026-08-15T10:15:04.744378000-0500,99.877419000,192.168.0.148,192.168.0.178,53414,25565,67743,6883498,3,0,0x0018
15336,2026-08-15T10:15:04.745131000-0500,99.878172000,192.168.0.178,192.168.0.148,25565,53414,6883498,67746,0,0,0x0010
15337,2026-08-15T10:15:04.778001000-0500,99.911042000,192.168.0.178,192.168.0.148,25565,53414,6883498,67746,304,0,0x0018
15338,2026-08-15T10:15:04.793453000-0500,99.926494000,192.168.0.148,192.168.0.178,53414,25565,67746,6883802,28,0,0x0018
15339,2026-08-15T10:15:04.794713000-0500,99.927754000,192.168.0.148,192.168.0.178,53414,25565,67774,6883802,3,0,0x0018
15340,2026-08-15T10:15:04.795375000-0500,99.928416000,192.168.0.178,192.168.0.148,25565,53414,6883802,67777,0,0,0x0010
15341,2026-08-15T10:15:04.826942000-0500,99.959983000,192.168.0.178,192.168.0.148,25565,53414,6883802,67777,591,0,0x0018
15342,2026-08-15T10:15:04.843163000-0500,99.976204000,192.168.0.148,192.168.0.178,53414,25565,67777,6884393,28,0,0x0018
15343,2026-08-15T10:15:04.844206000-0500,99.977247000,192.168.0.148,192.168.0.178,53414,25565,67805,6884393,3,0,0x0018
15344,2026-08-15T10:15:04.844911000-0500,99.977952000,192.168.0.178,192.168.0.148,25565,53414,6884393,67808,0,0,0x0010
15345,2026-08-15T10:15:04.877114000-0500,100.010155000,192.168.0.178,192.168.0.148,25565,53414,6884393,67808,163,0,0x0018
15346,2026-08-15T10:15:04.877248000-0500,100.010289000,192.168.0.148,192.168.0.178,53414,25565,67808,6884556,11,0,0x0018
15347,2026-08-15T10:15:04.893476000-0500,100.026517000,192.168.0.148,192.168.0.178,53414,25565,67819,6884556,28,0,0x0018
15348,2026-08-15T10:15:04.894167000-0500,100.027208000,192.168.0.178,192.168.0.148,25565,53414,6884556,67847,0,0,0x0010
15349,2026-08-15T10:15:04.894480000-0500,100.027521000,192.168.0.148,192.168.0.178,53414,25565,67847,6884556,3,0,0x0018
15350,2026-08-15T10:15:04.927630000-0500,100.060671000,192.168.0.178,192.168.0.148,25565,53414,6884556,67850,594,0,0x0018
15351,2026-08-15T10:15:04.943715000-0500,100.076756000,192.168.0.148,192.168.0.178,53414,25565,67850,6885150,28,0,0x0018
15352,2026-08-15T10:15:04.944762000-0500,100.077803000,192.168.0.148,192.168.0.178,53414,25565,67878,6885150,3,0,0x0018
15353,2026-08-15T10:15:04.945567000-0500,100.078608000,192.168.0.178,192.168.0.148,25565,53414,6885150,67881,0,0,0x0010
15354,2026-08-15T10:15:04.977373000-0500,100.110414000,192.168.0.178,192.168.0.148,25565,53414,6885150,67881,262,0,0x0018
15355,2026-08-15T10:15:04.993358000-0500,100.126399000,192.168.0.148,192.168.0.178,53414,25565,67881,6885412,28,0,0x0018
15356,2026-08-15T10:15:04.994326000-0500,100.127367000,192.168.0.148,192.168.0.178,53414,25565,67909,6885412,3,0,0x0018
15357,2026-08-15T10:15:04.994938000-0500,100.127979000,192.168.0.178,192.168.0.148,25565,53414,6885412,67912,0,0,0x0010
15358,2026-08-15T10:15:05.027132000-0500,100.160173000,192.168.0.178,192.168.0.148,25565,53414,6885412,67912,251,0,0x0018
15359,2026-08-15T10:15:05.043537000-0500,100.176578000,192.168.0.148,192.168.0.178,53414,25565,67912,6885663,28,0,0x0018
15360,2026-08-15T10:15:05.044506000-0500,100.177547000,192.168.0.148,192.168.0.178,53414,25565,67940,6885663,3,0,0x0018
15361,2026-08-15T10:15:05.045090000-0500,100.178131000,192.168.0.178,192.168.0.148,25565,53414,6885663,67943,0,0,0x0010
15362,2026-08-15T10:15:05.077184000-0500,100.210225000,192.168.0.178,192.168.0.148,25565,53414,6885663,67943,514,0,0x0018
15363,2026-08-15T10:15:05.093980000-0500,100.227021000,192.168.0.148,192.168.0.178,53414,25565,67943,6886177,36,0,0x0018
15364,2026-08-15T10:15:05.094953000-0500,100.227994000,192.168.0.148,192.168.0.178,53414,25565,67979,6886177,3,0,0x0018
15365,2026-08-15T10:15:05.095545000-0500,100.228586000,192.168.0.178,192.168.0.148,25565,53414,6886177,67982,0,0,0x0010
15366,2026-08-15T10:15:05.133041000-0500,100.266082000,192.168.0.178,192.168.0.148,25565,53414,6886177,67982,853,0,0x0018
15367,2026-08-15T10:15:05.143318000-0500,100.276359000,192.168.0.148,192.168.0.178,53414,25565,67982,6887030,36,0,0x0018
15368,2026-08-15T10:15:05.144107000-0500,100.277148000,192.168.0.148,192.168.0.178,53414,25565,68018,6887030,3,0,0x0018
15369,2026-08-15T10:15:05.144583000-0500,100.277624000,192.168.0.178,192.168.0.148,25565,53414,6887030,68021,0,0,0x0010
15370,2026-08-15T10:15:05.177364000-0500,100.310405000,192.168.0.178,192.168.0.148,25565,53414,6887030,68021,519,0,0x0018
15371,2026-08-15T10:15:05.193427000-0500,100.326468000,192.168.0.148,192.168.0.178,53414,25565,68021,6887549,4,0,0x0018
15372,2026-08-15T10:15:05.193461000-0500,100.326502000,192.168.0.148,192.168.0.178,53414,25565,68025,6887549,36,0,0x0018
15373,2026-08-15T10:15:05.194011000-0500,100.327052000,192.168.0.178,192.168.0.148,25565,53414,6887549,68061,0,0,0x0010
15374,2026-08-15T10:15:05.194486000-0500,100.327527000,192.168.0.148,192.168.0.178,53414,25565,68061,6887549,3,0,0x0018
15375,2026-08-15T10:15:05.226869000-0500,100.359910000,192.168.0.178,192.168.0.148,25565,53414,6887549,68064,203,0,0x0018
15376,2026-08-15T10:15:05.243493000-0500,100.376534000,192.168.0.148,192.168.0.178,53414,25565,68064,6887752,36,0,0x0018
15377,2026-08-15T10:15:05.244541000-0500,100.377582000,192.168.0.148,192.168.0.178,53414,25565,68100,6887752,3,0,0x0018
15378,2026-08-15T10:15:05.245131000-0500,100.378172000,192.168.0.178,192.168.0.148,25565,53414,6887752,68103,0,0,0x0010
15379,2026-08-15T10:15:05.277428000-0500,100.410469000,192.168.0.178,192.168.0.148,25565,53414,6887752,68103,1106,0,0x0018
15380,2026-08-15T10:15:05.293449000-0500,100.426490000,192.168.0.148,192.168.0.178,53414,25565,68103,6888858,36,0,0x0018
15381,2026-08-15T10:15:05.294394000-0500,100.427435000,192.168.0.148,192.168.0.178,53414,25565,68139,6888858,3,0,0x0018
15382,2026-08-15T10:15:05.295076000-0500,100.428117000,192.168.0.178,192.168.0.148,25565,53414,6888858,68142,0,0,0x0010
15383,2026-08-15T10:15:05.327144000-0500,100.460185000,192.168.0.178,192.168.0.148,25565,53414,6888858,68142,403,0,0x0018
15384,2026-08-15T10:15:05.343443000-0500,100.476484000,192.168.0.148,192.168.0.178,53414,25565,68142,6889261,36,0,0x0018
15385,2026-08-15T10:15:05.344532000-0500,100.477573000,192.168.0.148,192.168.0.178,53414,25565,68178,6889261,3,0,0x0018
15386,2026-08-15T10:15:05.345198000-0500,100.478239000,192.168.0.178,192.168.0.148,25565,53414,6889261,68181,0,0,0x0010
15387,2026-08-15T10:15:05.376356000-0500,100.509397000,192.168.0.178,192.168.0.148,25565,53414,6889261,68181,269,0,0x0018
15388,2026-08-15T10:15:05.392895000-0500,100.525936000,192.168.0.148,192.168.0.178,53414,25565,68181,6889530,36,0,0x0018
15389,2026-08-15T10:15:05.393390000-0500,100.526431000,192.168.0.148,192.168.0.178,53414,25565,68217,6889530,3,0,0x0018
15390,2026-08-15T10:15:05.393885000-0500,100.526926000,192.168.0.178,192.168.0.148,25565,53414,6889530,68220,0,0,0x0010
15391,2026-08-15T10:15:05.427399000-0500,100.560440000,192.168.0.178,192.168.0.148,25565,53414,6889530,68220,421,0,0x0018
15392,2026-08-15T10:15:05.443549000-0500,100.576590000,192.168.0.148,192.168.0.178,53414,25565,68220,6889951,36,0,0x0018
15393,2026-08-15T10:15:05.444468000-0500,100.577509000,192.168.0.148,192.168.0.178,53414,25565,68256,6889951,3,0,0x0018
15394,2026-08-15T10:15:05.444995000-0500,100.578036000,192.168.0.178,192.168.0.148,25565,53414,6889951,68259,0,0,0x0010
15395,2026-08-15T10:15:05.476539000-0500,100.609580000,192.168.0.178,192.168.0.148,25565,53414,6889951,68259,92,0,0x0018
15396,2026-08-15T10:15:05.493522000-0500,100.626563000,192.168.0.148,192.168.0.178,53414,25565,68259,6890043,36,0,0x0018
15397,2026-08-15T10:15:05.494713000-0500,100.627754000,192.168.0.148,192.168.0.178,53414,25565,68295,6890043,3,0,0x0018
15398,2026-08-15T10:15:05.495303000-0500,100.628344000,192.168.0.178,192.168.0.148,25565,53414,6890043,68298,0,0,0x0010
15399,2026-08-15T10:15:05.527884000-0500,100.660925000,192.168.0.178,192.168.0.148,25565,53414,6890043,68298,290,0,0x0018
15400,2026-08-15T10:15:05.543349000-0500,100.676390000,192.168.0.148,192.168.0.178,53414,25565,68298,6890333,28,0,0x0018
15401,2026-08-15T10:15:05.544286000-0500,100.677327000,192.168.0.148,192.168.0.178,53414,25565,68326,6890333,3,0,0x0018
15402,2026-08-15T10:15:05.544890000-0500,100.677931000,192.168.0.178,192.168.0.148,25565,53414,6890333,68329,0,0,0x0010
15403,2026-08-15T10:15:05.577995000-0500,100.711036000,192.168.0.178,192.168.0.148,25565,53414,6890333,68329,635,0,0x0018
15404,2026-08-15T10:15:05.593702000-0500,100.726743000,192.168.0.148,192.168.0.178,53414,25565,68329,6890968,28,0,0x0018
15405,2026-08-15T10:15:05.594933000-0500,100.727974000,192.168.0.148,192.168.0.178,53414,25565,68357,6890968,3,0,0x0018
15406,2026-08-15T10:15:05.597766000-0500,100.730807000,192.168.0.178,192.168.0.148,25565,53414,6890968,68360,0,0,0x0010
15407,2026-08-15T10:15:05.627444000-0500,100.760485000,192.168.0.178,192.168.0.148,25565,53414,6890968,68360,164,0,0x0018
15408,2026-08-15T10:15:05.642407000-0500,100.775448000,192.168.0.148,192.168.0.178,53414,25565,68360,6891132,36,0,0x0018
15409,2026-08-15T10:15:05.642997000-0500,100.776038000,192.168.0.148,192.168.0.178,53414,25565,68396,6891132,3,0,0x0018
15410,2026-08-15T10:15:05.643733000-0500,100.776774000,192.168.0.178,192.168.0.148,25565,53414,6891132,68399,0,0,0x0010
15411,2026-08-15T10:15:05.676770000-0500,100.809811000,192.168.0.178,192.168.0.148,25565,53414,6891132,68399,446,0,0x0018
15412,2026-08-15T10:15:05.693465000-0500,100.826506000,192.168.0.148,192.168.0.178,53414,25565,68399,6891578,36,0,0x0018
15413,2026-08-15T10:15:05.694544000-0500,100.827585000,192.168.0.148,192.168.0.178,53414,25565,68435,6891578,3,0,0x0018
15414,2026-08-15T10:15:05.695217000-0500,100.828258000,192.168.0.178,192.168.0.148,25565,53414,6891578,68438,0,0,0x0010
15415,2026-08-15T10:15:05.728507000-0500,100.861548000,192.168.0.178,192.168.0.148,25565,53414,6891578,68438,245,0,0x0018
15416,2026-08-15T10:15:05.743319000-0500,100.876360000,192.168.0.148,192.168.0.178,53414,25565,68438,6891823,36,0,0x0018
15417,2026-08-15T10:15:05.744207000-0500,100.877248000,192.168.0.148,192.168.0.178,53414,25565,68474,6891823,3,0,0x0018
15418,2026-08-15T10:15:05.744765000-0500,100.877806000,192.168.0.178,192.168.0.148,25565,53414,6891823,68477,0,0,0x0010
15419,2026-08-15T10:15:05.778016000-0500,100.911057000,192.168.0.178,192.168.0.148,25565,53414,6891823,68477,495,0,0x0018
15420,2026-08-15T10:15:05.793425000-0500,100.926466000,192.168.0.148,192.168.0.178,53414,25565,68477,6892318,36,0,0x0018
15421,2026-08-15T10:15:05.794417000-0500,100.927458000,192.168.0.148,192.168.0.178,53414,25565,68513,6892318,3,0,0x0018
15422,2026-08-15T10:15:05.795000000-0500,100.928041000,192.168.0.178,192.168.0.148,25565,53414,6892318,68516,0,0,0x0010
15423,2026-08-15T10:15:05.827124000-0500,100.960165000,192.168.0.178,192.168.0.148,25565,53414,6892318,68516,862,0,0x0018
15424,2026-08-15T10:15:05.843600000-0500,100.976641000,192.168.0.148,192.168.0.178,53414,25565,68516,6893180,36,0,0x0018
15425,2026-08-15T10:15:05.844642000-0500,100.977683000,192.168.0.148,192.168.0.178,53414,25565,68552,6893180,3,0,0x0018
15426,2026-08-15T10:15:05.845342000-0500,100.978383000,192.168.0.178,192.168.0.148,25565,53414,6893180,68555,0,0,0x0010
15427,2026-08-15T10:15:05.876640000-0500,101.009681000,192.168.0.178,192.168.0.148,25565,53414,6893180,68555,310,0,0x0018
15428,2026-08-15T10:15:05.893417000-0500,101.026458000,192.168.0.148,192.168.0.178,53414,25565,68555,6893490,36,0,0x0018
15429,2026-08-15T10:15:05.894391000-0500,101.027432000,192.168.0.148,192.168.0.178,53414,25565,68591,6893490,3,0,0x0018
15430,2026-08-15T10:15:05.895057000-0500,101.028098000,192.168.0.178,192.168.0.148,25565,53414,6893490,68594,0,0,0x0010
15431,2026-08-15T10:15:05.927370000-0500,101.060411000,192.168.0.178,192.168.0.148,25565,53414,6893490,68594,337,0,0x0018
15432,2026-08-15T10:15:05.927511000-0500,101.060552000,192.168.0.148,192.168.0.178,53414,25565,68594,6893827,11,0,0x0018
15433,2026-08-15T10:15:05.942727000-0500,101.075768000,192.168.0.148,192.168.0.178,53414,25565,68605,6893827,28,0,0x0018
15434,2026-08-15T10:15:05.943332000-0500,101.076373000,192.168.0.178,192.168.0.148,25565,53414,6893827,68633,0,0,0x0010
15435,2026-08-15T10:15:05.943533000-0500,101.076574000,192.168.0.148,192.168.0.178,53414,25565,68633,6893827,3,0,0x0018
15436,2026-08-15T10:15:05.976872000-0500,101.109913000,192.168.0.178,192.168.0.148,25565,53414,6893827,68636,315,0,0x0018
15437,2026-08-15T10:15:05.993415000-0500,101.126456000,192.168.0.148,192.168.0.178,53414,25565,68636,6894142,28,0,0x0018
15438,2026-08-15T10:15:05.994379000-0500,101.127420000,192.168.0.148,192.168.0.178,53414,25565,68664,6894142,3,0,0x0018
15439,2026-08-15T10:15:05.995071000-0500,101.128112000,192.168.0.178,192.168.0.148,25565,53414,6894142,68667,0,0,0x0010
15440,2026-08-15T10:15:06.027066000-0500,101.160107000,192.168.0.178,192.168.0.148,25565,53414,6894142,68667,314,0,0x0018
15441,2026-08-15T10:15:06.043534000-0500,101.176575000,192.168.0.148,192.168.0.178,53414,25565,68667,6894456,36,0,0x0018
15442,2026-08-15T10:15:06.044491000-0500,101.177532000,192.168.0.148,192.168.0.178,53414,25565,68703,6894456,3,0,0x0018
15443,2026-08-15T10:15:06.045141000-0500,101.178182000,192.168.0.178,192.168.0.148,25565,53414,6894456,68706,0,0,0x0010
15444,2026-08-15T10:15:06.077834000-0500,101.210875000,192.168.0.178,192.168.0.148,25565,53414,6894456,68706,677,0,0x0018
15445,2026-08-15T10:15:06.093531000-0500,101.226572000,192.168.0.148,192.168.0.178,53414,25565,68706,6895133,36,0,0x0018
15446,2026-08-15T10:15:06.094451000-0500,101.227492000,192.168.0.148,192.168.0.178,53414,25565,68742,6895133,3,0,0x0018
15447,2026-08-15T10:15:06.095107000-0500,101.228148000,192.168.0.178,192.168.0.148,25565,53414,6895133,68745,0,0,0x0010
15448,2026-08-15T10:15:06.128123000-0500,101.261164000,192.168.0.178,192.168.0.148,25565,53414,6895133,68745,273,0,0x0018
15449,2026-08-15T10:15:06.143418000-0500,101.276459000,192.168.0.148,192.168.0.178,53414,25565,68745,6895406,36,0,0x0018
15450,2026-08-15T10:15:06.144205000-0500,101.277246000,192.168.0.148,192.168.0.178,53414,25565,68781,6895406,3,0,0x0018
15451,2026-08-15T10:15:06.144886000-0500,101.277927000,192.168.0.178,192.168.0.148,25565,53414,6895406,68784,0,0,0x0010
15452,2026-08-15T10:15:06.180444000-0500,101.313485000,192.168.0.178,192.168.0.148,25565,53414,6895406,68784,524,0,0x0018
15453,2026-08-15T10:15:06.192655000-0500,101.325696000,192.168.0.148,192.168.0.178,53414,25565,68784,6895930,36,0,0x0018
15454,2026-08-15T10:15:06.193319000-0500,101.326360000,192.168.0.148,192.168.0.178,53414,25565,68820,6895930,3,0,0x0018
15455,2026-08-15T10:15:06.193795000-0500,101.326836000,192.168.0.178,192.168.0.148,25565,53414,6895930,68823,0,0,0x0010
15456,2026-08-15T10:15:06.226783000-0500,101.359824000,192.168.0.178,192.168.0.148,25565,53414,6895930,68823,254,0,0x0018
15457,2026-08-15T10:15:06.243312000-0500,101.376353000,192.168.0.148,192.168.0.178,53414,25565,68823,6896184,28,0,0x0018
15458,2026-08-15T10:15:06.244479000-0500,101.377520000,192.168.0.148,192.168.0.178,53414,25565,68851,6896184,3,0,0x0018
15459,2026-08-15T10:15:06.245249000-0500,101.378290000,192.168.0.178,192.168.0.148,25565,53414,6896184,68854,0,0,0x0010
15460,2026-08-15T10:15:06.277002000-0500,101.410043000,192.168.0.178,192.168.0.148,25565,53414,6896184,68854,333,0,0x0018
15461,2026-08-15T10:15:06.293437000-0500,101.426478000,192.168.0.148,192.168.0.178,53414,25565,68854,6896517,28,0,0x0018
15462,2026-08-15T10:15:06.294551000-0500,101.427592000,192.168.0.148,192.168.0.178,53414,25565,68882,6896517,3,0,0x0018
15463,2026-08-15T10:15:06.295349000-0500,101.428390000,192.168.0.178,192.168.0.148,25565,53414,6896517,68885,0,0,0x0010
15464,2026-08-15T10:15:06.328236000-0500,101.461277000,192.168.0.178,192.168.0.148,25565,53414,6896517,68885,651,0,0x0018
15465,2026-08-15T10:15:06.343124000-0500,101.476165000,192.168.0.148,192.168.0.178,53414,25565,68885,6897168,28,0,0x0018
15466,2026-08-15T10:15:06.344251000-0500,101.477292000,192.168.0.148,192.168.0.178,53414,25565,68913,6897168,3,0,0x0018
15467,2026-08-15T10:15:06.344930000-0500,101.477971000,192.168.0.178,192.168.0.148,25565,53414,6897168,68916,0,0,0x0010
15468,2026-08-15T10:15:06.377535000-0500,101.510576000,192.168.0.178,192.168.0.148,25565,53414,6897168,68916,207,0,0x0018
15469,2026-08-15T10:15:06.393278000-0500,101.526319000,192.168.0.148,192.168.0.178,53414,25565,68916,6897375,28,0,0x0018
15470,2026-08-15T10:15:06.394248000-0500,101.527289000,192.168.0.148,192.168.0.178,53414,25565,68944,6897375,3,0,0x0018
15471,2026-08-15T10:15:06.394890000-0500,101.527931000,192.168.0.178,192.168.0.148,25565,53414,6897375,68947,0,0,0x0010
15472,2026-08-15T10:15:06.427106000-0500,101.560147000,192.168.0.178,192.168.0.148,25565,53414,6897375,68947,551,0,0x0018
15473,2026-08-15T10:15:06.442607000-0500,101.575648000,192.168.0.148,192.168.0.178,53414,25565,68947,6897926,28,0,0x0018
15474,2026-08-15T10:15:06.443066000-0500,101.576107000,192.168.0.148,192.168.0.178,53414,25565,68975,6897926,3,0,0x0018
15475,2026-08-15T10:15:06.443603000-0500,101.576644000,192.168.0.178,192.168.0.148,25565,53414,6897926,68978,0,0,0x0010
15476,2026-08-15T10:15:06.476221000-0500,101.609262000,192.168.0.178,192.168.0.148,25565,53414,6897926,68978,221,0,0x0018
15477,2026-08-15T10:15:06.493644000-0500,101.626685000,192.168.0.148,192.168.0.178,53414,25565,68978,6898147,36,0,0x0018
15478,2026-08-15T10:15:06.497447000-0500,101.630488000,192.168.0.148,192.168.0.178,53414,25565,69014,6898147,3,0,0x0018
15479,2026-08-15T10:15:06.498079000-0500,101.631120000,192.168.0.178,192.168.0.148,25565,53414,6898147,69017,0,0,0x0010
15480,2026-08-15T10:15:06.526615000-0500,101.659656000,192.168.0.178,192.168.0.148,25565,53414,6898147,69017,224,0,0x0018
15481,2026-08-15T10:15:06.543241000-0500,101.676282000,192.168.0.148,192.168.0.178,53414,25565,69017,6898371,4,0,0x0018
15482,2026-08-15T10:15:06.543272000-0500,101.676313000,192.168.0.148,192.168.0.178,53414,25565,69021,6898371,36,0,0x0018
15483,2026-08-15T10:15:06.543854000-0500,101.676895000,192.168.0.178,192.168.0.148,25565,53414,6898371,69057,0,0,0x0010
15484,2026-08-15T10:15:06.544017000-0500,101.677058000,192.168.0.148,192.168.0.178,53414,25565,69057,6898371,3,0,0x0018
15485,2026-08-15T10:15:06.576680000-0500,101.709721000,192.168.0.178,192.168.0.148,25565,53414,6898371,69060,560,0,0x0018
15486,2026-08-15T10:15:06.593488000-0500,101.726529000,192.168.0.148,192.168.0.178,53414,25565,69060,6898931,36,0,0x0018
15487,2026-08-15T10:15:06.594696000-0500,101.727737000,192.168.0.148,192.168.0.178,53414,25565,69096,6898931,3,0,0x0018
15488,2026-08-15T10:15:06.595274000-0500,101.728315000,192.168.0.178,192.168.0.148,25565,53414,6898931,69099,0,0,0x0010
15489,2026-08-15T10:15:06.626852000-0500,101.759893000,192.168.0.178,192.168.0.148,25565,53414,6898931,69099,348,0,0x0018
15490,2026-08-15T10:15:06.643606000-0500,101.776647000,192.168.0.148,192.168.0.178,53414,25565,69099,6899279,36,0,0x0018
15491,2026-08-15T10:15:06.644454000-0500,101.777495000,192.168.0.148,192.168.0.178,53414,25565,69135,6899279,3,0,0x0018
15492,2026-08-15T10:15:06.644963000-0500,101.778004000,192.168.0.178,192.168.0.148,25565,53414,6899279,69138,0,0,0x0010
15493,2026-08-15T10:15:06.677149000-0500,101.810190000,192.168.0.178,192.168.0.148,25565,53414,6899279,69138,870,0,0x0018
15494,2026-08-15T10:15:06.693525000-0500,101.826566000,192.168.0.148,192.168.0.178,53414,25565,69138,6900149,36,0,0x0018
15495,2026-08-15T10:15:06.694377000-0500,101.827418000,192.168.0.148,192.168.0.178,53414,25565,69174,6900149,3,0,0x0018
15496,2026-08-15T10:15:06.705532000-0500,101.838573000,192.168.0.178,192.168.0.148,25565,53414,6900149,69177,0,0,0x0010
15497,2026-08-15T10:15:06.728939000-0500,101.861980000,192.168.0.178,192.168.0.148,25565,53414,6900149,69177,254,0,0x0018
15498,2026-08-15T10:15:06.743051000-0500,101.876092000,192.168.0.148,192.168.0.178,53414,25565,69177,6900403,36,0,0x0018
15499,2026-08-15T10:15:06.743907000-0500,101.876948000,192.168.0.148,192.168.0.178,53414,25565,69213,6900403,3,0,0x0018
15500,2026-08-15T10:15:06.744429000-0500,101.877470000,192.168.0.178,192.168.0.148,25565,53414,6900403,69216,0,0,0x0010
15501,2026-08-15T10:15:06.779417000-0500,101.912458000,192.168.0.178,192.168.0.148,25565,53414,6900403,69216,914,0,0x0018
15502,2026-08-15T10:15:06.793706000-0500,101.926747000,192.168.0.148,192.168.0.178,53414,25565,69216,6901317,36,0,0x0018
15503,2026-08-15T10:15:06.794690000-0500,101.927731000,192.168.0.148,192.168.0.178,53414,25565,69252,6901317,3,0,0x0018
15504,2026-08-15T10:15:06.795373000-0500,101.928414000,192.168.0.178,192.168.0.148,25565,53414,6901317,69255,0,0,0x0010
15505,2026-08-15T10:15:06.827255000-0500,101.960296000,192.168.0.178,192.168.0.148,25565,53414,6901317,69255,506,0,0x0018
15506,2026-08-15T10:15:06.843592000-0500,101.976633000,192.168.0.148,192.168.0.178,53414,25565,69255,6901823,4,0,0x0018
15507,2026-08-15T10:15:06.843626000-0500,101.976667000,192.168.0.148,192.168.0.178,53414,25565,69259,6901823,36,0,0x0018
15508,2026-08-15T10:15:06.844433000-0500,101.977474000,192.168.0.178,192.168.0.148,25565,53414,6901823,69295,0,0,0x0010
15509,2026-08-15T10:15:06.844828000-0500,101.977869000,192.168.0.148,192.168.0.178,53414,25565,69295,6901823,3,0,0x0018
15510,2026-08-15T10:15:06.876584000-0500,102.009625000,192.168.0.178,192.168.0.148,25565,53414,6901823,69298,294,0,0x0018
15511,2026-08-15T10:15:06.893631000-0500,102.026672000,192.168.0.148,192.168.0.178,53414,25565,69298,6902117,36,0,0x0018
15512,2026-08-15T10:15:06.894612000-0500,102.027653000,192.168.0.148,192.168.0.178,53414,25565,69334,6902117,3,0,0x0018
15513,2026-08-15T10:15:06.895152000-0500,102.028193000,192.168.0.178,192.168.0.148,25565,53414,6902117,69337,0,0,0x0010
15514,2026-08-15T10:15:06.927402000-0500,102.060443000,192.168.0.178,192.168.0.148,25565,53414,6902117,69337,448,0,0x0018
15515,2026-08-15T10:15:06.943280000-0500,102.076321000,192.168.0.148,192.168.0.178,53414,25565,69337,6902565,36,0,0x0018
15516,2026-08-15T10:15:06.943983000-0500,102.077024000,192.168.0.148,192.168.0.178,53414,25565,69373,6902565,3,0,0x0018
15517,2026-08-15T10:15:06.944617000-0500,102.077658000,192.168.0.178,192.168.0.148,25565,53414,6902565,69376,0,0,0x0010
15518,2026-08-15T10:15:06.976467000-0500,102.109508000,192.168.0.178,192.168.0.148,25565,53414,6902565,69376,298,0,0x0018
15519,2026-08-15T10:15:06.976654000-0500,102.109695000,192.168.0.148,192.168.0.178,53414,25565,69376,6902863,11,0,0x0018
15520,2026-08-15T10:15:06.993058000-0500,102.126099000,192.168.0.148,192.168.0.178,53414,25565,69387,6902863,36,0,0x0018
15521,2026-08-15T10:15:06.993719000-0500,102.126760000,192.168.0.148,192.168.0.178,53414,25565,69423,6902863,3,0,0x0018
15522,2026-08-15T10:15:06.993994000-0500,102.127035000,192.168.0.178,192.168.0.148,25565,53414,6902863,69423,0,0,0x0010
15523,2026-08-15T10:15:06.994326000-0500,102.127367000,192.168.0.178,192.168.0.148,25565,53414,6902863,69426,46,0,0x0018
15524,2026-08-15T10:15:07.026544000-0500,102.159585000,192.168.0.178,192.168.0.148,25565,53414,6902909,69426,246,0,0x0018
15525,2026-08-15T10:15:07.026599000-0500,102.159640000,192.168.0.148,192.168.0.178,53414,25565,69426,6903155,0,0,0x0010
15526,2026-08-15T10:15:07.044199000-0500,102.177240000,192.168.0.148,192.168.0.178,53414,25565,69426,6903155,4,0,0x0018
15527,2026-08-15T10:15:07.044238000-0500,102.177279000,192.168.0.148,192.168.0.178,53414,25565,69430,6903155,36,0,0x0018
15528,2026-08-15T10:15:07.044909000-0500,102.177950000,192.168.0.178,192.168.0.148,25565,53414,6903155,69466,0,0,0x0010
15529,2026-08-15T10:15:07.045134000-0500,102.178175000,192.168.0.148,192.168.0.178,53414,25565,69466,6903155,3,0,0x0018
15530,2026-08-15T10:15:07.077595000-0500,102.210636000,192.168.0.178,192.168.0.148,25565,53414,6903155,69469,326,0,0x0018
15531,2026-08-15T10:15:07.093407000-0500,102.226448000,192.168.0.148,192.168.0.178,53414,25565,69469,6903481,36,0,0x0018
15532,2026-08-15T10:15:07.094486000-0500,102.227527000,192.168.0.148,192.168.0.178,53414,25565,69505,6903481,3,0,0x0018
15533,2026-08-15T10:15:07.095391000-0500,102.228432000,192.168.0.178,192.168.0.148,25565,53414,6903481,69508,0,0,0x0010
15534,2026-08-15T10:15:07.129600000-0500,102.262641000,192.168.0.178,192.168.0.148,25565,53414,6903481,69508,366,0,0x0018
15535,2026-08-15T10:15:07.143526000-0500,102.276567000,192.168.0.148,192.168.0.178,53414,25565,69508,6903847,36,0,0x0018
15536,2026-08-15T10:15:07.144746000-0500,102.277787000,192.168.0.148,192.168.0.178,53414,25565,69544,6903847,3,0,0x0018
15537,2026-08-15T10:15:07.145484000-0500,102.278525000,192.168.0.178,192.168.0.148,25565,53414,6903847,69547,0,0,0x0010
15538,2026-08-15T10:15:07.177074000-0500,102.310115000,192.168.0.178,192.168.0.148,25565,53414,6903847,69547,465,0,0x0018
15539,2026-08-15T10:15:07.193694000-0500,102.326735000,192.168.0.148,192.168.0.178,53414,25565,69547,6904312,36,0,0x0018
15540,2026-08-15T10:15:07.194672000-0500,102.327713000,192.168.0.148,192.168.0.178,53414,25565,69583,6904312,3,0,0x0018
15541,2026-08-15T10:15:07.195363000-0500,102.328404000,192.168.0.178,192.168.0.148,25565,53414,6904312,69586,0,0,0x0010
15542,2026-08-15T10:15:07.226334000-0500,102.359375000,192.168.0.178,192.168.0.148,25565,53414,6904312,69586,294,0,0x0018
15543,2026-08-15T10:15:07.243149000-0500,102.376190000,192.168.0.148,192.168.0.178,53414,25565,69586,6904606,36,0,0x0018
15544,2026-08-15T10:15:07.243831000-0500,102.376872000,192.168.0.148,192.168.0.178,53414,25565,69622,6904606,3,0,0x0018
15545,2026-08-15T10:15:07.244460000-0500,102.377501000,192.168.0.178,192.168.0.148,25565,53414,6904606,69625,0,0,0x0010
15546,2026-08-15T10:15:07.278689000-0500,102.411730000,192.168.0.178,192.168.0.148,25565,53414,6904606,69625,226,0,0x0018
15547,2026-08-15T10:15:07.293385000-0500,102.426426000,192.168.0.148,192.168.0.178,53414,25565,69625,6904832,28,0,0x0018
15548,2026-08-15T10:15:07.294426000-0500,102.427467000,192.168.0.148,192.168.0.178,53414,25565,69653,6904832,3,0,0x0018
15549,2026-08-15T10:15:07.295471000-0500,102.428512000,192.168.0.178,192.168.0.148,25565,53414,6904832,69656,0,0,0x0010
15550,2026-08-15T10:15:07.327556000-0500,102.460597000,192.168.0.178,192.168.0.148,25565,53414,6904832,69656,257,0,0x0018
15551,2026-08-15T10:15:07.343474000-0500,102.476515000,192.168.0.148,192.168.0.178,53414,25565,69656,6905089,28,0,0x0018
15552,2026-08-15T10:15:07.344597000-0500,102.477638000,192.168.0.148,192.168.0.178,53414,25565,69684,6905089,3,0,0x0018
15553,2026-08-15T10:15:07.345285000-0500,102.478326000,192.168.0.178,192.168.0.148,25565,53414,6905089,69687,0,0,0x0010
15554,2026-08-15T10:15:07.376360000-0500,102.509401000,192.168.0.178,192.168.0.148,25565,53414,6905089,69687,339,0,0x0018
15555,2026-08-15T10:15:07.393408000-0500,102.526449000,192.168.0.148,192.168.0.178,53414,25565,69687,6905428,28,0,0x0018
15556,2026-08-15T10:15:07.394441000-0500,102.527482000,192.168.0.148,192.168.0.178,53414,25565,69715,6905428,3,0,0x0018
15557,2026-08-15T10:15:07.395177000-0500,102.528218000,192.168.0.178,192.168.0.148,25565,53414,6905428,69718,0,0,0x0010
15558,2026-08-15T10:15:07.426995000-0500,102.560036000,192.168.0.178,192.168.0.148,25565,53414,6905428,69718,384,0,0x0018
15559,2026-08-15T10:15:07.443281000-0500,102.576322000,192.168.0.148,192.168.0.178,53414,25565,69718,6905812,28,0,0x0018
15560,2026-08-15T10:15:07.444482000-0500,102.577523000,192.168.0.148,192.168.0.178,53414,25565,69746,6905812,3,0,0x0018
15561,2026-08-15T10:15:07.446128000-0500,102.579169000,192.168.0.178,192.168.0.148,25565,53414,6905812,69749,0,0,0x0010
15562,2026-08-15T10:15:07.477203000-0500,102.610244000,192.168.0.178,192.168.0.148,25565,53414,6905812,69749,294,0,0x0018
15563,2026-08-15T10:15:07.492674000-0500,102.625715000,192.168.0.148,192.168.0.178,53414,25565,69749,6906106,4,0,0x0018
15564,2026-08-15T10:15:07.492723000-0500,102.625764000,192.168.0.148,192.168.0.178,53414,25565,69753,6906106,36,0,0x0018
15565,2026-08-15T10:15:07.493216000-0500,102.626257000,192.168.0.178,192.168.0.148,25565,53414,6906106,69789,0,0,0x0010
15566,2026-08-15T10:15:07.493415000-0500,102.626456000,192.168.0.148,192.168.0.178,53414,25565,69789,6906106,3,0,0x0018
15567,2026-08-15T10:15:07.528002000-0500,102.661043000,192.168.0.178,192.168.0.148,25565,53414,6906106,69792,258,0,0x0018
15568,2026-08-15T10:15:07.543646000-0500,102.676687000,192.168.0.148,192.168.0.178,53414,25565,69792,6906364,36,0,0x0018
15569,2026-08-15T10:15:07.545090000-0500,102.678131000,192.168.0.148,192.168.0.178,53414,25565,69828,6906364,3,0,0x0018
15570,2026-08-15T10:15:07.545651000-0500,102.678692000,192.168.0.178,192.168.0.148,25565,53414,6906364,69831,0,0,0x0010
15571,2026-08-15T10:15:07.577484000-0500,102.710525000,192.168.0.178,192.168.0.148,25565,53414,6906364,69831,134,0,0x0018
15572,2026-08-15T10:15:07.593655000-0500,102.726696000,192.168.0.148,192.168.0.178,53414,25565,69831,6906498,4,0,0x0018
15573,2026-08-15T10:15:07.593696000-0500,102.726737000,192.168.0.148,192.168.0.178,53414,25565,69835,6906498,36,0,0x0018
15574,2026-08-15T10:15:07.594233000-0500,102.727274000,192.168.0.178,192.168.0.148,25565,53414,6906498,69871,0,0,0x0010
15575,2026-08-15T10:15:07.594743000-0500,102.727784000,192.168.0.148,192.168.0.178,53414,25565,69871,6906498,3,0,0x0018
15576,2026-08-15T10:15:07.625667000-0500,102.758708000,192.168.0.178,192.168.0.148,25565,53414,6906498,69874,286,0,0x0018
15577,2026-08-15T10:15:07.642295000-0500,102.775336000,192.168.0.148,192.168.0.178,53414,25565,69874,6906784,36,0,0x0018
15578,2026-08-15T10:15:07.642982000-0500,102.776023000,192.168.0.148,192.168.0.178,53414,25565,69910,6906784,3,0,0x0018
15579,2026-08-15T10:15:07.643512000-0500,102.776553000,192.168.0.178,192.168.0.148,25565,53414,6906784,69913,0,0,0x0010
15580,2026-08-15T10:15:07.676967000-0500,102.810008000,192.168.0.178,192.168.0.148,25565,53414,6906784,69913,597,0,0x0018
15581,2026-08-15T10:15:07.693562000-0500,102.826603000,192.168.0.148,192.168.0.178,53414,25565,69913,6907381,36,0,0x0018
15582,2026-08-15T10:15:07.694637000-0500,102.827678000,192.168.0.148,192.168.0.178,53414,25565,69949,6907381,3,0,0x0018
15583,2026-08-15T10:15:07.695217000-0500,102.828258000,192.168.0.178,192.168.0.148,25565,53414,6907381,69952,0,0,0x0010
15584,2026-08-15T10:15:07.726205000-0500,102.859246000,192.168.0.178,192.168.0.148,25565,53414,6907381,69952,192,0,0x0018
15585,2026-08-15T10:15:07.743151000-0500,102.876192000,192.168.0.148,192.168.0.178,53414,25565,69952,6907573,4,0,0x0018
15586,2026-08-15T10:15:07.743176000-0500,102.876217000,192.168.0.148,192.168.0.178,53414,25565,69956,6907573,36,0,0x0018
15587,2026-08-15T10:15:07.743695000-0500,102.876736000,192.168.0.148,192.168.0.178,53414,25565,69992,6907573,3,0,0x0018
15588,2026-08-15T10:15:07.743743000-0500,102.876784000,192.168.0.178,192.168.0.148,25565,53414,6907573,69992,0,0,0x0010
15589,2026-08-15T10:15:07.776766000-0500,102.909807000,192.168.0.178,192.168.0.148,25565,53414,6907573,69995,317,0,0x0018
15590,2026-08-15T10:15:07.793641000-0500,102.926682000,192.168.0.148,192.168.0.178,53414,25565,69995,6907890,36,0,0x0018
15591,2026-08-15T10:15:07.794882000-0500,102.927923000,192.168.0.148,192.168.0.178,53414,25565,70031,6907890,3,0,0x0018
15592,2026-08-15T10:15:07.795611000-0500,102.928652000,192.168.0.178,192.168.0.148,25565,53414,6907890,70034,0,0,0x0010
15593,2026-08-15T10:15:07.828818000-0500,102.961859000,192.168.0.178,192.168.0.148,25565,53414,6907890,70034,186,0,0x0018
15594,2026-08-15T10:15:07.843195000-0500,102.976236000,192.168.0.148,192.168.0.178,53414,25565,70034,6908076,36,0,0x0018
15595,2026-08-15T10:15:07.844449000-0500,102.977490000,192.168.0.148,192.168.0.178,53414,25565,70070,6908076,3,0,0x0018
15596,2026-08-15T10:15:07.845138000-0500,102.978179000,192.168.0.178,192.168.0.148,25565,53414,6908076,70073,0,0,0x0010
15597,2026-08-15T10:15:07.876304000-0500,103.009345000,192.168.0.178,192.168.0.148,25565,53414,6908076,70073,248,0,0x0018
15598,2026-08-15T10:15:07.894037000-0500,103.027078000,192.168.0.148,192.168.0.178,53414,25565,70073,6908324,4,0,0x0018
15599,2026-08-15T10:15:07.894077000-0500,103.027118000,192.168.0.148,192.168.0.178,53414,25565,70077,6908324,28,0,0x0018
15600,2026-08-15T10:15:07.894734000-0500,103.027775000,192.168.0.178,192.168.0.148,25565,53414,6908324,70105,0,0,0x0010
15601,2026-08-15T10:15:07.895161000-0500,103.028202000,192.168.0.148,192.168.0.178,53414,25565,70105,6908324,3,0,0x0018
15602,2026-08-15T10:15:07.927454000-0500,103.060495000,192.168.0.178,192.168.0.148,25565,53414,6908324,70108,1295,0,0x0018
15603,2026-08-15T10:15:07.943795000-0500,103.076836000,192.168.0.148,192.168.0.178,53414,25565,70108,6909619,36,0,0x0018
15604,2026-08-15T10:15:07.944829000-0500,103.077870000,192.168.0.148,192.168.0.178,53414,25565,70144,6909619,3,0,0x0018
15605,2026-08-15T10:15:07.945558000-0500,103.078599000,192.168.0.178,192.168.0.148,25565,53414,6909619,70147,0,0,0x0010
15606,2026-08-15T10:15:07.976456000-0500,103.109497000,192.168.0.178,192.168.0.148,25565,53414,6909619,70147,275,0,0x0018
15607,2026-08-15T10:15:07.976681000-0500,103.109722000,192.168.0.148,192.168.0.178,53414,25565,70147,6909894,11,0,0x0018
15608,2026-08-15T10:15:07.992545000-0500,103.125586000,192.168.0.148,192.168.0.178,53414,25565,70158,6909894,36,0,0x0018
15609,2026-08-15T10:15:07.993173000-0500,103.126214000,192.168.0.148,192.168.0.178,53414,25565,70194,6909894,3,0,0x0018
15610,2026-08-15T10:15:07.993225000-0500,103.126266000,192.168.0.178,192.168.0.148,25565,53414,6909894,70194,0,0,0x0010
15611,2026-08-15T10:15:07.993686000-0500,103.126727000,192.168.0.178,192.168.0.148,25565,53414,6909894,70197,11,0,0x0018
15612,2026-08-15T10:15:07.993738000-0500,103.126779000,192.168.0.178,192.168.0.148,25565,53414,6909905,70197,11,0,0x0018
15613,2026-08-15T10:15:07.993745000-0500,103.126786000,192.168.0.148,192.168.0.178,53414,25565,70197,6909916,0,0,0x0010
15614,2026-08-15T10:15:07.993911000-0500,103.126952000,192.168.0.178,192.168.0.148,25565,53414,6909916,70197,11,0,0x0018
15615,2026-08-15T10:15:07.994019000-0500,103.127060000,192.168.0.178,192.168.0.148,25565,53414,6909927,70197,11,0,0x0018
15616,2026-08-15T10:15:07.994024000-0500,103.127065000,192.168.0.148,192.168.0.178,53414,25565,70197,6909938,0,0,0x0010
15617,2026-08-15T10:15:07.994127000-0500,103.127168000,192.168.0.178,192.168.0.148,25565,53414,6909938,70197,11,0,0x0018
15618,2026-08-15T10:15:07.994293000-0500,103.127334000,192.168.0.178,192.168.0.148,25565,53414,6909949,70197,11,0,0x0018
15619,2026-08-15T10:15:07.994299000-0500,103.127340000,192.168.0.148,192.168.0.178,53414,25565,70197,6909960,0,0,0x0010
15620,2026-08-15T10:15:07.994374000-0500,103.127415000,192.168.0.178,192.168.0.148,25565,53414,6909960,70197,11,0,0x0018
15621,2026-08-15T10:15:07.994394000-0500,103.127435000,192.168.0.178,192.168.0.148,25565,53414,6909971,70197,11,0,0x0018
15622,2026-08-15T10:15:07.994397000-0500,103.127438000,192.168.0.148,192.168.0.178,53414,25565,70197,6909982,0,0,0x0010
15623,2026-08-15T10:15:07.994549000-0500,103.127590000,192.168.0.178,192.168.0.148,25565,53414,6909982,70197,11,0,0x0018
15624,2026-08-15T10:15:07.994653000-0500,103.127694000,192.168.0.178,192.168.0.148,25565,53414,6909993,70197,11,0,0x0018
15625,2026-08-15T10:15:07.994658000-0500,103.127699000,192.168.0.148,192.168.0.178,53414,25565,70197,6910004,0,0,0x0010
15626,2026-08-15T10:15:07.994728000-0500,103.127769000,192.168.0.178,192.168.0.148,25565,53414,6910004,70197,11,0,0x0018
15627,2026-08-15T10:15:07.994728000-0500,103.127769000,192.168.0.178,192.168.0.148,25565,53414,6910015,70197,11,0,0x0018
15628,2026-08-15T10:15:07.994734000-0500,103.127775000,192.168.0.148,192.168.0.178,53414,25565,70197,6910026,0,0,0x0010
15629,2026-08-15T10:15:07.994882000-0500,103.127923000,192.168.0.178,192.168.0.148,25565,53414,6910026,70197,11,0,0x0018
15630,2026-08-15T10:15:07.994903000-0500,103.127944000,192.168.0.178,192.168.0.148,25565,53414,6910037,70197,11,0,0x0018
15631,2026-08-15T10:15:07.994909000-0500,103.127950000,192.168.0.148,192.168.0.178,53414,25565,70197,6910048,0,0,0x0010
15632,2026-08-15T10:15:07.995057000-0500,103.128098000,192.168.0.178,192.168.0.148,25565,53414,6910048,70197,11,0,0x0018
15633,2026-08-15T10:15:07.995104000-0500,103.128145000,192.168.0.178,192.168.0.148,25565,53414,6910059,70197,11,0,0x0018
15634,2026-08-15T10:15:07.995110000-0500,103.128151000,192.168.0.148,192.168.0.178,53414,25565,70197,6910070,0,0,0x0010
15635,2026-08-15T10:15:07.995190000-0500,103.128231000,192.168.0.178,192.168.0.148,25565,53414,6910070,70197,11,0,0x0018
15636,2026-08-15T10:15:07.995314000-0500,103.128355000,192.168.0.178,192.168.0.148,25565,53414,6910081,70197,11,0,0x0018
15637,2026-08-15T10:15:07.995320000-0500,103.128361000,192.168.0.148,192.168.0.178,53414,25565,70197,6910092,0,0,0x0010
15638,2026-08-15T10:15:07.995362000-0500,103.128403000,192.168.0.178,192.168.0.148,25565,53414,6910092,70197,11,0,0x0018
15639,2026-08-15T10:15:07.995438000-0500,103.128479000,192.168.0.178,192.168.0.148,25565,53414,6910103,70197,13,0,0x0018
15640,2026-08-15T10:15:07.995444000-0500,103.128485000,192.168.0.148,192.168.0.178,53414,25565,70197,6910116,0,0,0x0010
15641,2026-08-15T10:15:08.026094000-0500,103.159135000,192.168.0.178,192.168.0.148,25565,53414,6910116,70197,233,0,0x0018
15642,2026-08-15T10:15:08.043384000-0500,103.176425000,192.168.0.148,192.168.0.178,53414,25565,70197,6910349,36,0,0x0018
15643,2026-08-15T10:15:08.044535000-0500,103.177576000,192.168.0.148,192.168.0.178,53414,25565,70233,6910349,3,0,0x0018
15644,2026-08-15T10:15:08.045215000-0500,103.178256000,192.168.0.178,192.168.0.148,25565,53414,6910349,70236,0,0,0x0010
15645,2026-08-15T10:15:08.078437000-0500,103.211478000,192.168.0.148,192.168.0.178,53414,25565,70236,6910349,36,0,0x0018
15646,2026-08-15T10:15:08.079468000-0500,103.212509000,192.168.0.148,192.168.0.178,53414,25565,70272,6910349,3,0,0x0018
15647,2026-08-15T10:15:08.079841000-0500,103.212882000,192.168.0.178,192.168.0.148,25565,53414,6910349,70236,491,0,0x0018
15648,2026-08-15T10:15:08.080085000-0500,103.213126000,192.168.0.178,192.168.0.148,25565,53414,6910840,70275,0,0,0x0010
15649,2026-08-15T10:15:08.120513000-0500,103.253554000,192.168.0.148,192.168.0.178,53414,25565,70275,6910840,0,0,0x0010
15650,2026-08-15T10:15:08.129790000-0500,103.262831000,192.168.0.178,192.168.0.148,25565,53414,6910840,70275,1460,0,0x0010
15651,2026-08-15T10:15:08.129894000-0500,103.262935000,192.168.0.178,192.168.0.148,25565,53414,6912300,70275,1460,0,0x0010
15652,2026-08-15T10:15:08.129906000-0500,103.262947000,192.168.0.148,192.168.0.178,53414,25565,70275,6913760,0,0,0x0010
15653,2026-08-15T10:15:08.130041000-0500,103.263082000,192.168.0.178,192.168.0.148,25565,53414,6913760,70275,1460,0,0x0010
15654,2026-08-15T10:15:08.130175000-0500,103.263216000,192.168.0.178,192.168.0.148,25565,53414,6915220,70275,1460,0,0x0010
15655,2026-08-15T10:15:08.130181000-0500,103.263222000,192.168.0.148,192.168.0.178,53414,25565,70275,6916680,0,0,0x0010
15656,2026-08-15T10:15:08.130260000-0500,103.263301000,192.168.0.178,192.168.0.148,25565,53414,6916680,70275,1460,0,0x0010
15657,2026-08-15T10:15:08.130418000-0500,103.263459000,192.168.0.178,192.168.0.148,25565,53414,6918140,70275,1460,0,0x0010
15658,2026-08-15T10:15:08.130422000-0500,103.263463000,192.168.0.148,192.168.0.178,53414,25565,70275,6919600,0,0,0x0010
15659,2026-08-15T10:15:08.130504000-0500,103.263545000,192.168.0.178,192.168.0.148,25565,53414,6919600,70275,1460,0,0x0010
15660,2026-08-15T10:15:08.130668000-0500,103.263709000,192.168.0.178,192.168.0.148,25565,53414,6921060,70275,1460,0,0x0010
15661,2026-08-15T10:15:08.130676000-0500,103.263717000,192.168.0.148,192.168.0.178,53414,25565,70275,6922520,0,0,0x0010
15662,2026-08-15T10:15:08.130810000-0500,103.263851000,192.168.0.178,192.168.0.148,25565,53414,6922520,70275,1460,0,0x0018
15663,2026-08-15T10:15:08.131039000-0500,103.264080000,192.168.0.178,192.168.0.148,25565,53414,6923980,70275,1460,0,0x0010
15664,2026-08-15T10:15:08.131039000-0500,103.264080000,192.168.0.178,192.168.0.148,25565,53414,6925440,70275,1460,0,0x0010
15665,2026-08-15T10:15:08.131039000-0500,103.264080000,192.168.0.178,192.168.0.148,25565,53414,6926900,70275,441,0,0x0018
15666,2026-08-15T10:15:08.131055000-0500,103.264096000,192.168.0.148,192.168.0.178,53414,25565,70275,6927341,0,0,0x0010
15667,2026-08-15T10:15:08.143002000-0500,103.276043000,192.168.0.148,192.168.0.178,53414,25565,70275,6927341,36,0,0x0018
15668,2026-08-15T10:15:08.143714000-0500,103.276755000,192.168.0.148,192.168.0.178,53414,25565,70311,6927341,3,0,0x0018
15669,2026-08-15T10:15:08.144233000-0500,103.277274000,192.168.0.178,192.168.0.148,25565,53414,6927341,70314,0,0,0x0010
15670,2026-08-15T10:15:08.177401000-0500,103.310442000,192.168.0.178,192.168.0.148,25565,53414,6927341,70314,1460,0,0x0010
15671,2026-08-15T10:15:08.177503000-0500,103.310544000,192.168.0.178,192.168.0.148,25565,53414,6928801,70314,1460,0,0x0010
15672,2026-08-15T10:15:08.177516000-0500,103.310557000,192.168.0.148,192.168.0.178,53414,25565,70314,6930261,0,0,0x0010
15673,2026-08-15T10:15:08.177615000-0500,103.310656000,192.168.0.178,192.168.0.148,25565,53414,6930261,70314,1460,0,0x0010
15674,2026-08-15T10:15:08.177760000-0500,103.310801000,192.168.0.178,192.168.0.148,25565,53414,6931721,70314,1460,0,0x0010
15675,2026-08-15T10:15:08.177768000-0500,103.310809000,192.168.0.148,192.168.0.178,53414,25565,70314,6933181,0,0,0x0010
15676,2026-08-15T10:15:08.177879000-0500,103.310920000,192.168.0.178,192.168.0.148,25565,53414,6933181,70314,1460,0,0x0010
15677,2026-08-15T10:15:08.178006000-0500,103.311047000,192.168.0.178,192.168.0.148,25565,53414,6934641,70314,1460,0,0x0010
15678,2026-08-15T10:15:08.178012000-0500,103.311053000,192.168.0.148,192.168.0.178,53414,25565,70314,6936101,0,0,0x0010
15679,2026-08-15T10:15:08.178126000-0500,103.311167000,192.168.0.178,192.168.0.148,25565,53414,6936101,70314,1460,0,0x0010
15680,2026-08-15T10:15:08.178254000-0500,103.311295000,192.168.0.178,192.168.0.148,25565,53414,6937561,70314,1460,0,0x0010
15681,2026-08-15T10:15:08.178260000-0500,103.311301000,192.168.0.148,192.168.0.178,53414,25565,70314,6939021,0,0,0x0010
15682,2026-08-15T10:15:08.178373000-0500,103.311414000,192.168.0.178,192.168.0.148,25565,53414,6939021,70314,1460,0,0x0018
15683,2026-08-15T10:15:08.178498000-0500,103.311539000,192.168.0.178,192.168.0.148,25565,53414,6940481,70314,1460,0,0x0010
15684,2026-08-15T10:15:08.178505000-0500,103.311546000,192.168.0.148,192.168.0.178,53414,25565,70314,6941941,0,0,0x0010
15685,2026-08-15T10:15:08.178619000-0500,103.311660000,192.168.0.178,192.168.0.148,25565,53414,6941941,70314,1460,0,0x0010
15686,2026-08-15T10:15:08.178677000-0500,103.311718000,192.168.0.178,192.168.0.148,25565,53414,6943401,70314,1121,0,0x0018
15687,2026-08-15T10:15:08.178688000-0500,103.311729000,192.168.0.148,192.168.0.178,53414,25565,70314,6944522,0,0,0x0010
15688,2026-08-15T10:15:08.192473000-0500,103.325514000,192.168.0.148,192.168.0.178,53414,25565,70314,6944522,36,0,0x0018
15689,2026-08-15T10:15:08.193090000-0500,103.326131000,192.168.0.148,192.168.0.178,53414,25565,70350,6944522,3,0,0x0018
15690,2026-08-15T10:15:08.193702000-0500,103.326743000,192.168.0.178,192.168.0.148,25565,53414,6944522,70353,0,0,0x0010
15691,2026-08-15T10:15:08.227661000-0500,103.360702000,192.168.0.178,192.168.0.148,25565,53414,6944522,70353,1460,0,0x0010
15692,2026-08-15T10:15:08.227795000-0500,103.360836000,192.168.0.178,192.168.0.148,25565,53414,6945982,70353,1460,0,0x0010
15693,2026-08-15T10:15:08.227822000-0500,103.360863000,192.168.0.148,192.168.0.178,53414,25565,70353,6947442,0,0,0x0010
15694,2026-08-15T10:15:08.227879000-0500,103.360920000,192.168.0.178,192.168.0.148,25565,53414,6947442,70353,1460,0,0x0010
15695,2026-08-15T10:15:08.227959000-0500,103.361000000,192.168.0.178,192.168.0.148,25565,53414,6948902,70353,1460,0,0x0010
15696,2026-08-15T10:15:08.227966000-0500,103.361007000,192.168.0.148,192.168.0.178,53414,25565,70353,6950362,0,0,0x0010
15697,2026-08-15T10:15:08.228087000-0500,103.361128000,192.168.0.178,192.168.0.148,25565,53414,6950362,70353,1460,0,0x0010
15698,2026-08-15T10:15:08.228175000-0500,103.361216000,192.168.0.178,192.168.0.148,25565,53414,6951822,70353,1460,0,0x0010
15699,2026-08-15T10:15:08.228185000-0500,103.361226000,192.168.0.148,192.168.0.178,53414,25565,70353,6953282,0,0,0x0010
15700,2026-08-15T10:15:08.228627000-0500,103.361668000,192.168.0.178,192.168.0.148,25565,53414,6953282,70353,1460,0,0x0010
15701,2026-08-15T10:15:08.228627000-0500,103.361668000,192.168.0.178,192.168.0.148,25565,53414,6954742,70353,1460,0,0x0010
15702,2026-08-15T10:15:08.228627000-0500,103.361668000,192.168.0.178,192.168.0.148,25565,53414,6956202,70353,1460,0,0x0018
15703,2026-08-15T10:15:08.228651000-0500,103.361692000,192.168.0.148,192.168.0.178,53414,25565,70353,6957662,0,0,0x0010
15704,2026-08-15T10:15:08.232433000-0500,103.365474000,192.168.0.178,192.168.0.148,25565,53414,6957662,70353,1460,0,0x0010
15705,2026-08-15T10:15:08.232433000-0500,103.365474000,192.168.0.178,192.168.0.148,25565,53414,6959122,70353,820,0,0x0018
15706,2026-08-15T10:15:08.232599000-0500,103.365640000,192.168.0.148,192.168.0.178,53414,25565,70353,6959942,0,0,0x0010
15707,2026-08-15T10:15:08.243045000-0500,103.376086000,192.168.0.148,192.168.0.178,53414,25565,70353,6959942,28,0,0x0018
15708,2026-08-15T10:15:08.243763000-0500,103.376804000,192.168.0.148,192.168.0.178,53414,25565,70381,6959942,3,0,0x0018
15709,2026-08-15T10:15:08.244400000-0500,103.377441000,192.168.0.178,192.168.0.148,25565,53414,6959942,70384,0,0,0x0010
15710,2026-08-15T10:15:08.278710000-0500,103.411751000,192.168.0.178,192.168.0.148,25565,53414,6959942,70384,1460,0,0x0010
15711,2026-08-15T10:15:08.278776000-0500,103.411817000,192.168.0.178,192.168.0.148,25565,53414,6961402,70384,1460,0,0x0010
15712,2026-08-15T10:15:08.278787000-0500,103.411828000,192.168.0.148,192.168.0.178,53414,25565,70384,6962862,0,0,0x0010
15713,2026-08-15T10:15:08.278901000-0500,103.411942000,192.168.0.178,192.168.0.148,25565,53414,6962862,70384,1460,0,0x0010
15714,2026-08-15T10:15:08.279027000-0500,103.412068000,192.168.0.178,192.168.0.148,25565,53414,6964322,70384,1460,0,0x0010
15715,2026-08-15T10:15:08.279034000-0500,103.412075000,192.168.0.148,192.168.0.178,53414,25565,70384,6965782,0,0,0x0010
15716,2026-08-15T10:15:08.279147000-0500,103.412188000,192.168.0.178,192.168.0.148,25565,53414,6965782,70384,1460,0,0x0010
15717,2026-08-15T10:15:08.279246000-0500,103.412287000,192.168.0.178,192.168.0.148,25565,53414,6967242,70384,1460,0,0x0010
15718,2026-08-15T10:15:08.279256000-0500,103.412297000,192.168.0.148,192.168.0.178,53414,25565,70384,6968702,0,0,0x0010
15719,2026-08-15T10:15:08.279357000-0500,103.412398000,192.168.0.178,192.168.0.148,25565,53414,6968702,70384,1460,0,0x0010
15720,2026-08-15T10:15:08.279518000-0500,103.412559000,192.168.0.178,192.168.0.148,25565,53414,6970162,70384,1460,0,0x0010
15721,2026-08-15T10:15:08.279524000-0500,103.412565000,192.168.0.148,192.168.0.178,53414,25565,70384,6971622,0,0,0x0010
15722,2026-08-15T10:15:08.279637000-0500,103.412678000,192.168.0.178,192.168.0.148,25565,53414,6971622,70384,1460,0,0x0018
15723,2026-08-15T10:15:08.279764000-0500,103.412805000,192.168.0.178,192.168.0.148,25565,53414,6973082,70384,1460,0,0x0010
15724,2026-08-15T10:15:08.279770000-0500,103.412811000,192.168.0.148,192.168.0.178,53414,25565,70384,6974542,0,0,0x0010
15725,2026-08-15T10:15:08.279884000-0500,103.412925000,192.168.0.178,192.168.0.148,25565,53414,6974542,70384,1460,0,0x0010
15726,2026-08-15T10:15:08.280012000-0500,103.413053000,192.168.0.178,192.168.0.148,25565,53414,6976002,70384,1460,0,0x0010
15727,2026-08-15T10:15:08.280018000-0500,103.413059000,192.168.0.148,192.168.0.178,53414,25565,70384,6977462,0,0,0x0010
15728,2026-08-15T10:15:08.280130000-0500,103.413171000,192.168.0.178,192.168.0.148,25565,53414,6977462,70384,1460,0,0x0010
15729,2026-08-15T10:15:08.280256000-0500,103.413297000,192.168.0.178,192.168.0.148,25565,53414,6978922,70384,1460,0,0x0010
15730,2026-08-15T10:15:08.280262000-0500,103.413303000,192.168.0.148,192.168.0.178,53414,25565,70384,6980382,0,0,0x0010
15731,2026-08-15T10:15:08.280339000-0500,103.413380000,192.168.0.178,192.168.0.148,25565,53414,6980382,70384,1283,0,0x0018
15732,2026-08-15T10:15:08.293467000-0500,103.426508000,192.168.0.148,192.168.0.178,53414,25565,70384,6981665,36,0,0x0018
15733,2026-08-15T10:15:08.294471000-0500,103.427512000,192.168.0.148,192.168.0.178,53414,25565,70420,6981665,3,0,0x0018
15734,2026-08-15T10:15:08.295543000-0500,103.428584000,192.168.0.178,192.168.0.148,25565,53414,6981665,70423,0,0,0x0010
15735,2026-08-15T10:15:08.333223000-0500,103.466264000,192.168.0.178,192.168.0.148,25565,53414,6981665,70423,1460,0,0x0010
15736,2026-08-15T10:15:08.333323000-0500,103.466364000,192.168.0.178,192.168.0.148,25565,53414,6983125,70423,1460,0,0x0010
15737,2026-08-15T10:15:08.333338000-0500,103.466379000,192.168.0.148,192.168.0.178,53414,25565,70423,6984585,0,0,0x0010
15738,2026-08-15T10:15:08.333454000-0500,103.466495000,192.168.0.178,192.168.0.148,25565,53414,6984585,70423,1460,0,0x0010
15739,2026-08-15T10:15:08.333580000-0500,103.466621000,192.168.0.178,192.168.0.148,25565,53414,6986045,70423,1460,0,0x0010
15740,2026-08-15T10:15:08.333586000-0500,103.466627000,192.168.0.148,192.168.0.178,53414,25565,70423,6987505,0,0,0x0010
15741,2026-08-15T10:15:08.333666000-0500,103.466707000,192.168.0.178,192.168.0.148,25565,53414,6987505,70423,1460,0,0x0010
15742,2026-08-15T10:15:08.333826000-0500,103.466867000,192.168.0.178,192.168.0.148,25565,53414,6988965,70423,1460,0,0x0010
15743,2026-08-15T10:15:08.333831000-0500,103.466872000,192.168.0.148,192.168.0.178,53414,25565,70423,6990425,0,0,0x0010
15744,2026-08-15T10:15:08.333910000-0500,103.466951000,192.168.0.178,192.168.0.148,25565,53414,6990425,70423,1460,0,0x0010
15745,2026-08-15T10:15:08.334069000-0500,103.467110000,192.168.0.178,192.168.0.148,25565,53414,6991885,70423,1460,0,0x0010
15746,2026-08-15T10:15:08.334073000-0500,103.467114000,192.168.0.148,192.168.0.178,53414,25565,70423,6993345,0,0,0x0010
15747,2026-08-15T10:15:08.334159000-0500,103.467200000,192.168.0.178,192.168.0.148,25565,53414,6993345,70423,1460,0,0x0018
15748,2026-08-15T10:15:08.334319000-0500,103.467360000,192.168.0.178,192.168.0.148,25565,53414,6994805,70423,1460,0,0x0010
15749,2026-08-15T10:15:08.334324000-0500,103.467365000,192.168.0.148,192.168.0.178,53414,25565,70423,6996265,0,0,0x0010
15750,2026-08-15T10:15:08.334404000-0500,103.467445000,192.168.0.178,192.168.0.148,25565,53414,6996265,70423,1460,0,0x0010
15751,2026-08-15T10:15:08.334561000-0500,103.467602000,192.168.0.178,192.168.0.148,25565,53414,6997725,70423,1460,0,0x0010
15752,2026-08-15T10:15:08.334566000-0500,103.467607000,192.168.0.148,192.168.0.178,53414,25565,70423,6999185,0,0,0x0010
15753,2026-08-15T10:15:08.334654000-0500,103.467695000,192.168.0.178,192.168.0.148,25565,53414,6999185,70423,1460,0,0x0010
15754,2026-08-15T10:15:08.334820000-0500,103.467861000,192.168.0.178,192.168.0.148,25565,53414,7000645,70423,1460,0,0x0010
15755,2026-08-15T10:15:08.334820000-0500,103.467861000,192.168.0.178,192.168.0.148,25565,53414,7002105,70423,171,0,0x0018
15756,2026-08-15T10:15:08.334832000-0500,103.467873000,192.168.0.148,192.168.0.178,53414,25565,70423,7002276,0,0,0x0010
15757,2026-08-15T10:15:08.343006000-0500,103.476047000,192.168.0.148,192.168.0.178,53414,25565,70423,7002276,36,0,0x0018
15758,2026-08-15T10:15:08.343814000-0500,103.476855000,192.168.0.148,192.168.0.178,53414,25565,70459,7002276,3,0,0x0018
15759,2026-08-15T10:15:08.344416000-0500,103.477457000,192.168.0.178,192.168.0.148,25565,53414,7002276,70462,0,0,0x0010
15760,2026-08-15T10:15:08.378546000-0500,103.511587000,192.168.0.178,192.168.0.148,25565,53414,7002276,70462,430,0,0x0018
15761,2026-08-15T10:15:08.392845000-0500,103.525886000,192.168.0.148,192.168.0.178,53414,25565,70462,7002706,36,0,0x0018
15762,2026-08-15T10:15:08.393557000-0500,103.526598000,192.168.0.148,192.168.0.178,53414,25565,70498,7002706,3,0,0x0018
15763,2026-08-15T10:15:08.394119000-0500,103.527160000,192.168.0.178,192.168.0.148,25565,53414,7002706,70501,0,0,0x0010
15764,2026-08-15T10:15:08.427309000-0500,103.560350000,192.168.0.178,192.168.0.148,25565,53414,7002706,70501,210,0,0x0018
15765,2026-08-15T10:15:08.443764000-0500,103.576805000,192.168.0.148,192.168.0.178,53414,25565,70501,7002916,36,0,0x0018
15766,2026-08-15T10:15:08.444787000-0500,103.577828000,192.168.0.148,192.168.0.178,53414,25565,70537,7002916,3,0,0x0018
15767,2026-08-15T10:15:08.445297000-0500,103.578338000,192.168.0.178,192.168.0.148,25565,53414,7002916,70540,0,0,0x0010
15768,2026-08-15T10:15:08.476990000-0500,103.610031000,192.168.0.178,192.168.0.148,25565,53414,7002916,70540,124,0,0x0018
15769,2026-08-15T10:15:08.493617000-0500,103.626658000,192.168.0.148,192.168.0.178,53414,25565,70540,7003040,36,0,0x0018
15770,2026-08-15T10:15:08.495357000-0500,103.628398000,192.168.0.148,192.168.0.178,53414,25565,70576,7003040,3,0,0x0018
15771,2026-08-15T10:15:08.495954000-0500,103.628995000,192.168.0.178,192.168.0.148,25565,53414,7003040,70579,0,0,0x0010
15772,2026-08-15T10:15:08.526235000-0500,103.659276000,192.168.0.178,192.168.0.148,25565,53414,7003040,70579,524,0,0x0018
15773,2026-08-15T10:15:08.527867000-0500,103.660908000,192.168.0.148,192.168.0.178,53414,25565,70579,7003564,28,0,0x0018
15774,2026-08-15T10:15:08.528997000-0500,103.662038000,192.168.0.148,192.168.0.178,53414,25565,70607,7003564,3,0,0x0018
15775,2026-08-15T10:15:08.529816000-0500,103.662857000,192.168.0.178,192.168.0.148,25565,53414,7003564,70610,0,0,0x0010
15776,2026-08-15T10:15:08.576293000-0500,103.709334000,192.168.0.178,192.168.0.148,25565,53414,7003564,70610,297,0,0x0018
15777,2026-08-15T10:15:08.593465000-0500,103.726506000,192.168.0.148,192.168.0.178,53414,25565,70610,7003861,28,0,0x0018
15778,2026-08-15T10:15:08.594296000-0500,103.727337000,192.168.0.148,192.168.0.178,53414,25565,70638,7003861,3,0,0x0018
15779,2026-08-15T10:15:08.594866000-0500,103.727907000,192.168.0.178,192.168.0.148,25565,53414,7003861,70641,0,0,0x0010
15780,2026-08-15T10:15:08.627057000-0500,103.760098000,192.168.0.178,192.168.0.148,25565,53414,7003861,70641,219,0,0x0018
15781,2026-08-15T10:15:08.642182000-0500,103.775223000,192.168.0.148,192.168.0.178,53414,25565,70641,7004080,28,0,0x0018
15782,2026-08-15T10:15:08.642861000-0500,103.775902000,192.168.0.148,192.168.0.178,53414,25565,70669,7004080,3,0,0x0018
15783,2026-08-15T10:15:08.643525000-0500,103.776566000,192.168.0.178,192.168.0.148,25565,53414,7004080,70672,0,0,0x0010
15784,2026-08-15T10:15:08.679039000-0500,103.812080000,192.168.0.178,192.168.0.148,25565,53414,7004080,70672,315,0,0x0018
15785,2026-08-15T10:15:08.693034000-0500,103.826075000,192.168.0.148,192.168.0.178,53414,25565,70672,7004395,4,0,0x0018
15786,2026-08-15T10:15:08.693063000-0500,103.826104000,192.168.0.148,192.168.0.178,53414,25565,70676,7004395,28,0,0x0018
15787,2026-08-15T10:15:08.693688000-0500,103.826729000,192.168.0.178,192.168.0.148,25565,53414,7004395,70704,0,0,0x0010
15788,2026-08-15T10:15:08.694009000-0500,103.827050000,192.168.0.148,192.168.0.178,53414,25565,70704,7004395,3,0,0x0018
15789,2026-08-15T10:15:08.728174000-0500,103.861215000,192.168.0.178,192.168.0.148,25565,53414,7004395,70707,174,0,0x0018
15790,2026-08-15T10:15:08.743712000-0500,103.876753000,192.168.0.148,192.168.0.178,53414,25565,70707,7004569,28,0,0x0018
15791,2026-08-15T10:15:08.744793000-0500,103.877834000,192.168.0.148,192.168.0.178,53414,25565,70735,7004569,3,0,0x0018
15792,2026-08-15T10:15:08.745503000-0500,103.878544000,192.168.0.178,192.168.0.148,25565,53414,7004569,70738,0,0,0x0010
15793,2026-08-15T10:15:08.779057000-0500,103.912098000,192.168.0.178,192.168.0.148,25565,53414,7004569,70738,383,0,0x0018
15794,2026-08-15T10:15:08.793607000-0500,103.926648000,192.168.0.148,192.168.0.178,53414,25565,70738,7004952,28,0,0x0018
15795,2026-08-15T10:15:08.794874000-0500,103.927915000,192.168.0.148,192.168.0.178,53414,25565,70766,7004952,3,0,0x0018
15796,2026-08-15T10:15:08.795479000-0500,103.928520000,192.168.0.178,192.168.0.148,25565,53414,7004952,70769,0,0,0x0010
15797,2026-08-15T10:15:08.827877000-0500,103.960918000,192.168.0.178,192.168.0.148,25565,53414,7004952,70769,381,0,0x0018
15798,2026-08-15T10:15:08.843426000-0500,103.976467000,192.168.0.148,192.168.0.178,53414,25565,70769,7005333,28,0,0x0018
15799,2026-08-15T10:15:08.844683000-0500,103.977724000,192.168.0.148,192.168.0.178,53414,25565,70797,7005333,3,0,0x0018
15800,2026-08-15T10:15:08.845368000-0500,103.978409000,192.168.0.178,192.168.0.148,25565,53414,7005333,70800,0,0,0x0010
15801,2026-08-15T10:15:08.880442000-0500,104.013483000,192.168.0.178,192.168.0.148,25565,53414,7005333,70800,259,0,0x0018
15802,2026-08-15T10:15:08.893264000-0500,104.026305000,192.168.0.148,192.168.0.178,53414,25565,70800,7005592,4,0,0x0018
15803,2026-08-15T10:15:08.893289000-0500,104.026330000,192.168.0.148,192.168.0.178,53414,25565,70804,7005592,28,0,0x0018
15804,2026-08-15T10:15:08.893908000-0500,104.026949000,192.168.0.178,192.168.0.148,25565,53414,7005592,70832,0,0,0x0010
15805,2026-08-15T10:15:08.894209000-0500,104.027250000,192.168.0.148,192.168.0.178,53414,25565,70832,7005592,3,0,0x0018
15806,2026-08-15T10:15:08.934751000-0500,104.067792000,192.168.0.178,192.168.0.148,25565,53414,7005592,70835,112,0,0x0018
15807,2026-08-15T10:15:08.943273000-0500,104.076314000,192.168.0.148,192.168.0.178,53414,25565,70835,7005704,4,0,0x0018
15808,2026-08-15T10:15:08.943303000-0500,104.076344000,192.168.0.148,192.168.0.178,53414,25565,70839,7005704,28,0,0x0018
15809,2026-08-15T10:15:08.943801000-0500,104.076842000,192.168.0.178,192.168.0.148,25565,53414,7005704,70867,0,0,0x0010
15810,2026-08-15T10:15:08.944323000-0500,104.077364000,192.168.0.148,192.168.0.178,53414,25565,70867,7005704,3,0,0x0018
15811,2026-08-15T10:15:08.981998000-0500,104.115039000,192.168.0.178,192.168.0.148,25565,53414,7005704,70870,282,0,0x0018
15812,2026-08-15T10:15:08.982200000-0500,104.115241000,192.168.0.148,192.168.0.178,53414,25565,70870,7005986,11,0,0x0018
15813,2026-08-15T10:15:08.993514000-0500,104.126555000,192.168.0.148,192.168.0.178,53414,25565,70881,7005986,28,0,0x0018
15814,2026-08-15T10:15:08.994076000-0500,104.127117000,192.168.0.178,192.168.0.148,25565,53414,7005986,70909,0,0,0x0010
15815,2026-08-15T10:15:08.994973000-0500,104.128014000,192.168.0.148,192.168.0.178,53414,25565,70909,7005986,3,0,0x0018
15816,2026-08-15T10:15:09.032160000-0500,104.165201000,192.168.0.178,192.168.0.148,25565,53414,7005986,70912,229,0,0x0018
15817,2026-08-15T10:15:09.043212000-0500,104.176253000,192.168.0.148,192.168.0.178,53414,25565,70912,7006215,28,0,0x0018
15818,2026-08-15T10:15:09.044154000-0500,104.177195000,192.168.0.178,192.168.0.148,25565,53414,7006215,70940,11,0,0x0018
15819,2026-08-15T10:15:09.044226000-0500,104.177267000,192.168.0.148,192.168.0.178,53414,25565,70940,7006226,3,0,0x0018
15820,2026-08-15T10:15:09.044236000-0500,104.177277000,192.168.0.178,192.168.0.148,25565,53414,7006226,70940,11,0,0x0018
15821,2026-08-15T10:15:09.044255000-0500,104.177296000,192.168.0.178,192.168.0.148,25565,53414,7006237,70940,11,0,0x0018
15822,2026-08-15T10:15:09.044269000-0500,104.177310000,192.168.0.148,192.168.0.178,53414,25565,70943,7006248,0,0,0x0010
15823,2026-08-15T10:15:09.044319000-0500,104.177360000,192.168.0.178,192.168.0.148,25565,53414,7006248,70940,11,0,0x0018
15824,2026-08-15T10:15:09.044366000-0500,104.177407000,192.168.0.178,192.168.0.148,25565,53414,7006259,70940,11,0,0x0018
15825,2026-08-15T10:15:09.044374000-0500,104.177415000,192.168.0.148,192.168.0.178,53414,25565,70943,7006270,0,0,0x0010
15826,2026-08-15T10:15:09.044442000-0500,104.177483000,192.168.0.178,192.168.0.148,25565,53414,7006270,70940,11,0,0x0018
15827,2026-08-15T10:15:09.044480000-0500,104.177521000,192.168.0.178,192.168.0.148,25565,53414,7006281,70943,11,0,0x0018
15828,2026-08-15T10:15:09.044488000-0500,104.177529000,192.168.0.148,192.168.0.178,53414,25565,70943,7006292,0,0,0x0010
15829,2026-08-15T10:15:09.044587000-0500,104.177628000,192.168.0.178,192.168.0.148,25565,53414,7006292,70943,11,0,0x0018
15830,2026-08-15T10:15:09.044587000-0500,104.177628000,192.168.0.178,192.168.0.148,25565,53414,7006303,70943,11,0,0x0018
15831,2026-08-15T10:15:09.044598000-0500,104.177639000,192.168.0.148,192.168.0.178,53414,25565,70943,7006314,0,0,0x0010
15832,2026-08-15T10:15:09.044670000-0500,104.177711000,192.168.0.178,192.168.0.148,25565,53414,7006314,70943,11,0,0x0018
15833,2026-08-15T10:15:09.044696000-0500,104.177737000,192.168.0.178,192.168.0.148,25565,53414,7006325,70943,11,0,0x0018
15834,2026-08-15T10:15:09.044700000-0500,104.177741000,192.168.0.148,192.168.0.178,53414,25565,70943,7006336,0,0,0x0010
15835,2026-08-15T10:15:09.044827000-0500,104.177868000,192.168.0.178,192.168.0.148,25565,53414,7006336,70943,11,0,0x0018
15836,2026-08-15T10:15:09.044881000-0500,104.177922000,192.168.0.178,192.168.0.148,25565,53414,7006347,70943,11,0,0x0018
15837,2026-08-15T10:15:09.044881000-0500,104.177922000,192.168.0.178,192.168.0.148,25565,53414,7006358,70943,11,0,0x0018
15838,2026-08-15T10:15:09.044889000-0500,104.177930000,192.168.0.148,192.168.0.178,53414,25565,70943,7006369,0,0,0x0010
15839,2026-08-15T10:15:09.044966000-0500,104.178007000,192.168.0.178,192.168.0.148,25565,53414,7006369,70943,11,0,0x0018
15840,2026-08-15T10:15:09.044976000-0500,104.178017000,192.168.0.148,192.168.0.178,53414,25565,70943,7006380,0,0,0x0010
15841,2026-08-15T10:15:09.045018000-0500,104.178059000,192.168.0.178,192.168.0.148,25565,53414,7006380,70943,11,0,0x0018
15842,2026-08-15T10:15:09.045071000-0500,104.178112000,192.168.0.178,192.168.0.148,25565,53414,7006391,70943,11,0,0x0018
15843,2026-08-15T10:15:09.045077000-0500,104.178118000,192.168.0.148,192.168.0.178,53414,25565,70943,7006402,0,0,0x0010
15844,2026-08-15T10:15:09.045136000-0500,104.178177000,192.168.0.178,192.168.0.148,25565,53414,7006402,70943,11,0,0x0018
15845,2026-08-15T10:15:09.045199000-0500,104.178240000,192.168.0.178,192.168.0.148,25565,53414,7006413,70943,11,0,0x0018
15846,2026-08-15T10:15:09.045204000-0500,104.178245000,192.168.0.148,192.168.0.178,53414,25565,70943,7006424,0,0,0x0010
15847,2026-08-15T10:15:09.045265000-0500,104.178306000,192.168.0.178,192.168.0.148,25565,53414,7006424,70943,13,0,0x0018
15848,2026-08-15T10:15:09.077751000-0500,104.210792000,192.168.0.178,192.168.0.148,25565,53414,7006437,70943,184,0,0x0018
15849,2026-08-15T10:15:09.077790000-0500,104.210831000,192.168.0.148,192.168.0.178,53414,25565,70943,7006621,0,0,0x0010
15850,2026-08-15T10:15:09.092139000-0500,104.225180000,192.168.0.148,192.168.0.178,53414,25565,70943,7006621,4,0,0x0018
15851,2026-08-15T10:15:09.092157000-0500,104.225198000,192.168.0.148,192.168.0.178,53414,25565,70947,7006621,28,0,0x0018
15852,2026-08-15T10:15:09.092723000-0500,104.225764000,192.168.0.148,192.168.0.178,53414,25565,70975,7006621,3,0,0x0018
15853,2026-08-15T10:15:09.092743000-0500,104.225784000,192.168.0.178,192.168.0.148,25565,53414,7006621,70975,0,0,0x0010
15854,2026-08-15T10:15:09.126842000-0500,104.259883000,192.168.0.178,192.168.0.148,25565,53414,7006621,70978,344,0,0x0018
15855,2026-08-15T10:15:09.142449000-0500,104.275490000,192.168.0.148,192.168.0.178,53414,25565,70978,7006965,28,0,0x0018
15856,2026-08-15T10:15:09.143299000-0500,104.276340000,192.168.0.148,192.168.0.178,53414,25565,71006,7006965,3,0,0x0018
15857,2026-08-15T10:15:09.143981000-0500,104.277022000,192.168.0.178,192.168.0.148,25565,53414,7006965,71009,0,0,0x0010
15858,2026-08-15T10:15:09.183818000-0500,104.316859000,192.168.0.178,192.168.0.148,25565,53414,7006965,71009,1460,0,0x0010
15859,2026-08-15T10:15:09.183897000-0500,104.316938000,192.168.0.178,192.168.0.148,25565,53414,7008425,71009,1460,0,0x0010
15860,2026-08-15T10:15:09.183918000-0500,104.316959000,192.168.0.148,192.168.0.178,53414,25565,71009,7009885,0,0,0x0010
15861,2026-08-15T10:15:09.183985000-0500,104.317026000,192.168.0.178,192.168.0.148,25565,53414,7009885,71009,1460,0,0x0010
15862,2026-08-15T10:15:09.184144000-0500,104.317185000,192.168.0.178,192.168.0.148,25565,53414,7011345,71009,1460,0,0x0010
15863,2026-08-15T10:15:09.184157000-0500,104.317198000,192.168.0.148,192.168.0.178,53414,25565,71009,7012805,0,0,0x0010
15864,2026-08-15T10:15:09.184228000-0500,104.317269000,192.168.0.178,192.168.0.148,25565,53414,7012805,71009,1460,0,0x0010
15865,2026-08-15T10:15:09.184351000-0500,104.317392000,192.168.0.178,192.168.0.148,25565,53414,7014265,71009,1460,0,0x0010
15866,2026-08-15T10:15:09.184358000-0500,104.317399000,192.168.0.148,192.168.0.178,53414,25565,71009,7015725,0,0,0x0010
15867,2026-08-15T10:15:09.184495000-0500,104.317536000,192.168.0.178,192.168.0.148,25565,53414,7015725,71009,1460,0,0x0010
15868,2026-08-15T10:15:09.184635000-0500,104.317676000,192.168.0.178,192.168.0.148,25565,53414,7017185,71009,1460,0,0x0010
15869,2026-08-15T10:15:09.184644000-0500,104.317685000,192.168.0.148,192.168.0.178,53414,25565,71009,7018645,0,0,0x0010
15870,2026-08-15T10:15:09.184759000-0500,104.317800000,192.168.0.178,192.168.0.148,25565,53414,7018645,71009,1460,0,0x0018
15871,2026-08-15T10:15:09.184885000-0500,104.317926000,192.168.0.178,192.168.0.148,25565,53414,7020105,71009,1460,0,0x0010
15872,2026-08-15T10:15:09.184903000-0500,104.317944000,192.168.0.148,192.168.0.178,53414,25565,71009,7021565,0,0,0x0010
15873,2026-08-15T10:15:09.184967000-0500,104.318008000,192.168.0.178,192.168.0.148,25565,53414,7021565,71009,1460,0,0x0010
15874,2026-08-15T10:15:09.185129000-0500,104.318170000,192.168.0.178,192.168.0.148,25565,53414,7023025,71009,1460,0,0x0010
15875,2026-08-15T10:15:09.185136000-0500,104.318177000,192.168.0.148,192.168.0.178,53414,25565,71009,7024485,0,0,0x0010
15876,2026-08-15T10:15:09.185257000-0500,104.318298000,192.168.0.178,192.168.0.148,25565,53414,7024485,71009,1460,0,0x0010
15877,2026-08-15T10:15:09.185257000-0500,104.318298000,192.168.0.178,192.168.0.148,25565,53414,7025945,71009,8,0,0x0018
15878,2026-08-15T10:15:09.185274000-0500,104.318315000,192.168.0.148,192.168.0.178,53414,25565,71009,7025953,0,0,0x0010
15879,2026-08-15T10:15:09.193674000-0500,104.326715000,192.168.0.148,192.168.0.178,53414,25565,71009,7025953,28,0,0x0018
15880,2026-08-15T10:15:09.194840000-0500,104.327881000,192.168.0.148,192.168.0.178,53414,25565,71037,7025953,3,0,0x0018
15881,2026-08-15T10:15:09.195623000-0500,104.328664000,192.168.0.178,192.168.0.148,25565,53414,7025953,71040,0,0,0x0010
15882,2026-08-15T10:15:09.228842000-0500,104.361883000,192.168.0.178,192.168.0.148,25565,53414,7025953,71040,1460,0,0x0010
15883,2026-08-15T10:15:09.228919000-0500,104.361960000,192.168.0.178,192.168.0.148,25565,53414,7027413,71040,1460,0,0x0010
15884,2026-08-15T10:15:09.228935000-0500,104.361976000,192.168.0.148,192.168.0.178,53414,25565,71040,7028873,0,0,0x0010
15885,2026-08-15T10:15:09.229034000-0500,104.362075000,192.168.0.178,192.168.0.148,25565,53414,7028873,71040,1460,0,0x0010
15886,2026-08-15T10:15:09.229163000-0500,104.362204000,192.168.0.178,192.168.0.148,25565,53414,7030333,71040,1460,0,0x0010
15887,2026-08-15T10:15:09.229170000-0500,104.362211000,192.168.0.148,192.168.0.178,53414,25565,71040,7031793,0,0,0x0010
15888,2026-08-15T10:15:09.229286000-0500,104.362327000,192.168.0.178,192.168.0.148,25565,53414,7031793,71040,1460,0,0x0010
15889,2026-08-15T10:15:09.229416000-0500,104.362457000,192.168.0.178,192.168.0.148,25565,53414,7033253,71040,1460,0,0x0010
15890,2026-08-15T10:15:09.229428000-0500,104.362469000,192.168.0.148,192.168.0.178,53414,25565,71040,7034713,0,0,0x0010
15891,2026-08-15T10:15:09.229492000-0500,104.362533000,192.168.0.178,192.168.0.148,25565,53414,7034713,71040,1460,0,0x0010
15892,2026-08-15T10:15:09.229655000-0500,104.362696000,192.168.0.178,192.168.0.148,25565,53414,7036173,71040,1460,0,0x0010
15893,2026-08-15T10:15:09.229661000-0500,104.362702000,192.168.0.148,192.168.0.178,53414,25565,71040,7037633,0,0,0x0010
15894,2026-08-15T10:15:09.229780000-0500,104.362821000,192.168.0.178,192.168.0.148,25565,53414,7037633,71040,1460,0,0x0018
15895,2026-08-15T10:15:09.229897000-0500,104.362938000,192.168.0.178,192.168.0.148,25565,53414,7039093,71040,1460,0,0x0010
15896,2026-08-15T10:15:09.229897000-0500,104.362938000,192.168.0.178,192.168.0.148,25565,53414,7040553,71040,257,0,0x0018
15897,2026-08-15T10:15:09.229910000-0500,104.362951000,192.168.0.148,192.168.0.178,53414,25565,71040,7040810,0,0,0x0010
15898,2026-08-15T10:15:09.242662000-0500,104.375703000,192.168.0.148,192.168.0.178,53414,25565,71040,7040810,28,0,0x0018
15899,2026-08-15T10:15:09.243210000-0500,104.376251000,192.168.0.148,192.168.0.178,53414,25565,71068,7040810,3,0,0x0018
15900,2026-08-15T10:15:09.243441000-0500,104.376482000,192.168.0.178,192.168.0.148,25565,53414,7040810,71068,46,0,0x0018
15901,2026-08-15T10:15:09.277472000-0500,104.410513000,192.168.0.178,192.168.0.148,25565,53414,7040856,71071,1460,0,0x0010
15902,2026-08-15T10:15:09.277512000-0500,104.410553000,192.168.0.148,192.168.0.178,53414,25565,71071,7042316,0,0,0x0010
15903,2026-08-15T10:15:09.277564000-0500,104.410605000,192.168.0.178,192.168.0.148,25565,53414,7042316,71071,1460,0,0x0010
15904,2026-08-15T10:15:09.277708000-0500,104.410749000,192.168.0.178,192.168.0.148,25565,53414,7043776,71071,1460,0,0x0010
15905,2026-08-15T10:15:09.277713000-0500,104.410754000,192.168.0.148,192.168.0.178,53414,25565,71071,7045236,0,0,0x0010
15906,2026-08-15T10:15:09.277798000-0500,104.410839000,192.168.0.178,192.168.0.148,25565,53414,7045236,71071,1460,0,0x0010
15907,2026-08-15T10:15:09.277956000-0500,104.410997000,192.168.0.178,192.168.0.148,25565,53414,7046696,71071,1460,0,0x0010
15908,2026-08-15T10:15:09.277961000-0500,104.411002000,192.168.0.148,192.168.0.178,53414,25565,71071,7048156,0,0,0x0010
15909,2026-08-15T10:15:09.278043000-0500,104.411084000,192.168.0.178,192.168.0.148,25565,53414,7048156,71071,1460,0,0x0010
15910,2026-08-15T10:15:09.278200000-0500,104.411241000,192.168.0.178,192.168.0.148,25565,53414,7049616,71071,1460,0,0x0010
15911,2026-08-15T10:15:09.278209000-0500,104.411250000,192.168.0.148,192.168.0.178,53414,25565,71071,7051076,0,0,0x0010
15912,2026-08-15T10:15:09.278325000-0500,104.411366000,192.168.0.178,192.168.0.148,25565,53414,7051076,71071,1460,0,0x0010
15913,2026-08-15T10:15:09.278446000-0500,104.411487000,192.168.0.178,192.168.0.148,25565,53414,7052536,71071,1460,0,0x0018
15914,2026-08-15T10:15:09.278451000-0500,104.411492000,192.168.0.148,192.168.0.178,53414,25565,71071,7053996,0,0,0x0010
15915,2026-08-15T10:15:09.278536000-0500,104.411577000,192.168.0.178,192.168.0.148,25565,53414,7053996,71071,1460,0,0x0010
15916,2026-08-15T10:15:09.278696000-0500,104.411737000,192.168.0.178,192.168.0.148,25565,53414,7055456,71071,1460,0,0x0010
15917,2026-08-15T10:15:09.278701000-0500,104.411742000,192.168.0.148,192.168.0.178,53414,25565,71071,7056916,0,0,0x0010
15918,2026-08-15T10:15:09.278782000-0500,104.411823000,192.168.0.178,192.168.0.148,25565,53414,7056916,71071,1460,0,0x0010
15919,2026-08-15T10:15:09.278938000-0500,104.411979000,192.168.0.178,192.168.0.148,25565,53414,7058376,71071,1460,0,0x0010
15920,2026-08-15T10:15:09.278948000-0500,104.411989000,192.168.0.148,192.168.0.178,53414,25565,71071,7059836,0,0,0x0010
15921,2026-08-15T10:15:09.279026000-0500,104.412067000,192.168.0.178,192.168.0.148,25565,53414,7059836,71071,1460,0,0x0010
15922,2026-08-15T10:15:09.279188000-0500,104.412229000,192.168.0.178,192.168.0.148,25565,53414,7061296,71071,1460,0,0x0010
15923,2026-08-15T10:15:09.279193000-0500,104.412234000,192.168.0.148,192.168.0.178,53414,25565,71071,7062756,0,0,0x0010
15924,2026-08-15T10:15:09.279239000-0500,104.412280000,192.168.0.178,192.168.0.148,25565,53414,7062756,71071,634,0,0x0018
15925,2026-08-15T10:15:09.293211000-0500,104.426252000,192.168.0.148,192.168.0.178,53414,25565,71071,7063390,28,0,0x0018
15926,2026-08-15T10:15:09.294198000-0500,104.427239000,192.168.0.148,192.168.0.178,53414,25565,71099,7063390,3,0,0x0018
15927,2026-08-15T10:15:09.294862000-0500,104.427903000,192.168.0.178,192.168.0.148,25565,53414,7063390,71102,0,0,0x0010
15928,2026-08-15T10:15:09.329620000-0500,104.462661000,192.168.0.178,192.168.0.148,25565,53414,7063390,71102,1460,0,0x0010
15929,2026-08-15T10:15:09.329723000-0500,104.462764000,192.168.0.178,192.168.0.148,25565,53414,7064850,71102,1460,0,0x0010
15930,2026-08-15T10:15:09.329737000-0500,104.462778000,192.168.0.148,192.168.0.178,53414,25565,71102,7066310,0,0,0x0010
15931,2026-08-15T10:15:09.329854000-0500,104.462895000,192.168.0.178,192.168.0.148,25565,53414,7066310,71102,1460,0,0x0010
15932,2026-08-15T10:15:09.329980000-0500,104.463021000,192.168.0.178,192.168.0.148,25565,53414,7067770,71102,1460,0,0x0010
15933,2026-08-15T10:15:09.329985000-0500,104.463026000,192.168.0.148,192.168.0.178,53414,25565,71102,7069230,0,0,0x0010
15934,2026-08-15T10:15:09.330085000-0500,104.463126000,192.168.0.178,192.168.0.148,25565,53414,7069230,71102,1460,0,0x0010
15935,2026-08-15T10:15:09.330220000-0500,104.463261000,192.168.0.178,192.168.0.148,25565,53414,7070690,71102,1460,0,0x0010
15936,2026-08-15T10:15:09.330224000-0500,104.463265000,192.168.0.148,192.168.0.178,53414,25565,71102,7072150,0,0,0x0010
15937,2026-08-15T10:15:09.330308000-0500,104.463349000,192.168.0.178,192.168.0.148,25565,53414,7072150,71102,1460,0,0x0010
15938,2026-08-15T10:15:09.330470000-0500,104.463511000,192.168.0.178,192.168.0.148,25565,53414,7073610,71102,1460,0,0x0010
15939,2026-08-15T10:15:09.330475000-0500,104.463516000,192.168.0.148,192.168.0.178,53414,25565,71102,7075070,0,0,0x0010
15940,2026-08-15T10:15:09.330553000-0500,104.463594000,192.168.0.178,192.168.0.148,25565,53414,7075070,71102,1460,0,0x0018
15941,2026-08-15T10:15:09.330717000-0500,104.463758000,192.168.0.178,192.168.0.148,25565,53414,7076530,71102,1460,0,0x0010
15942,2026-08-15T10:15:09.330721000-0500,104.463762000,192.168.0.148,192.168.0.178,53414,25565,71102,7077990,0,0,0x0010
15943,2026-08-15T10:15:09.330803000-0500,104.463844000,192.168.0.178,192.168.0.148,25565,53414,7077990,71102,1460,0,0x0010
15944,2026-08-15T10:15:09.330964000-0500,104.464005000,192.168.0.178,192.168.0.148,25565,53414,7079450,71102,1460,0,0x0010
15945,2026-08-15T10:15:09.330968000-0500,104.464009000,192.168.0.148,192.168.0.178,53414,25565,71102,7080910,0,0,0x0010
15946,2026-08-15T10:15:09.331047000-0500,104.464088000,192.168.0.178,192.168.0.148,25565,53414,7080910,71102,1422,0,0x0018
15947,2026-08-15T10:15:09.342680000-0500,104.475721000,192.168.0.148,192.168.0.178,53414,25565,71102,7082332,28,0,0x0018
15948,2026-08-15T10:15:09.343342000-0500,104.476383000,192.168.0.148,192.168.0.178,53414,25565,71130,7082332,3,0,0x0018
15949,2026-08-15T10:15:09.343964000-0500,104.477005000,192.168.0.178,192.168.0.148,25565,53414,7082332,71133,0,0,0x0010
15950,2026-08-15T10:15:09.378338000-0500,104.511379000,192.168.0.178,192.168.0.148,25565,53414,7082332,71133,1460,0,0x0010
15951,2026-08-15T10:15:09.378394000-0500,104.511435000,192.168.0.178,192.168.0.148,25565,53414,7083792,71133,1460,0,0x0010
15952,2026-08-15T10:15:09.378405000-0500,104.511446000,192.168.0.148,192.168.0.178,53414,25565,71133,7085252,0,0,0x0010
15953,2026-08-15T10:15:09.378521000-0500,104.511562000,192.168.0.178,192.168.0.148,25565,53414,7085252,71133,1460,0,0x0010
15954,2026-08-15T10:15:09.378639000-0500,104.511680000,192.168.0.178,192.168.0.148,25565,53414,7086712,71133,1460,0,0x0010
15955,2026-08-15T10:15:09.378645000-0500,104.511686000,192.168.0.148,192.168.0.178,53414,25565,71133,7088172,0,0,0x0010
15956,2026-08-15T10:15:09.378725000-0500,104.511766000,192.168.0.178,192.168.0.148,25565,53414,7088172,71133,1460,0,0x0010
15957,2026-08-15T10:15:09.378847000-0500,104.511888000,192.168.0.178,192.168.0.148,25565,53414,7089632,71133,1460,0,0x0010
15958,2026-08-15T10:15:09.378852000-0500,104.511893000,192.168.0.148,192.168.0.178,53414,25565,71133,7091092,0,0,0x0010
15959,2026-08-15T10:15:09.378971000-0500,104.512012000,192.168.0.178,192.168.0.148,25565,53414,7091092,71133,1460,0,0x0010
15960,2026-08-15T10:15:09.379096000-0500,104.512137000,192.168.0.178,192.168.0.148,25565,53414,7092552,71133,1460,0,0x0010
15961,2026-08-15T10:15:09.379118000-0500,104.512159000,192.168.0.148,192.168.0.178,53414,25565,71133,7094012,0,0,0x0010
15962,2026-08-15T10:15:09.379259000-0500,104.512300000,192.168.0.178,192.168.0.148,25565,53414,7094012,71133,1460,0,0x0018
15963,2026-08-15T10:15:09.379377000-0500,104.512418000,192.168.0.178,192.168.0.148,25565,53414,7095472,71133,1460,0,0x0010
15964,2026-08-15T10:15:09.379383000-0500,104.512424000,192.168.0.148,192.168.0.178,53414,25565,71133,7096932,0,0,0x0010
15965,2026-08-15T10:15:09.379497000-0500,104.512538000,192.168.0.178,192.168.0.148,25565,53414,7096932,71133,1460,0,0x0010
15966,2026-08-15T10:15:09.379625000-0500,104.512666000,192.168.0.178,192.168.0.148,25565,53414,7098392,71133,1460,0,0x0010
15967,2026-08-15T10:15:09.379631000-0500,104.512672000,192.168.0.148,192.168.0.178,53414,25565,71133,7099852,0,0,0x0010
15968,2026-08-15T10:15:09.379745000-0500,104.512786000,192.168.0.178,192.168.0.148,25565,53414,7099852,71133,1460,0,0x0010
15969,2026-08-15T10:15:09.379844000-0500,104.512885000,192.168.0.178,192.168.0.148,25565,53414,7101312,71133,1363,0,0x0018
15970,2026-08-15T10:15:09.379850000-0500,104.512891000,192.168.0.148,192.168.0.178,53414,25565,71133,7102675,0,0,0x0010
15971,2026-08-15T10:15:09.392964000-0500,104.526005000,192.168.0.148,192.168.0.178,53414,25565,71133,7102675,4,0,0x0018
15972,2026-08-15T10:15:09.392980000-0500,104.526021000,192.168.0.148,192.168.0.178,53414,25565,71137,7102675,28,0,0x0018
15973,2026-08-15T10:15:09.393555000-0500,104.526596000,192.168.0.148,192.168.0.178,53414,25565,71165,7102675,3,0,0x0018
15974,2026-08-15T10:15:09.393639000-0500,104.526680000,192.168.0.178,192.168.0.148,25565,53414,7102675,71165,0,0,0x0010
15975,2026-08-15T10:15:09.427277000-0500,104.560318000,192.168.0.178,192.168.0.148,25565,53414,7102675,71168,257,0,0x0018
15976,2026-08-15T10:15:09.442762000-0500,104.575803000,192.168.0.148,192.168.0.178,53414,25565,71168,7102932,28,0,0x0018
15977,2026-08-15T10:15:09.443682000-0500,104.576723000,192.168.0.148,192.168.0.178,53414,25565,71196,7102932,3,0,0x0018
15978,2026-08-15T10:15:09.444294000-0500,104.577335000,192.168.0.178,192.168.0.148,25565,53414,7102932,71199,0,0,0x0010
15979,2026-08-15T10:15:09.476536000-0500,104.609577000,192.168.0.178,192.168.0.148,25565,53414,7102932,71199,185,0,0x0018
15980,2026-08-15T10:15:09.493664000-0500,104.626705000,192.168.0.148,192.168.0.178,53414,25565,71199,7103117,28,0,0x0018
15981,2026-08-15T10:15:09.494886000-0500,104.627927000,192.168.0.148,192.168.0.178,53414,25565,71227,7103117,3,0,0x0018
15982,2026-08-15T10:15:09.495584000-0500,104.628625000,192.168.0.178,192.168.0.148,25565,53414,7103117,71230,0,0,0x0010
15983,2026-08-15T10:15:09.526710000-0500,104.659751000,192.168.0.178,192.168.0.148,25565,53414,7103117,71230,949,0,0x0018
15984,2026-08-15T10:15:09.543538000-0500,104.676579000,192.168.0.148,192.168.0.178,53414,25565,71230,7104066,28,0,0x0018
15985,2026-08-15T10:15:09.544801000-0500,104.677842000,192.168.0.148,192.168.0.178,53414,25565,71258,7104066,3,0,0x0018
15986,2026-08-15T10:15:09.545488000-0500,104.678529000,192.168.0.178,192.168.0.148,25565,53414,7104066,71261,0,0,0x0010
15987,2026-08-15T10:15:09.578774000-0500,104.711815000,192.168.0.178,192.168.0.148,25565,53414,7104066,71261,265,0,0x0018
15988,2026-08-15T10:15:09.592206000-0500,104.725247000,192.168.0.148,192.168.0.178,53414,25565,71261,7104331,28,0,0x0018
15989,2026-08-15T10:15:09.592777000-0500,104.725818000,192.168.0.148,192.168.0.178,53414,25565,71289,7104331,3,0,0x0018
15990,2026-08-15T10:15:09.593405000-0500,104.726446000,192.168.0.178,192.168.0.148,25565,53414,7104331,71292,0,0,0x0010
15991,2026-08-15T10:15:09.627224000-0500,104.760265000,192.168.0.178,192.168.0.148,25565,53414,7104331,71292,340,0,0x0018
15992,2026-08-15T10:15:09.643297000-0500,104.776338000,192.168.0.148,192.168.0.178,53414,25565,71292,7104671,28,0,0x0018
15993,2026-08-15T10:15:09.644349000-0500,104.777390000,192.168.0.148,192.168.0.178,53414,25565,71320,7104671,3,0,0x0018
15994,2026-08-15T10:15:09.645084000-0500,104.778125000,192.168.0.178,192.168.0.148,25565,53414,7104671,71323,0,0,0x0010
15995,2026-08-15T10:15:09.676430000-0500,104.809471000,192.168.0.178,192.168.0.148,25565,53414,7104671,71323,423,0,0x0018
15996,2026-08-15T10:15:09.693393000-0500,104.826434000,192.168.0.148,192.168.0.178,53414,25565,71323,7105094,28,0,0x0018
15997,2026-08-15T10:15:09.694392000-0500,104.827433000,192.168.0.148,192.168.0.178,53414,25565,71351,7105094,3,0,0x0018
15998,2026-08-15T10:15:09.695067000-0500,104.828108000,192.168.0.178,192.168.0.148,25565,53414,7105094,71354,0,0,0x0010
15999,2026-08-15T10:15:09.726723000-0500,104.859764000,192.168.0.178,192.168.0.148,25565,53414,7105094,71354,370,0,0x0018
16000,2026-08-15T10:15:09.743412000-0500,104.876453000,192.168.0.148,192.168.0.178,53414,25565,71354,7105464,28,0,0x0018
16001,2026-08-15T10:15:09.744695000-0500,104.877736000,192.168.0.148,192.168.0.178,53414,25565,71382,7105464,3,0,0x0018
16002,2026-08-15T10:15:09.745139000-0500,104.878180000,192.168.0.178,192.168.0.148,25565,53414,7105464,71385,0,0,0x0010
16003,2026-08-15T10:15:09.778777000-0500,104.911818000,192.168.0.178,192.168.0.148,25565,53414,7105464,71385,1460,0,0x0010
16004,2026-08-15T10:15:09.778777000-0500,104.911818000,192.168.0.178,192.168.0.148,25565,53414,7106924,71385,583,0,0x0018
16005,2026-08-15T10:15:09.778828000-0500,104.911869000,192.168.0.148,192.168.0.178,53414,25565,71385,7107507,0,0,0x0010
16006,2026-08-15T10:15:09.793628000-0500,104.926669000,192.168.0.148,192.168.0.178,53414,25565,71385,7107507,4,0,0x0018
16007,2026-08-15T10:15:09.793657000-0500,104.926698000,192.168.0.148,192.168.0.178,53414,25565,71389,7107507,28,0,0x0018
16008,2026-08-15T10:15:09.794336000-0500,104.927377000,192.168.0.178,192.168.0.148,25565,53414,7107507,71417,0,0,0x0010
16009,2026-08-15T10:15:09.794766000-0500,104.927807000,192.168.0.148,192.168.0.178,53414,25565,71417,7107507,3,0,0x0018
16010,2026-08-15T10:15:09.826955000-0500,104.959996000,192.168.0.178,192.168.0.148,25565,53414,7107507,71420,112,0,0x0018
16011,2026-08-15T10:15:09.843392000-0500,104.976433000,192.168.0.148,192.168.0.178,53414,25565,71420,7107619,28,0,0x0018
16012,2026-08-15T10:15:09.844151000-0500,104.977192000,192.168.0.178,192.168.0.148,25565,53414,7107619,71448,46,0,0x0018
16013,2026-08-15T10:15:09.844647000-0500,104.977688000,192.168.0.148,192.168.0.178,53414,25565,71448,7107665,3,0,0x0018
16014,2026-08-15T10:15:09.876134000-0500,105.009175000,192.168.0.178,192.168.0.148,25565,53414,7107665,71451,379,0,0x0018
16015,2026-08-15T10:15:09.893568000-0500,105.026609000,192.168.0.148,192.168.0.178,53414,25565,71451,7108044,28,0,0x0018
16016,2026-08-15T10:15:09.894995000-0500,105.028036000,192.168.0.148,192.168.0.178,53414,25565,71479,7108044,3,0,0x0018
16017,2026-08-15T10:15:09.895602000-0500,105.028643000,192.168.0.178,192.168.0.148,25565,53414,7108044,71482,0,0,0x0010
16018,2026-08-15T10:15:09.927191000-0500,105.060232000,192.168.0.178,192.168.0.148,25565,53414,7108044,71482,220,0,0x0018
16019,2026-08-15T10:15:09.942905000-0500,105.075946000,192.168.0.148,192.168.0.178,53414,25565,71482,7108264,28,0,0x0018
16020,2026-08-15T10:15:09.943822000-0500,105.076863000,192.168.0.148,192.168.0.178,53414,25565,71510,7108264,3,0,0x0018
16021,2026-08-15T10:15:09.944481000-0500,105.077522000,192.168.0.178,192.168.0.148,25565,53414,7108264,71513,0,0,0x0010
16022,2026-08-15T10:15:09.976093000-0500,105.109134000,192.168.0.178,192.168.0.148,25565,53414,7108264,71513,156,0,0x0018
16023,2026-08-15T10:15:09.993596000-0500,105.126637000,192.168.0.148,192.168.0.178,53414,25565,71513,7108420,36,0,0x0018
16024,2026-08-15T10:15:09.994741000-0500,105.127782000,192.168.0.148,192.168.0.178,53414,25565,71549,7108420,3,0,0x0018
16025,2026-08-15T10:15:09.995311000-0500,105.128352000,192.168.0.178,192.168.0.148,25565,53414,7108420,71552,0,0,0x0010
16026,2026-08-15T10:15:10.027464000-0500,105.160505000,192.168.0.178,192.168.0.148,25565,53414,7108420,71552,1137,0,0x0018
16027,2026-08-15T10:15:10.027881000-0500,105.160922000,192.168.0.148,192.168.0.178,53414,25565,71552,7109557,11,0,0x0018
16028,2026-08-15T10:15:10.043459000-0500,105.176500000,192.168.0.148,192.168.0.178,53414,25565,71563,7109557,28,0,0x0018
16029,2026-08-15T10:15:10.043992000-0500,105.177033000,192.168.0.178,192.168.0.148,25565,53414,7109557,71591,0,0,0x0010
16030,2026-08-15T10:15:10.044746000-0500,105.177787000,192.168.0.148,192.168.0.178,53414,25565,71591,7109557,3,0,0x0018
16031,2026-08-15T10:15:10.076577000-0500,105.209618000,192.168.0.178,192.168.0.148,25565,53414,7109557,71594,268,0,0x0018
16032,2026-08-15T10:15:10.093560000-0500,105.226601000,192.168.0.148,192.168.0.178,53414,25565,71594,7109825,28,0,0x0018
16033,2026-08-15T10:15:10.094848000-0500,105.227889000,192.168.0.148,192.168.0.178,53414,25565,71622,7109825,3,0,0x0018
16034,2026-08-15T10:15:10.095569000-0500,105.228610000,192.168.0.178,192.168.0.148,25565,53414,7109825,71625,0,0,0x0010
16035,2026-08-15T10:15:10.128024000-0500,105.261065000,192.168.0.178,192.168.0.148,25565,53414,7109825,71625,308,0,0x0018
16036,2026-08-15T10:15:10.143483000-0500,105.276524000,192.168.0.148,192.168.0.178,53414,25565,71625,7110133,28,0,0x0018
16037,2026-08-15T10:15:10.145033000-0500,105.278074000,192.168.0.148,192.168.0.178,53414,25565,71653,7110133,3,0,0x0018
16038,2026-08-15T10:15:10.145629000-0500,105.278670000,192.168.0.178,192.168.0.148,25565,53414,7110133,71656,0,0,0x0010
16039,2026-08-15T10:15:10.177626000-0500,105.310667000,192.168.0.178,192.168.0.148,25565,53414,7110133,71656,1218,0,0x0018
16040,2026-08-15T10:15:10.192815000-0500,105.325856000,192.168.0.148,192.168.0.178,53414,25565,71656,7111351,28,0,0x0018
16041,2026-08-15T10:15:10.193373000-0500,105.326414000,192.168.0.148,192.168.0.178,53414,25565,71684,7111351,3,0,0x0018
16042,2026-08-15T10:15:10.193852000-0500,105.326893000,192.168.0.178,192.168.0.148,25565,53414,7111351,71687,0,0,0x0010
16043,2026-08-15T10:15:10.227405000-0500,105.360446000,192.168.0.178,192.168.0.148,25565,53414,7111351,71687,336,0,0x0018
16044,2026-08-15T10:15:10.243749000-0500,105.376790000,192.168.0.148,192.168.0.178,53414,25565,71687,7111687,28,0,0x0018
16045,2026-08-15T10:15:10.244702000-0500,105.377743000,192.168.0.148,192.168.0.178,53414,25565,71715,7111687,3,0,0x0018
16046,2026-08-15T10:15:10.246550000-0500,105.379591000,192.168.0.178,192.168.0.148,25565,53414,7111687,71718,0,0,0x0010
16047,2026-08-15T10:15:10.277069000-0500,105.410110000,192.168.0.178,192.168.0.148,25565,53414,7111687,71718,927,0,0x0018
16048,2026-08-15T10:15:10.292619000-0500,105.425660000,192.168.0.148,192.168.0.178,53414,25565,71718,7112614,4,0,0x0018
16049,2026-08-15T10:15:10.292642000-0500,105.425683000,192.168.0.148,192.168.0.178,53414,25565,71722,7112614,36,0,0x0018
16050,2026-08-15T10:15:10.293227000-0500,105.426268000,192.168.0.178,192.168.0.148,25565,53414,7112614,71758,0,0,0x0010
16051,2026-08-15T10:15:10.293344000-0500,105.426385000,192.168.0.148,192.168.0.178,53414,25565,71758,7112614,3,0,0x0018
16052,2026-08-15T10:15:10.327549000-0500,105.460590000,192.168.0.178,192.168.0.148,25565,53414,7112614,71761,590,0,0x0018
16053,2026-08-15T10:15:10.343565000-0500,105.476606000,192.168.0.148,192.168.0.178,53414,25565,71761,7113204,36,0,0x0018
16054,2026-08-15T10:15:10.344484000-0500,105.477525000,192.168.0.178,192.168.0.148,25565,53414,7113204,71797,11,0,0x0018
16055,2026-08-15T10:15:10.344565000-0500,105.477606000,192.168.0.178,192.168.0.148,25565,53414,7113215,71797,11,0,0x0018
16056,2026-08-15T10:15:10.344581000-0500,105.477622000,192.168.0.148,192.168.0.178,53414,25565,71797,7113226,0,0,0x0010
16057,2026-08-15T10:15:10.344637000-0500,105.477678000,192.168.0.178,192.168.0.148,25565,53414,7113226,71797,11,0,0x0018
16058,2026-08-15T10:15:10.344843000-0500,105.477884000,192.168.0.178,192.168.0.148,25565,53414,7113237,71797,11,0,0x0018
16059,2026-08-15T10:15:10.344843000-0500,105.477884000,192.168.0.178,192.168.0.148,25565,53414,7113248,71797,11,0,0x0018
16060,2026-08-15T10:15:10.344856000-0500,105.477897000,192.168.0.148,192.168.0.178,53414,25565,71797,7113259,0,0,0x0010
16061,2026-08-15T10:15:10.344915000-0500,105.477956000,192.168.0.148,192.168.0.178,53414,25565,71797,7113259,3,0,0x0018
16062,2026-08-15T10:15:10.344933000-0500,105.477974000,192.168.0.178,192.168.0.148,25565,53414,7113259,71797,11,0,0x0018
16063,2026-08-15T10:15:10.344933000-0500,105.477974000,192.168.0.178,192.168.0.148,25565,53414,7113270,71797,11,0,0x0018
16064,2026-08-15T10:15:10.344944000-0500,105.477985000,192.168.0.148,192.168.0.178,53414,25565,71800,7113281,0,0,0x0010
16065,2026-08-15T10:15:10.344989000-0500,105.478030000,192.168.0.178,192.168.0.148,25565,53414,7113281,71797,11,0,0x0018
16066,2026-08-15T10:15:10.345045000-0500,105.478086000,192.168.0.178,192.168.0.148,25565,53414,7113292,71797,11,0,0x0018
16067,2026-08-15T10:15:10.345055000-0500,105.478096000,192.168.0.148,192.168.0.178,53414,25565,71800,7113303,0,0,0x0010
16068,2026-08-15T10:15:10.345137000-0500,105.478178000,192.168.0.178,192.168.0.148,25565,53414,7113303,71797,11,0,0x0018
16069,2026-08-15T10:15:10.345137000-0500,105.478178000,192.168.0.178,192.168.0.148,25565,53414,7113314,71797,11,0,0x0018
16070,2026-08-15T10:15:10.345147000-0500,105.478188000,192.168.0.148,192.168.0.178,53414,25565,71800,7113325,0,0,0x0010
16071,2026-08-15T10:15:10.345281000-0500,105.478322000,192.168.0.178,192.168.0.148,25565,53414,7113325,71800,11,0,0x0018
16072,2026-08-15T10:15:10.345343000-0500,105.478384000,192.168.0.178,192.168.0.148,25565,53414,7113336,71800,11,0,0x0018
16073,2026-08-15T10:15:10.345357000-0500,105.478398000,192.168.0.148,192.168.0.178,53414,25565,71800,7113347,0,0,0x0010
16074,2026-08-15T10:15:10.345365000-0500,105.478406000,192.168.0.178,192.168.0.148,25565,53414,7113347,71800,11,0,0x0018
16075,2026-08-15T10:15:10.345444000-0500,105.478485000,192.168.0.178,192.168.0.148,25565,53414,7113358,71800,11,0,0x0018
16076,2026-08-15T10:15:10.345444000-0500,105.478485000,192.168.0.178,192.168.0.148,25565,53414,7113369,71800,11,0,0x0018
16077,2026-08-15T10:15:10.345456000-0500,105.478497000,192.168.0.148,192.168.0.178,53414,25565,71800,7113380,0,0,0x0010
16078,2026-08-15T10:15:10.345499000-0500,105.478540000,192.168.0.178,192.168.0.148,25565,53414,7113380,71800,11,0,0x0018
16079,2026-08-15T10:15:10.345507000-0500,105.478548000,192.168.0.148,192.168.0.178,53414,25565,71800,7113391,0,0,0x0010
16080,2026-08-15T10:15:10.345586000-0500,105.478627000,192.168.0.178,192.168.0.148,25565,53414,7113391,71800,11,0,0x0018
16081,2026-08-15T10:15:10.345629000-0500,105.478670000,192.168.0.178,192.168.0.148,25565,53414,7113402,71800,11,0,0x0018
16082,2026-08-15T10:15:10.345629000-0500,105.478670000,192.168.0.178,192.168.0.148,25565,53414,7113413,71800,13,0,0x0018
16083,2026-08-15T10:15:10.345639000-0500,105.478680000,192.168.0.148,192.168.0.178,53414,25565,71800,7113426,0,0,0x0010
16084,2026-08-15T10:15:10.376428000-0500,105.509469000,192.168.0.178,192.168.0.148,25565,53414,7113426,71800,248,0,0x0018
16085,2026-08-15T10:15:10.376480000-0500,105.509521000,192.168.0.148,192.168.0.178,53414,25565,71800,7113674,0,0,0x0010
16086,2026-08-15T10:15:10.393938000-0500,105.526979000,192.168.0.148,192.168.0.178,53414,25565,71800,7113674,36,0,0x0018
16087,2026-08-15T10:15:10.394983000-0500,105.528024000,192.168.0.148,192.168.0.178,53414,25565,71836,7113674,3,0,0x0018
16088,2026-08-15T10:15:10.395660000-0500,105.528701000,192.168.0.178,192.168.0.148,25565,53414,7113674,71839,0,0,0x0010
16089,2026-08-15T10:15:10.427946000-0500,105.560987000,192.168.0.178,192.168.0.148,25565,53414,7113674,71839,120,0,0x0018
16090,2026-08-15T10:15:10.443356000-0500,105.576397000,192.168.0.148,192.168.0.178,53414,25565,71839,7113794,36,0,0x0018
16091,2026-08-15T10:15:10.444310000-0500,105.577351000,192.168.0.148,192.168.0.178,53414,25565,71875,7113794,3,0,0x0018
16092,2026-08-15T10:15:10.444893000-0500,105.577934000,192.168.0.178,192.168.0.148,25565,53414,7113794,71878,0,0,0x0010
16093,2026-08-15T10:15:10.477785000-0500,105.610826000,192.168.0.178,192.168.0.148,25565,53414,7113794,71878,425,0,0x0018
16094,2026-08-15T10:15:10.493423000-0500,105.626464000,192.168.0.148,192.168.0.178,53414,25565,71878,7114219,36,0,0x0018
16095,2026-08-15T10:15:10.494535000-0500,105.627576000,192.168.0.148,192.168.0.178,53414,25565,71914,7114219,3,0,0x0018
16096,2026-08-15T10:15:10.495259000-0500,105.628300000,192.168.0.178,192.168.0.148,25565,53414,7114219,71917,0,0,0x0010
16097,2026-08-15T10:15:10.543023000-0500,105.676064000,192.168.0.148,192.168.0.178,53414,25565,71917,7114219,36,0,0x0018
16098,2026-08-15T10:15:10.544005000-0500,105.677046000,192.168.0.148,192.168.0.178,53414,25565,71953,7114219,3,0,0x0018
16099,2026-08-15T10:15:10.555401000-0500,105.688442000,192.168.0.178,192.168.0.148,25565,53414,7114219,71956,0,0,0x0010
16100,2026-08-15T10:15:10.555642000-0500,105.688683000,192.168.0.178,192.168.0.148,25565,53414,7114219,71956,901,0,0x0018
16101,2026-08-15T10:15:10.555642000-0500,105.688683000,192.168.0.178,192.168.0.148,25565,53414,7115120,71956,46,0,0x0018
16102,2026-08-15T10:15:10.555670000-0500,105.688711000,192.168.0.148,192.168.0.178,53414,25565,71956,7115166,0,0,0x0010
16103,2026-08-15T10:15:10.578292000-0500,105.711333000,192.168.0.178,192.168.0.148,25565,53414,7115166,71956,258,0,0x0018
16104,2026-08-15T10:15:10.592524000-0500,105.725565000,192.168.0.148,192.168.0.178,53414,25565,71956,7115424,4,0,0x0018
16105,2026-08-15T10:15:10.592542000-0500,105.725583000,192.168.0.148,192.168.0.178,53414,25565,71960,7115424,36,0,0x0018
16106,2026-08-15T10:15:10.593110000-0500,105.726151000,192.168.0.178,192.168.0.148,25565,53414,7115424,71996,0,0,0x0010
16107,2026-08-15T10:15:10.593156000-0500,105.726197000,192.168.0.148,192.168.0.178,53414,25565,71996,7115424,3,0,0x0018
16108,2026-08-15T10:15:10.627368000-0500,105.760409000,192.168.0.178,192.168.0.148,25565,53414,7115424,71999,569,0,0x0018
16109,2026-08-15T10:15:10.642392000-0500,105.775433000,192.168.0.148,192.168.0.178,53414,25565,71999,7115993,36,0,0x0018
16110,2026-08-15T10:15:10.642937000-0500,105.775978000,192.168.0.148,192.168.0.178,53414,25565,72035,7115993,3,0,0x0018
16111,2026-08-15T10:15:10.643505000-0500,105.776546000,192.168.0.178,192.168.0.148,25565,53414,7115993,72038,0,0,0x0010
16112,2026-08-15T10:15:10.676151000-0500,105.809192000,192.168.0.178,192.168.0.148,25565,53414,7115993,72038,215,0,0x0018
16113,2026-08-15T10:15:10.692869000-0500,105.825910000,192.168.0.148,192.168.0.178,53414,25565,72038,7116208,36,0,0x0018
16114,2026-08-15T10:15:10.693993000-0500,105.827034000,192.168.0.148,192.168.0.178,53414,25565,72074,7116208,3,0,0x0018
16115,2026-08-15T10:15:10.694663000-0500,105.827704000,192.168.0.178,192.168.0.148,25565,53414,7116208,72077,0,0,0x0010
16116,2026-08-15T10:15:10.726071000-0500,105.859112000,192.168.0.178,192.168.0.148,25565,53414,7116208,72077,290,0,0x0018
16117,2026-08-15T10:15:10.743227000-0500,105.876268000,192.168.0.148,192.168.0.178,53414,25565,72077,7116498,28,0,0x0018
16118,2026-08-15T10:15:10.744079000-0500,105.877120000,192.168.0.148,192.168.0.178,53414,25565,72105,7116498,3,0,0x0018
16119,2026-08-15T10:15:10.744712000-0500,105.877753000,192.168.0.178,192.168.0.148,25565,53414,7116498,72108,0,0,0x0010
16120,2026-08-15T10:15:10.778497000-0500,105.911538000,192.168.0.178,192.168.0.148,25565,53414,7116498,72108,1460,0,0x0010
16121,2026-08-15T10:15:10.778497000-0500,105.911538000,192.168.0.178,192.168.0.148,25565,53414,7117958,72108,1016,0,0x0018
16122,2026-08-15T10:15:10.778538000-0500,105.911579000,192.168.0.148,192.168.0.178,53414,25565,72108,7118974,0,0,0x0010
16123,2026-08-15T10:15:10.793411000-0500,105.926452000,192.168.0.148,192.168.0.178,53414,25565,72108,7118974,4,0,0x0018
16124,2026-08-15T10:15:10.793443000-0500,105.926484000,192.168.0.148,192.168.0.178,53414,25565,72112,7118974,36,0,0x0018
16125,2026-08-15T10:15:10.793933000-0500,105.926974000,192.168.0.178,192.168.0.148,25565,53414,7118974,72148,0,0,0x0010
16126,2026-08-15T10:15:10.794467000-0500,105.927508000,192.168.0.148,192.168.0.178,53414,25565,72148,7118974,3,0,0x0018
16127,2026-08-15T10:15:10.830793000-0500,105.963834000,192.168.0.178,192.168.0.148,25565,53414,7118974,72151,174,0,0x0018
16128,2026-08-15T10:15:10.842347000-0500,105.975388000,192.168.0.148,192.168.0.178,53414,25565,72151,7119148,36,0,0x0018
16129,2026-08-15T10:15:10.842945000-0500,105.975986000,192.168.0.148,192.168.0.178,53414,25565,72187,7119148,3,0,0x0018
16130,2026-08-15T10:15:10.843424000-0500,105.976465000,192.168.0.178,192.168.0.148,25565,53414,7119148,72190,0,0,0x0010
16131,2026-08-15T10:15:10.878612000-0500,106.011653000,192.168.0.178,192.168.0.148,25565,53414,7119148,72190,335,0,0x0018
16132,2026-08-15T10:15:10.892383000-0500,106.025424000,192.168.0.148,192.168.0.178,53414,25565,72190,7119483,4,0,0x0018
16133,2026-08-15T10:15:10.892404000-0500,106.025445000,192.168.0.148,192.168.0.178,53414,25565,72194,7119483,36,0,0x0018
16134,2026-08-15T10:15:10.892943000-0500,106.025984000,192.168.0.148,192.168.0.178,53414,25565,72230,7119483,3,0,0x0018
16135,2026-08-15T10:15:10.892951000-0500,106.025992000,192.168.0.178,192.168.0.148,25565,53414,7119483,72230,0,0,0x0010
16136,2026-08-15T10:15:10.927032000-0500,106.060073000,192.168.0.178,192.168.0.148,25565,53414,7119483,72233,373,0,0x0018
16137,2026-08-15T10:15:10.942508000-0500,106.075549000,192.168.0.148,192.168.0.178,53414,25565,72233,7119856,36,0,0x0018
16138,2026-08-15T10:15:10.943171000-0500,106.076212000,192.168.0.148,192.168.0.178,53414,25565,72269,7119856,3,0,0x0018
16139,2026-08-15T10:15:10.943746000-0500,106.076787000,192.168.0.178,192.168.0.148,25565,53414,7119856,72272,0,0,0x0010
16140,2026-08-15T10:15:10.976922000-0500,106.109963000,192.168.0.178,192.168.0.148,25565,53414,7119856,72272,331,0,0x0018
16141,2026-08-15T10:15:10.992962000-0500,106.126003000,192.168.0.148,192.168.0.178,53414,25565,72272,7120187,36,0,0x0018
16142,2026-08-15T10:15:10.993635000-0500,106.126676000,192.168.0.148,192.168.0.178,53414,25565,72308,7120187,3,0,0x0018
16143,2026-08-15T10:15:10.994195000-0500,106.127236000,192.168.0.178,192.168.0.148,25565,53414,7120187,72311,0,0,0x0010
16144,2026-08-15T10:15:11.027079000-0500,106.160120000,192.168.0.178,192.168.0.148,25565,53414,7120187,72311,1460,0,0x0010
16145,2026-08-15T10:15:11.027079000-0500,106.160120000,192.168.0.178,192.168.0.148,25565,53414,7121647,72311,11,0,0x0018
16146,2026-08-15T10:15:11.027138000-0500,106.160179000,192.168.0.148,192.168.0.178,53414,25565,72311,7121658,0,0,0x0010
16147,2026-08-15T10:15:11.043351000-0500,106.176392000,192.168.0.148,192.168.0.178,53414,25565,72311,7121658,28,0,0x0018
16148,2026-08-15T10:15:11.044395000-0500,106.177436000,192.168.0.148,192.168.0.178,53414,25565,72339,7121658,3,0,0x0018
16149,2026-08-15T10:15:11.045224000-0500,106.178265000,192.168.0.178,192.168.0.148,25565,53414,7121658,72342,0,0,0x0010
16150,2026-08-15T10:15:11.076489000-0500,106.209530000,192.168.0.178,192.168.0.148,25565,53414,7121658,72342,326,0,0x0018
16151,2026-08-15T10:15:11.076768000-0500,106.209809000,192.168.0.148,192.168.0.178,53414,25565,72342,7121984,11,0,0x0018
16152,2026-08-15T10:15:11.094640000-0500,106.227681000,192.168.0.148,192.168.0.178,53414,25565,72353,7121984,4,0,0x0018
16153,2026-08-15T10:15:11.094669000-0500,106.227710000,192.168.0.148,192.168.0.178,53414,25565,72357,7121984,28,0,0x0018
16154,2026-08-15T10:15:11.095291000-0500,106.228332000,192.168.0.178,192.168.0.148,25565,53414,7121984,72385,0,0,0x0010
16155,2026-08-15T10:15:11.095628000-0500,106.228669000,192.168.0.148,192.168.0.178,53414,25565,72385,7121984,3,0,0x0018
16156,2026-08-15T10:15:11.127064000-0500,106.260105000,192.168.0.178,192.168.0.148,25565,53414,7121984,72388,328,0,0x0018
16157,2026-08-15T10:15:11.143446000-0500,106.276487000,192.168.0.148,192.168.0.178,53414,25565,72388,7122312,28,0,0x0018
16158,2026-08-15T10:15:11.144739000-0500,106.277780000,192.168.0.148,192.168.0.178,53414,25565,72416,7122312,3,0,0x0018
16159,2026-08-15T10:15:11.145538000-0500,106.278579000,192.168.0.178,192.168.0.148,25565,53414,7122312,72419,0,0,0x0010
16160,2026-08-15T10:15:11.176284000-0500,106.309325000,192.168.0.178,192.168.0.148,25565,53414,7122312,72419,593,0,0x0018
16161,2026-08-15T10:15:11.193520000-0500,106.326561000,192.168.0.148,192.168.0.178,53414,25565,72419,7122905,28,0,0x0018
16162,2026-08-15T10:15:11.194700000-0500,106.327741000,192.168.0.148,192.168.0.178,53414,25565,72447,7122905,3,0,0x0018
16163,2026-08-15T10:15:11.195522000-0500,106.328563000,192.168.0.178,192.168.0.148,25565,53414,7122905,72450,0,0,0x0010
16164,2026-08-15T10:15:11.227086000-0500,106.360127000,192.168.0.178,192.168.0.148,25565,53414,7122905,72450,496,0,0x0018
16165,2026-08-15T10:15:11.242266000-0500,106.375307000,192.168.0.148,192.168.0.178,53414,25565,72450,7123401,28,0,0x0018
16166,2026-08-15T10:15:11.242893000-0500,106.375934000,192.168.0.148,192.168.0.178,53414,25565,72478,7123401,3,0,0x0018
16167,2026-08-15T10:15:11.243646000-0500,106.376687000,192.168.0.178,192.168.0.148,25565,53414,7123401,72481,0,0,0x0010
16168,2026-08-15T10:15:11.277037000-0500,106.410078000,192.168.0.178,192.168.0.148,25565,53414,7123401,72481,1460,0,0x0010
16169,2026-08-15T10:15:11.277037000-0500,106.410078000,192.168.0.178,192.168.0.148,25565,53414,7124861,72481,903,0,0x0018
16170,2026-08-15T10:15:11.277097000-0500,106.410138000,192.168.0.148,192.168.0.178,53414,25565,72481,7125764,0,0,0x0010
16171,2026-08-15T10:15:11.294499000-0500,106.427540000,192.168.0.148,192.168.0.178,53414,25565,72481,7125764,28,0,0x0018
16172,2026-08-15T10:15:11.295114000-0500,106.428155000,192.168.0.148,192.168.0.178,53414,25565,72509,7125764,3,0,0x0018
16173,2026-08-15T10:15:11.295866000-0500,106.428907000,192.168.0.178,192.168.0.148,25565,53414,7125764,72512,0,0,0x0010
16174,2026-08-15T10:15:11.327907000-0500,106.460948000,192.168.0.178,192.168.0.148,25565,53414,7125764,72512,182,0,0x0018
16175,2026-08-15T10:15:11.343252000-0500,106.476293000,192.168.0.148,192.168.0.178,53414,25565,72512,7125946,28,0,0x0018
16176,2026-08-15T10:15:11.344199000-0500,106.477240000,192.168.0.148,192.168.0.178,53414,25565,72540,7125946,3,0,0x0018
16177,2026-08-15T10:15:11.344354000-0500,106.477395000,192.168.0.178,192.168.0.148,25565,53414,7125946,72540,11,0,0x0018
16178,2026-08-15T10:15:11.344354000-0500,106.477395000,192.168.0.178,192.168.0.148,25565,53414,7125957,72540,11,0,0x0018
16179,2026-08-15T10:15:11.344398000-0500,106.477439000,192.168.0.148,192.168.0.178,53414,25565,72543,7125968,0,0,0x0010
16180,2026-08-15T10:15:11.344444000-0500,106.477485000,192.168.0.178,192.168.0.148,25565,53414,7125968,72540,11,0,0x0018
16181,2026-08-15T10:15:11.344501000-0500,106.477542000,192.168.0.178,192.168.0.148,25565,53414,7125979,72540,11,0,0x0018
16182,2026-08-15T10:15:11.344509000-0500,106.477550000,192.168.0.148,192.168.0.178,53414,25565,72543,7125990,0,0,0x0010
16183,2026-08-15T10:15:11.344762000-0500,106.477803000,192.168.0.178,192.168.0.148,25565,53414,7125990,72543,11,0,0x0018
16184,2026-08-15T10:15:11.344762000-0500,106.477803000,192.168.0.178,192.168.0.148,25565,53414,7126001,72543,11,0,0x0018
16185,2026-08-15T10:15:11.344762000-0500,106.477803000,192.168.0.178,192.168.0.148,25565,53414,7126012,72543,11,0,0x0018
16186,2026-08-15T10:15:11.344762000-0500,106.477803000,192.168.0.178,192.168.0.148,25565,53414,7126023,72543,11,0,0x0018
16187,2026-08-15T10:15:11.344796000-0500,106.477837000,192.168.0.148,192.168.0.178,53414,25565,72543,7126034,0,0,0x0010
16188,2026-08-15T10:15:11.344859000-0500,106.477900000,192.168.0.178,192.168.0.148,25565,53414,7126034,72543,11,0,0x0018
16189,2026-08-15T10:15:11.344859000-0500,106.477900000,192.168.0.178,192.168.0.148,25565,53414,7126045,72543,11,0,0x0018
16190,2026-08-15T10:15:11.344869000-0500,106.477910000,192.168.0.148,192.168.0.178,53414,25565,72543,7126056,0,0,0x0010
16191,2026-08-15T10:15:11.344911000-0500,106.477952000,192.168.0.178,192.168.0.148,25565,53414,7126056,72543,11,0,0x0018
16192,2026-08-15T10:15:11.344960000-0500,106.478001000,192.168.0.178,192.168.0.148,25565,53414,7126067,72543,11,0,0x0018
16193,2026-08-15T10:15:11.344960000-0500,106.478001000,192.168.0.178,192.168.0.148,25565,53414,7126078,72543,11,0,0x0018
16194,2026-08-15T10:15:11.344968000-0500,106.478009000,192.168.0.148,192.168.0.178,53414,25565,72543,7126089,0,0,0x0010
16195,2026-08-15T10:15:11.345053000-0500,106.478094000,192.168.0.178,192.168.0.148,25565,53414,7126089,72543,11,0,0x0018
16196,2026-08-15T10:15:11.345053000-0500,106.478094000,192.168.0.178,192.168.0.148,25565,53414,7126100,72543,11,0,0x0018
16197,2026-08-15T10:15:11.345062000-0500,106.478103000,192.168.0.148,192.168.0.178,53414,25565,72543,7126111,0,0,0x0010
16198,2026-08-15T10:15:11.345309000-0500,106.478350000,192.168.0.178,192.168.0.148,25565,53414,7126111,72543,13,0,0x0018
16199,2026-08-15T10:15:11.345339000-0500,106.478380000,192.168.0.148,192.168.0.178,53414,25565,72543,7126124,0,0,0x0010
16200,2026-08-15T10:15:11.377894000-0500,106.510935000,192.168.0.178,192.168.0.148,25565,53414,7126124,72543,622,0,0x0018
16201,2026-08-15T10:15:11.392511000-0500,106.525552000,192.168.0.148,192.168.0.178,53414,25565,72543,7126746,28,0,0x0018
16202,2026-08-15T10:15:11.393300000-0500,106.526341000,192.168.0.148,192.168.0.178,53414,25565,72571,7126746,3,0,0x0018
16203,2026-08-15T10:15:11.393983000-0500,106.527024000,192.168.0.178,192.168.0.148,25565,53414,7126746,72574,0,0,0x0010
16204,2026-08-15T10:15:11.426523000-0500,106.559564000,192.168.0.178,192.168.0.148,25565,53414,7126746,72574,278,0,0x0018
16205,2026-08-15T10:15:11.443453000-0500,106.576494000,192.168.0.148,192.168.0.178,53414,25565,72574,7127024,36,0,0x0018
16206,2026-08-15T10:15:11.444729000-0500,106.577770000,192.168.0.148,192.168.0.178,53414,25565,72610,7127024,3,0,0x0018
16207,2026-08-15T10:15:11.445516000-0500,106.578557000,192.168.0.178,192.168.0.148,25565,53414,7127024,72613,0,0,0x0010
16208,2026-08-15T10:15:11.477837000-0500,106.610878000,192.168.0.178,192.168.0.148,25565,53414,7127024,72613,284,0,0x0018
16209,2026-08-15T10:15:11.493943000-0500,106.626984000,192.168.0.148,192.168.0.178,53414,25565,72613,7127308,4,0,0x0018
16210,2026-08-15T10:15:11.493978000-0500,106.627019000,192.168.0.148,192.168.0.178,53414,25565,72617,7127308,36,0,0x0018
16211,2026-08-15T10:15:11.494519000-0500,106.627560000,192.168.0.178,192.168.0.148,25565,53414,7127308,72653,0,0,0x0010
16212,2026-08-15T10:15:11.495260000-0500,106.628301000,192.168.0.148,192.168.0.178,53414,25565,72653,7127308,3,0,0x0018
16213,2026-08-15T10:15:11.526370000-0500,106.659411000,192.168.0.178,192.168.0.148,25565,53414,7127308,72656,1460,0,0x0010
16214,2026-08-15T10:15:11.526370000-0500,106.659411000,192.168.0.178,192.168.0.148,25565,53414,7128768,72656,92,0,0x0018
16215,2026-08-15T10:15:11.526428000-0500,106.659469000,192.168.0.148,192.168.0.178,53414,25565,72656,7128860,0,0,0x0010
16216,2026-08-15T10:15:11.543266000-0500,106.676307000,192.168.0.148,192.168.0.178,53414,25565,72656,7128860,36,0,0x0018
16217,2026-08-15T10:15:11.544222000-0500,106.677263000,192.168.0.148,192.168.0.178,53414,25565,72692,7128860,3,0,0x0018
16218,2026-08-15T10:15:11.544836000-0500,106.677877000,192.168.0.178,192.168.0.148,25565,53414,7128860,72695,0,0,0x0010
16219,2026-08-15T10:15:11.577418000-0500,106.710459000,192.168.0.178,192.168.0.148,25565,53414,7128860,72695,1431,0,0x0018
16220,2026-08-15T10:15:11.593726000-0500,106.726767000,192.168.0.148,192.168.0.178,53414,25565,72695,7130291,36,0,0x0018
16221,2026-08-15T10:15:11.594955000-0500,106.727996000,192.168.0.148,192.168.0.178,53414,25565,72731,7130291,3,0,0x0018
16222,2026-08-15T10:15:11.595650000-0500,106.728691000,192.168.0.178,192.168.0.148,25565,53414,7130291,72734,0,0,0x0010
16223,2026-08-15T10:15:11.627984000-0500,106.761025000,192.168.0.178,192.168.0.148,25565,53414,7130291,72734,312,0,0x0018
16224,2026-08-15T10:15:11.642423000-0500,106.775464000,192.168.0.148,192.168.0.178,53414,25565,72734,7130603,28,0,0x0018
16225,2026-08-15T10:15:11.643181000-0500,106.776222000,192.168.0.148,192.168.0.178,53414,25565,72762,7130603,3,0,0x0018
16226,2026-08-15T10:15:11.643982000-0500,106.777023000,192.168.0.178,192.168.0.148,25565,53414,7130603,72765,0,0,0x0010
16227,2026-08-15T10:15:11.675857000-0500,106.808898000,192.168.0.178,192.168.0.148,25565,53414,7130603,72765,385,0,0x0018
16228,2026-08-15T10:15:11.693760000-0500,106.826801000,192.168.0.148,192.168.0.178,53414,25565,72765,7130988,4,0,0x0018
16229,2026-08-15T10:15:11.693795000-0500,106.826836000,192.168.0.148,192.168.0.178,53414,25565,72769,7130988,28,0,0x0018
16230,2026-08-15T10:15:11.694497000-0500,106.827538000,192.168.0.178,192.168.0.148,25565,53414,7130988,72797,0,0,0x0010
16231,2026-08-15T10:15:11.694582000-0500,106.827623000,192.168.0.178,192.168.0.148,25565,53414,7130988,72797,46,0,0x0018
16232,2026-08-15T10:15:11.695034000-0500,106.828075000,192.168.0.148,192.168.0.178,53414,25565,72797,7131034,3,0,0x0018
16233,2026-08-15T10:15:11.727054000-0500,106.860095000,192.168.0.178,192.168.0.148,25565,53414,7131034,72800,371,0,0x0018
16234,2026-08-15T10:15:11.742570000-0500,106.875611000,192.168.0.148,192.168.0.178,53414,25565,72800,7131405,4,0,0x0018
16235,2026-08-15T10:15:11.742594000-0500,106.875635000,192.168.0.148,192.168.0.178,53414,25565,72804,7131405,28,0,0x0018
16236,2026-08-15T10:15:11.743068000-0500,106.876109000,192.168.0.148,192.168.0.178,53414,25565,72832,7131405,3,0,0x0018
16237,2026-08-15T10:15:11.744316000-0500,106.877357000,192.168.0.178,192.168.0.148,25565,53414,7131405,72832,0,0,0x0010
16238,2026-08-15T10:15:11.776524000-0500,106.909565000,192.168.0.178,192.168.0.148,25565,53414,7131405,72835,1460,0,0x0010
16239,2026-08-15T10:15:11.776524000-0500,106.909565000,192.168.0.178,192.168.0.148,25565,53414,7132865,72835,272,0,0x0018
16240,2026-08-15T10:15:11.776585000-0500,106.909626000,192.168.0.148,192.168.0.178,53414,25565,72835,7133137,0,0,0x0010
16241,2026-08-15T10:15:11.793293000-0500,106.926334000,192.168.0.148,192.168.0.178,53414,25565,72835,7133137,28,0,0x0018
16242,2026-08-15T10:15:11.794144000-0500,106.927185000,192.168.0.148,192.168.0.178,53414,25565,72863,7133137,3,0,0x0018
16243,2026-08-15T10:15:11.794932000-0500,106.927973000,192.168.0.178,192.168.0.148,25565,53414,7133137,72866,0,0,0x0010
16244,2026-08-15T10:15:11.826219000-0500,106.959260000,192.168.0.178,192.168.0.148,25565,53414,7133137,72866,504,0,0x0018
16245,2026-08-15T10:15:11.843502000-0500,106.976543000,192.168.0.148,192.168.0.178,53414,25565,72866,7133641,28,0,0x0018
16246,2026-08-15T10:15:11.844937000-0500,106.977978000,192.168.0.148,192.168.0.178,53414,25565,72894,7133641,3,0,0x0018
16247,2026-08-15T10:15:11.845684000-0500,106.978725000,192.168.0.178,192.168.0.148,25565,53414,7133641,72897,0,0,0x0010
16248,2026-08-15T10:15:11.877514000-0500,107.010555000,192.168.0.178,192.168.0.148,25565,53414,7133641,72897,331,0,0x0018
16249,2026-08-15T10:15:11.893657000-0500,107.026698000,192.168.0.148,192.168.0.178,53414,25565,72897,7133972,28,0,0x0018
16250,2026-08-15T10:15:11.894886000-0500,107.027927000,192.168.0.148,192.168.0.178,53414,25565,72925,7133972,3,0,0x0018
16251,2026-08-15T10:15:11.895302000-0500,107.028343000,192.168.0.178,192.168.0.148,25565,53414,7133972,72928,0,0,0x0010
16252,2026-08-15T10:15:11.926561000-0500,107.059602000,192.168.0.178,192.168.0.148,25565,53414,7133972,72928,106,0,0x0018
16253,2026-08-15T10:15:11.943528000-0500,107.076569000,192.168.0.148,192.168.0.178,53414,25565,72928,7134078,28,0,0x0018
16254,2026-08-15T10:15:11.944970000-0500,107.078011000,192.168.0.148,192.168.0.178,53414,25565,72956,7134078,3,0,0x0018
16255,2026-08-15T10:15:11.945647000-0500,107.078688000,192.168.0.178,192.168.0.148,25565,53414,7134078,72959,0,0,0x0010
16256,2026-08-15T10:15:11.978035000-0500,107.111076000,192.168.0.178,192.168.0.148,25565,53414,7134078,72959,641,0,0x0018
16257,2026-08-15T10:15:11.993856000-0500,107.126897000,192.168.0.148,192.168.0.178,53414,25565,72959,7134719,28,0,0x0018
16258,2026-08-15T10:15:11.995123000-0500,107.128164000,192.168.0.148,192.168.0.178,53414,25565,72987,7134719,3,0,0x0018
16259,2026-08-15T10:15:11.995839000-0500,107.128880000,192.168.0.178,192.168.0.148,25565,53414,7134719,72990,0,0,0x0010
16260,2026-08-15T10:15:12.028027000-0500,107.161068000,192.168.0.178,192.168.0.148,25565,53414,7134719,72990,1460,0,0x0010
16261,2026-08-15T10:15:12.028027000-0500,107.161068000,192.168.0.178,192.168.0.148,25565,53414,7136179,72990,255,0,0x0018
16262,2026-08-15T10:15:12.028084000-0500,107.161125000,192.168.0.148,192.168.0.178,53414,25565,72990,7136434,0,0,0x0010
16263,2026-08-15T10:15:12.042678000-0500,107.175719000,192.168.0.148,192.168.0.178,53414,25565,72990,7136434,28,0,0x0018
16264,2026-08-15T10:15:12.043646000-0500,107.176687000,192.168.0.148,192.168.0.178,53414,25565,73018,7136434,3,0,0x0018
16265,2026-08-15T10:15:12.044372000-0500,107.177413000,192.168.0.178,192.168.0.148,25565,53414,7136434,73021,0,0,0x0010
16266,2026-08-15T10:15:12.076994000-0500,107.210035000,192.168.0.178,192.168.0.148,25565,53414,7136434,73021,111,0,0x0018
16267,2026-08-15T10:15:12.077212000-0500,107.210253000,192.168.0.148,192.168.0.178,53414,25565,73021,7136545,11,0,0x0018
16268,2026-08-15T10:15:12.093752000-0500,107.226793000,192.168.0.148,192.168.0.178,53414,25565,73032,7136545,28,0,0x0018
16269,2026-08-15T10:15:12.094524000-0500,107.227565000,192.168.0.178,192.168.0.148,25565,53414,7136545,73060,0,0,0x0010
16270,2026-08-15T10:15:12.095095000-0500,107.228136000,192.168.0.148,192.168.0.178,53414,25565,73060,7136545,3,0,0x0018
16271,2026-08-15T10:15:12.128118000-0500,107.261159000,192.168.0.178,192.168.0.148,25565,53414,7136545,73063,564,0,0x0018
16272,2026-08-15T10:15:12.143544000-0500,107.276585000,192.168.0.148,192.168.0.178,53414,25565,73063,7137109,28,0,0x0018
16273,2026-08-15T10:15:12.145014000-0500,107.278055000,192.168.0.148,192.168.0.178,53414,25565,73091,7137109,3,0,0x0018
16274,2026-08-15T10:15:12.145833000-0500,107.278874000,192.168.0.178,192.168.0.148,25565,53414,7137109,73094,0,0,0x0010
16275,2026-08-15T10:15:12.177193000-0500,107.310234000,192.168.0.178,192.168.0.148,25565,53414,7137109,73094,189,0,0x0018
16276,2026-08-15T10:15:12.193661000-0500,107.326702000,192.168.0.148,192.168.0.178,53414,25565,73094,7137298,4,0,0x0018
16277,2026-08-15T10:15:12.193740000-0500,107.326781000,192.168.0.148,192.168.0.178,53414,25565,73098,7137298,36,0,0x0018
16278,2026-08-15T10:15:12.194375000-0500,107.327416000,192.168.0.178,192.168.0.148,25565,53414,7137298,73134,0,0,0x0010
16279,2026-08-15T10:15:12.194738000-0500,107.327779000,192.168.0.178,192.168.0.148,25565,53414,7137298,73134,11,0,0x0018
16280,2026-08-15T10:15:12.194738000-0500,107.327779000,192.168.0.178,192.168.0.148,25565,53414,7137309,73134,11,0,0x0018
16281,2026-08-15T10:15:12.194788000-0500,107.327829000,192.168.0.148,192.168.0.178,53414,25565,73134,7137320,0,0,0x0010
16282,2026-08-15T10:15:12.194822000-0500,107.327863000,192.168.0.178,192.168.0.148,25565,53414,7137320,73134,11,0,0x0018
16283,2026-08-15T10:15:12.194977000-0500,107.328018000,192.168.0.148,192.168.0.178,53414,25565,73134,7137331,3,0,0x0018
16284,2026-08-15T10:15:12.195003000-0500,107.328044000,192.168.0.178,192.168.0.148,25565,53414,7137331,73134,11,0,0x0018
16285,2026-08-15T10:15:12.195003000-0500,107.328044000,192.168.0.178,192.168.0.148,25565,53414,7137342,73134,11,0,0x0018
16286,2026-08-15T10:15:12.195003000-0500,107.328044000,192.168.0.178,192.168.0.148,25565,53414,7137353,73134,11,0,0x0018
16287,2026-08-15T10:15:12.195049000-0500,107.328090000,192.168.0.148,192.168.0.178,53414,25565,73137,7137364,0,0,0x0010
16288,2026-08-15T10:15:12.195122000-0500,107.328163000,192.168.0.178,192.168.0.148,25565,53414,7137364,73134,11,0,0x0018
16289,2026-08-15T10:15:12.195122000-0500,107.328163000,192.168.0.178,192.168.0.148,25565,53414,7137375,73134,11,0,0x0018
16290,2026-08-15T10:15:12.195134000-0500,107.328175000,192.168.0.148,192.168.0.178,53414,25565,73137,7137386,0,0,0x0010
16291,2026-08-15T10:15:12.195214000-0500,107.328255000,192.168.0.178,192.168.0.148,25565,53414,7137386,73134,11,0,0x0018
16292,2026-08-15T10:15:12.195223000-0500,107.328264000,192.168.0.148,192.168.0.178,53414,25565,73137,7137397,0,0,0x0010
16293,2026-08-15T10:15:12.195448000-0500,107.328489000,192.168.0.178,192.168.0.148,25565,53414,7137397,73137,11,0,0x0018
16294,2026-08-15T10:15:12.195448000-0500,107.328489000,192.168.0.178,192.168.0.148,25565,53414,7137408,73137,11,0,0x0018
16295,2026-08-15T10:15:12.195448000-0500,107.328489000,192.168.0.178,192.168.0.148,25565,53414,7137419,73137,11,0,0x0018
16296,2026-08-15T10:15:12.195448000-0500,107.328489000,192.168.0.178,192.168.0.148,25565,53414,7137430,73137,11,0,0x0018
16297,2026-08-15T10:15:12.195489000-0500,107.328530000,192.168.0.148,192.168.0.178,53414,25565,73137,7137441,0,0,0x0010
16298,2026-08-15T10:15:12.195528000-0500,107.328569000,192.168.0.178,192.168.0.148,25565,53414,7137441,73137,11,0,0x0018
16299,2026-08-15T10:15:12.195585000-0500,107.328626000,192.168.0.178,192.168.0.148,25565,53414,7137452,73137,11,0,0x0018
16300,2026-08-15T10:15:12.195585000-0500,107.328626000,192.168.0.178,192.168.0.148,25565,53414,7137463,73137,13,0,0x0018
16301,2026-08-15T10:15:12.195594000-0500,107.328635000,192.168.0.148,192.168.0.178,53414,25565,73137,7137476,0,0,0x0010
16302,2026-08-15T10:15:12.226991000-0500,107.360032000,192.168.0.178,192.168.0.148,25565,53414,7137476,73137,295,0,0x0018
16303,2026-08-15T10:15:12.227047000-0500,107.360088000,192.168.0.148,192.168.0.178,53414,25565,73137,7137771,0,0,0x0010
16304,2026-08-15T10:15:12.243035000-0500,107.376076000,192.168.0.148,192.168.0.178,53414,25565,73137,7137771,4,0,0x0018
16305,2026-08-15T10:15:12.243153000-0500,107.376194000,192.168.0.148,192.168.0.178,53414,25565,73141,7137771,36,0,0x0018
16306,2026-08-15T10:15:12.243747000-0500,107.376788000,192.168.0.178,192.168.0.148,25565,53414,7137771,73177,0,0,0x0010
16307,2026-08-15T10:15:12.243856000-0500,107.376897000,192.168.0.148,192.168.0.178,53414,25565,73177,7137771,3,0,0x0018
16308,2026-08-15T10:15:12.278747000-0500,107.411788000,192.168.0.178,192.168.0.148,25565,53414,7137771,73180,1460,0,0x0010
16309,2026-08-15T10:15:12.278747000-0500,107.411788000,192.168.0.178,192.168.0.148,25565,53414,7139231,73180,1460,0,0x0010
16310,2026-08-15T10:15:12.278747000-0500,107.411788000,192.168.0.178,192.168.0.148,25565,53414,7140691,73180,180,0,0x0018
16311,2026-08-15T10:15:12.278897000-0500,107.411938000,192.168.0.148,192.168.0.178,53414,25565,73180,7140871,0,0,0x0010
16312,2026-08-15T10:15:12.293932000-0500,107.426973000,192.168.0.148,192.168.0.178,53414,25565,73180,7140871,36,0,0x0018
16313,2026-08-15T10:15:12.294654000-0500,107.427695000,192.168.0.148,192.168.0.178,53414,25565,73216,7140871,3,0,0x0018
16314,2026-08-15T10:15:12.306652000-0500,107.439693000,192.168.0.178,192.168.0.148,25565,53414,7140871,73219,0,0,0x0010
16315,2026-08-15T10:15:12.342403000-0500,107.475444000,192.168.0.178,192.168.0.148,25565,53414,7140871,73219,1241,0,0x0018
16316,2026-08-15T10:15:12.342800000-0500,107.475841000,192.168.0.148,192.168.0.178,53414,25565,73219,7142112,4,0,0x0018
16317,2026-08-15T10:15:12.342825000-0500,107.475866000,192.168.0.148,192.168.0.178,53414,25565,73223,7142112,36,0,0x0018
16318,2026-08-15T10:15:12.343451000-0500,107.476492000,192.168.0.148,192.168.0.178,53414,25565,73259,7142112,3,0,0x0018
16319,2026-08-15T10:15:12.343723000-0500,107.476764000,192.168.0.178,192.168.0.148,25565,53414,7142112,73259,0,0,0x0010
16320,2026-08-15T10:15:12.375963000-0500,107.509004000,192.168.0.178,192.168.0.148,25565,53414,7142112,73262,227,0,0x0018
16321,2026-08-15T10:15:12.392943000-0500,107.525984000,192.168.0.148,192.168.0.178,53414,25565,73262,7142339,28,0,0x0018
16322,2026-08-15T10:15:12.394122000-0500,107.527163000,192.168.0.148,192.168.0.178,53414,25565,73290,7142339,3,0,0x0018
16323,2026-08-15T10:15:12.394839000-0500,107.527880000,192.168.0.178,192.168.0.148,25565,53414,7142339,73293,0,0,0x0010
16324,2026-08-15T10:15:12.425923000-0500,107.558964000,192.168.0.178,192.168.0.148,25565,53414,7142339,73293,471,0,0x0018
16325,2026-08-15T10:15:12.443800000-0500,107.576841000,192.168.0.148,192.168.0.178,53414,25565,73293,7142810,28,0,0x0018
16326,2026-08-15T10:15:12.445012000-0500,107.578053000,192.168.0.148,192.168.0.178,53414,25565,73321,7142810,3,0,0x0018
16327,2026-08-15T10:15:12.445778000-0500,107.578819000,192.168.0.178,192.168.0.148,25565,53414,7142810,73324,0,0,0x0010
16328,2026-08-15T10:15:12.476614000-0500,107.609655000,192.168.0.178,192.168.0.148,25565,53414,7142810,73324,267,0,0x0018
16329,2026-08-15T10:15:12.493724000-0500,107.626765000,192.168.0.148,192.168.0.178,53414,25565,73324,7143077,28,0,0x0018
16330,2026-08-15T10:15:12.495420000-0500,107.628461000,192.168.0.148,192.168.0.178,53414,25565,73352,7143077,3,0,0x0018
16331,2026-08-15T10:15:12.496280000-0500,107.629321000,192.168.0.178,192.168.0.148,25565,53414,7143077,73355,0,0,0x0010
16332,2026-08-15T10:15:12.527562000-0500,107.660603000,192.168.0.178,192.168.0.148,25565,53414,7143077,73355,1213,0,0x0018
16333,2026-08-15T10:15:12.542784000-0500,107.675825000,192.168.0.148,192.168.0.178,53414,25565,73355,7144290,28,0,0x0018
16334,2026-08-15T10:15:12.543453000-0500,107.676494000,192.168.0.148,192.168.0.178,53414,25565,73383,7144290,3,0,0x0018
16335,2026-08-15T10:15:12.544176000-0500,107.677217000,192.168.0.178,192.168.0.148,25565,53414,7144290,73386,0,0,0x0010
16336,2026-08-15T10:15:12.578972000-0500,107.712013000,192.168.0.178,192.168.0.148,25565,53414,7144290,73386,506,0,0x0018
16337,2026-08-15T10:15:12.593387000-0500,107.726428000,192.168.0.148,192.168.0.178,53414,25565,73386,7144796,28,0,0x0018
16338,2026-08-15T10:15:12.594557000-0500,107.727598000,192.168.0.148,192.168.0.178,53414,25565,73414,7144796,3,0,0x0018
16339,2026-08-15T10:15:12.595178000-0500,107.728219000,192.168.0.178,192.168.0.148,25565,53414,7144796,73417,0,0,0x0010
16340,2026-08-15T10:15:12.627655000-0500,107.760696000,192.168.0.178,192.168.0.148,25565,53414,7144796,73417,324,0,0x0018
16341,2026-08-15T10:15:12.643210000-0500,107.776251000,192.168.0.148,192.168.0.178,53414,25565,73417,7145120,28,0,0x0018
16342,2026-08-15T10:15:12.644507000-0500,107.777548000,192.168.0.148,192.168.0.178,53414,25565,73445,7145120,3,0,0x0018
16343,2026-08-15T10:15:12.646775000-0500,107.779816000,192.168.0.178,192.168.0.148,25565,53414,7145120,73448,0,0,0x0010
16344,2026-08-15T10:15:12.676912000-0500,107.809953000,192.168.0.178,192.168.0.148,25565,53414,7145120,73448,850,0,0x0018
16345,2026-08-15T10:15:12.693419000-0500,107.826460000,192.168.0.148,192.168.0.178,53414,25565,73448,7145970,28,0,0x0018
16346,2026-08-15T10:15:12.694731000-0500,107.827772000,192.168.0.148,192.168.0.178,53414,25565,73476,7145970,3,0,0x0018
16347,2026-08-15T10:15:12.695421000-0500,107.828462000,192.168.0.178,192.168.0.148,25565,53414,7145970,73479,0,0,0x0010
16348,2026-08-15T10:15:12.727227000-0500,107.860268000,192.168.0.178,192.168.0.148,25565,53414,7145970,73479,435,0,0x0018
16349,2026-08-15T10:15:12.743617000-0500,107.876658000,192.168.0.148,192.168.0.178,53414,25565,73479,7146405,28,0,0x0018
16350,2026-08-15T10:15:12.745015000-0500,107.878056000,192.168.0.148,192.168.0.178,53414,25565,73507,7146405,3,0,0x0018
16351,2026-08-15T10:15:12.745807000-0500,107.878848000,192.168.0.178,192.168.0.148,25565,53414,7146405,73510,0,0,0x0010
16352,2026-08-15T10:15:12.778516000-0500,107.911557000,192.168.0.178,192.168.0.148,25565,53414,7146405,73510,1199,0,0x0018
16353,2026-08-15T10:15:12.793496000-0500,107.926537000,192.168.0.148,192.168.0.178,53414,25565,73510,7147604,28,0,0x0018
16354,2026-08-15T10:15:12.794382000-0500,107.927423000,192.168.0.148,192.168.0.178,53414,25565,73538,7147604,3,0,0x0018
16355,2026-08-15T10:15:12.795092000-0500,107.928133000,192.168.0.178,192.168.0.148,25565,53414,7147604,73541,0,0,0x0010
16356,2026-08-15T10:15:12.826669000-0500,107.959710000,192.168.0.178,192.168.0.148,25565,53414,7147604,73541,227,0,0x0018
16357,2026-08-15T10:15:12.843294000-0500,107.976335000,192.168.0.148,192.168.0.178,53414,25565,73541,7147831,28,0,0x0018
16358,2026-08-15T10:15:12.844309000-0500,107.977350000,192.168.0.178,192.168.0.148,25565,53414,7147831,73569,11,0,0x0018
16359,2026-08-15T10:15:12.844309000-0500,107.977350000,192.168.0.178,192.168.0.148,25565,53414,7147842,73569,11,0,0x0018
16360,2026-08-15T10:15:12.844309000-0500,107.977350000,192.168.0.178,192.168.0.148,25565,53414,7147853,73569,11,0,0x0018
16361,2026-08-15T10:15:12.844359000-0500,107.977400000,192.168.0.148,192.168.0.178,53414,25565,73569,7147864,0,0,0x0010
16362,2026-08-15T10:15:12.844435000-0500,107.977476000,192.168.0.178,192.168.0.148,25565,53414,7147864,73569,13,0,0x0018
16363,2026-08-15T10:15:12.844443000-0500,107.977484000,192.168.0.148,192.168.0.178,53414,25565,73569,7147864,3,0,0x0018
16364,2026-08-15T10:15:12.876419000-0500,108.009460000,192.168.0.178,192.168.0.148,25565,53414,7147877,73572,600,0,0x0018
16365,2026-08-15T10:15:12.876490000-0500,108.009531000,192.168.0.148,192.168.0.178,53414,25565,73572,7148477,0,0,0x0010
16366,2026-08-15T10:15:12.893743000-0500,108.026784000,192.168.0.148,192.168.0.178,53414,25565,73572,7148477,28,0,0x0018
16367,2026-08-15T10:15:12.894989000-0500,108.028030000,192.168.0.148,192.168.0.178,53414,25565,73600,7148477,3,0,0x0018
16368,2026-08-15T10:15:12.895824000-0500,108.028865000,192.168.0.178,192.168.0.148,25565,53414,7148477,73603,0,0,0x0010
16369,2026-08-15T10:15:12.925687000-0500,108.058728000,192.168.0.178,192.168.0.148,25565,53414,7148477,73603,300,0,0x0018
16370,2026-08-15T10:15:12.943423000-0500,108.076464000,192.168.0.148,192.168.0.178,53414,25565,73603,7148777,28,0,0x0018
16371,2026-08-15T10:15:12.945115000-0500,108.078156000,192.168.0.148,192.168.0.178,53414,25565,73631,7148777,3,0,0x0018
16372,2026-08-15T10:15:12.945647000-0500,108.078688000,192.168.0.178,192.168.0.148,25565,53414,7148777,73634,0,0,0x0010
16373,2026-08-15T10:15:12.976395000-0500,108.109436000,192.168.0.178,192.168.0.148,25565,53414,7148777,73634,148,0,0x0018
16374,2026-08-15T10:15:12.994267000-0500,108.127308000,192.168.0.148,192.168.0.178,53414,25565,73634,7148925,28,0,0x0018
16375,2026-08-15T10:15:12.995505000-0500,108.128546000,192.168.0.148,192.168.0.178,53414,25565,73662,7148925,3,0,0x0018
16376,2026-08-15T10:15:12.996200000-0500,108.129241000,192.168.0.178,192.168.0.148,25565,53414,7148925,73665,0,0,0x0010
16377,2026-08-15T10:15:13.027541000-0500,108.160582000,192.168.0.178,192.168.0.148,25565,53414,7148925,73665,494,0,0x0018
16378,2026-08-15T10:15:13.043366000-0500,108.176407000,192.168.0.148,192.168.0.178,53414,25565,73665,7149419,28,0,0x0018
16379,2026-08-15T10:15:13.044520000-0500,108.177561000,192.168.0.148,192.168.0.178,53414,25565,73693,7149419,3,0,0x0018
16380,2026-08-15T10:15:13.045152000-0500,108.178193000,192.168.0.178,192.168.0.148,25565,53414,7149419,73696,0,0,0x0010
16381,2026-08-15T10:15:13.076229000-0500,108.209270000,192.168.0.178,192.168.0.148,25565,53414,7149419,73696,348,0,0x0018
16382,2026-08-15T10:15:13.092888000-0500,108.225929000,192.168.0.148,192.168.0.178,53414,25565,73696,7149767,28,0,0x0018
16383,2026-08-15T10:15:13.093745000-0500,108.226786000,192.168.0.148,192.168.0.178,53414,25565,73724,7149767,3,0,0x0018
16384,2026-08-15T10:15:13.094480000-0500,108.227521000,192.168.0.178,192.168.0.148,25565,53414,7149767,73727,0,0,0x0010
16385,2026-08-15T10:15:13.126377000-0500,108.259418000,192.168.0.178,192.168.0.148,25565,53414,7149767,73727,353,0,0x0018
16386,2026-08-15T10:15:13.126840000-0500,108.259881000,192.168.0.148,192.168.0.178,53414,25565,73727,7150120,11,0,0x0018
16387,2026-08-15T10:15:13.143439000-0500,108.276480000,192.168.0.148,192.168.0.178,53414,25565,73738,7150120,28,0,0x0018
16388,2026-08-15T10:15:13.144215000-0500,108.277256000,192.168.0.178,192.168.0.148,25565,53414,7150120,73766,0,0,0x0010
16389,2026-08-15T10:15:13.144799000-0500,108.277840000,192.168.0.148,192.168.0.178,53414,25565,73766,7150120,3,0,0x0018
16390,2026-08-15T10:15:13.175702000-0500,108.308743000,192.168.0.178,192.168.0.148,25565,53414,7150120,73769,520,0,0x0018
16391,2026-08-15T10:15:13.193451000-0500,108.326492000,192.168.0.148,192.168.0.178,53414,25565,73769,7150640,28,0,0x0018
16392,2026-08-15T10:15:13.194812000-0500,108.327853000,192.168.0.148,192.168.0.178,53414,25565,73797,7150640,3,0,0x0018
16393,2026-08-15T10:15:13.195484000-0500,108.328525000,192.168.0.178,192.168.0.148,25565,53414,7150640,73800,0,0,0x0010
16394,2026-08-15T10:15:13.225956000-0500,108.358997000,192.168.0.178,192.168.0.148,25565,53414,7150640,73800,296,0,0x0018
16395,2026-08-15T10:15:13.243751000-0500,108.376792000,192.168.0.148,192.168.0.178,53414,25565,73800,7150936,36,0,0x0018
16396,2026-08-15T10:15:13.245162000-0500,108.378203000,192.168.0.148,192.168.0.178,53414,25565,73836,7150936,3,0,0x0018
16397,2026-08-15T10:15:13.245760000-0500,108.378801000,192.168.0.178,192.168.0.148,25565,53414,7150936,73839,0,0,0x0010
16398,2026-08-15T10:15:13.277435000-0500,108.410476000,192.168.0.178,192.168.0.148,25565,53414,7150936,73839,205,0,0x0018
16399,2026-08-15T10:15:13.293806000-0500,108.426847000,192.168.0.148,192.168.0.178,53414,25565,73839,7151141,36,0,0x0018
16400,2026-08-15T10:15:13.295112000-0500,108.428153000,192.168.0.148,192.168.0.178,53414,25565,73875,7151141,3,0,0x0018
16401,2026-08-15T10:15:13.295798000-0500,108.428839000,192.168.0.178,192.168.0.148,25565,53414,7151141,73878,0,0,0x0010
16402,2026-08-15T10:15:13.330387000-0500,108.463428000,192.168.0.178,192.168.0.148,25565,53414,7151141,73878,542,0,0x0018
16403,2026-08-15T10:15:13.343084000-0500,108.476125000,192.168.0.148,192.168.0.178,53414,25565,73878,7151683,36,0,0x0018
16404,2026-08-15T10:15:13.343719000-0500,108.476760000,192.168.0.148,192.168.0.178,53414,25565,73914,7151683,3,0,0x0018
16405,2026-08-15T10:15:13.344424000-0500,108.477465000,192.168.0.178,192.168.0.148,25565,53414,7151683,73917,0,0,0x0010
16406,2026-08-15T10:15:13.377842000-0500,108.510883000,192.168.0.178,192.168.0.148,25565,53414,7151683,73917,386,0,0x0018
16407,2026-08-15T10:15:13.393850000-0500,108.526891000,192.168.0.148,192.168.0.178,53414,25565,73917,7152069,28,0,0x0018
16408,2026-08-15T10:15:13.394898000-0500,108.527939000,192.168.0.148,192.168.0.178,53414,25565,73945,7152069,3,0,0x0018
16409,2026-08-15T10:15:13.395698000-0500,108.528739000,192.168.0.178,192.168.0.148,25565,53414,7152069,73948,0,0,0x0010
16410,2026-08-15T10:15:13.430196000-0500,108.563237000,192.168.0.178,192.168.0.148,25565,53414,7152069,73948,206,0,0x0018
16411,2026-08-15T10:15:13.443921000-0500,108.576962000,192.168.0.148,192.168.0.178,53414,25565,73948,7152275,36,0,0x0018
16412,2026-08-15T10:15:13.445283000-0500,108.578324000,192.168.0.148,192.168.0.178,53414,25565,73984,7152275,3,0,0x0018
16413,2026-08-15T10:15:13.446055000-0500,108.579096000,192.168.0.178,192.168.0.148,25565,53414,7152275,73987,0,0,0x0010
16414,2026-08-15T10:15:13.478146000-0500,108.611187000,192.168.0.178,192.168.0.148,25565,53414,7152275,73987,630,0,0x0018
16415,2026-08-15T10:15:13.493875000-0500,108.626916000,192.168.0.148,192.168.0.178,53414,25565,73987,7152905,36,0,0x0018
16416,2026-08-15T10:15:13.495379000-0500,108.628420000,192.168.0.148,192.168.0.178,53414,25565,74023,7152905,3,0,0x0018
16417,2026-08-15T10:15:13.496192000-0500,108.629233000,192.168.0.178,192.168.0.148,25565,53414,7152905,74026,0,0,0x0010
16418,2026-08-15T10:15:13.527430000-0500,108.660471000,192.168.0.178,192.168.0.148,25565,53414,7152905,74026,520,0,0x0018
16419,2026-08-15T10:15:13.543718000-0500,108.676759000,192.168.0.148,192.168.0.178,53414,25565,74026,7153425,36,0,0x0018
16420,2026-08-15T10:15:13.545234000-0500,108.678275000,192.168.0.148,192.168.0.178,53414,25565,74062,7153425,3,0,0x0018
16421,2026-08-15T10:15:13.545853000-0500,108.678894000,192.168.0.178,192.168.0.148,25565,53414,7153425,74065,0,0,0x0010
16422,2026-08-15T10:15:13.576488000-0500,108.709529000,192.168.0.178,192.168.0.148,25565,53414,7153425,74065,202,0,0x0018
16423,2026-08-15T10:15:13.592684000-0500,108.725725000,192.168.0.148,192.168.0.178,53414,25565,74065,7153627,36,0,0x0018
16424,2026-08-15T10:15:13.593310000-0500,108.726351000,192.168.0.148,192.168.0.178,53414,25565,74101,7153627,3,0,0x0018
16425,2026-08-15T10:15:13.593948000-0500,108.726989000,192.168.0.178,192.168.0.148,25565,53414,7153627,74104,0,0,0x0010
16426,2026-08-15T10:15:13.633014000-0500,108.766055000,192.168.0.178,192.168.0.148,25565,53414,7153627,74104,599,0,0x0018
16427,2026-08-15T10:15:13.642610000-0500,108.775651000,192.168.0.148,192.168.0.178,53414,25565,74104,7154226,36,0,0x0018
16428,2026-08-15T10:15:13.643435000-0500,108.776476000,192.168.0.148,192.168.0.178,53414,25565,74140,7154226,3,0,0x0018
16429,2026-08-15T10:15:13.644088000-0500,108.777129000,192.168.0.178,192.168.0.148,25565,53414,7154226,74143,0,0,0x0010
16430,2026-08-15T10:15:13.677393000-0500,108.810434000,192.168.0.178,192.168.0.148,25565,53414,7154226,74143,271,0,0x0018
16431,2026-08-15T10:15:13.693553000-0500,108.826594000,192.168.0.148,192.168.0.178,53414,25565,74143,7154497,36,0,0x0018
16432,2026-08-15T10:15:13.694373000-0500,108.827414000,192.168.0.178,192.168.0.148,25565,53414,7154497,74179,46,0,0x0018
16433,2026-08-15T10:15:13.694706000-0500,108.827747000,192.168.0.148,192.168.0.178,53414,25565,74179,7154543,3,0,0x0018
16434,2026-08-15T10:15:13.736132000-0500,108.869173000,192.168.0.178,192.168.0.148,25565,53414,7154543,74182,0,0,0x0010
16435,2026-08-15T10:15:13.743475000-0500,108.876516000,192.168.0.148,192.168.0.178,53414,25565,74182,7154543,36,0,0x0018
16436,2026-08-15T10:15:13.744558000-0500,108.877599000,192.168.0.148,192.168.0.178,53414,25565,74218,7154543,3,0,0x0018
16437,2026-08-15T10:15:13.788033000-0500,108.921074000,192.168.0.178,192.168.0.148,25565,53414,7154543,74221,0,0,0x0010
16438,2026-08-15T10:15:13.793647000-0500,108.926688000,192.168.0.148,192.168.0.178,53414,25565,74221,7154543,36,0,0x0018
16439,2026-08-15T10:15:13.795058000-0500,108.928099000,192.168.0.148,192.168.0.178,53414,25565,74257,7154543,3,0,0x0018
16440,2026-08-15T10:15:13.836049000-0500,108.969090000,192.168.0.178,192.168.0.148,25565,53414,7154543,74260,0,0,0x0010
16441,2026-08-15T10:15:13.843538000-0500,108.976579000,192.168.0.148,192.168.0.178,53414,25565,74260,7154543,36,0,0x0018
16442,2026-08-15T10:15:13.843976000-0500,108.977017000,192.168.0.178,192.168.0.148,25565,53414,7154543,74296,0,0,0x0010
16443,2026-08-15T10:15:13.844924000-0500,108.977965000,192.168.0.148,192.168.0.178,53414,25565,74296,7154543,3,0,0x0018
16444,2026-08-15T10:15:13.845801000-0500,108.978842000,192.168.0.178,192.168.0.148,25565,53414,7154543,74299,0,0,0x0010
16445,2026-08-15T10:15:13.845801000-0500,108.978842000,192.168.0.178,192.168.0.148,25565,53414,7154543,74299,362,0,0x0018
16446,2026-08-15T10:15:13.853352000-0500,108.986393000,192.168.0.178,192.168.0.148,25565,53414,7154905,74299,1460,0,0x0010
16447,2026-08-15T10:15:13.853352000-0500,108.986393000,192.168.0.178,192.168.0.148,25565,53414,7156365,74299,158,0,0x0018
16448,2026-08-15T10:15:13.853352000-0500,108.986393000,192.168.0.178,192.168.0.148,25565,53414,7156523,74299,246,0,0x0018
16449,2026-08-15T10:15:13.853391000-0500,108.986432000,192.168.0.148,192.168.0.178,53414,25565,74299,7156769,0,0,0x0010
16450,2026-08-15T10:15:13.876432000-0500,109.009473000,192.168.0.178,192.168.0.148,25565,53414,7156769,74299,193,0,0x0018
16451,2026-08-15T10:15:13.893751000-0500,109.026792000,192.168.0.148,192.168.0.178,53414,25565,74299,7156962,36,0,0x0018
16452,2026-08-15T10:15:13.894361000-0500,109.027402000,192.168.0.148,192.168.0.178,53414,25565,74335,7156962,3,0,0x0018
16453,2026-08-15T10:15:13.895041000-0500,109.028082000,192.168.0.178,192.168.0.148,25565,53414,7156962,74338,0,0,0x0010
16454,2026-08-15T10:15:13.926231000-0500,109.059272000,192.168.0.178,192.168.0.148,25565,53414,7156962,74338,453,0,0x0018
16455,2026-08-15T10:15:13.943598000-0500,109.076639000,192.168.0.148,192.168.0.178,53414,25565,74338,7157415,36,0,0x0018
16456,2026-08-15T10:15:13.944961000-0500,109.078002000,192.168.0.148,192.168.0.178,53414,25565,74374,7157415,3,0,0x0018
16457,2026-08-15T10:15:13.945672000-0500,109.078713000,192.168.0.178,192.168.0.148,25565,53414,7157415,74377,0,0,0x0010
16458,2026-08-15T10:15:13.977405000-0500,109.110446000,192.168.0.178,192.168.0.148,25565,53414,7157415,74377,242,0,0x0018
16459,2026-08-15T10:15:13.993985000-0500,109.127026000,192.168.0.148,192.168.0.178,53414,25565,74377,7157657,36,0,0x0018
16460,2026-08-15T10:15:13.995355000-0500,109.128396000,192.168.0.178,192.168.0.148,25565,53414,7157657,74413,11,0,0x0018
16461,2026-08-15T10:15:13.995355000-0500,109.128396000,192.168.0.178,192.168.0.148,25565,53414,7157668,74413,22,0,0x0018
16462,2026-08-15T10:15:13.995355000-0500,109.128396000,192.168.0.178,192.168.0.148,25565,53414,7157690,74413,145,0,0x0018
16463,2026-08-15T10:15:13.995412000-0500,109.128453000,192.168.0.148,192.168.0.178,53414,25565,74413,7157835,0,0,0x0010
16464,2026-08-15T10:15:13.995553000-0500,109.128594000,192.168.0.148,192.168.0.178,53414,25565,74413,7157835,3,0,0x0018
16465,2026-08-15T10:15:14.025837000-0500,109.158878000,192.168.0.178,192.168.0.148,25565,53414,7157835,74416,163,0,0x0018
16466,2026-08-15T10:15:14.043683000-0500,109.176724000,192.168.0.148,192.168.0.178,53414,25565,74416,7157998,36,0,0x0018
16467,2026-08-15T10:15:14.045032000-0500,109.178073000,192.168.0.148,192.168.0.178,53414,25565,74452,7157998,3,0,0x0018
16468,2026-08-15T10:15:14.045787000-0500,109.178828000,192.168.0.178,192.168.0.148,25565,53414,7157998,74455,0,0,0x0010
16469,2026-08-15T10:15:14.076021000-0500,109.209062000,192.168.0.178,192.168.0.148,25565,53414,7157998,74455,582,0,0x0018
16470,2026-08-15T10:15:14.093704000-0500,109.226745000,192.168.0.148,192.168.0.178,53414,25565,74455,7158580,36,0,0x0018
16471,2026-08-15T10:15:14.095416000-0500,109.228457000,192.168.0.148,192.168.0.178,53414,25565,74491,7158580,3,0,0x0018
16472,2026-08-15T10:15:14.096154000-0500,109.229195000,192.168.0.178,192.168.0.148,25565,53414,7158580,74494,0,0,0x0010
16473,2026-08-15T10:15:14.126119000-0500,109.259160000,192.168.0.178,192.168.0.148,25565,53414,7158580,74494,308,0,0x0018
16474,2026-08-15T10:15:14.142885000-0500,109.275926000,192.168.0.148,192.168.0.178,53414,25565,74494,7158888,28,0,0x0018
16475,2026-08-15T10:15:14.143874000-0500,109.276915000,192.168.0.148,192.168.0.178,53414,25565,74522,7158888,3,0,0x0018
16476,2026-08-15T10:15:14.144421000-0500,109.277462000,192.168.0.178,192.168.0.148,25565,53414,7158888,74525,0,0,0x0010
16477,2026-08-15T10:15:14.175836000-0500,109.308877000,192.168.0.178,192.168.0.148,25565,53414,7158888,74525,772,0,0x0018
16478,2026-08-15T10:15:14.176308000-0500,109.309349000,192.168.0.148,192.168.0.178,53414,25565,74525,7159660,11,0,0x0018
16479,2026-08-15T10:15:14.193703000-0500,109.326744000,192.168.0.148,192.168.0.178,53414,25565,74536,7159660,28,0,0x0018
16480,2026-08-15T10:15:14.194484000-0500,109.327525000,192.168.0.178,192.168.0.148,25565,53414,7159660,74564,0,0,0x0010
16481,2026-08-15T10:15:14.195197000-0500,109.328238000,192.168.0.148,192.168.0.178,53414,25565,74564,7159660,3,0,0x0018
16482,2026-08-15T10:15:14.225815000-0500,109.358856000,192.168.0.178,192.168.0.148,25565,53414,7159660,74567,493,0,0x0018
16483,2026-08-15T10:15:14.243495000-0500,109.376536000,192.168.0.148,192.168.0.178,53414,25565,74567,7160153,28,0,0x0018
16484,2026-08-15T10:15:14.245046000-0500,109.378087000,192.168.0.148,192.168.0.178,53414,25565,74595,7160153,3,0,0x0018
16485,2026-08-15T10:15:14.245746000-0500,109.378787000,192.168.0.178,192.168.0.148,25565,53414,7160153,74598,0,0,0x0010
16486,2026-08-15T10:15:14.276216000-0500,109.409257000,192.168.0.178,192.168.0.148,25565,53414,7160153,74598,542,0,0x0018
16487,2026-08-15T10:15:14.293713000-0500,109.426754000,192.168.0.148,192.168.0.178,53414,25565,74598,7160695,28,0,0x0018
16488,2026-08-15T10:15:14.295138000-0500,109.428179000,192.168.0.148,192.168.0.178,53414,25565,74626,7160695,3,0,0x0018
16489,2026-08-15T10:15:14.295988000-0500,109.429029000,192.168.0.178,192.168.0.148,25565,53414,7160695,74629,0,0,0x0010
16490,2026-08-15T10:15:14.325609000-0500,109.458650000,192.168.0.178,192.168.0.148,25565,53414,7160695,74629,260,0,0x0018
16491,2026-08-15T10:15:14.343760000-0500,109.476801000,192.168.0.148,192.168.0.178,53414,25565,74629,7160955,28,0,0x0018
16492,2026-08-15T10:15:14.345181000-0500,109.478222000,192.168.0.148,192.168.0.178,53414,25565,74657,7160955,3,0,0x0018
16493,2026-08-15T10:15:14.345919000-0500,109.478960000,192.168.0.178,192.168.0.148,25565,53414,7160955,74660,0,0,0x0010
16494,2026-08-15T10:15:14.375711000-0500,109.508752000,192.168.0.178,192.168.0.148,25565,53414,7160955,74660,530,0,0x0018
16495,2026-08-15T10:15:14.393288000-0500,109.526329000,192.168.0.148,192.168.0.178,53414,25565,74660,7161485,28,0,0x0018
16496,2026-08-15T10:15:14.394029000-0500,109.527070000,192.168.0.148,192.168.0.178,53414,25565,74688,7161485,3,0,0x0018
16497,2026-08-15T10:15:14.394712000-0500,109.527753000,192.168.0.178,192.168.0.148,25565,53414,7161485,74691,0,0,0x0010
16498,2026-08-15T10:15:14.425831000-0500,109.558872000,192.168.0.178,192.168.0.148,25565,53414,7161485,74691,295,0,0x0018
16499,2026-08-15T10:15:14.443493000-0500,109.576534000,192.168.0.148,192.168.0.178,53414,25565,74691,7161780,28,0,0x0018
16500,2026-08-15T10:15:14.445002000-0500,109.578043000,192.168.0.148,192.168.0.178,53414,25565,74719,7161780,3,0,0x0018
16501,2026-08-15T10:15:14.445667000-0500,109.578708000,192.168.0.178,192.168.0.148,25565,53414,7161780,74722,0,0,0x0010
16502,2026-08-15T10:15:14.477992000-0500,109.611033000,192.168.0.178,192.168.0.148,25565,53414,7161780,74722,178,0,0x0018
16503,2026-08-15T10:15:14.493720000-0500,109.626761000,192.168.0.148,192.168.0.178,53414,25565,74722,7161958,28,0,0x0018
16504,2026-08-15T10:15:14.495710000-0500,109.628751000,192.168.0.148,192.168.0.178,53414,25565,74750,7161958,3,0,0x0018
16505,2026-08-15T10:15:14.496544000-0500,109.629585000,192.168.0.178,192.168.0.148,25565,53414,7161958,74753,0,0,0x0010
16506,2026-08-15T10:15:14.526508000-0500,109.659549000,192.168.0.178,192.168.0.148,25565,53414,7161958,74753,465,0,0x0018
16507,2026-08-15T10:15:14.543489000-0500,109.676530000,192.168.0.148,192.168.0.178,53414,25565,74753,7162423,28,0,0x0018
16508,2026-08-15T10:15:14.545059000-0500,109.678100000,192.168.0.148,192.168.0.178,53414,25565,74781,7162423,3,0,0x0018
16509,2026-08-15T10:15:14.545773000-0500,109.678814000,192.168.0.178,192.168.0.148,25565,53414,7162423,74784,0,0,0x0010
16510,2026-08-15T10:15:14.576210000-0500,109.709251000,192.168.0.178,192.168.0.148,25565,53414,7162423,74784,396,0,0x0018
16511,2026-08-15T10:15:14.593804000-0500,109.726845000,192.168.0.148,192.168.0.178,53414,25565,74784,7162819,28,0,0x0018
16512,2026-08-15T10:15:14.595413000-0500,109.728454000,192.168.0.148,192.168.0.178,53414,25565,74812,7162819,3,0,0x0018
16513,2026-08-15T10:15:14.596019000-0500,109.729060000,192.168.0.178,192.168.0.148,25565,53414,7162819,74815,0,0,0x0010
16514,2026-08-15T10:15:14.625917000-0500,109.758958000,192.168.0.178,192.168.0.148,25565,53414,7162819,74815,173,0,0x0018
16515,2026-08-15T10:15:14.642842000-0500,109.775883000,192.168.0.148,192.168.0.178,53414,25565,74815,7162992,28,0,0x0018
16516,2026-08-15T10:15:14.643504000-0500,109.776545000,192.168.0.148,192.168.0.178,53414,25565,74843,7162992,3,0,0x0018
16517,2026-08-15T10:15:14.644199000-0500,109.777240000,192.168.0.178,192.168.0.148,25565,53414,7162992,74846,0,0,0x0010
16518,2026-08-15T10:15:14.675965000-0500,109.809006000,192.168.0.178,192.168.0.148,25565,53414,7162992,74846,559,0,0x0018
16519,2026-08-15T10:15:14.693420000-0500,109.826461000,192.168.0.148,192.168.0.178,53414,25565,74846,7163551,28,0,0x0018
16520,2026-08-15T10:15:14.694762000-0500,109.827803000,192.168.0.148,192.168.0.178,53414,25565,74874,7163551,3,0,0x0018
16521,2026-08-15T10:15:14.695703000-0500,109.828744000,192.168.0.178,192.168.0.148,25565,53414,7163551,74877,0,0,0x0010
16522,2026-08-15T10:15:14.726721000-0500,109.859762000,192.168.0.178,192.168.0.148,25565,53414,7163551,74877,250,0,0x0018
16523,2026-08-15T10:15:14.743481000-0500,109.876522000,192.168.0.148,192.168.0.178,53414,25565,74877,7163801,36,0,0x0018
16524,2026-08-15T10:15:14.744835000-0500,109.877876000,192.168.0.148,192.168.0.178,53414,25565,74913,7163801,3,0,0x0018
16525,2026-08-15T10:15:14.745519000-0500,109.878560000,192.168.0.178,192.168.0.148,25565,53414,7163801,74916,0,0,0x0010
16526,2026-08-15T10:15:14.776094000-0500,109.909135000,192.168.0.178,192.168.0.148,25565,53414,7163801,74916,157,0,0x0018
16527,2026-08-15T10:15:14.793735000-0500,109.926776000,192.168.0.148,192.168.0.178,53414,25565,74916,7163958,36,0,0x0018
16528,2026-08-15T10:15:14.795487000-0500,109.928528000,192.168.0.148,192.168.0.178,53414,25565,74952,7163958,3,0,0x0018
16529,2026-08-15T10:15:14.795997000-0500,109.929038000,192.168.0.178,192.168.0.148,25565,53414,7163958,74955,0,0,0x0010
16530,2026-08-15T10:15:14.825703000-0500,109.958744000,192.168.0.178,192.168.0.148,25565,53414,7163958,74955,682,0,0x0018
16531,2026-08-15T10:15:14.843561000-0500,109.976602000,192.168.0.148,192.168.0.178,53414,25565,74955,7164640,36,0,0x0018
16532,2026-08-15T10:15:14.844861000-0500,109.977902000,192.168.0.148,192.168.0.178,53414,25565,74991,7164640,3,0,0x0018
16533,2026-08-15T10:15:14.845494000-0500,109.978535000,192.168.0.178,192.168.0.148,25565,53414,7164640,74994,0,0,0x0010
16534,2026-08-15T10:15:14.875574000-0500,110.008615000,192.168.0.178,192.168.0.148,25565,53414,7164640,74994,306,0,0x0018
16535,2026-08-15T10:15:14.893000000-0500,110.026041000,192.168.0.148,192.168.0.178,53414,25565,74994,7164946,36,0,0x0018
16536,2026-08-15T10:15:14.893944000-0500,110.026985000,192.168.0.148,192.168.0.178,53414,25565,75030,7164946,3,0,0x0018
16537,2026-08-15T10:15:14.895437000-0500,110.028478000,192.168.0.178,192.168.0.148,25565,53414,7164946,75033,0,0,0x0010
16538,2026-08-15T10:15:14.927511000-0500,110.060552000,192.168.0.178,192.168.0.148,25565,53414,7164946,75033,262,0,0x0018
16539,2026-08-15T10:15:14.943636000-0500,110.076677000,192.168.0.148,192.168.0.178,53414,25565,75033,7165208,28,0,0x0018
16540,2026-08-15T10:15:14.944804000-0500,110.077845000,192.168.0.148,192.168.0.178,53414,25565,75061,7165208,3,0,0x0018
16541,2026-08-15T10:15:14.945534000-0500,110.078575000,192.168.0.178,192.168.0.148,25565,53414,7165208,75064,0,0,0x0010
16542,2026-08-15T10:15:14.975971000-0500,110.109012000,192.168.0.178,192.168.0.148,25565,53414,7165208,75064,547,0,0x0018
16543,2026-08-15T10:15:14.993752000-0500,110.126793000,192.168.0.148,192.168.0.178,53414,25565,75064,7165755,36,0,0x0018
16544,2026-08-15T10:15:14.995241000-0500,110.128282000,192.168.0.148,192.168.0.178,53414,25565,75100,7165755,3,0,0x0018
16545,2026-08-15T10:15:14.995773000-0500,110.128814000,192.168.0.178,192.168.0.148,25565,53414,7165755,75103,0,0,0x0010
16546,2026-08-15T10:15:15.025692000-0500,110.158733000,192.168.0.178,192.168.0.148,25565,53414,7165755,75103,248,0,0x0018
16547,2026-08-15T10:15:15.043449000-0500,110.176490000,192.168.0.148,192.168.0.178,53414,25565,75103,7166003,13,0,0x0018
16548,2026-08-15T10:15:15.043495000-0500,110.176536000,192.168.0.148,192.168.0.178,53414,25565,75116,7166003,13,0,0x0018
16549,2026-08-15T10:15:15.043519000-0500,110.176560000,192.168.0.148,192.168.0.178,53414,25565,75129,7166003,36,0,0x0018
16550,2026-08-15T10:15:15.044272000-0500,110.177313000,192.168.0.178,192.168.0.148,25565,53414,7166003,75165,0,0,0x0010
16551,2026-08-15T10:15:15.045235000-0500,110.178276000,192.168.0.148,192.168.0.178,53414,25565,75165,7166003,3,0,0x0018
16552,2026-08-15T10:15:15.078399000-0500,110.211440000,192.168.0.178,192.168.0.148,25565,53414,7166003,75168,261,0,0x0018
16553,2026-08-15T10:15:15.094208000-0500,110.227249000,192.168.0.148,192.168.0.178,53414,25565,75168,7166264,28,0,0x0018
16554,2026-08-15T10:15:15.095394000-0500,110.228435000,192.168.0.148,192.168.0.178,53414,25565,75196,7166264,3,0,0x0018
16555,2026-08-15T10:15:15.096035000-0500,110.229076000,192.168.0.178,192.168.0.148,25565,53414,7166264,75199,0,0,0x0010
16556,2026-08-15T10:15:15.128031000-0500,110.261072000,192.168.0.178,192.168.0.148,25565,53414,7166264,75199,662,0,0x0018
16557,2026-08-15T10:15:15.143463000-0500,110.276504000,192.168.0.148,192.168.0.178,53414,25565,75199,7166926,28,0,0x0018
16558,2026-08-15T10:15:15.144996000-0500,110.278037000,192.168.0.148,192.168.0.178,53414,25565,75227,7166926,3,0,0x0018
16559,2026-08-15T10:15:15.145697000-0500,110.278738000,192.168.0.178,192.168.0.148,25565,53414,7166926,75230,0,0,0x0010
16560,2026-08-15T10:15:15.176059000-0500,110.309100000,192.168.0.178,192.168.0.148,25565,53414,7166926,75230,247,0,0x0018
16561,2026-08-15T10:15:15.176405000-0500,110.309446000,192.168.0.148,192.168.0.178,53414,25565,75230,7167173,11,0,0x0018
16562,2026-08-15T10:15:15.193437000-0500,110.326478000,192.168.0.148,192.168.0.178,53414,25565,75241,7167173,28,0,0x0018
16563,2026-08-15T10:15:15.194158000-0500,110.327199000,192.168.0.178,192.168.0.148,25565,53414,7167173,75269,0,0,0x0010
16564,2026-08-15T10:15:15.194581000-0500,110.327622000,192.168.0.148,192.168.0.178,53414,25565,75269,7167173,3,0,0x0018
16565,2026-08-15T10:15:15.226602000-0500,110.359643000,192.168.0.178,192.168.0.148,25565,53414,7167173,75272,1460,0,0x0010
16566,2026-08-15T10:15:15.226602000-0500,110.359643000,192.168.0.178,192.168.0.148,25565,53414,7168633,75272,1460,0,0x0010
16567,2026-08-15T10:15:15.226684000-0500,110.359725000,192.168.0.148,192.168.0.178,53414,25565,75272,7170093,0,0,0x0010
16568,2026-08-15T10:15:15.226782000-0500,110.359823000,192.168.0.178,192.168.0.148,25565,53414,7170093,75272,1283,0,0x0018
16569,2026-08-15T10:15:15.243597000-0500,110.376638000,192.168.0.148,192.168.0.178,53414,25565,75272,7171376,28,0,0x0018
16570,2026-08-15T10:15:15.244427000-0500,110.377468000,192.168.0.178,192.168.0.148,25565,53414,7171376,75300,46,0,0x0018
16571,2026-08-15T10:15:15.245038000-0500,110.378079000,192.168.0.148,192.168.0.178,53414,25565,75300,7171422,3,0,0x0018
16572,2026-08-15T10:15:15.276024000-0500,110.409065000,192.168.0.178,192.168.0.148,25565,53414,7171422,75303,1460,0,0x0010
16573,2026-08-15T10:15:15.276024000-0500,110.409065000,192.168.0.178,192.168.0.148,25565,53414,7172882,75303,507,0,0x0018
16574,2026-08-15T10:15:15.276100000-0500,110.409141000,192.168.0.148,192.168.0.178,53414,25565,75303,7173389,0,0,0x0010
16575,2026-08-15T10:15:15.293610000-0500,110.426651000,192.168.0.148,192.168.0.178,53414,25565,75303,7173389,28,0,0x0018
16576,2026-08-15T10:15:15.295272000-0500,110.428313000,192.168.0.148,192.168.0.178,53414,25565,75331,7173389,3,0,0x0018
16577,2026-08-15T10:15:15.295833000-0500,110.428874000,192.168.0.178,192.168.0.148,25565,53414,7173389,75334,0,0,0x0010
16578,2026-08-15T10:15:15.327414000-0500,110.460455000,192.168.0.178,192.168.0.148,25565,53414,7173389,75334,1460,0,0x0010
16579,2026-08-15T10:15:15.327414000-0500,110.460455000,192.168.0.178,192.168.0.148,25565,53414,7174849,75334,1460,0,0x0010
16580,2026-08-15T10:15:15.327490000-0500,110.460531000,192.168.0.148,192.168.0.178,53414,25565,75334,7176309,0,0,0x0010
16581,2026-08-15T10:15:15.327542000-0500,110.460583000,192.168.0.178,192.168.0.148,25565,53414,7176309,75334,1460,0,0x0010
16582,2026-08-15T10:15:15.327771000-0500,110.460812000,192.168.0.178,192.168.0.148,25565,53414,7177769,75334,1460,0,0x0010
16583,2026-08-15T10:15:15.327771000-0500,110.460812000,192.168.0.178,192.168.0.148,25565,53414,7179229,75334,1460,0,0x0010
16584,2026-08-15T10:15:15.327815000-0500,110.460856000,192.168.0.148,192.168.0.178,53414,25565,75334,7180689,0,0,0x0010
16585,2026-08-15T10:15:15.327922000-0500,110.460963000,192.168.0.178,192.168.0.148,25565,53414,7180689,75334,1460,0,0x0010
16586,2026-08-15T10:15:15.327942000-0500,110.460983000,192.168.0.148,192.168.0.178,53414,25565,75334,7182149,0,0,0x0010
16587,2026-08-15T10:15:15.328002000-0500,110.461043000,192.168.0.178,192.168.0.148,25565,53414,7182149,75334,1460,0,0x0010
16588,2026-08-15T10:15:15.328002000-0500,110.461043000,192.168.0.178,192.168.0.148,25565,53414,7183609,75334,4,0,0x0018
16589,2026-08-15T10:15:15.328013000-0500,110.461054000,192.168.0.148,192.168.0.178,53414,25565,75334,7183613,0,0,0x0010
16590,2026-08-15T10:15:15.342750000-0500,110.475791000,192.168.0.148,192.168.0.178,53414,25565,75334,7183613,28,0,0x0018
16591,2026-08-15T10:15:15.343415000-0500,110.476456000,192.168.0.148,192.168.0.178,53414,25565,75362,7183613,3,0,0x0018
16592,2026-08-15T10:15:15.343979000-0500,110.477020000,192.168.0.178,192.168.0.148,25565,53414,7183613,75365,0,0,0x0010
16593,2026-08-15T10:15:15.376205000-0500,110.509246000,192.168.0.178,192.168.0.148,25565,53414,7183613,75365,186,0,0x0018
16594,2026-08-15T10:15:15.393012000-0500,110.526053000,192.168.0.148,192.168.0.178,53414,25565,75365,7183799,28,0,0x0018
16595,2026-08-15T10:15:15.394008000-0500,110.527049000,192.168.0.148,192.168.0.178,53414,25565,75393,7183799,3,0,0x0018
16596,2026-08-15T10:15:15.394703000-0500,110.527744000,192.168.0.178,192.168.0.148,25565,53414,7183799,75396,0,0,0x0010
16597,2026-08-15T10:15:15.426230000-0500,110.559271000,192.168.0.178,192.168.0.148,25565,53414,7183799,75396,681,0,0x0018
16598,2026-08-15T10:15:15.443441000-0500,110.576482000,192.168.0.148,192.168.0.178,53414,25565,75396,7184480,28,0,0x0018
16599,2026-08-15T10:15:15.445051000-0500,110.578092000,192.168.0.148,192.168.0.178,53414,25565,75424,7184480,3,0,0x0018
16600,2026-08-15T10:15:15.445529000-0500,110.578570000,192.168.0.178,192.168.0.148,25565,53414,7184480,75427,0,0,0x0010
16601,2026-08-15T10:15:15.476925000-0500,110.609966000,192.168.0.178,192.168.0.148,25565,53414,7184480,75427,427,0,0x0018
16602,2026-08-15T10:15:15.493849000-0500,110.626890000,192.168.0.148,192.168.0.178,53414,25565,75427,7184907,36,0,0x0018
16603,2026-08-15T10:15:15.495244000-0500,110.628285000,192.168.0.148,192.168.0.178,53414,25565,75463,7184907,3,0,0x0018
16604,2026-08-15T10:15:15.495810000-0500,110.628851000,192.168.0.178,192.168.0.148,25565,53414,7184907,75466,0,0,0x0010
16605,2026-08-15T10:15:15.526211000-0500,110.659252000,192.168.0.178,192.168.0.148,25565,53414,7184907,75466,323,0,0x0018
16606,2026-08-15T10:15:15.543785000-0500,110.676826000,192.168.0.148,192.168.0.178,53414,25565,75466,7185230,36,0,0x0018
16607,2026-08-15T10:15:15.545423000-0500,110.678464000,192.168.0.148,192.168.0.178,53414,25565,75502,7185230,3,0,0x0018
16608,2026-08-15T10:15:15.547402000-0500,110.680443000,192.168.0.178,192.168.0.148,25565,53414,7185230,75505,0,0,0x0010
16609,2026-08-15T10:15:15.583932000-0500,110.716973000,192.168.0.178,192.168.0.148,25565,53414,7185230,75505,960,0,0x0018
16610,2026-08-15T10:15:15.593925000-0500,110.726966000,192.168.0.148,192.168.0.178,53414,25565,75505,7186190,36,0,0x0018
16611,2026-08-15T10:15:15.595147000-0500,110.728188000,192.168.0.148,192.168.0.178,53414,25565,75541,7186190,3,0,0x0018
16612,2026-08-15T10:15:15.595823000-0500,110.728864000,192.168.0.178,192.168.0.148,25565,53414,7186190,75544,0,0,0x0010
16613,2026-08-15T10:15:15.627663000-0500,110.760704000,192.168.0.178,192.168.0.148,25565,53414,7186190,75544,343,0,0x0018
16614,2026-08-15T10:15:15.642229000-0500,110.775270000,192.168.0.148,192.168.0.178,53414,25565,75544,7186533,36,0,0x0018
16615,2026-08-15T10:15:15.643004000-0500,110.776045000,192.168.0.148,192.168.0.178,53414,25565,75580,7186533,3,0,0x0018
16616,2026-08-15T10:15:15.643473000-0500,110.776514000,192.168.0.178,192.168.0.148,25565,53414,7186533,75580,11,0,0x0018
16617,2026-08-15T10:15:15.643473000-0500,110.776514000,192.168.0.178,192.168.0.148,25565,53414,7186544,75583,11,0,0x0018
16618,2026-08-15T10:15:15.643504000-0500,110.776545000,192.168.0.148,192.168.0.178,53414,25565,75583,7186555,0,0,0x0010
16619,2026-08-15T10:15:15.643537000-0500,110.776578000,192.168.0.178,192.168.0.148,25565,53414,7186555,75583,11,0,0x0018
16620,2026-08-15T10:15:15.643537000-0500,110.776578000,192.168.0.178,192.168.0.148,25565,53414,7186566,75583,11,0,0x0018
16621,2026-08-15T10:15:15.643543000-0500,110.776584000,192.168.0.148,192.168.0.178,53414,25565,75583,7186577,0,0,0x0010
16622,2026-08-15T10:15:15.643586000-0500,110.776627000,192.168.0.178,192.168.0.148,25565,53414,7186577,75583,11,0,0x0018
16623,2026-08-15T10:15:15.643787000-0500,110.776828000,192.168.0.178,192.168.0.148,25565,53414,7186588,75583,11,0,0x0018
16624,2026-08-15T10:15:15.643804000-0500,110.776845000,192.168.0.148,192.168.0.178,53414,25565,75583,7186599,0,0,0x0010
16625,2026-08-15T10:15:15.643852000-0500,110.776893000,192.168.0.178,192.168.0.148,25565,53414,7186599,75583,11,0,0x0018
16626,2026-08-15T10:15:15.643872000-0500,110.776913000,192.168.0.178,192.168.0.148,25565,53414,7186610,75583,11,0,0x0018
16627,2026-08-15T10:15:15.643877000-0500,110.776918000,192.168.0.148,192.168.0.178,53414,25565,75583,7186621,0,0,0x0010
16628,2026-08-15T10:15:15.644077000-0500,110.777118000,192.168.0.178,192.168.0.148,25565,53414,7186621,75583,11,0,0x0018
16629,2026-08-15T10:15:15.644145000-0500,110.777186000,192.168.0.178,192.168.0.148,25565,53414,7186632,75583,11,0,0x0018
16630,2026-08-15T10:15:15.644145000-0500,110.777186000,192.168.0.178,192.168.0.148,25565,53414,7186643,75583,11,0,0x0018
16631,2026-08-15T10:15:15.644153000-0500,110.777194000,192.168.0.148,192.168.0.178,53414,25565,75583,7186654,0,0,0x0010
16632,2026-08-15T10:15:15.644372000-0500,110.777413000,192.168.0.178,192.168.0.148,25565,53414,7186654,75583,11,0,0x0018
16633,2026-08-15T10:15:15.644372000-0500,110.777413000,192.168.0.178,192.168.0.148,25565,53414,7186665,75583,11,0,0x0018
16634,2026-08-15T10:15:15.644391000-0500,110.777432000,192.168.0.148,192.168.0.178,53414,25565,75583,7186676,0,0,0x0010
16635,2026-08-15T10:15:15.644474000-0500,110.777515000,192.168.0.178,192.168.0.148,25565,53414,7186676,75583,11,0,0x0018
16636,2026-08-15T10:15:15.644474000-0500,110.777515000,192.168.0.178,192.168.0.148,25565,53414,7186687,75583,22,0,0x0018
16637,2026-08-15T10:15:15.644480000-0500,110.777521000,192.168.0.148,192.168.0.178,53414,25565,75583,7186709,0,0,0x0010
16638,2026-08-15T10:15:15.644654000-0500,110.777695000,192.168.0.178,192.168.0.148,25565,53414,7186709,75583,11,0,0x0018
16639,2026-08-15T10:15:15.644654000-0500,110.777695000,192.168.0.178,192.168.0.148,25565,53414,7186720,75583,13,0,0x0018
16640,2026-08-15T10:15:15.644673000-0500,110.777714000,192.168.0.148,192.168.0.178,53414,25565,75583,7186733,0,0,0x0010
16641,2026-08-15T10:15:15.679657000-0500,110.812698000,192.168.0.178,192.168.0.148,25565,53414,7186733,75583,715,0,0x0018
16642,2026-08-15T10:15:15.679725000-0500,110.812766000,192.168.0.148,192.168.0.178,53414,25565,75583,7187448,0,0,0x0010
16643,2026-08-15T10:15:15.693478000-0500,110.826519000,192.168.0.148,192.168.0.178,53414,25565,75583,7187448,28,0,0x0018
16644,2026-08-15T10:15:15.694921000-0500,110.827962000,192.168.0.148,192.168.0.178,53414,25565,75611,7187448,3,0,0x0018
16645,2026-08-15T10:15:15.695340000-0500,110.828381000,192.168.0.178,192.168.0.148,25565,53414,7187448,75614,0,0,0x0010
16646,2026-08-15T10:15:15.729162000-0500,110.862203000,192.168.0.178,192.168.0.148,25565,53414,7187448,75614,636,0,0x0018
16647,2026-08-15T10:15:15.743318000-0500,110.876359000,192.168.0.148,192.168.0.178,53414,25565,75614,7188084,28,0,0x0018
16648,2026-08-15T10:15:15.744487000-0500,110.877528000,192.168.0.148,192.168.0.178,53414,25565,75642,7188084,3,0,0x0018
16649,2026-08-15T10:15:15.745162000-0500,110.878203000,192.168.0.178,192.168.0.148,25565,53414,7188084,75645,0,0,0x0010
16650,2026-08-15T10:15:15.778911000-0500,110.911952000,192.168.0.178,192.168.0.148,25565,53414,7188084,75645,1096,0,0x0018
16651,2026-08-15T10:15:15.793882000-0500,110.926923000,192.168.0.148,192.168.0.178,53414,25565,75645,7189180,4,0,0x0018
16652,2026-08-15T10:15:15.793923000-0500,110.926964000,192.168.0.148,192.168.0.178,53414,25565,75649,7189180,28,0,0x0018
16653,2026-08-15T10:15:15.794685000-0500,110.927726000,192.168.0.178,192.168.0.148,25565,53414,7189180,75677,0,0,0x0010
16654,2026-08-15T10:15:15.795387000-0500,110.928428000,192.168.0.148,192.168.0.178,53414,25565,75677,7189180,3,0,0x0018
16655,2026-08-15T10:15:15.826837000-0500,110.959878000,192.168.0.178,192.168.0.148,25565,53414,7189180,75680,779,0,0x0018
16656,2026-08-15T10:15:15.843406000-0500,110.976447000,192.168.0.148,192.168.0.178,53414,25565,75680,7189959,28,0,0x0018
16657,2026-08-15T10:15:15.844947000-0500,110.977988000,192.168.0.148,192.168.0.178,53414,25565,75708,7189959,3,0,0x0018
16658,2026-08-15T10:15:15.847436000-0500,110.980477000,192.168.0.178,192.168.0.148,25565,53414,7189959,75711,0,0,0x0010
16659,2026-08-15T10:15:15.876398000-0500,111.009439000,192.168.0.178,192.168.0.148,25565,53414,7189959,75711,620,0,0x0018
16660,2026-08-15T10:15:15.893719000-0500,111.026760000,192.168.0.148,192.168.0.178,53414,25565,75711,7190579,28,0,0x0018
16661,2026-08-15T10:15:15.894781000-0500,111.027822000,192.168.0.148,192.168.0.178,53414,25565,75739,7190579,3,0,0x0018
16662,2026-08-15T10:15:15.895480000-0500,111.028521000,192.168.0.178,192.168.0.148,25565,53414,7190579,75742,0,0,0x0010
16663,2026-08-15T10:15:15.928782000-0500,111.061823000,192.168.0.178,192.168.0.148,25565,53414,7190579,75742,553,0,0x0018
16664,2026-08-15T10:15:15.943525000-0500,111.076566000,192.168.0.148,192.168.0.178,53414,25565,75742,7191132,36,0,0x0018
16665,2026-08-15T10:15:15.944852000-0500,111.077893000,192.168.0.148,192.168.0.178,53414,25565,75778,7191132,3,0,0x0018
16666,2026-08-15T10:15:15.945263000-0500,111.078304000,192.168.0.178,192.168.0.148,25565,53414,7191132,75781,0,0,0x0010
16667,2026-08-15T10:15:15.977610000-0500,111.110651000,192.168.0.178,192.168.0.148,25565,53414,7191132,75781,227,0,0x0018
16668,2026-08-15T10:15:15.993893000-0500,111.126934000,192.168.0.148,192.168.0.178,53414,25565,75781,7191359,36,0,0x0018
16669,2026-08-15T10:15:15.995008000-0500,111.128049000,192.168.0.148,192.168.0.178,53414,25565,75817,7191359,3,0,0x0018
16670,2026-08-15T10:15:15.995466000-0500,111.128507000,192.168.0.178,192.168.0.148,25565,53414,7191359,75820,0,0,0x0010
16671,2026-08-15T10:15:16.026236000-0500,111.159277000,192.168.0.178,192.168.0.148,25565,53414,7191359,75820,597,0,0x0018
16672,2026-08-15T10:15:16.043535000-0500,111.176576000,192.168.0.148,192.168.0.178,53414,25565,75820,7191956,36,0,0x0018
16673,2026-08-15T10:15:16.044805000-0500,111.177846000,192.168.0.148,192.168.0.178,53414,25565,75856,7191956,3,0,0x0018
16674,2026-08-15T10:15:16.045537000-0500,111.178578000,192.168.0.178,192.168.0.148,25565,53414,7191956,75859,0,0,0x0010
16675,2026-08-15T10:15:16.076255000-0500,111.209296000,192.168.0.178,192.168.0.148,25565,53414,7191956,75859,1070,0,0x0018
16676,2026-08-15T10:15:16.093802000-0500,111.226843000,192.168.0.148,192.168.0.178,53414,25565,75859,7193026,36,0,0x0018
16677,2026-08-15T10:15:16.095209000-0500,111.228250000,192.168.0.148,192.168.0.178,53414,25565,75895,7193026,3,0,0x0018
16678,2026-08-15T10:15:16.095944000-0500,111.228985000,192.168.0.178,192.168.0.148,25565,53414,7193026,75898,0,0,0x0010
16679,2026-08-15T10:15:16.126878000-0500,111.259919000,192.168.0.178,192.168.0.148,25565,53414,7193026,75898,218,0,0x0018
16680,2026-08-15T10:15:16.142802000-0500,111.275843000,192.168.0.148,192.168.0.178,53414,25565,75898,7193244,36,0,0x0018
16681,2026-08-15T10:15:16.143855000-0500,111.276896000,192.168.0.148,192.168.0.178,53414,25565,75934,7193244,3,0,0x0018
16682,2026-08-15T10:15:16.144577000-0500,111.277618000,192.168.0.178,192.168.0.148,25565,53414,7193244,75937,0,0,0x0010
16683,2026-08-15T10:15:16.176321000-0500,111.309362000,192.168.0.178,192.168.0.148,25565,53414,7193244,75937,751,0,0x0018
16684,2026-08-15T10:15:16.176726000-0500,111.309767000,192.168.0.148,192.168.0.178,53414,25565,75937,7193995,11,0,0x0018
16685,2026-08-15T10:15:16.193740000-0500,111.326781000,192.168.0.148,192.168.0.178,53414,25565,75948,7193995,4,0,0x0018
16686,2026-08-15T10:15:16.193768000-0500,111.326809000,192.168.0.148,192.168.0.178,53414,25565,75952,7193995,36,0,0x0018
16687,2026-08-15T10:15:16.194654000-0500,111.327695000,192.168.0.178,192.168.0.148,25565,53414,7193995,75988,0,0,0x0010
16688,2026-08-15T10:15:16.194819000-0500,111.327860000,192.168.0.148,192.168.0.178,53414,25565,75988,7193995,3,0,0x0018
16689,2026-08-15T10:15:16.226386000-0500,111.359427000,192.168.0.178,192.168.0.148,25565,53414,7193995,75991,369,0,0x0018
16690,2026-08-15T10:15:16.243649000-0500,111.376690000,192.168.0.148,192.168.0.178,53414,25565,75991,7194364,36,0,0x0018
16691,2026-08-15T10:15:16.244812000-0500,111.377853000,192.168.0.148,192.168.0.178,53414,25565,76027,7194364,3,0,0x0018
16692,2026-08-15T10:15:16.245391000-0500,111.378432000,192.168.0.178,192.168.0.148,25565,53414,7194364,76030,0,0,0x0010
16693,2026-08-15T10:15:16.275341000-0500,111.408382000,192.168.0.178,192.168.0.148,25565,53414,7194364,76030,221,0,0x0018
16694,2026-08-15T10:15:16.293944000-0500,111.426985000,192.168.0.148,192.168.0.178,53414,25565,76030,7194585,36,0,0x0018
16695,2026-08-15T10:15:16.295172000-0500,111.428213000,192.168.0.148,192.168.0.178,53414,25565,76066,7194585,3,0,0x0018
16696,2026-08-15T10:15:16.295955000-0500,111.428996000,192.168.0.178,192.168.0.148,25565,53414,7194585,76069,0,0,0x0010
16697,2026-08-15T10:15:16.326121000-0500,111.459162000,192.168.0.178,192.168.0.148,25565,53414,7194585,76069,1063,0,0x0018
16698,2026-08-15T10:15:16.343521000-0500,111.476562000,192.168.0.148,192.168.0.178,53414,25565,76069,7195648,36,0,0x0018
16699,2026-08-15T10:15:16.344684000-0500,111.477725000,192.168.0.178,192.168.0.148,25565,53414,7195648,76105,11,0,0x0018
16700,2026-08-15T10:15:16.344684000-0500,111.477725000,192.168.0.178,192.168.0.148,25565,53414,7195659,76105,11,0,0x0018
16701,2026-08-15T10:15:16.344684000-0500,111.477725000,192.168.0.178,192.168.0.148,25565,53414,7195670,76105,11,0,0x0018
16702,2026-08-15T10:15:16.344745000-0500,111.477786000,192.168.0.148,192.168.0.178,53414,25565,76105,7195681,0,0,0x0010
16703,2026-08-15T10:15:16.344839000-0500,111.477880000,192.168.0.178,192.168.0.148,25565,53414,7195681,76105,11,0,0x0018
16704,2026-08-15T10:15:16.344839000-0500,111.477880000,192.168.0.178,192.168.0.148,25565,53414,7195692,76105,11,0,0x0018
16705,2026-08-15T10:15:16.344851000-0500,111.477892000,192.168.0.148,192.168.0.178,53414,25565,76105,7195703,0,0,0x0010
16706,2026-08-15T10:15:16.344862000-0500,111.477903000,192.168.0.148,192.168.0.178,53414,25565,76105,7195703,3,0,0x0018
16707,2026-08-15T10:15:16.344931000-0500,111.477972000,192.168.0.178,192.168.0.148,25565,53414,7195703,76105,11,0,0x0018
16708,2026-08-15T10:15:16.344931000-0500,111.477972000,192.168.0.178,192.168.0.148,25565,53414,7195714,76105,11,0,0x0018
16709,2026-08-15T10:15:16.344946000-0500,111.477987000,192.168.0.148,192.168.0.178,53414,25565,76108,7195725,0,0,0x0010
16710,2026-08-15T10:15:16.345291000-0500,111.478332000,192.168.0.178,192.168.0.148,25565,53414,7195725,76105,11,0,0x0018
16711,2026-08-15T10:15:16.345291000-0500,111.478332000,192.168.0.178,192.168.0.148,25565,53414,7195736,76108,11,0,0x0018
16712,2026-08-15T10:15:16.345291000-0500,111.478332000,192.168.0.178,192.168.0.148,25565,53414,7195747,76108,11,0,0x0018
16713,2026-08-15T10:15:16.345291000-0500,111.478332000,192.168.0.178,192.168.0.148,25565,53414,7195758,76108,11,0,0x0018
16714,2026-08-15T10:15:16.345291000-0500,111.478332000,192.168.0.178,192.168.0.148,25565,53414,7195769,76108,13,0,0x0018
16715,2026-08-15T10:15:16.345340000-0500,111.478381000,192.168.0.148,192.168.0.178,53414,25565,76108,7195782,0,0,0x0010
16716,2026-08-15T10:15:16.377257000-0500,111.510298000,192.168.0.178,192.168.0.148,25565,53414,7195782,76108,438,0,0x0018
16717,2026-08-15T10:15:16.377308000-0500,111.510349000,192.168.0.148,192.168.0.178,53414,25565,76108,7196220,0,0,0x0010
16718,2026-08-15T10:15:16.393078000-0500,111.526119000,192.168.0.148,192.168.0.178,53414,25565,76108,7196220,36,0,0x0018
16719,2026-08-15T10:15:16.393853000-0500,111.526894000,192.168.0.148,192.168.0.178,53414,25565,76144,7196220,3,0,0x0018
16720,2026-08-15T10:15:16.394152000-0500,111.527193000,192.168.0.178,192.168.0.148,25565,53414,7196220,76144,13,0,0x0018
16721,2026-08-15T10:15:16.426754000-0500,111.559795000,192.168.0.178,192.168.0.148,25565,53414,7196233,76147,326,0,0x0018
16722,2026-08-15T10:15:16.426801000-0500,111.559842000,192.168.0.148,192.168.0.178,53414,25565,76147,7196559,0,0,0x0010
16723,2026-08-15T10:15:16.442454000-0500,111.575495000,192.168.0.148,192.168.0.178,53414,25565,76147,7196559,36,0,0x0018
16724,2026-08-15T10:15:16.443245000-0500,111.576286000,192.168.0.148,192.168.0.178,53414,25565,76183,7196559,3,0,0x0018
16725,2026-08-15T10:15:16.444031000-0500,111.577072000,192.168.0.178,192.168.0.148,25565,53414,7196559,76186,0,0,0x0010
16726,2026-08-15T10:15:16.477328000-0500,111.610369000,192.168.0.178,192.168.0.148,25565,53414,7196559,76186,722,0,0x0018
16727,2026-08-15T10:15:16.493811000-0500,111.626852000,192.168.0.148,192.168.0.178,53414,25565,76186,7197281,28,0,0x0018
16728,2026-08-15T10:15:16.495312000-0500,111.628353000,192.168.0.148,192.168.0.178,53414,25565,76214,7197281,3,0,0x0018
16729,2026-08-15T10:15:16.496209000-0500,111.629250000,192.168.0.178,192.168.0.148,25565,53414,7197281,76217,0,0,0x0010
16730,2026-08-15T10:15:16.526620000-0500,111.659661000,192.168.0.178,192.168.0.148,25565,53414,7197281,76217,759,0,0x0018
16731,2026-08-15T10:15:16.543644000-0500,111.676685000,192.168.0.148,192.168.0.178,53414,25565,76217,7198040,28,0,0x0018
16732,2026-08-15T10:15:16.545588000-0500,111.678629000,192.168.0.148,192.168.0.178,53414,25565,76245,7198040,3,0,0x0018
16733,2026-08-15T10:15:16.546306000-0500,111.679347000,192.168.0.178,192.168.0.148,25565,53414,7198040,76248,0,0,0x0010
16734,2026-08-15T10:15:16.578068000-0500,111.711109000,192.168.0.178,192.168.0.148,25565,53414,7198040,76248,726,0,0x0018
16735,2026-08-15T10:15:16.593881000-0500,111.726922000,192.168.0.148,192.168.0.178,53414,25565,76248,7198766,28,0,0x0018
16736,2026-08-15T10:15:16.595394000-0500,111.728435000,192.168.0.148,192.168.0.178,53414,25565,76276,7198766,3,0,0x0018
16737,2026-08-15T10:15:16.596151000-0500,111.729192000,192.168.0.178,192.168.0.148,25565,53414,7198766,76279,0,0,0x0010
16738,2026-08-15T10:15:16.626432000-0500,111.759473000,192.168.0.178,192.168.0.148,25565,53414,7198766,76279,605,0,0x0018
16739,2026-08-15T10:15:16.642211000-0500,111.775252000,192.168.0.148,192.168.0.178,53414,25565,76279,7199371,28,0,0x0018
16740,2026-08-15T10:15:16.642975000-0500,111.776016000,192.168.0.148,192.168.0.178,53414,25565,76307,7199371,3,0,0x0018
16741,2026-08-15T10:15:16.643814000-0500,111.776855000,192.168.0.178,192.168.0.148,25565,53414,7199371,76310,0,0,0x0010
16742,2026-08-15T10:15:16.677938000-0500,111.810979000,192.168.0.178,192.168.0.148,25565,53414,7199371,76310,346,0,0x0018
16743,2026-08-15T10:15:16.693649000-0500,111.826690000,192.168.0.148,192.168.0.178,53414,25565,76310,7199717,28,0,0x0018
16744,2026-08-15T10:15:16.694762000-0500,111.827803000,192.168.0.148,192.168.0.178,53414,25565,76338,7199717,3,0,0x0018
16745,2026-08-15T10:15:16.695462000-0500,111.828503000,192.168.0.178,192.168.0.148,25565,53414,7199717,76341,0,0,0x0010
16746,2026-08-15T10:15:16.727693000-0500,111.860734000,192.168.0.178,192.168.0.148,25565,53414,7199717,76341,155,0,0x0018
16747,2026-08-15T10:15:16.743525000-0500,111.876566000,192.168.0.148,192.168.0.178,53414,25565,76341,7199872,28,0,0x0018
16748,2026-08-15T10:15:16.745024000-0500,111.878065000,192.168.0.148,192.168.0.178,53414,25565,76369,7199872,3,0,0x0018
16749,2026-08-15T10:15:16.746033000-0500,111.879074000,192.168.0.178,192.168.0.148,25565,53414,7199872,76372,0,0,0x0010
16750,2026-08-15T10:15:16.776221000-0500,111.909262000,192.168.0.178,192.168.0.148,25565,53414,7199872,76372,831,0,0x0018
16751,2026-08-15T10:15:16.793765000-0500,111.926806000,192.168.0.148,192.168.0.178,53414,25565,76372,7200703,28,0,0x0018
16752,2026-08-15T10:15:16.795465000-0500,111.928506000,192.168.0.148,192.168.0.178,53414,25565,76400,7200703,3,0,0x0018
16753,2026-08-15T10:15:16.796054000-0500,111.929095000,192.168.0.178,192.168.0.148,25565,53414,7200703,76403,0,0,0x0010
16754,2026-08-15T10:15:16.826718000-0500,111.959759000,192.168.0.178,192.168.0.148,25565,53414,7200703,76403,814,0,0x0018
16755,2026-08-15T10:15:16.843433000-0500,111.976474000,192.168.0.148,192.168.0.178,53414,25565,76403,7201517,28,0,0x0018
16756,2026-08-15T10:15:16.845075000-0500,111.978116000,192.168.0.148,192.168.0.178,53414,25565,76431,7201517,3,0,0x0018
16757,2026-08-15T10:15:16.845955000-0500,111.978996000,192.168.0.178,192.168.0.148,25565,53414,7201517,76434,0,0,0x0010
16758,2026-08-15T10:15:16.879730000-0500,112.012771000,192.168.0.178,192.168.0.148,25565,53414,7201517,76434,220,0,0x0018
16759,2026-08-15T10:15:16.893860000-0500,112.026901000,192.168.0.148,192.168.0.178,53414,25565,76434,7201737,36,0,0x0018
16760,2026-08-15T10:15:16.895251000-0500,112.028292000,192.168.0.148,192.168.0.178,53414,25565,76470,7201737,3,0,0x0018
16761,2026-08-15T10:15:16.895900000-0500,112.028941000,192.168.0.178,192.168.0.148,25565,53414,7201737,76473,0,0,0x0010
16762,2026-08-15T10:15:16.928491000-0500,112.061532000,192.168.0.178,192.168.0.148,25565,53414,7201737,76473,685,0,0x0018
16763,2026-08-15T10:15:16.943027000-0500,112.076068000,192.168.0.148,192.168.0.178,53414,25565,76473,7202422,36,0,0x0018
16764,2026-08-15T10:15:16.944107000-0500,112.077148000,192.168.0.148,192.168.0.178,53414,25565,76509,7202422,3,0,0x0018
16765,2026-08-15T10:15:16.944871000-0500,112.077912000,192.168.0.178,192.168.0.148,25565,53414,7202422,76512,0,0,0x0010
16766,2026-08-15T10:15:16.978757000-0500,112.111798000,192.168.0.178,192.168.0.148,25565,53414,7202422,76512,341,0,0x0018
16767,2026-08-15T10:15:16.993841000-0500,112.126882000,192.168.0.148,192.168.0.178,53414,25565,76512,7202763,36,0,0x0018
16768,2026-08-15T10:15:16.994707000-0500,112.127748000,192.168.0.178,192.168.0.148,25565,53414,7202763,76548,46,0,0x0018
16769,2026-08-15T10:15:16.995284000-0500,112.128325000,192.168.0.148,192.168.0.178,53414,25565,76548,7202809,3,0,0x0018
16770,2026-08-15T10:15:17.026113000-0500,112.159154000,192.168.0.178,192.168.0.148,25565,53414,7202809,76551,289,0,0x0018
16771,2026-08-15T10:15:17.043701000-0500,112.176742000,192.168.0.148,192.168.0.178,53414,25565,76551,7203098,36,0,0x0018
16772,2026-08-15T10:15:17.045128000-0500,112.178169000,192.168.0.148,192.168.0.178,53414,25565,76587,7203098,3,0,0x0018
16773,2026-08-15T10:15:17.045949000-0500,112.178990000,192.168.0.178,192.168.0.148,25565,53414,7203098,76590,0,0,0x0010
16774,2026-08-15T10:15:17.077844000-0500,112.210885000,192.168.0.178,192.168.0.148,25565,53414,7203098,76590,931,0,0x0018
16775,2026-08-15T10:15:17.092457000-0500,112.225498000,192.168.0.148,192.168.0.178,53414,25565,76590,7204029,36,0,0x0018
16776,2026-08-15T10:15:17.093115000-0500,112.226156000,192.168.0.148,192.168.0.178,53414,25565,76626,7204029,3,0,0x0018
16777,2026-08-15T10:15:17.093864000-0500,112.226905000,192.168.0.178,192.168.0.148,25565,53414,7204029,76629,0,0,0x0010
16778,2026-08-15T10:15:17.128438000-0500,112.261479000,192.168.0.178,192.168.0.148,25565,53414,7204029,76629,348,0,0x0018
16779,2026-08-15T10:15:17.143530000-0500,112.276571000,192.168.0.148,192.168.0.178,53414,25565,76629,7204377,36,0,0x0018
16780,2026-08-15T10:15:17.144820000-0500,112.277861000,192.168.0.148,192.168.0.178,53414,25565,76665,7204377,3,0,0x0018
16781,2026-08-15T10:15:17.145579000-0500,112.278620000,192.168.0.178,192.168.0.148,25565,53414,7204377,76668,0,0,0x0010
16782,2026-08-15T10:15:17.177059000-0500,112.310100000,192.168.0.178,192.168.0.148,25565,53414,7204377,76668,662,0,0x0018
16783,2026-08-15T10:15:17.177248000-0500,112.310289000,192.168.0.148,192.168.0.178,53414,25565,76668,7205039,11,0,0x0018
16784,2026-08-15T10:15:17.193141000-0500,112.326182000,192.168.0.148,192.168.0.178,53414,25565,76679,7205039,36,0,0x0018
16785,2026-08-15T10:15:17.193945000-0500,112.326986000,192.168.0.148,192.168.0.178,53414,25565,76715,7205039,3,0,0x0018
16786,2026-08-15T10:15:17.196039000-0500,112.329080000,192.168.0.178,192.168.0.148,25565,53414,7205039,76718,0,0,0x0010
16787,2026-08-15T10:15:17.227367000-0500,112.360408000,192.168.0.178,192.168.0.148,25565,53414,7205039,76718,585,0,0x0018
16788,2026-08-15T10:15:17.243468000-0500,112.376509000,192.168.0.148,192.168.0.178,53414,25565,76718,7205624,36,0,0x0018
16789,2026-08-15T10:15:17.244527000-0500,112.377568000,192.168.0.148,192.168.0.178,53414,25565,76754,7205624,3,0,0x0018
16790,2026-08-15T10:15:17.245232000-0500,112.378273000,192.168.0.178,192.168.0.148,25565,53414,7205624,76757,0,0,0x0010
16791,2026-08-15T10:15:17.276118000-0500,112.409159000,192.168.0.178,192.168.0.148,25565,53414,7205624,76757,311,0,0x0018
16792,2026-08-15T10:15:17.293855000-0500,112.426896000,192.168.0.148,192.168.0.178,53414,25565,76757,7205935,36,0,0x0018
16793,2026-08-15T10:15:17.295295000-0500,112.428336000,192.168.0.148,192.168.0.178,53414,25565,76793,7205935,3,0,0x0018
16794,2026-08-15T10:15:17.296042000-0500,112.429083000,192.168.0.178,192.168.0.148,25565,53414,7205935,76796,0,0,0x0010
16795,2026-08-15T10:15:17.326152000-0500,112.459193000,192.168.0.178,192.168.0.148,25565,53414,7205935,76796,232,0,0x0018
16796,2026-08-15T10:15:17.343637000-0500,112.476678000,192.168.0.148,192.168.0.178,53414,25565,76796,7206167,36,0,0x0018
16797,2026-08-15T10:15:17.344997000-0500,112.478038000,192.168.0.148,192.168.0.178,53414,25565,76832,7206167,3,0,0x0018
16798,2026-08-15T10:15:17.345799000-0500,112.478840000,192.168.0.178,192.168.0.148,25565,53414,7206167,76835,0,0,0x0010
16799,2026-08-15T10:15:17.379660000-0500,112.512701000,192.168.0.178,192.168.0.148,25565,53414,7206167,76835,636,0,0x0018
16800,2026-08-15T10:15:17.393605000-0500,112.526646000,192.168.0.148,192.168.0.178,53414,25565,76835,7206803,36,0,0x0018
16801,2026-08-15T10:15:17.395128000-0500,112.528169000,192.168.0.148,192.168.0.178,53414,25565,76871,7206803,3,0,0x0018
16802,2026-08-15T10:15:17.395929000-0500,112.528970000,192.168.0.178,192.168.0.148,25565,53414,7206803,76874,0,0,0x0010
16803,2026-08-15T10:15:17.435036000-0500,112.568077000,192.168.0.178,192.168.0.148,25565,53414,7206803,76874,260,0,0x0018
16804,2026-08-15T10:15:17.442668000-0500,112.575709000,192.168.0.148,192.168.0.178,53414,25565,76874,7207063,36,0,0x0018
16805,2026-08-15T10:15:17.443635000-0500,112.576676000,192.168.0.148,192.168.0.178,53414,25565,76910,7207063,3,0,0x0018
16806,2026-08-15T10:15:17.444259000-0500,112.577300000,192.168.0.178,192.168.0.148,25565,53414,7207063,76913,0,0,0x0010
16807,2026-08-15T10:15:17.477131000-0500,112.610172000,192.168.0.178,192.168.0.148,25565,53414,7207063,76913,156,0,0x0018
16808,2026-08-15T10:15:17.493678000-0500,112.626719000,192.168.0.148,192.168.0.178,53414,25565,76913,7207219,36,0,0x0018
16809,2026-08-15T10:15:17.495188000-0500,112.628229000,192.168.0.148,192.168.0.178,53414,25565,76949,7207219,3,0,0x0018
16810,2026-08-15T10:15:17.499957000-0500,112.632998000,192.168.0.178,192.168.0.148,25565,53414,7207219,76952,0,0,0x0010
16811,2026-08-15T10:15:17.529082000-0500,112.662123000,192.168.0.178,192.168.0.148,25565,53414,7207219,76952,563,0,0x0018
16812,2026-08-15T10:15:17.543441000-0500,112.676482000,192.168.0.148,192.168.0.178,53414,25565,76952,7207782,28,0,0x0018
16813,2026-08-15T10:15:17.545151000-0500,112.678192000,192.168.0.148,192.168.0.178,53414,25565,76980,7207782,3,0,0x0018
16814,2026-08-15T10:15:17.545972000-0500,112.679013000,192.168.0.178,192.168.0.148,25565,53414,7207782,76983,0,0,0x0010
16815,2026-08-15T10:15:17.580385000-0500,112.713426000,192.168.0.178,192.168.0.148,25565,53414,7207782,76983,320,0,0x0018
16816,2026-08-15T10:15:17.593604000-0500,112.726645000,192.168.0.148,192.168.0.178,53414,25565,76983,7208102,28,0,0x0018
16817,2026-08-15T10:15:17.594860000-0500,112.727901000,192.168.0.148,192.168.0.178,53414,25565,77011,7208102,3,0,0x0018
16818,2026-08-15T10:15:17.595573000-0500,112.728614000,192.168.0.178,192.168.0.148,25565,53414,7208102,77014,0,0,0x0010
16819,2026-08-15T10:15:17.628473000-0500,112.761514000,192.168.0.178,192.168.0.148,25565,53414,7208102,77014,1383,0,0x0018
16820,2026-08-15T10:15:17.643326000-0500,112.776367000,192.168.0.148,192.168.0.178,53414,25565,77014,7209485,28,0,0x0018
16821,2026-08-15T10:15:17.644608000-0500,112.777649000,192.168.0.148,192.168.0.178,53414,25565,77042,7209485,3,0,0x0018
16822,2026-08-15T10:15:17.645274000-0500,112.778315000,192.168.0.178,192.168.0.148,25565,53414,7209485,77045,0,0,0x0010
16823,2026-08-15T10:15:17.676182000-0500,112.809223000,192.168.0.178,192.168.0.148,25565,53414,7209485,77045,691,0,0x0018
16824,2026-08-15T10:15:17.692745000-0500,112.825786000,192.168.0.148,192.168.0.178,53414,25565,77045,7210176,28,0,0x0018
16825,2026-08-15T10:15:17.693400000-0500,112.826441000,192.168.0.148,192.168.0.178,53414,25565,77073,7210176,3,0,0x0018
16826,2026-08-15T10:15:17.694850000-0500,112.827891000,192.168.0.178,192.168.0.148,25565,53414,7210176,77076,0,0,0x0010
16827,2026-08-15T10:15:17.730361000-0500,112.863402000,192.168.0.178,192.168.0.148,25565,53414,7210176,77076,323,0,0x0018
16828,2026-08-15T10:15:17.743590000-0500,112.876631000,192.168.0.148,192.168.0.178,53414,25565,77076,7210499,28,0,0x0018
16829,2026-08-15T10:15:17.744952000-0500,112.877993000,192.168.0.148,192.168.0.178,53414,25565,77104,7210499,3,0,0x0018
16830,2026-08-15T10:15:17.745723000-0500,112.878764000,192.168.0.178,192.168.0.148,25565,53414,7210499,77107,0,0,0x0010
16831,2026-08-15T10:15:17.776116000-0500,112.909157000,192.168.0.178,192.168.0.148,25565,53414,7210499,77107,260,0,0x0018
16832,2026-08-15T10:15:17.793635000-0500,112.926676000,192.168.0.148,192.168.0.178,53414,25565,77107,7210759,28,0,0x0018
16833,2026-08-15T10:15:17.795495000-0500,112.928536000,192.168.0.148,192.168.0.178,53414,25565,77135,7210759,3,0,0x0018
16834,2026-08-15T10:15:17.796163000-0500,112.929204000,192.168.0.178,192.168.0.148,25565,53414,7210759,77138,0,0,0x0010
16835,2026-08-15T10:15:17.827494000-0500,112.960535000,192.168.0.178,192.168.0.148,25565,53414,7210759,77138,1014,0,0x0018
16836,2026-08-15T10:15:17.843488000-0500,112.976529000,192.168.0.148,192.168.0.178,53414,25565,77138,7211773,28,0,0x0018
16837,2026-08-15T10:15:17.844991000-0500,112.978032000,192.168.0.148,192.168.0.178,53414,25565,77166,7211773,3,0,0x0018
16838,2026-08-15T10:15:17.845787000-0500,112.978828000,192.168.0.178,192.168.0.148,25565,53414,7211773,77169,0,0,0x0010
16839,2026-08-15T10:15:17.879706000-0500,113.012747000,192.168.0.178,192.168.0.148,25565,53414,7211773,77169,294,0,0x0018
16840,2026-08-15T10:15:17.893773000-0500,113.026814000,192.168.0.148,192.168.0.178,53414,25565,77169,7212067,36,0,0x0018
16841,2026-08-15T10:15:17.895077000-0500,113.028118000,192.168.0.148,192.168.0.178,53414,25565,77205,7212067,3,0,0x0018
16842,2026-08-15T10:15:17.895777000-0500,113.028818000,192.168.0.178,192.168.0.148,25565,53414,7212067,77208,0,0,0x0010
16843,2026-08-15T10:15:17.931488000-0500,113.064529000,192.168.0.178,192.168.0.148,25565,53414,7212067,77208,206,0,0x0018
16844,2026-08-15T10:15:17.942417000-0500,113.075458000,192.168.0.148,192.168.0.178,53414,25565,77208,7212273,36,0,0x0018
16845,2026-08-15T10:15:17.943095000-0500,113.076136000,192.168.0.148,192.168.0.178,53414,25565,77244,7212273,3,0,0x0018
16846,2026-08-15T10:15:17.943744000-0500,113.076785000,192.168.0.178,192.168.0.148,25565,53414,7212273,77247,0,0,0x0010
16847,2026-08-15T10:15:17.984563000-0500,113.117604000,192.168.0.178,192.168.0.148,25565,53414,7212273,77247,704,0,0x0018
16848,2026-08-15T10:15:17.993872000-0500,113.126913000,192.168.0.148,192.168.0.178,53414,25565,77247,7212977,36,0,0x0018
16849,2026-08-15T10:15:17.995014000-0500,113.128055000,192.168.0.148,192.168.0.178,53414,25565,77283,7212977,3,0,0x0018
16850,2026-08-15T10:15:17.995656000-0500,113.128697000,192.168.0.178,192.168.0.148,25565,53414,7212977,77286,0,0,0x0010
16851,2026-08-15T10:15:18.034363000-0500,113.167404000,192.168.0.178,192.168.0.148,25565,53414,7212977,77286,367,0,0x0018
16852,2026-08-15T10:15:18.043353000-0500,113.176394000,192.168.0.148,192.168.0.178,53414,25565,77286,7213344,36,0,0x0018
16853,2026-08-15T10:15:18.044635000-0500,113.177676000,192.168.0.148,192.168.0.178,53414,25565,77322,7213344,3,0,0x0018
16854,2026-08-15T10:15:18.045295000-0500,113.178336000,192.168.0.178,192.168.0.148,25565,53414,7213344,77325,0,0,0x0010
16855,2026-08-15T10:15:18.081003000-0500,113.214044000,192.168.0.178,192.168.0.148,25565,53414,7213344,77325,271,0,0x0018
16856,2026-08-15T10:15:18.093359000-0500,113.226400000,192.168.0.148,192.168.0.178,53414,25565,77325,7213615,36,0,0x0018
16857,2026-08-15T10:15:18.094433000-0500,113.227474000,192.168.0.148,192.168.0.178,53414,25565,77361,7213615,3,0,0x0018
16858,2026-08-15T10:15:18.095178000-0500,113.228219000,192.168.0.178,192.168.0.148,25565,53414,7213615,77364,0,0,0x0010
16859,2026-08-15T10:15:18.130519000-0500,113.263560000,192.168.0.178,192.168.0.148,25565,53414,7213615,77364,834,0,0x0018
16860,2026-08-15T10:15:18.143593000-0500,113.276634000,192.168.0.148,192.168.0.178,53414,25565,77364,7214449,36,0,0x0018
16861,2026-08-15T10:15:18.144710000-0500,113.277751000,192.168.0.148,192.168.0.178,53414,25565,77400,7214449,3,0,0x0018
16862,2026-08-15T10:15:18.145369000-0500,113.278410000,192.168.0.178,192.168.0.148,25565,53414,7214449,77403,0,0,0x0010
16863,2026-08-15T10:15:18.178982000-0500,113.312023000,192.168.0.178,192.168.0.148,25565,53414,7214449,77403,577,0,0x0018
16864,2026-08-15T10:15:18.179324000-0500,113.312365000,192.168.0.148,192.168.0.178,53414,25565,77403,7215026,11,0,0x0018
16865,2026-08-15T10:15:18.192608000-0500,113.325649000,192.168.0.148,192.168.0.178,53414,25565,77414,7215026,36,0,0x0018
16866,2026-08-15T10:15:18.193283000-0500,113.326324000,192.168.0.148,192.168.0.178,53414,25565,77450,7215026,3,0,0x0018
16867,2026-08-15T10:15:18.193416000-0500,113.326457000,192.168.0.178,192.168.0.148,25565,53414,7215026,77450,0,0,0x0010
16868,2026-08-15T10:15:18.226652000-0500,113.359693000,192.168.0.178,192.168.0.148,25565,53414,7215026,77453,212,0,0x0018
16869,2026-08-15T10:15:18.243708000-0500,113.376749000,192.168.0.148,192.168.0.178,53414,25565,77453,7215238,36,0,0x0018
16870,2026-08-15T10:15:18.244600000-0500,113.377641000,192.168.0.148,192.168.0.178,53414,25565,77489,7215238,3,0,0x0018
16871,2026-08-15T10:15:18.245302000-0500,113.378343000,192.168.0.178,192.168.0.148,25565,53414,7215238,77492,0,0,0x0010
16872,2026-08-15T10:15:18.278145000-0500,113.411186000,192.168.0.178,192.168.0.148,25565,53414,7215238,77492,754,0,0x0018
16873,2026-08-15T10:15:18.293739000-0500,113.426780000,192.168.0.148,192.168.0.178,53414,25565,77492,7215992,36,0,0x0018
16874,2026-08-15T10:15:18.294919000-0500,113.427960000,192.168.0.148,192.168.0.178,53414,25565,77528,7215992,3,0,0x0018
16875,2026-08-15T10:15:18.295724000-0500,113.428765000,192.168.0.178,192.168.0.148,25565,53414,7215992,77531,0,0,0x0010
16876,2026-08-15T10:15:18.329504000-0500,113.462545000,192.168.0.178,192.168.0.148,25565,53414,7215992,77531,732,0,0x0018
16877,2026-08-15T10:15:18.343922000-0500,113.476963000,192.168.0.148,192.168.0.178,53414,25565,77531,7216724,4,0,0x0018
16878,2026-08-15T10:15:18.343961000-0500,113.477002000,192.168.0.148,192.168.0.178,53414,25565,77535,7216724,36,0,0x0018
16879,2026-08-15T10:15:18.344638000-0500,113.477679000,192.168.0.178,192.168.0.148,25565,53414,7216724,77571,0,0,0x0010
16880,2026-08-15T10:15:18.345427000-0500,113.478468000,192.168.0.148,192.168.0.178,53414,25565,77571,7216724,3,0,0x0018
16881,2026-08-15T10:15:18.376206000-0500,113.509247000,192.168.0.178,192.168.0.148,25565,53414,7216724,77574,172,0,0x0018
16882,2026-08-15T10:15:18.393749000-0500,113.526790000,192.168.0.148,192.168.0.178,53414,25565,77574,7216896,36,0,0x0018
16883,2026-08-15T10:15:18.395203000-0500,113.528244000,192.168.0.148,192.168.0.178,53414,25565,77610,7216896,3,0,0x0018
16884,2026-08-15T10:15:18.395942000-0500,113.528983000,192.168.0.178,192.168.0.148,25565,53414,7216896,77613,0,0,0x0010
16885,2026-08-15T10:15:18.425960000-0500,113.559001000,192.168.0.178,192.168.0.148,25565,53414,7216896,77613,731,0,0x0018
16886,2026-08-15T10:15:18.443354000-0500,113.576395000,192.168.0.148,192.168.0.178,53414,25565,77613,7217627,28,0,0x0018
16887,2026-08-15T10:15:18.444953000-0500,113.577994000,192.168.0.148,192.168.0.178,53414,25565,77641,7217627,3,0,0x0018
16888,2026-08-15T10:15:18.445549000-0500,113.578590000,192.168.0.178,192.168.0.148,25565,53414,7217627,77644,0,0,0x0010
16889,2026-08-15T10:15:18.475998000-0500,113.609039000,192.168.0.178,192.168.0.148,25565,53414,7217627,77644,381,0,0x0018
16890,2026-08-15T10:15:18.492509000-0500,113.625550000,192.168.0.148,192.168.0.178,53414,25565,77644,7218008,28,0,0x0018
16891,2026-08-15T10:15:18.493449000-0500,113.626490000,192.168.0.148,192.168.0.178,53414,25565,77672,7218008,3,0,0x0018
16892,2026-08-15T10:15:18.494042000-0500,113.627083000,192.168.0.178,192.168.0.148,25565,53414,7218008,77675,0,0,0x0010
16893,2026-08-15T10:15:18.525809000-0500,113.658850000,192.168.0.178,192.168.0.148,25565,53414,7218008,77675,238,0,0x0018
16894,2026-08-15T10:15:18.543471000-0500,113.676512000,192.168.0.148,192.168.0.178,53414,25565,77675,7218246,28,0,0x0018
16895,2026-08-15T10:15:18.544950000-0500,113.677991000,192.168.0.148,192.168.0.178,53414,25565,77703,7218246,3,0,0x0018
16896,2026-08-15T10:15:18.545674000-0500,113.678715000,192.168.0.178,192.168.0.148,25565,53414,7218246,77706,0,0,0x0010
16897,2026-08-15T10:15:18.576397000-0500,113.709438000,192.168.0.178,192.168.0.148,25565,53414,7218246,77706,957,0,0x0018
16898,2026-08-15T10:15:18.593566000-0500,113.726607000,192.168.0.148,192.168.0.178,53414,25565,77706,7219203,28,0,0x0018
16899,2026-08-15T10:15:18.594983000-0500,113.728024000,192.168.0.148,192.168.0.178,53414,25565,77734,7219203,3,0,0x0018
16900,2026-08-15T10:15:18.595707000-0500,113.728748000,192.168.0.178,192.168.0.148,25565,53414,7219203,77737,0,0,0x0010
16901,2026-08-15T10:15:18.626005000-0500,113.759046000,192.168.0.178,192.168.0.148,25565,53414,7219203,77737,391,0,0x0018
16902,2026-08-15T10:15:18.643645000-0500,113.776686000,192.168.0.148,192.168.0.178,53414,25565,77737,7219594,28,0,0x0018
16903,2026-08-15T10:15:18.645030000-0500,113.778071000,192.168.0.148,192.168.0.178,53414,25565,77765,7219594,3,0,0x0018
16904,2026-08-15T10:15:18.645650000-0500,113.778691000,192.168.0.178,192.168.0.148,25565,53414,7219594,77768,0,0,0x0010
16905,2026-08-15T10:15:18.678990000-0500,113.812031000,192.168.0.178,192.168.0.148,25565,53414,7219594,77768,557,0,0x0018
16906,2026-08-15T10:15:18.693850000-0500,113.826891000,192.168.0.148,192.168.0.178,53414,25565,77768,7220151,36,0,0x0018
16907,2026-08-15T10:15:18.695271000-0500,113.828312000,192.168.0.148,192.168.0.178,53414,25565,77804,7220151,3,0,0x0018
16908,2026-08-15T10:15:18.696089000-0500,113.829130000,192.168.0.178,192.168.0.148,25565,53414,7220151,77807,0,0,0x0010
16909,2026-08-15T10:15:18.737227000-0500,113.870268000,192.168.0.178,192.168.0.148,25565,53414,7220151,77807,548,0,0x0018
16910,2026-08-15T10:15:18.743167000-0500,113.876208000,192.168.0.148,192.168.0.178,53414,25565,77807,7220699,36,0,0x0018
16911,2026-08-15T10:15:18.744218000-0500,113.877259000,192.168.0.148,192.168.0.178,53414,25565,77843,7220699,3,0,0x0018
16912,2026-08-15T10:15:18.744876000-0500,113.877917000,192.168.0.178,192.168.0.148,25565,53414,7220699,77846,0,0,0x0010
16913,2026-08-15T10:15:18.781633000-0500,113.914674000,192.168.0.178,192.168.0.148,25565,53414,7220699,77846,1460,0,0x0010
16914,2026-08-15T10:15:18.781633000-0500,113.914674000,192.168.0.178,192.168.0.148,25565,53414,7222159,77846,1460,0,0x0010
16915,2026-08-15T10:15:18.781706000-0500,113.914747000,192.168.0.148,192.168.0.178,53414,25565,77846,7223619,0,0,0x0010
16916,2026-08-15T10:15:18.781756000-0500,113.914797000,192.168.0.178,192.168.0.148,25565,53414,7223619,77846,1460,0,0x0010
16917,2026-08-15T10:15:18.781869000-0500,113.914910000,192.168.0.178,192.168.0.148,25565,53414,7225079,77846,1460,0,0x0010
16918,2026-08-15T10:15:18.781877000-0500,113.914918000,192.168.0.148,192.168.0.178,53414,25565,77846,7226539,0,0,0x0010
16919,2026-08-15T10:15:18.782107000-0500,113.915148000,192.168.0.178,192.168.0.148,25565,53414,7226539,77846,1460,0,0x0010
16920,2026-08-15T10:15:18.782107000-0500,113.915148000,192.168.0.178,192.168.0.148,25565,53414,7227999,77846,1460,0,0x0010
16921,2026-08-15T10:15:18.782149000-0500,113.915190000,192.168.0.148,192.168.0.178,53414,25565,77846,7229459,0,0,0x0010
16922,2026-08-15T10:15:18.782210000-0500,113.915251000,192.168.0.178,192.168.0.148,25565,53414,7229459,77846,1460,0,0x0010
16923,2026-08-15T10:15:18.782456000-0500,113.915497000,192.168.0.178,192.168.0.148,25565,53414,7230919,77846,1460,0,0x0010
16924,2026-08-15T10:15:18.782456000-0500,113.915497000,192.168.0.178,192.168.0.148,25565,53414,7232379,77846,1460,0,0x0018
16925,2026-08-15T10:15:18.782508000-0500,113.915549000,192.168.0.148,192.168.0.178,53414,25565,77846,7233839,0,0,0x0010
16926,2026-08-15T10:15:18.782572000-0500,113.915613000,192.168.0.178,192.168.0.148,25565,53414,7233839,77846,1460,0,0x0010
16927,2026-08-15T10:15:18.782587000-0500,113.915628000,192.168.0.148,192.168.0.178,53414,25565,77846,7235299,0,0,0x0010
16928,2026-08-15T10:15:18.782852000-0500,113.915893000,192.168.0.178,192.168.0.148,25565,53414,7235299,77846,1460,0,0x0010
16929,2026-08-15T10:15:18.782852000-0500,113.915893000,192.168.0.178,192.168.0.148,25565,53414,7236759,77846,205,0,0x0018
16930,2026-08-15T10:15:18.782897000-0500,113.915938000,192.168.0.148,192.168.0.178,53414,25565,77846,7236964,0,0,0x0010
16931,2026-08-15T10:15:18.793819000-0500,113.926860000,192.168.0.148,192.168.0.178,53414,25565,77846,7236964,36,0,0x0018
16932,2026-08-15T10:15:18.795327000-0500,113.928368000,192.168.0.148,192.168.0.178,53414,25565,77882,7236964,3,0,0x0018
16933,2026-08-15T10:15:18.795958000-0500,113.928999000,192.168.0.178,192.168.0.148,25565,53414,7236964,77885,0,0,0x0010
16934,2026-08-15T10:15:18.827854000-0500,113.960895000,192.168.0.178,192.168.0.148,25565,53414,7236964,77885,1460,0,0x0010
16935,2026-08-15T10:15:18.827854000-0500,113.960895000,192.168.0.178,192.168.0.148,25565,53414,7238424,77885,1460,0,0x0010
16936,2026-08-15T10:15:18.827931000-0500,113.960972000,192.168.0.148,192.168.0.178,53414,25565,77885,7239884,0,0,0x0010
16937,2026-08-15T10:15:18.827980000-0500,113.961021000,192.168.0.178,192.168.0.148,25565,53414,7239884,77885,1460,0,0x0010
16938,2026-08-15T10:15:18.828073000-0500,113.961114000,192.168.0.178,192.168.0.148,25565,53414,7241344,77885,1460,0,0x0010
16939,2026-08-15T10:15:18.828082000-0500,113.961123000,192.168.0.148,192.168.0.178,53414,25565,77885,7242804,0,0,0x0010
16940,2026-08-15T10:15:18.828325000-0500,113.961366000,192.168.0.178,192.168.0.148,25565,53414,7242804,77885,1460,0,0x0010
16941,2026-08-15T10:15:18.828325000-0500,113.961366000,192.168.0.178,192.168.0.148,25565,53414,7244264,77885,1460,0,0x0010
16942,2026-08-15T10:15:18.828382000-0500,113.961423000,192.168.0.148,192.168.0.178,53414,25565,77885,7245724,0,0,0x0010
16943,2026-08-15T10:15:18.828447000-0500,113.961488000,192.168.0.178,192.168.0.148,25565,53414,7245724,77885,1460,0,0x0010
16944,2026-08-15T10:15:18.828721000-0500,113.961762000,192.168.0.178,192.168.0.148,25565,53414,7247184,77885,1394,0,0x0018
16945,2026-08-15T10:15:18.828776000-0500,113.961817000,192.168.0.148,192.168.0.178,53414,25565,77885,7248578,0,0,0x0010
16946,2026-08-15T10:15:18.843645000-0500,113.976686000,192.168.0.148,192.168.0.178,53414,25565,77885,7248578,28,0,0x0018
16947,2026-08-15T10:15:18.845007000-0500,113.978048000,192.168.0.148,192.168.0.178,53414,25565,77913,7248578,3,0,0x0018
16948,2026-08-15T10:15:18.845641000-0500,113.978682000,192.168.0.178,192.168.0.148,25565,53414,7248578,77916,0,0,0x0010
16949,2026-08-15T10:15:18.878282000-0500,114.011323000,192.168.0.178,192.168.0.148,25565,53414,7248578,77916,1460,0,0x0010
16950,2026-08-15T10:15:18.878282000-0500,114.011323000,192.168.0.178,192.168.0.148,25565,53414,7250038,77916,1460,0,0x0010
16951,2026-08-15T10:15:18.878364000-0500,114.011405000,192.168.0.148,192.168.0.178,53414,25565,77916,7251498,0,0,0x0010
16952,2026-08-15T10:15:18.878407000-0500,114.011448000,192.168.0.178,192.168.0.148,25565,53414,7251498,77916,1460,0,0x0010
16953,2026-08-15T10:15:18.878703000-0500,114.011744000,192.168.0.178,192.168.0.148,25565,53414,7252958,77916,1460,0,0x0010
16954,2026-08-15T10:15:18.878703000-0500,114.011744000,192.168.0.178,192.168.0.148,25565,53414,7254418,77916,1460,0,0x0010
16955,2026-08-15T10:15:18.878724000-0500,114.011765000,192.168.0.148,192.168.0.178,53414,25565,77916,7255878,0,0,0x0010
16956,2026-08-15T10:15:18.878761000-0500,114.011802000,192.168.0.178,192.168.0.148,25565,53414,7255878,77916,1460,0,0x0010
16957,2026-08-15T10:15:18.878767000-0500,114.011808000,192.168.0.148,192.168.0.178,53414,25565,77916,7257338,0,0,0x0010
16958,2026-08-15T10:15:18.879013000-0500,114.012054000,192.168.0.178,192.168.0.148,25565,53414,7257338,77916,1460,0,0x0010
16959,2026-08-15T10:15:18.879013000-0500,114.012054000,192.168.0.178,192.168.0.148,25565,53414,7258798,77916,1460,0,0x0010
16960,2026-08-15T10:15:18.879057000-0500,114.012098000,192.168.0.148,192.168.0.178,53414,25565,77916,7260258,0,0,0x0010
16961,2026-08-15T10:15:18.879116000-0500,114.012157000,192.168.0.178,192.168.0.148,25565,53414,7260258,77916,1460,0,0x0018
16962,2026-08-15T10:15:18.879364000-0500,114.012405000,192.168.0.178,192.168.0.148,25565,53414,7261718,77916,1460,0,0x0010
16963,2026-08-15T10:15:18.879364000-0500,114.012405000,192.168.0.178,192.168.0.148,25565,53414,7263178,77916,1460,0,0x0010
16964,2026-08-15T10:15:18.879364000-0500,114.012405000,192.168.0.178,192.168.0.148,25565,53414,7264638,77916,139,0,0x0018
16965,2026-08-15T10:15:18.879399000-0500,114.012440000,192.168.0.148,192.168.0.178,53414,25565,77916,7264777,0,0,0x0010
16966,2026-08-15T10:15:18.893233000-0500,114.026274000,192.168.0.148,192.168.0.178,53414,25565,77916,7264777,28,0,0x0018
16967,2026-08-15T10:15:18.893913000-0500,114.026954000,192.168.0.148,192.168.0.178,53414,25565,77944,7264777,3,0,0x0018
16968,2026-08-15T10:15:18.894698000-0500,114.027739000,192.168.0.178,192.168.0.148,25565,53414,7264777,77947,0,0,0x0010
16969,2026-08-15T10:15:18.935172000-0500,114.068213000,192.168.0.178,192.168.0.148,25565,53414,7264777,77947,1460,0,0x0010
16970,2026-08-15T10:15:18.935172000-0500,114.068213000,192.168.0.178,192.168.0.148,25565,53414,7266237,77947,1460,0,0x0010
16971,2026-08-15T10:15:18.935262000-0500,114.068303000,192.168.0.148,192.168.0.178,53414,25565,77947,7267697,0,0,0x0010
16972,2026-08-15T10:15:18.935341000-0500,114.068382000,192.168.0.178,192.168.0.148,25565,53414,7267697,77947,1460,0,0x0010
16973,2026-08-15T10:15:18.935391000-0500,114.068432000,192.168.0.178,192.168.0.148,25565,53414,7269157,77947,1460,0,0x0010
16974,2026-08-15T10:15:18.935399000-0500,114.068440000,192.168.0.148,192.168.0.178,53414,25565,77947,7270617,0,0,0x0010
16975,2026-08-15T10:15:18.935632000-0500,114.068673000,192.168.0.178,192.168.0.148,25565,53414,7270617,77947,1460,0,0x0010
16976,2026-08-15T10:15:18.935632000-0500,114.068673000,192.168.0.178,192.168.0.148,25565,53414,7272077,77947,1460,0,0x0010
16977,2026-08-15T10:15:18.935681000-0500,114.068722000,192.168.0.148,192.168.0.178,53414,25565,77947,7273537,0,0,0x0010
16978,2026-08-15T10:15:18.935745000-0500,114.068786000,192.168.0.178,192.168.0.148,25565,53414,7273537,77947,1460,0,0x0010
16979,2026-08-15T10:15:18.936007000-0500,114.069048000,192.168.0.178,192.168.0.148,25565,53414,7274997,77947,1460,0,0x0010
16980,2026-08-15T10:15:18.936007000-0500,114.069048000,192.168.0.178,192.168.0.148,25565,53414,7276457,77947,1460,0,0x0018
16981,2026-08-15T10:15:18.936052000-0500,114.069093000,192.168.0.148,192.168.0.178,53414,25565,77947,7277917,0,0,0x0010
16982,2026-08-15T10:15:18.936115000-0500,114.069156000,192.168.0.178,192.168.0.148,25565,53414,7277917,77947,1460,0,0x0010
16983,2026-08-15T10:15:18.936124000-0500,114.069165000,192.168.0.148,192.168.0.178,53414,25565,77947,7279377,0,0,0x0010
16984,2026-08-15T10:15:18.936343000-0500,114.069384000,192.168.0.178,192.168.0.148,25565,53414,7279377,77947,1460,0,0x0010
16985,2026-08-15T10:15:18.936407000-0500,114.069448000,192.168.0.178,192.168.0.148,25565,53414,7280837,77947,1460,0,0x0010
16986,2026-08-15T10:15:18.936419000-0500,114.069460000,192.168.0.148,192.168.0.178,53414,25565,77947,7282297,0,0,0x0010
16987,2026-08-15T10:15:18.936499000-0500,114.069540000,192.168.0.178,192.168.0.148,25565,53414,7282297,77947,1460,0,0x0010
16988,2026-08-15T10:15:18.936747000-0500,114.069788000,192.168.0.178,192.168.0.148,25565,53414,7283757,77947,1460,0,0x0010
16989,2026-08-15T10:15:18.936747000-0500,114.069788000,192.168.0.178,192.168.0.148,25565,53414,7285217,77947,1339,0,0x0018
16990,2026-08-15T10:15:18.936797000-0500,114.069838000,192.168.0.148,192.168.0.178,53414,25565,77947,7286556,0,0,0x0010
16991,2026-08-15T10:15:18.943954000-0500,114.076995000,192.168.0.148,192.168.0.178,53414,25565,77947,7286556,28,0,0x0018
16992,2026-08-15T10:15:18.945026000-0500,114.078067000,192.168.0.148,192.168.0.178,53414,25565,77975,7286556,3,0,0x0018
16993,2026-08-15T10:15:18.945578000-0500,114.078619000,192.168.0.178,192.168.0.148,25565,53414,7286556,77978,0,0,0x0010
16994,2026-08-15T10:15:18.978697000-0500,114.111738000,192.168.0.178,192.168.0.148,25565,53414,7286556,77978,221,0,0x0018
16995,2026-08-15T10:15:18.993435000-0500,114.126476000,192.168.0.148,192.168.0.178,53414,25565,77978,7286777,28,0,0x0018
16996,2026-08-15T10:15:18.994863000-0500,114.127904000,192.168.0.148,192.168.0.178,53414,25565,78006,7286777,3,0,0x0018
16997,2026-08-15T10:15:18.994959000-0500,114.128000000,192.168.0.178,192.168.0.148,25565,53414,7286777,78006,46,0,0x0018
16998,2026-08-15T10:15:19.034748000-0500,114.167789000,192.168.0.178,192.168.0.148,25565,53414,7286823,78009,465,0,0x0018
16999,2026-08-15T10:15:19.034822000-0500,114.167863000,192.168.0.148,192.168.0.178,53414,25565,78009,7287288,0,0,0x0010
17000,2026-08-15T10:15:19.043480000-0500,114.176521000,192.168.0.148,192.168.0.178,53414,25565,78009,7287288,28,0,0x0018
17001,2026-08-15T10:15:19.045105000-0500,114.178146000,192.168.0.148,192.168.0.178,53414,25565,78037,7287288,3,0,0x0018
17002,2026-08-15T10:15:19.045886000-0500,114.178927000,192.168.0.178,192.168.0.148,25565,53414,7287288,78040,0,0,0x0010
17003,2026-08-15T10:15:19.076603000-0500,114.209644000,192.168.0.178,192.168.0.148,25565,53414,7287288,78040,434,0,0x0018
17004,2026-08-15T10:15:19.093594000-0500,114.226635000,192.168.0.148,192.168.0.178,53414,25565,78040,7287722,28,0,0x0018
17005,2026-08-15T10:15:19.095017000-0500,114.228058000,192.168.0.148,192.168.0.178,53414,25565,78068,7287722,3,0,0x0018
17006,2026-08-15T10:15:19.095651000-0500,114.228692000,192.168.0.178,192.168.0.148,25565,53414,7287722,78071,0,0,0x0010
17007,2026-08-15T10:15:19.126676000-0500,114.259717000,192.168.0.178,192.168.0.148,25565,53414,7287722,78071,184,0,0x0018
17008,2026-08-15T10:15:19.143548000-0500,114.276589000,192.168.0.148,192.168.0.178,53414,25565,78071,7287906,28,0,0x0018
17009,2026-08-15T10:15:19.145157000-0500,114.278198000,192.168.0.148,192.168.0.178,53414,25565,78099,7287906,3,0,0x0018
17010,2026-08-15T10:15:19.145876000-0500,114.278917000,192.168.0.178,192.168.0.148,25565,53414,7287906,78102,0,0,0x0010
17011,2026-08-15T10:15:19.177743000-0500,114.310784000,192.168.0.178,192.168.0.148,25565,53414,7287906,78102,535,0,0x0018
17012,2026-08-15T10:15:19.193473000-0500,114.326514000,192.168.0.148,192.168.0.178,53414,25565,78102,7288441,28,0,0x0018
17013,2026-08-15T10:15:19.194820000-0500,114.327861000,192.168.0.148,192.168.0.178,53414,25565,78130,7288441,3,0,0x0018
17014,2026-08-15T10:15:19.195473000-0500,114.328514000,192.168.0.178,192.168.0.148,25565,53414,7288441,78133,0,0,0x0010
17015,2026-08-15T10:15:19.228160000-0500,114.361201000,192.168.0.178,192.168.0.148,25565,53414,7288441,78133,317,0,0x0018
17016,2026-08-15T10:15:19.228327000-0500,114.361368000,192.168.0.148,192.168.0.178,53414,25565,78133,7288758,11,0,0x0018
17017,2026-08-15T10:15:19.243045000-0500,114.376086000,192.168.0.148,192.168.0.178,53414,25565,78144,7288758,28,0,0x0018
17018,2026-08-15T10:15:19.244015000-0500,114.377056000,192.168.0.178,192.168.0.148,25565,53414,7288758,78172,0,0,0x0010
17019,2026-08-15T10:15:19.244222000-0500,114.377263000,192.168.0.148,192.168.0.178,53414,25565,78172,7288758,3,0,0x0018
17020,2026-08-15T10:15:19.278696000-0500,114.411737000,192.168.0.178,192.168.0.148,25565,53414,7288758,78175,159,0,0x0018
17021,2026-08-15T10:15:19.293686000-0500,114.426727000,192.168.0.148,192.168.0.178,53414,25565,78175,7288917,28,0,0x0018
17022,2026-08-15T10:15:19.295063000-0500,114.428104000,192.168.0.148,192.168.0.178,53414,25565,78203,7288917,3,0,0x0018
17023,2026-08-15T10:15:19.295783000-0500,114.428824000,192.168.0.178,192.168.0.148,25565,53414,7288917,78206,0,0,0x0010
17024,2026-08-15T10:15:19.326222000-0500,114.459263000,192.168.0.178,192.168.0.148,25565,53414,7288917,78206,569,0,0x0018
17025,2026-08-15T10:15:19.342983000-0500,114.476024000,192.168.0.148,192.168.0.178,53414,25565,78206,7289486,28,0,0x0018
17026,2026-08-15T10:15:19.343986000-0500,114.477027000,192.168.0.148,192.168.0.178,53414,25565,78234,7289486,3,0,0x0018
17027,2026-08-15T10:15:19.344707000-0500,114.477748000,192.168.0.178,192.168.0.148,25565,53414,7289486,78237,0,0,0x0010
17028,2026-08-15T10:15:19.378977000-0500,114.512018000,192.168.0.178,192.168.0.148,25565,53414,7289486,78237,296,0,0x0018
17029,2026-08-15T10:15:19.393545000-0500,114.526586000,192.168.0.148,192.168.0.178,53414,25565,78237,7289782,28,0,0x0018
17030,2026-08-15T10:15:19.395404000-0500,114.528445000,192.168.0.148,192.168.0.178,53414,25565,78265,7289782,3,0,0x0018
17031,2026-08-15T10:15:19.396101000-0500,114.529142000,192.168.0.178,192.168.0.148,25565,53414,7289782,78268,0,0,0x0010
17032,2026-08-15T10:15:19.427353000-0500,114.560394000,192.168.0.178,192.168.0.148,25565,53414,7289782,78268,204,0,0x0018
17033,2026-08-15T10:15:19.443466000-0500,114.576507000,192.168.0.148,192.168.0.178,53414,25565,78268,7289986,28,0,0x0018
17034,2026-08-15T10:15:19.444854000-0500,114.577895000,192.168.0.148,192.168.0.178,53414,25565,78296,7289986,3,0,0x0018
17035,2026-08-15T10:15:19.445527000-0500,114.578568000,192.168.0.178,192.168.0.148,25565,53414,7289986,78299,0,0,0x0010
17036,2026-08-15T10:15:19.476538000-0500,114.609579000,192.168.0.178,192.168.0.148,25565,53414,7289986,78299,487,0,0x0018
17037,2026-08-15T10:15:19.493037000-0500,114.626078000,192.168.0.148,192.168.0.178,53414,25565,78299,7290473,28,0,0x0018
17038,2026-08-15T10:15:19.494093000-0500,114.627134000,192.168.0.148,192.168.0.178,53414,25565,78327,7290473,3,0,0x0018
17039,2026-08-15T10:15:19.495085000-0500,114.628126000,192.168.0.178,192.168.0.148,25565,53414,7290473,78330,0,0,0x0010
17040,2026-08-15T10:15:19.528406000-0500,114.661447000,192.168.0.178,192.168.0.148,25565,53414,7290473,78330,303,0,0x0018
17041,2026-08-15T10:15:19.543439000-0500,114.676480000,192.168.0.148,192.168.0.178,53414,25565,78330,7290776,28,0,0x0018
17042,2026-08-15T10:15:19.544854000-0500,114.677895000,192.168.0.148,192.168.0.178,53414,25565,78358,7290776,3,0,0x0018
17043,2026-08-15T10:15:19.545700000-0500,114.678741000,192.168.0.178,192.168.0.148,25565,53414,7290776,78361,0,0,0x0010
17044,2026-08-15T10:15:19.577674000-0500,114.710715000,192.168.0.178,192.168.0.148,25565,53414,7290776,78361,181,0,0x0018
17045,2026-08-15T10:15:19.593780000-0500,114.726821000,192.168.0.148,192.168.0.178,53414,25565,78361,7290957,28,0,0x0018
17046,2026-08-15T10:15:19.595452000-0500,114.728493000,192.168.0.148,192.168.0.178,53414,25565,78389,7290957,3,0,0x0018
17047,2026-08-15T10:15:19.596442000-0500,114.729483000,192.168.0.178,192.168.0.148,25565,53414,7290957,78392,0,0,0x0010
17048,2026-08-15T10:15:19.629431000-0500,114.762472000,192.168.0.178,192.168.0.148,25565,53414,7290957,78392,524,0,0x0018
17049,2026-08-15T10:15:19.642281000-0500,114.775322000,192.168.0.148,192.168.0.178,53414,25565,78392,7291481,28,0,0x0018
17050,2026-08-15T10:15:19.642999000-0500,114.776040000,192.168.0.148,192.168.0.178,53414,25565,78420,7291481,3,0,0x0018
17051,2026-08-15T10:15:19.643769000-0500,114.776810000,192.168.0.178,192.168.0.148,25565,53414,7291481,78423,0,0,0x0010
17052,2026-08-15T10:15:19.681662000-0500,114.814703000,192.168.0.178,192.168.0.148,25565,53414,7291481,78423,346,0,0x0018
17053,2026-08-15T10:15:19.693395000-0500,114.826436000,192.168.0.148,192.168.0.178,53414,25565,78423,7291827,28,0,0x0018
17054,2026-08-15T10:15:19.694857000-0500,114.827898000,192.168.0.148,192.168.0.178,53414,25565,78451,7291827,3,0,0x0018
17055,2026-08-15T10:15:19.695489000-0500,114.828530000,192.168.0.178,192.168.0.148,25565,53414,7291827,78454,0,0,0x0010
17056,2026-08-15T10:15:19.733796000-0500,114.866837000,192.168.0.178,192.168.0.148,25565,53414,7291827,78454,153,0,0x0018
17057,2026-08-15T10:15:19.742686000-0500,114.875727000,192.168.0.148,192.168.0.178,53414,25565,78454,7291980,28,0,0x0018
17058,2026-08-15T10:15:19.743429000-0500,114.876470000,192.168.0.148,192.168.0.178,53414,25565,78482,7291980,3,0,0x0018
17059,2026-08-15T10:15:19.744296000-0500,114.877337000,192.168.0.178,192.168.0.148,25565,53414,7291980,78485,0,0,0x0010
17060,2026-08-15T10:15:19.781075000-0500,114.914116000,192.168.0.178,192.168.0.148,25565,53414,7291980,78485,544,0,0x0018
17061,2026-08-15T10:15:19.793643000-0500,114.926684000,192.168.0.148,192.168.0.178,53414,25565,78485,7292524,28,0,0x0018
17062,2026-08-15T10:15:19.794997000-0500,114.928038000,192.168.0.148,192.168.0.178,53414,25565,78513,7292524,3,0,0x0018
17063,2026-08-15T10:15:19.795806000-0500,114.928847000,192.168.0.178,192.168.0.148,25565,53414,7292524,78516,0,0,0x0010
17064,2026-08-15T10:15:19.832105000-0500,114.965146000,192.168.0.178,192.168.0.148,25565,53414,7292524,78516,297,0,0x0018
17065,2026-08-15T10:15:19.843454000-0500,114.976495000,192.168.0.148,192.168.0.178,53414,25565,78516,7292821,28,0,0x0018
17066,2026-08-15T10:15:19.844821000-0500,114.977862000,192.168.0.148,192.168.0.178,53414,25565,78544,7292821,3,0,0x0018
17067,2026-08-15T10:15:19.845669000-0500,114.978710000,192.168.0.178,192.168.0.148,25565,53414,7292821,78547,0,0,0x0010
17068,2026-08-15T10:15:19.877676000-0500,115.010717000,192.168.0.178,192.168.0.148,25565,53414,7292821,78547,313,0,0x0018
17069,2026-08-15T10:15:19.893674000-0500,115.026715000,192.168.0.148,192.168.0.178,53414,25565,78547,7293134,28,0,0x0018
17070,2026-08-15T10:15:19.895086000-0500,115.028127000,192.168.0.148,192.168.0.178,53414,25565,78575,7293134,3,0,0x0018
17071,2026-08-15T10:15:19.895867000-0500,115.028908000,192.168.0.178,192.168.0.148,25565,53414,7293134,78578,0,0,0x0010
17072,2026-08-15T10:15:19.927570000-0500,115.060611000,192.168.0.178,192.168.0.148,25565,53414,7293134,78578,544,0,0x0018
17073,2026-08-15T10:15:19.943404000-0500,115.076445000,192.168.0.148,192.168.0.178,53414,25565,78578,7293678,28,0,0x0018
17074,2026-08-15T10:15:19.944834000-0500,115.077875000,192.168.0.148,192.168.0.178,53414,25565,78606,7293678,3,0,0x0018
17075,2026-08-15T10:15:19.945591000-0500,115.078632000,192.168.0.178,192.168.0.148,25565,53414,7293678,78609,0,0,0x0010
17076,2026-08-15T10:15:19.976895000-0500,115.109936000,192.168.0.178,192.168.0.148,25565,53414,7293678,78609,279,0,0x0018
17077,2026-08-15T10:15:19.992742000-0500,115.125783000,192.168.0.148,192.168.0.178,53414,25565,78609,7293957,28,0,0x0018
17078,2026-08-15T10:15:19.993755000-0500,115.126796000,192.168.0.148,192.168.0.178,53414,25565,78637,7293957,3,0,0x0018
17079,2026-08-15T10:15:19.994532000-0500,115.127573000,192.168.0.178,192.168.0.148,25565,53414,7293957,78640,0,0,0x0010
17080,2026-08-15T10:15:20.027768000-0500,115.160809000,192.168.0.178,192.168.0.148,25565,53414,7293957,78640,140,0,0x0018
17081,2026-08-15T10:15:20.043509000-0500,115.176550000,192.168.0.148,192.168.0.178,53414,25565,78640,7294097,28,0,0x0018
17082,2026-08-15T10:15:20.045132000-0500,115.178173000,192.168.0.148,192.168.0.178,53414,25565,78668,7294097,3,0,0x0018
17083,2026-08-15T10:15:20.045791000-0500,115.178832000,192.168.0.178,192.168.0.148,25565,53414,7294097,78671,0,0,0x0010
17084,2026-08-15T10:15:20.076561000-0500,115.209602000,192.168.0.178,192.168.0.148,25565,53414,7294097,78671,419,0,0x0018
17085,2026-08-15T10:15:20.093779000-0500,115.226820000,192.168.0.148,192.168.0.178,53414,25565,78671,7294516,28,0,0x0018
17086,2026-08-15T10:15:20.095202000-0500,115.228243000,192.168.0.148,192.168.0.178,53414,25565,78699,7294516,3,0,0x0018
17087,2026-08-15T10:15:20.095871000-0500,115.228912000,192.168.0.178,192.168.0.148,25565,53414,7294516,78702,0,0,0x0010
17088,2026-08-15T10:15:20.126886000-0500,115.259927000,192.168.0.178,192.168.0.148,25565,53414,7294516,78702,308,0,0x0018
17089,2026-08-15T10:15:20.143417000-0500,115.276458000,192.168.0.148,192.168.0.178,53414,25565,78702,7294824,28,0,0x0018
17090,2026-08-15T10:15:20.144734000-0500,115.277775000,192.168.0.148,192.168.0.178,53414,25565,78730,7294824,3,0,0x0018
17091,2026-08-15T10:15:20.145570000-0500,115.278611000,192.168.0.178,192.168.0.148,25565,53414,7294824,78733,0,0,0x0010
17092,2026-08-15T10:15:20.176433000-0500,115.309474000,192.168.0.178,192.168.0.148,25565,53414,7294824,78733,185,0,0x0018
17093,2026-08-15T10:15:20.193434000-0500,115.326475000,192.168.0.148,192.168.0.178,53414,25565,78733,7295009,28,0,0x0018
17094,2026-08-15T10:15:20.194999000-0500,115.328040000,192.168.0.148,192.168.0.178,53414,25565,78761,7295009,3,0,0x0018
17095,2026-08-15T10:15:20.195754000-0500,115.328795000,192.168.0.178,192.168.0.148,25565,53414,7295009,78764,0,0,0x0010
17096,2026-08-15T10:15:20.227318000-0500,115.360359000,192.168.0.178,192.168.0.148,25565,53414,7295009,78764,815,0,0x0018
17097,2026-08-15T10:15:20.227675000-0500,115.360716000,192.168.0.148,192.168.0.178,53414,25565,78764,7295824,11,0,0x0018
17098,2026-08-15T10:15:20.243423000-0500,115.376464000,192.168.0.148,192.168.0.178,53414,25565,78775,7295824,28,0,0x0018
17099,2026-08-15T10:15:20.244131000-0500,115.377172000,192.168.0.178,192.168.0.148,25565,53414,7295824,78803,0,0,0x0010
17100,2026-08-15T10:15:20.244851000-0500,115.377892000,192.168.0.148,192.168.0.178,53414,25565,78803,7295824,3,0,0x0018
17101,2026-08-15T10:15:20.277181000-0500,115.410222000,192.168.0.178,192.168.0.148,25565,53414,7295824,78806,280,0,0x0018
17102,2026-08-15T10:15:20.293019000-0500,115.426060000,192.168.0.148,192.168.0.178,53414,25565,78806,7296104,28,0,0x0018
17103,2026-08-15T10:15:20.294207000-0500,115.427248000,192.168.0.148,192.168.0.178,53414,25565,78834,7296104,3,0,0x0018
17104,2026-08-15T10:15:20.295026000-0500,115.428067000,192.168.0.178,192.168.0.148,25565,53414,7296104,78837,0,0,0x0010
17105,2026-08-15T10:15:20.330156000-0500,115.463197000,192.168.0.178,192.168.0.148,25565,53414,7296104,78837,146,0,0x0018
17106,2026-08-15T10:15:20.343419000-0500,115.476460000,192.168.0.148,192.168.0.178,53414,25565,78837,7296250,28,0,0x0018
17107,2026-08-15T10:15:20.344924000-0500,115.477965000,192.168.0.148,192.168.0.178,53414,25565,78865,7296250,3,0,0x0018
17108,2026-08-15T10:15:20.345559000-0500,115.478600000,192.168.0.178,192.168.0.148,25565,53414,7296250,78868,0,0,0x0010
17109,2026-08-15T10:15:20.376554000-0500,115.509595000,192.168.0.178,192.168.0.148,25565,53414,7296250,78868,731,0,0x0018
17110,2026-08-15T10:15:20.393548000-0500,115.526589000,192.168.0.148,192.168.0.178,53414,25565,78868,7296981,28,0,0x0018
17111,2026-08-15T10:15:20.395121000-0500,115.528162000,192.168.0.148,192.168.0.178,53414,25565,78896,7296981,3,0,0x0018
17112,2026-08-15T10:15:20.395838000-0500,115.528879000,192.168.0.178,192.168.0.148,25565,53414,7296981,78899,0,0,0x0010
17113,2026-08-15T10:15:20.429979000-0500,115.563020000,192.168.0.178,192.168.0.148,25565,53414,7296981,78899,325,0,0x0018
17114,2026-08-15T10:15:20.443481000-0500,115.576522000,192.168.0.148,192.168.0.178,53414,25565,78899,7297306,28,0,0x0018
17115,2026-08-15T10:15:20.445019000-0500,115.578060000,192.168.0.148,192.168.0.178,53414,25565,78927,7297306,3,0,0x0018
17116,2026-08-15T10:15:20.445728000-0500,115.578769000,192.168.0.178,192.168.0.148,25565,53414,7297306,78930,0,0,0x0010
17117,2026-08-15T10:15:20.476788000-0500,115.609829000,192.168.0.178,192.168.0.148,25565,53414,7297306,78930,128,0,0x0018
17118,2026-08-15T10:15:20.493655000-0500,115.626696000,192.168.0.148,192.168.0.178,53414,25565,78930,7297434,28,0,0x0018
17119,2026-08-15T10:15:20.495161000-0500,115.628202000,192.168.0.148,192.168.0.178,53414,25565,78958,7297434,3,0,0x0018
17120,2026-08-15T10:15:20.495928000-0500,115.628969000,192.168.0.178,192.168.0.148,25565,53414,7297434,78961,0,0,0x0010
17121,2026-08-15T10:15:20.526207000-0500,115.659248000,192.168.0.178,192.168.0.148,25565,53414,7297434,78961,415,0,0x0018
17122,2026-08-15T10:15:20.543147000-0500,115.676188000,192.168.0.148,192.168.0.178,53414,25565,78961,7297849,28,0,0x0018
17123,2026-08-15T10:15:20.544452000-0500,115.677493000,192.168.0.148,192.168.0.178,53414,25565,78989,7297849,3,0,0x0018
17124,2026-08-15T10:15:20.545199000-0500,115.678240000,192.168.0.178,192.168.0.148,25565,53414,7297849,78992,0,0,0x0010
17125,2026-08-15T10:15:20.591235000-0500,115.724276000,192.168.0.178,192.168.0.148,25565,53414,7297849,78992,280,0,0x0018
17126,2026-08-15T10:15:20.594111000-0500,115.727152000,192.168.0.148,192.168.0.178,53414,25565,78992,7298129,28,0,0x0018
17127,2026-08-15T10:15:20.594971000-0500,115.728012000,192.168.0.148,192.168.0.178,53414,25565,79020,7298129,3,0,0x0018
17128,2026-08-15T10:15:20.595715000-0500,115.728756000,192.168.0.178,192.168.0.148,25565,53414,7298129,79023,0,0,0x0010
17129,2026-08-15T10:15:20.626292000-0500,115.759333000,192.168.0.178,192.168.0.148,25565,53414,7298129,79023,161,0,0x0018
17130,2026-08-15T10:15:20.643011000-0500,115.776052000,192.168.0.148,192.168.0.178,53414,25565,79023,7298290,28,0,0x0018
17131,2026-08-15T10:15:20.643983000-0500,115.777024000,192.168.0.148,192.168.0.178,53414,25565,79051,7298290,3,0,0x0018
17132,2026-08-15T10:15:20.644774000-0500,115.777815000,192.168.0.178,192.168.0.148,25565,53414,7298290,79054,0,0,0x0010
17133,2026-08-15T10:15:20.679093000-0500,115.812134000,192.168.0.178,192.168.0.148,25565,53414,7298290,79054,544,0,0x0018
17134,2026-08-15T10:15:20.693519000-0500,115.826560000,192.168.0.148,192.168.0.178,53414,25565,79054,7298834,28,0,0x0018
17135,2026-08-15T10:15:20.695014000-0500,115.828055000,192.168.0.148,192.168.0.178,53414,25565,79082,7298834,3,0,0x0018
17136,2026-08-15T10:15:20.695666000-0500,115.828707000,192.168.0.178,192.168.0.148,25565,53414,7298834,79085,0,0,0x0010
17137,2026-08-15T10:15:20.729718000-0500,115.862759000,192.168.0.178,192.168.0.148,25565,53414,7298834,79085,1460,0,0x0010
17138,2026-08-15T10:15:20.729718000-0500,115.862759000,192.168.0.178,192.168.0.148,25565,53414,7300294,79085,1460,0,0x0010
17139,2026-08-15T10:15:20.729777000-0500,115.862818000,192.168.0.148,192.168.0.178,53414,25565,79085,7301754,0,0,0x0010
17140,2026-08-15T10:15:20.729838000-0500,115.862879000,192.168.0.178,192.168.0.148,25565,53414,7301754,79085,1460,0,0x0010
17141,2026-08-15T10:15:20.730066000-0500,115.863107000,192.168.0.178,192.168.0.148,25565,53414,7303214,79085,1460,0,0x0010
17142,2026-08-15T10:15:20.730066000-0500,115.863107000,192.168.0.178,192.168.0.148,25565,53414,7304674,79085,1460,0,0x0010
17143,2026-08-15T10:15:20.730098000-0500,115.863139000,192.168.0.148,192.168.0.178,53414,25565,79085,7306134,0,0,0x0010
17144,2026-08-15T10:15:20.730313000-0500,115.863354000,192.168.0.178,192.168.0.148,25565,53414,7306134,79085,1460,0,0x0010
17145,2026-08-15T10:15:20.730313000-0500,115.863354000,192.168.0.178,192.168.0.148,25565,53414,7307594,79085,1460,0,0x0010
17146,2026-08-15T10:15:20.730339000-0500,115.863380000,192.168.0.148,192.168.0.178,53414,25565,79085,7309054,0,0,0x0010
17147,2026-08-15T10:15:20.730561000-0500,115.863602000,192.168.0.178,192.168.0.148,25565,53414,7309054,79085,1460,0,0x0010
17148,2026-08-15T10:15:20.730561000-0500,115.863602000,192.168.0.178,192.168.0.148,25565,53414,7310514,79085,1460,0,0x0018
17149,2026-08-15T10:15:20.730597000-0500,115.863638000,192.168.0.148,192.168.0.178,53414,25565,79085,7311974,0,0,0x0010
17150,2026-08-15T10:15:20.730672000-0500,115.863713000,192.168.0.178,192.168.0.148,25565,53414,7311974,79085,1460,0,0x0010
17151,2026-08-15T10:15:20.730681000-0500,115.863722000,192.168.0.148,192.168.0.178,53414,25565,79085,7313434,0,0,0x0010
17152,2026-08-15T10:15:20.730795000-0500,115.863836000,192.168.0.178,192.168.0.148,25565,53414,7313434,79085,1460,0,0x0010
17153,2026-08-15T10:15:20.731023000-0500,115.864064000,192.168.0.178,192.168.0.148,25565,53414,7314894,79085,1460,0,0x0010
17154,2026-08-15T10:15:20.731051000-0500,115.864092000,192.168.0.148,192.168.0.178,53414,25565,79085,7316354,0,0,0x0010
17155,2026-08-15T10:15:20.731087000-0500,115.864128000,192.168.0.178,192.168.0.148,25565,53414,7316354,79085,1460,0,0x0010
17156,2026-08-15T10:15:20.731261000-0500,115.864302000,192.168.0.178,192.168.0.148,25565,53414,7317814,79085,1460,0,0x0010
17157,2026-08-15T10:15:20.731261000-0500,115.864302000,192.168.0.178,192.168.0.148,25565,53414,7319274,79085,1082,0,0x0018
17158,2026-08-15T10:15:20.731294000-0500,115.864335000,192.168.0.148,192.168.0.178,53414,25565,79085,7320356,0,0,0x0010
17159,2026-08-15T10:15:20.742576000-0500,115.875617000,192.168.0.148,192.168.0.178,53414,25565,79085,7320356,28,0,0x0018
17160,2026-08-15T10:15:20.743193000-0500,115.876234000,192.168.0.148,192.168.0.178,53414,25565,79113,7320356,3,0,0x0018
17161,2026-08-15T10:15:20.743956000-0500,115.876997000,192.168.0.178,192.168.0.148,25565,53414,7320356,79116,0,0,0x0010
17162,2026-08-15T10:15:20.778287000-0500,115.911328000,192.168.0.178,192.168.0.148,25565,53414,7320356,79116,1460,0,0x0010
17163,2026-08-15T10:15:20.778287000-0500,115.911328000,192.168.0.178,192.168.0.148,25565,53414,7321816,79116,1460,0,0x0010
17164,2026-08-15T10:15:20.778367000-0500,115.911408000,192.168.0.148,192.168.0.178,53414,25565,79116,7323276,0,0,0x0010
17165,2026-08-15T10:15:20.778425000-0500,115.911466000,192.168.0.178,192.168.0.148,25565,53414,7323276,79116,1460,0,0x0010
17166,2026-08-15T10:15:20.778538000-0500,115.911579000,192.168.0.178,192.168.0.148,25565,53414,7324736,79116,1460,0,0x0010
17167,2026-08-15T10:15:20.778548000-0500,115.911589000,192.168.0.148,192.168.0.178,53414,25565,79116,7326196,0,0,0x0010
17168,2026-08-15T10:15:20.778756000-0500,115.911797000,192.168.0.178,192.168.0.148,25565,53414,7326196,79116,1460,0,0x0010
17169,2026-08-15T10:15:20.778756000-0500,115.911797000,192.168.0.178,192.168.0.148,25565,53414,7327656,79116,1460,0,0x0010
17170,2026-08-15T10:15:20.778813000-0500,115.911854000,192.168.0.148,192.168.0.178,53414,25565,79116,7329116,0,0,0x0010
17171,2026-08-15T10:15:20.778862000-0500,115.911903000,192.168.0.178,192.168.0.148,25565,53414,7329116,79116,1460,0,0x0010
17172,2026-08-15T10:15:20.779095000-0500,115.912136000,192.168.0.178,192.168.0.148,25565,53414,7330576,79116,1460,0,0x0010
17173,2026-08-15T10:15:20.779147000-0500,115.912188000,192.168.0.148,192.168.0.178,53414,25565,79116,7332036,0,0,0x0010
17174,2026-08-15T10:15:20.779173000-0500,115.912214000,192.168.0.178,192.168.0.148,25565,53414,7332036,79116,1460,0,0x0018
17175,2026-08-15T10:15:20.779227000-0500,115.912268000,192.168.0.178,192.168.0.148,25565,53414,7333496,79116,1460,0,0x0010
17176,2026-08-15T10:15:20.779235000-0500,115.912276000,192.168.0.148,192.168.0.178,53414,25565,79116,7334956,0,0,0x0010
17177,2026-08-15T10:15:20.779400000-0500,115.912441000,192.168.0.178,192.168.0.148,25565,53414,7334956,79116,1460,0,0x0010
17178,2026-08-15T10:15:20.779480000-0500,115.912521000,192.168.0.178,192.168.0.148,25565,53414,7336416,79116,1460,0,0x0010
17179,2026-08-15T10:15:20.779489000-0500,115.912530000,192.168.0.148,192.168.0.178,53414,25565,79116,7337876,0,0,0x0010
17180,2026-08-15T10:15:20.779558000-0500,115.912599000,192.168.0.178,192.168.0.148,25565,53414,7337876,79116,969,0,0x0018
17181,2026-08-15T10:15:20.793957000-0500,115.926998000,192.168.0.148,192.168.0.178,53414,25565,79116,7338845,28,0,0x0018
17182,2026-08-15T10:15:20.795066000-0500,115.928107000,192.168.0.148,192.168.0.178,53414,25565,79144,7338845,3,0,0x0018
17183,2026-08-15T10:15:20.795728000-0500,115.928769000,192.168.0.178,192.168.0.148,25565,53414,7338845,79147,0,0,0x0010
17184,2026-08-15T10:15:20.832772000-0500,115.965813000,192.168.0.178,192.168.0.148,25565,53414,7338845,79147,1460,0,0x0010
17185,2026-08-15T10:15:20.832772000-0500,115.965813000,192.168.0.178,192.168.0.148,25565,53414,7340305,79147,1460,0,0x0010
17186,2026-08-15T10:15:20.832861000-0500,115.965902000,192.168.0.148,192.168.0.178,53414,25565,79147,7341765,0,0,0x0010
17187,2026-08-15T10:15:20.832928000-0500,115.965969000,192.168.0.178,192.168.0.148,25565,53414,7341765,79147,1460,0,0x0010
17188,2026-08-15T10:15:20.832990000-0500,115.966031000,192.168.0.178,192.168.0.148,25565,53414,7343225,79147,1460,0,0x0010
17189,2026-08-15T10:15:20.833003000-0500,115.966044000,192.168.0.148,192.168.0.178,53414,25565,79147,7344685,0,0,0x0010
17190,2026-08-15T10:15:20.833248000-0500,115.966289000,192.168.0.178,192.168.0.148,25565,53414,7344685,79147,1460,0,0x0010
17191,2026-08-15T10:15:20.833248000-0500,115.966289000,192.168.0.178,192.168.0.148,25565,53414,7346145,79147,1460,0,0x0010
17192,2026-08-15T10:15:20.833303000-0500,115.966344000,192.168.0.148,192.168.0.178,53414,25565,79147,7347605,0,0,0x0010
17193,2026-08-15T10:15:20.833366000-0500,115.966407000,192.168.0.178,192.168.0.148,25565,53414,7347605,79147,1460,0,0x0010
17194,2026-08-15T10:15:20.833578000-0500,115.966619000,192.168.0.178,192.168.0.148,25565,53414,7349065,79147,1460,0,0x0010
17195,2026-08-15T10:15:20.833578000-0500,115.966619000,192.168.0.178,192.168.0.148,25565,53414,7350525,79147,793,0,0x0018
17196,2026-08-15T10:15:20.833637000-0500,115.966678000,192.168.0.148,192.168.0.178,53414,25565,79147,7351318,0,0,0x0010
17197,2026-08-15T10:15:20.843721000-0500,115.976762000,192.168.0.148,192.168.0.178,53414,25565,79147,7351318,28,0,0x0018
17198,2026-08-15T10:15:20.845370000-0500,115.978411000,192.168.0.148,192.168.0.178,53414,25565,79175,7351318,3,0,0x0018
17199,2026-08-15T10:15:20.846139000-0500,115.979180000,192.168.0.178,192.168.0.148,25565,53414,7351318,79178,0,0,0x0010
17200,2026-08-15T10:15:20.879118000-0500,116.012159000,192.168.0.178,192.168.0.148,25565,53414,7351318,79178,1460,0,0x0010
17201,2026-08-15T10:15:20.879118000-0500,116.012159000,192.168.0.178,192.168.0.148,25565,53414,7352778,79178,1460,0,0x0010
17202,2026-08-15T10:15:20.879195000-0500,116.012236000,192.168.0.148,192.168.0.178,53414,25565,79178,7354238,0,0,0x0010
17203,2026-08-15T10:15:20.879239000-0500,116.012280000,192.168.0.178,192.168.0.148,25565,53414,7354238,79178,1460,0,0x0010
17204,2026-08-15T10:15:20.879449000-0500,116.012490000,192.168.0.178,192.168.0.148,25565,53414,7355698,79178,1460,0,0x0010
17205,2026-08-15T10:15:20.879449000-0500,116.012490000,192.168.0.178,192.168.0.148,25565,53414,7357158,79178,1460,0,0x0010
17206,2026-08-15T10:15:20.879483000-0500,116.012524000,192.168.0.148,192.168.0.178,53414,25565,79178,7358618,0,0,0x0010
17207,2026-08-15T10:15:20.879690000-0500,116.012731000,192.168.0.178,192.168.0.148,25565,53414,7358618,79178,1460,0,0x0010
17208,2026-08-15T10:15:20.879690000-0500,116.012731000,192.168.0.178,192.168.0.148,25565,53414,7360078,79178,1460,0,0x0010
17209,2026-08-15T10:15:20.879735000-0500,116.012776000,192.168.0.148,192.168.0.178,53414,25565,79178,7361538,0,0,0x0010
17210,2026-08-15T10:15:20.879803000-0500,116.012844000,192.168.0.178,192.168.0.148,25565,53414,7361538,79178,1460,0,0x0010
17211,2026-08-15T10:15:20.879812000-0500,116.012853000,192.168.0.148,192.168.0.178,53414,25565,79178,7362998,0,0,0x0010
17212,2026-08-15T10:15:20.879973000-0500,116.013014000,192.168.0.178,192.168.0.148,25565,53414,7362998,79178,1460,0,0x0018
17213,2026-08-15T10:15:20.880190000-0500,116.013231000,192.168.0.178,192.168.0.148,25565,53414,7364458,79178,1460,0,0x0010
17214,2026-08-15T10:15:20.880190000-0500,116.013231000,192.168.0.178,192.168.0.148,25565,53414,7365918,79178,1460,0,0x0010
17215,2026-08-15T10:15:20.880231000-0500,116.013272000,192.168.0.148,192.168.0.178,53414,25565,79178,7367378,0,0,0x0010
17216,2026-08-15T10:15:20.880271000-0500,116.013312000,192.168.0.178,192.168.0.148,25565,53414,7367378,79178,578,0,0x0018
17217,2026-08-15T10:15:20.880285000-0500,116.013326000,192.168.0.148,192.168.0.178,53414,25565,79178,7367956,0,0,0x0010
17218,2026-08-15T10:15:20.892988000-0500,116.026029000,192.168.0.148,192.168.0.178,53414,25565,79178,7367956,28,0,0x0018
17219,2026-08-15T10:15:20.893868000-0500,116.026909000,192.168.0.148,192.168.0.178,53414,25565,79206,7367956,3,0,0x0018
17220,2026-08-15T10:15:20.894677000-0500,116.027718000,192.168.0.178,192.168.0.148,25565,53414,7367956,79209,0,0,0x0010
17221,2026-08-15T10:15:20.928385000-0500,116.061426000,192.168.0.178,192.168.0.148,25565,53414,7367956,79209,1460,0,0x0010
17222,2026-08-15T10:15:20.928385000-0500,116.061426000,192.168.0.178,192.168.0.148,25565,53414,7369416,79209,1460,0,0x0010
17223,2026-08-15T10:15:20.928449000-0500,116.061490000,192.168.0.148,192.168.0.178,53414,25565,79209,7370876,0,0,0x0010
17224,2026-08-15T10:15:20.928495000-0500,116.061536000,192.168.0.178,192.168.0.148,25565,53414,7370876,79209,1460,0,0x0010
17225,2026-08-15T10:15:20.928722000-0500,116.061763000,192.168.0.178,192.168.0.148,25565,53414,7372336,79209,1460,0,0x0010
17226,2026-08-15T10:15:20.928722000-0500,116.061763000,192.168.0.178,192.168.0.148,25565,53414,7373796,79209,1460,0,0x0010
17227,2026-08-15T10:15:20.928756000-0500,116.061797000,192.168.0.148,192.168.0.178,53414,25565,79209,7375256,0,0,0x0010
17228,2026-08-15T10:15:20.928969000-0500,116.062010000,192.168.0.178,192.168.0.148,25565,53414,7375256,79209,1460,0,0x0010
17229,2026-08-15T10:15:20.928969000-0500,116.062010000,192.168.0.178,192.168.0.148,25565,53414,7376716,79209,1460,0,0x0010
17230,2026-08-15T10:15:20.929002000-0500,116.062043000,192.168.0.148,192.168.0.178,53414,25565,79209,7378176,0,0,0x0010
17231,2026-08-15T10:15:20.929218000-0500,116.062259000,192.168.0.178,192.168.0.148,25565,53414,7378176,79209,1460,0,0x0010
17232,2026-08-15T10:15:20.929218000-0500,116.062259000,192.168.0.178,192.168.0.148,25565,53414,7379636,79209,1460,0,0x0018
17233,2026-08-15T10:15:20.929247000-0500,116.062288000,192.168.0.148,192.168.0.178,53414,25565,79209,7381096,0,0,0x0010
17234,2026-08-15T10:15:20.929459000-0500,116.062500000,192.168.0.178,192.168.0.148,25565,53414,7381096,79209,1460,0,0x0010
17235,2026-08-15T10:15:20.929459000-0500,116.062500000,192.168.0.178,192.168.0.148,25565,53414,7382556,79209,1460,0,0x0010
17236,2026-08-15T10:15:20.929487000-0500,116.062528000,192.168.0.148,192.168.0.178,53414,25565,79209,7384016,0,0,0x0010
17237,2026-08-15T10:15:20.929522000-0500,116.062563000,192.168.0.178,192.168.0.148,25565,53414,7384016,79209,137,0,0x0018
17238,2026-08-15T10:15:20.929528000-0500,116.062569000,192.168.0.148,192.168.0.178,53414,25565,79209,7384153,0,0,0x0010
17239,2026-08-15T10:15:20.943529000-0500,116.076570000,192.168.0.148,192.168.0.178,53414,25565,79209,7384153,28,0,0x0018
17240,2026-08-15T10:15:20.944622000-0500,116.077663000,192.168.0.148,192.168.0.178,53414,25565,79237,7384153,3,0,0x0018
17241,2026-08-15T10:15:20.945285000-0500,116.078326000,192.168.0.178,192.168.0.148,25565,53414,7384153,79240,0,0,0x0010
17242,2026-08-15T10:15:20.977760000-0500,116.110801000,192.168.0.178,192.168.0.148,25565,53414,7384153,79240,1460,0,0x0010
17243,2026-08-15T10:15:20.977760000-0500,116.110801000,192.168.0.178,192.168.0.148,25565,53414,7385613,79240,1460,0,0x0010
17244,2026-08-15T10:15:20.977833000-0500,116.110874000,192.168.0.148,192.168.0.178,53414,25565,79240,7387073,0,0,0x0010
17245,2026-08-15T10:15:20.977876000-0500,116.110917000,192.168.0.178,192.168.0.148,25565,53414,7387073,79240,1460,0,0x0010
17246,2026-08-15T10:15:20.978102000-0500,116.111143000,192.168.0.178,192.168.0.148,25565,53414,7388533,79240,1460,0,0x0010
17247,2026-08-15T10:15:20.978102000-0500,116.111143000,192.168.0.178,192.168.0.148,25565,53414,7389993,79240,1460,0,0x0010
17248,2026-08-15T10:15:20.978147000-0500,116.111188000,192.168.0.148,192.168.0.178,53414,25565,79240,7391453,0,0,0x0010
17249,2026-08-15T10:15:20.978201000-0500,116.111242000,192.168.0.178,192.168.0.148,25565,53414,7391453,79240,1460,0,0x0010
17250,2026-08-15T10:15:20.978213000-0500,116.111254000,192.168.0.148,192.168.0.178,53414,25565,79240,7392913,0,0,0x0010
17251,2026-08-15T10:15:20.978445000-0500,116.111486000,192.168.0.178,192.168.0.148,25565,53414,7392913,79240,1460,0,0x0010
17252,2026-08-15T10:15:20.978445000-0500,116.111486000,192.168.0.178,192.168.0.148,25565,53414,7394373,79240,1460,0,0x0010
17253,2026-08-15T10:15:20.978485000-0500,116.111526000,192.168.0.148,192.168.0.178,53414,25565,79240,7395833,0,0,0x0010
17254,2026-08-15T10:15:20.978696000-0500,116.111737000,192.168.0.178,192.168.0.148,25565,53414,7395833,79240,1460,0,0x0018
17255,2026-08-15T10:15:20.978696000-0500,116.111737000,192.168.0.178,192.168.0.148,25565,53414,7397293,79240,1460,0,0x0010
17256,2026-08-15T10:15:20.978729000-0500,116.111770000,192.168.0.148,192.168.0.178,53414,25565,79240,7398753,0,0,0x0010
17257,2026-08-15T10:15:20.978949000-0500,116.111990000,192.168.0.178,192.168.0.148,25565,53414,7398753,79240,1460,0,0x0010
17258,2026-08-15T10:15:20.978949000-0500,116.111990000,192.168.0.178,192.168.0.148,25565,53414,7400213,79240,1460,0,0x0010
17259,2026-08-15T10:15:20.978991000-0500,116.112032000,192.168.0.148,192.168.0.178,53414,25565,79240,7401673,0,0,0x0010
17260,2026-08-15T10:15:20.979052000-0500,116.112093000,192.168.0.178,192.168.0.148,25565,53414,7401673,79240,1379,0,0x0018
17261,2026-08-15T10:15:20.993855000-0500,116.126896000,192.168.0.148,192.168.0.178,53414,25565,79240,7403052,3,0,0x0018
17262,2026-08-15T10:15:21.028323000-0500,116.161364000,192.168.0.178,192.168.0.148,25565,53414,7403052,79243,1460,0,0x0010
17263,2026-08-15T10:15:21.028323000-0500,116.161364000,192.168.0.178,192.168.0.148,25565,53414,7404512,79243,1460,0,0x0010
17264,2026-08-15T10:15:21.028384000-0500,116.161425000,192.168.0.148,192.168.0.178,53414,25565,79243,7405972,0,0,0x0010
17265,2026-08-15T10:15:21.028426000-0500,116.161467000,192.168.0.178,192.168.0.148,25565,53414,7405972,79243,1460,0,0x0010
17266,2026-08-15T10:15:21.028618000-0500,116.161659000,192.168.0.178,192.168.0.148,25565,53414,7407432,79243,1460,0,0x0010
17267,2026-08-15T10:15:21.028643000-0500,116.161684000,192.168.0.148,192.168.0.178,53414,25565,79243,7408892,0,0,0x0010
17268,2026-08-15T10:15:21.028678000-0500,116.161719000,192.168.0.178,192.168.0.148,25565,53414,7408892,79243,1460,0,0x0010
17269,2026-08-15T10:15:21.028809000-0500,116.161850000,192.168.0.178,192.168.0.148,25565,53414,7410352,79243,1460,0,0x0010
17270,2026-08-15T10:15:21.028832000-0500,116.161873000,192.168.0.148,192.168.0.178,53414,25565,79243,7411812,0,0,0x0010
17271,2026-08-15T10:15:21.028896000-0500,116.161937000,192.168.0.178,192.168.0.148,25565,53414,7411812,79243,1460,0,0x0010
17272,2026-08-15T10:15:21.029085000-0500,116.162126000,192.168.0.178,192.168.0.148,25565,53414,7413272,79243,1460,0,0x0010
17273,2026-08-15T10:15:21.029107000-0500,116.162148000,192.168.0.148,192.168.0.178,53414,25565,79243,7414732,0,0,0x0010
17274,2026-08-15T10:15:21.029156000-0500,116.162197000,192.168.0.178,192.168.0.148,25565,53414,7414732,79243,1460,0,0x0018
17275,2026-08-15T10:15:21.029355000-0500,116.162396000,192.168.0.178,192.168.0.148,25565,53414,7416192,79243,1460,0,0x0010
17276,2026-08-15T10:15:21.029378000-0500,116.162419000,192.168.0.148,192.168.0.178,53414,25565,79243,7417652,0,0,0x0010
17277,2026-08-15T10:15:21.029414000-0500,116.162455000,192.168.0.178,192.168.0.148,25565,53414,7417652,79243,1460,0,0x0010
17278,2026-08-15T10:15:21.029414000-0500,116.162455000,192.168.0.178,192.168.0.148,25565,53414,7419112,79243,39,0,0x0018
17279,2026-08-15T10:15:21.029423000-0500,116.162464000,192.168.0.148,192.168.0.178,53414,25565,79243,7419151,0,0,0x0010
17280,2026-08-15T10:15:21.051063000-0500,116.184104000,192.168.0.148,192.168.0.178,53414,25565,79243,7419151,10,0,0x0018
17281,2026-08-15T10:15:21.051083000-0500,116.184124000,192.168.0.148,192.168.0.178,53414,25565,79253,7419151,10,0,0x0018
17282,2026-08-15T10:15:21.051095000-0500,116.184136000,192.168.0.148,192.168.0.178,53414,25565,79263,7419151,10,0,0x0018
17283,2026-08-15T10:15:21.051105000-0500,116.184146000,192.168.0.148,192.168.0.178,53414,25565,79273,7419151,10,0,0x0018
17284,2026-08-15T10:15:21.051114000-0500,116.184155000,192.168.0.148,192.168.0.178,53414,25565,79283,7419151,10,0,0x0018
17285,2026-08-15T10:15:21.051124000-0500,116.184165000,192.168.0.148,192.168.0.178,53414,25565,79293,7419151,10,0,0x0018
17286,2026-08-15T10:15:21.051187000-0500,116.184228000,192.168.0.148,192.168.0.178,53414,25565,79303,7419151,10,0,0x0018
17287,2026-08-15T10:15:21.051220000-0500,116.184261000,192.168.0.148,192.168.0.178,53414,25565,79313,7419151,10,0,0x0018
17288,2026-08-15T10:15:21.051231000-0500,116.184272000,192.168.0.148,192.168.0.178,53414,25565,79323,7419151,10,0,0x0018
17289,2026-08-15T10:15:21.051239000-0500,116.184280000,192.168.0.148,192.168.0.178,53414,25565,79333,7419151,10,0,0x0018
17290,2026-08-15T10:15:21.051246000-0500,116.184287000,192.168.0.148,192.168.0.178,53414,25565,79343,7419151,10,0,0x0018
17291,2026-08-15T10:15:21.051260000-0500,116.184301000,192.168.0.148,192.168.0.178,53414,25565,79353,7419151,10,0,0x0018
17292,2026-08-15T10:15:21.051268000-0500,116.184309000,192.168.0.148,192.168.0.178,53414,25565,79363,7419151,10,0,0x0018
17293,2026-08-15T10:15:21.051275000-0500,116.184316000,192.168.0.148,192.168.0.178,53414,25565,79373,7419151,10,0,0x0018
17294,2026-08-15T10:15:21.051286000-0500,116.184327000,192.168.0.148,192.168.0.178,53414,25565,79383,7419151,10,0,0x0018
17295,2026-08-15T10:15:21.051295000-0500,116.184336000,192.168.0.148,192.168.0.178,53414,25565,79393,7419151,10,0,0x0018
17296,2026-08-15T10:15:21.051306000-0500,116.184347000,192.168.0.148,192.168.0.178,53414,25565,79403,7419151,10,0,0x0018
17297,2026-08-15T10:15:21.051314000-0500,116.184355000,192.168.0.148,192.168.0.178,53414,25565,79413,7419151,10,0,0x0018
17298,2026-08-15T10:15:21.051356000-0500,116.184397000,192.168.0.148,192.168.0.178,53414,25565,79423,7419151,10,0,0x0018
17299,2026-08-15T10:15:21.051366000-0500,116.184407000,192.168.0.148,192.168.0.178,53414,25565,79433,7419151,10,0,0x0018
17300,2026-08-15T10:15:21.051373000-0500,116.184414000,192.168.0.148,192.168.0.178,53414,25565,79443,7419151,10,0,0x0018
17301,2026-08-15T10:15:21.051379000-0500,116.184420000,192.168.0.148,192.168.0.178,53414,25565,79453,7419151,10,0,0x0018
17302,2026-08-15T10:15:21.051386000-0500,116.184427000,192.168.0.148,192.168.0.178,53414,25565,79463,7419151,10,0,0x0018
17303,2026-08-15T10:15:21.051393000-0500,116.184434000,192.168.0.148,192.168.0.178,53414,25565,79473,7419151,10,0,0x0018
17304,2026-08-15T10:15:21.051400000-0500,116.184441000,192.168.0.148,192.168.0.178,53414,25565,79483,7419151,10,0,0x0018
17305,2026-08-15T10:15:21.051407000-0500,116.184448000,192.168.0.148,192.168.0.178,53414,25565,79493,7419151,10,0,0x0018
17306,2026-08-15T10:15:21.051413000-0500,116.184454000,192.168.0.148,192.168.0.178,53414,25565,79503,7419151,10,0,0x0018
17307,2026-08-15T10:15:21.051419000-0500,116.184460000,192.168.0.148,192.168.0.178,53414,25565,79513,7419151,10,0,0x0018
17308,2026-08-15T10:15:21.051424000-0500,116.184465000,192.168.0.148,192.168.0.178,53414,25565,79523,7419151,10,0,0x0018
17309,2026-08-15T10:15:21.051430000-0500,116.184471000,192.168.0.148,192.168.0.178,53414,25565,79533,7419151,10,0,0x0018
17310,2026-08-15T10:15:21.051447000-0500,116.184488000,192.168.0.148,192.168.0.178,53414,25565,79543,7419151,10,0,0x0018
17311,2026-08-15T10:15:21.051453000-0500,116.184494000,192.168.0.148,192.168.0.178,53414,25565,79553,7419151,10,0,0x0018
17312,2026-08-15T10:15:21.051459000-0500,116.184500000,192.168.0.148,192.168.0.178,53414,25565,79563,7419151,10,0,0x0018
17313,2026-08-15T10:15:21.051464000-0500,116.184505000,192.168.0.148,192.168.0.178,53414,25565,79573,7419151,10,0,0x0018
17314,2026-08-15T10:15:21.051470000-0500,116.184511000,192.168.0.148,192.168.0.178,53414,25565,79583,7419151,10,0,0x0018
17315,2026-08-15T10:15:21.051476000-0500,116.184517000,192.168.0.148,192.168.0.178,53414,25565,79593,7419151,10,0,0x0018
17316,2026-08-15T10:15:21.051482000-0500,116.184523000,192.168.0.148,192.168.0.178,53414,25565,79603,7419151,10,0,0x0018
17317,2026-08-15T10:15:21.051487000-0500,116.184528000,192.168.0.148,192.168.0.178,53414,25565,79613,7419151,10,0,0x0018
17318,2026-08-15T10:15:21.052024000-0500,116.185065000,192.168.0.148,192.168.0.178,53414,25565,79623,7419151,3,0,0x0018
17319,2026-08-15T10:15:21.053526000-0500,116.186567000,192.168.0.178,192.168.0.148,25565,53414,7419151,79626,0,0,0x0010
17320,2026-08-15T10:15:21.085071000-0500,116.218112000,192.168.0.178,192.168.0.148,25565,53414,7419151,79626,1460,0,0x0010
17321,2026-08-15T10:15:21.085071000-0500,116.218112000,192.168.0.178,192.168.0.148,25565,53414,7420611,79626,1460,0,0x0010
17322,2026-08-15T10:15:21.085131000-0500,116.218172000,192.168.0.148,192.168.0.178,53414,25565,79626,7422071,0,0,0x0010
17323,2026-08-15T10:15:21.085221000-0500,116.218262000,192.168.0.178,192.168.0.148,25565,53414,7422071,79626,1460,0,0x0010
17324,2026-08-15T10:15:21.085221000-0500,116.218262000,192.168.0.178,192.168.0.148,25565,53414,7423531,79626,1460,0,0x0010
17325,2026-08-15T10:15:21.085230000-0500,116.218271000,192.168.0.148,192.168.0.178,53414,25565,79626,7424991,0,0,0x0010
17326,2026-08-15T10:15:21.085410000-0500,116.218451000,192.168.0.178,192.168.0.148,25565,53414,7424991,79626,1460,0,0x0010
17327,2026-08-15T10:15:21.085453000-0500,116.218494000,192.168.0.178,192.168.0.148,25565,53414,7426451,79626,1460,0,0x0010
17328,2026-08-15T10:15:21.085459000-0500,116.218500000,192.168.0.148,192.168.0.178,53414,25565,79626,7427911,0,0,0x0010
17329,2026-08-15T10:15:21.085554000-0500,116.218595000,192.168.0.178,192.168.0.148,25565,53414,7427911,79626,1460,0,0x0010
17330,2026-08-15T10:15:21.085797000-0500,116.218838000,192.168.0.178,192.168.0.148,25565,53414,7429371,79626,1460,0,0x0010
17331,2026-08-15T10:15:21.085808000-0500,116.218849000,192.168.0.148,192.168.0.178,53414,25565,79626,7430831,0,0,0x0010
17332,2026-08-15T10:15:21.085834000-0500,116.218875000,192.168.0.178,192.168.0.148,25565,53414,7430831,79626,1460,0,0x0018
17333,2026-08-15T10:15:21.086197000-0500,116.219238000,192.168.0.178,192.168.0.148,25565,53414,7432291,79626,1460,0,0x0010
17334,2026-08-15T10:15:21.086197000-0500,116.219238000,192.168.0.178,192.168.0.148,25565,53414,7433751,79626,1460,0,0x0010
17335,2026-08-15T10:15:21.086197000-0500,116.219238000,192.168.0.178,192.168.0.148,25565,53414,7435211,79626,1460,0,0x0010
17336,2026-08-15T10:15:21.086212000-0500,116.219253000,192.168.0.148,192.168.0.178,53414,25565,79626,7436671,0,0,0x0010
17337,2026-08-15T10:15:21.086359000-0500,116.219400000,192.168.0.178,192.168.0.148,25565,53414,7436671,79626,1460,0,0x0010
17338,2026-08-15T10:15:21.086451000-0500,116.219492000,192.168.0.178,192.168.0.148,25565,53414,7438131,79626,1460,0,0x0010
17339,2026-08-15T10:15:21.086457000-0500,116.219498000,192.168.0.148,192.168.0.178,53414,25565,79626,7439591,0,0,0x0010
17340,2026-08-15T10:15:21.086754000-0500,116.219795000,192.168.0.178,192.168.0.148,25565,53414,7439591,79626,1460,0,0x0010
17341,2026-08-15T10:15:21.086754000-0500,116.219795000,192.168.0.178,192.168.0.148,25565,53414,7441051,79626,1262,0,0x0018
17342,2026-08-15T10:15:21.086771000-0500,116.219812000,192.168.0.148,192.168.0.178,53414,25565,79626,7442313,0,0,0x0010
17343,2026-08-15T10:15:21.093845000-0500,116.226886000,192.168.0.148,192.168.0.178,53414,25565,79626,7442313,3,0,0x0018
17344,2026-08-15T10:15:21.127132000-0500,116.260173000,192.168.0.178,192.168.0.148,25565,53414,7442313,79629,1460,0,0x0010
17345,2026-08-15T10:15:21.127269000-0500,116.260310000,192.168.0.178,192.168.0.148,25565,53414,7443773,79629,1460,0,0x0010
17346,2026-08-15T10:15:21.127269000-0500,116.260310000,192.168.0.178,192.168.0.148,25565,53414,7445233,79629,1460,0,0x0010
17347,2026-08-15T10:15:21.127297000-0500,116.260338000,192.168.0.148,192.168.0.178,53414,25565,79629,7446693,0,0,0x0010
17348,2026-08-15T10:15:21.127431000-0500,116.260472000,192.168.0.178,192.168.0.148,25565,53414,7446693,79629,1460,0,0x0010
17349,2026-08-15T10:15:21.127443000-0500,116.260484000,192.168.0.148,192.168.0.178,53414,25565,79629,7448153,0,0,0x0010
17350,2026-08-15T10:15:21.127583000-0500,116.260624000,192.168.0.178,192.168.0.148,25565,53414,7448153,79629,1460,0,0x0010
17351,2026-08-15T10:15:21.127642000-0500,116.260683000,192.168.0.178,192.168.0.148,25565,53414,7449613,79629,1460,0,0x0010
17352,2026-08-15T10:15:21.127649000-0500,116.260690000,192.168.0.148,192.168.0.178,53414,25565,79629,7451073,0,0,0x0010
17353,2026-08-15T10:15:21.127771000-0500,116.260812000,192.168.0.178,192.168.0.148,25565,53414,7451073,79629,1460,0,0x0010
17354,2026-08-15T10:15:21.127917000-0500,116.260958000,192.168.0.178,192.168.0.148,25565,53414,7452533,79629,1460,0,0x0010
17355,2026-08-15T10:15:21.127925000-0500,116.260966000,192.168.0.148,192.168.0.178,53414,25565,79629,7453993,0,0,0x0010
17356,2026-08-15T10:15:21.128037000-0500,116.261078000,192.168.0.178,192.168.0.148,25565,53414,7453993,79629,1460,0,0x0018
17357,2026-08-15T10:15:21.128132000-0500,116.261173000,192.168.0.178,192.168.0.148,25565,53414,7455453,79629,1065,0,0x0018
17358,2026-08-15T10:15:21.128140000-0500,116.261181000,192.168.0.148,192.168.0.178,53414,25565,79629,7456518,0,0,0x0010
17359,2026-08-15T10:15:21.143792000-0500,116.276833000,192.168.0.148,192.168.0.178,53414,25565,79629,7456518,3,0,0x0018
17360,2026-08-15T10:15:21.185264000-0500,116.318305000,192.168.0.178,192.168.0.148,25565,53414,7456518,79632,1460,0,0x0010
17361,2026-08-15T10:15:21.185368000-0500,116.318409000,192.168.0.178,192.168.0.148,25565,53414,7457978,79632,1460,0,0x0010
17362,2026-08-15T10:15:21.185381000-0500,116.318422000,192.168.0.148,192.168.0.178,53414,25565,79632,7459438,0,0,0x0010
17363,2026-08-15T10:15:21.185424000-0500,116.318465000,192.168.0.178,192.168.0.148,25565,53414,7459438,79632,1460,0,0x0010
17364,2026-08-15T10:15:21.185595000-0500,116.318636000,192.168.0.178,192.168.0.148,25565,53414,7460898,79632,1460,0,0x0010
17365,2026-08-15T10:15:21.185613000-0500,116.318654000,192.168.0.148,192.168.0.178,53414,25565,79632,7462358,0,0,0x0010
17366,2026-08-15T10:15:21.185646000-0500,116.318687000,192.168.0.178,192.168.0.148,25565,53414,7462358,79632,1460,0,0x0010
17367,2026-08-15T10:15:21.185771000-0500,116.318812000,192.168.0.178,192.168.0.148,25565,53414,7463818,79632,1460,0,0x0010
17368,2026-08-15T10:15:21.185789000-0500,116.318830000,192.168.0.148,192.168.0.178,53414,25565,79632,7465278,0,0,0x0010
17369,2026-08-15T10:15:21.185996000-0500,116.319037000,192.168.0.178,192.168.0.148,25565,53414,7465278,79632,1460,0,0x0010
17370,2026-08-15T10:15:21.185996000-0500,116.319037000,192.168.0.178,192.168.0.148,25565,53414,7466738,79632,1460,0,0x0010
17371,2026-08-15T10:15:21.186018000-0500,116.319059000,192.168.0.148,192.168.0.178,53414,25565,79632,7468198,0,0,0x0010
17372,2026-08-15T10:15:21.186233000-0500,116.319274000,192.168.0.178,192.168.0.148,25565,53414,7468198,79632,1460,0,0x0018
17373,2026-08-15T10:15:21.186314000-0500,116.319355000,192.168.0.178,192.168.0.148,25565,53414,7469658,79632,1460,0,0x0010
17374,2026-08-15T10:15:21.186321000-0500,116.319362000,192.168.0.148,192.168.0.178,53414,25565,79632,7471118,0,0,0x0010
17375,2026-08-15T10:15:21.186537000-0500,116.319578000,192.168.0.178,192.168.0.148,25565,53414,7471118,79632,1460,0,0x0010
17376,2026-08-15T10:15:21.186537000-0500,116.319578000,192.168.0.178,192.168.0.148,25565,53414,7472578,79632,1460,0,0x0010
17377,2026-08-15T10:15:21.186558000-0500,116.319599000,192.168.0.148,192.168.0.178,53414,25565,79632,7474038,0,0,0x0010
17378,2026-08-15T10:15:21.186776000-0500,116.319817000,192.168.0.178,192.168.0.148,25565,53414,7474038,79632,1460,0,0x0010
17379,2026-08-15T10:15:21.186776000-0500,116.319817000,192.168.0.178,192.168.0.148,25565,53414,7475498,79632,1413,0,0x0018
17380,2026-08-15T10:15:21.186795000-0500,116.319836000,192.168.0.148,192.168.0.178,53414,25565,79632,7476911,0,0,0x0010
17381,2026-08-15T10:15:21.193511000-0500,116.326552000,192.168.0.148,192.168.0.178,53414,25565,79632,7476911,3,0,0x0018
17382,2026-08-15T10:15:21.228420000-0500,116.361461000,192.168.0.178,192.168.0.148,25565,53414,7476911,79635,1460,0,0x0010
17383,2026-08-15T10:15:21.228420000-0500,116.361461000,192.168.0.178,192.168.0.148,25565,53414,7478371,79635,1460,0,0x0010
17384,2026-08-15T10:15:21.228473000-0500,116.361514000,192.168.0.148,192.168.0.178,53414,25565,79635,7479831,0,0,0x0010
17385,2026-08-15T10:15:21.228575000-0500,116.361616000,192.168.0.178,192.168.0.148,25565,53414,7479831,79635,1460,0,0x0010
17386,2026-08-15T10:15:21.228780000-0500,116.361821000,192.168.0.178,192.168.0.148,25565,53414,7481291,79635,1460,0,0x0010
17387,2026-08-15T10:15:21.228780000-0500,116.361821000,192.168.0.178,192.168.0.148,25565,53414,7482751,79635,1460,0,0x0010
17388,2026-08-15T10:15:21.228802000-0500,116.361843000,192.168.0.148,192.168.0.178,53414,25565,79635,7484211,0,0,0x0010
17389,2026-08-15T10:15:21.228990000-0500,116.362031000,192.168.0.178,192.168.0.148,25565,53414,7484211,79635,1460,0,0x0010
17390,2026-08-15T10:15:21.229011000-0500,116.362052000,192.168.0.148,192.168.0.178,53414,25565,79635,7485671,0,0,0x0010
17391,2026-08-15T10:15:21.229044000-0500,116.362085000,192.168.0.178,192.168.0.148,25565,53414,7485671,79635,1460,0,0x0010
17392,2026-08-15T10:15:21.229227000-0500,116.362268000,192.168.0.178,192.168.0.148,25565,53414,7487131,79635,1460,0,0x0010
17393,2026-08-15T10:15:21.229246000-0500,116.362287000,192.168.0.148,192.168.0.178,53414,25565,79635,7488591,0,0,0x0010
17394,2026-08-15T10:15:21.229289000-0500,116.362330000,192.168.0.178,192.168.0.148,25565,53414,7488591,79635,1460,0,0x0018
17395,2026-08-15T10:15:21.229482000-0500,116.362523000,192.168.0.178,192.168.0.148,25565,53414,7490051,79635,796,0,0x0018
17396,2026-08-15T10:15:21.229502000-0500,116.362543000,192.168.0.148,192.168.0.178,53414,25565,79635,7490847,0,0,0x0010
17397,2026-08-15T10:15:21.229637000-0500,116.362678000,192.168.0.148,192.168.0.178,53414,25565,79635,7490847,11,0,0x0018
17398,2026-08-15T10:15:21.243638000-0500,116.376679000,192.168.0.148,192.168.0.178,53414,25565,79646,7490847,3,0,0x0018
17399,2026-08-15T10:15:21.244355000-0500,116.377396000,192.168.0.178,192.168.0.148,25565,53414,7490847,79649,0,0,0x0010
17400,2026-08-15T10:15:21.284580000-0500,116.417621000,192.168.0.178,192.168.0.148,25565,53414,7490847,79649,1460,0,0x0010
17401,2026-08-15T10:15:21.284580000-0500,116.417621000,192.168.0.178,192.168.0.148,25565,53414,7492307,79649,1460,0,0x0010
17402,2026-08-15T10:15:21.284631000-0500,116.417672000,192.168.0.148,192.168.0.178,53414,25565,79649,7493767,0,0,0x0010
17403,2026-08-15T10:15:21.284671000-0500,116.417712000,192.168.0.178,192.168.0.148,25565,53414,7493767,79649,1460,0,0x0010
17404,2026-08-15T10:15:21.284804000-0500,116.417845000,192.168.0.178,192.168.0.148,25565,53414,7495227,79649,1460,0,0x0010
17405,2026-08-15T10:15:21.284823000-0500,116.417864000,192.168.0.148,192.168.0.178,53414,25565,79649,7496687,0,0,0x0010
17406,2026-08-15T10:15:21.284886000-0500,116.417927000,192.168.0.178,192.168.0.148,25565,53414,7496687,79649,1460,0,0x0010
17407,2026-08-15T10:15:21.285101000-0500,116.418142000,192.168.0.178,192.168.0.148,25565,53414,7498147,79649,1460,0,0x0010
17408,2026-08-15T10:15:21.285119000-0500,116.418160000,192.168.0.148,192.168.0.178,53414,25565,79649,7499607,0,0,0x0010
17409,2026-08-15T10:15:21.285152000-0500,116.418193000,192.168.0.178,192.168.0.148,25565,53414,7499607,79649,1460,0,0x0010
17410,2026-08-15T10:15:21.285382000-0500,116.418423000,192.168.0.178,192.168.0.148,25565,53414,7501067,79649,1460,0,0x0010
17411,2026-08-15T10:15:21.285382000-0500,116.418423000,192.168.0.178,192.168.0.148,25565,53414,7502527,79649,1460,0,0x0018
17412,2026-08-15T10:15:21.285402000-0500,116.418443000,192.168.0.148,192.168.0.178,53414,25565,79649,7503987,0,0,0x0010
17413,2026-08-15T10:15:21.285835000-0500,116.418876000,192.168.0.178,192.168.0.148,25565,53414,7503987,79649,1460,0,0x0010
17414,2026-08-15T10:15:21.285835000-0500,116.418876000,192.168.0.178,192.168.0.148,25565,53414,7505447,79649,1460,0,0x0010
17415,2026-08-15T10:15:21.285855000-0500,116.418896000,192.168.0.148,192.168.0.178,53414,25565,79649,7506907,0,0,0x0010
17416,2026-08-15T10:15:21.286078000-0500,116.419119000,192.168.0.178,192.168.0.148,25565,53414,7506907,79649,1460,0,0x0010
17417,2026-08-15T10:15:21.286078000-0500,116.419119000,192.168.0.178,192.168.0.148,25565,53414,7508367,79649,1460,0,0x0010
17418,2026-08-15T10:15:21.286098000-0500,116.419139000,192.168.0.148,192.168.0.178,53414,25565,79649,7509827,0,0,0x0010
17419,2026-08-15T10:15:21.286143000-0500,116.419184000,192.168.0.178,192.168.0.148,25565,53414,7509827,79649,441,0,0x0018
17420,2026-08-15T10:15:21.286150000-0500,116.419191000,192.168.0.148,192.168.0.178,53414,25565,79649,7510268,0,0,0x0010
17421,2026-08-15T10:15:21.293807000-0500,116.426848000,192.168.0.148,192.168.0.178,53414,25565,79649,7510268,3,0,0x0018
17422,2026-08-15T10:15:21.328863000-0500,116.461904000,192.168.0.178,192.168.0.148,25565,53414,7510268,79652,1460,0,0x0010
17423,2026-08-15T10:15:21.328863000-0500,116.461904000,192.168.0.178,192.168.0.148,25565,53414,7511728,79652,1460,0,0x0010
17424,2026-08-15T10:15:21.328925000-0500,116.461966000,192.168.0.148,192.168.0.178,53414,25565,79652,7513188,0,0,0x0010
17425,2026-08-15T10:15:21.328976000-0500,116.462017000,192.168.0.178,192.168.0.148,25565,53414,7513188,79652,1460,0,0x0010
17426,2026-08-15T10:15:21.329199000-0500,116.462240000,192.168.0.178,192.168.0.148,25565,53414,7514648,79652,1460,0,0x0010
17427,2026-08-15T10:15:21.329199000-0500,116.462240000,192.168.0.178,192.168.0.148,25565,53414,7516108,79652,1460,0,0x0010
17428,2026-08-15T10:15:21.329226000-0500,116.462267000,192.168.0.148,192.168.0.178,53414,25565,79652,7517568,0,0,0x0010
17429,2026-08-15T10:15:21.329406000-0500,116.462447000,192.168.0.178,192.168.0.148,25565,53414,7517568,79652,1460,0,0x0010
17430,2026-08-15T10:15:21.329426000-0500,116.462467000,192.168.0.148,192.168.0.178,53414,25565,79652,7519028,0,0,0x0010
17431,2026-08-15T10:15:21.329463000-0500,116.462504000,192.168.0.178,192.168.0.148,25565,53414,7519028,79652,1460,0,0x0010
17432,2026-08-15T10:15:21.329603000-0500,116.462644000,192.168.0.178,192.168.0.148,25565,53414,7520488,79652,1460,0,0x0010
17433,2026-08-15T10:15:21.329622000-0500,116.462663000,192.168.0.148,192.168.0.178,53414,25565,79652,7521948,0,0,0x0010
17434,2026-08-15T10:15:21.329690000-0500,116.462731000,192.168.0.178,192.168.0.148,25565,53414,7521948,79652,1460,0,0x0018
17435,2026-08-15T10:15:21.329936000-0500,116.462977000,192.168.0.178,192.168.0.148,25565,53414,7523408,79652,1460,0,0x0010
17436,2026-08-15T10:15:21.329936000-0500,116.462977000,192.168.0.178,192.168.0.148,25565,53414,7524868,79652,1460,0,0x0010
17437,2026-08-15T10:15:21.329958000-0500,116.462999000,192.168.0.148,192.168.0.178,53414,25565,79652,7526328,0,0,0x0010
17438,2026-08-15T10:15:21.329999000-0500,116.463040000,192.168.0.178,192.168.0.148,25565,53414,7526328,79652,667,0,0x0018
17439,2026-08-15T10:15:21.330005000-0500,116.463046000,192.168.0.148,192.168.0.178,53414,25565,79652,7526995,0,0,0x0010
17440,2026-08-15T10:15:21.344356000-0500,116.477397000,192.168.0.148,192.168.0.178,53414,25565,79652,7526995,3,0,0x0018
17441,2026-08-15T10:15:21.380372000-0500,116.513413000,192.168.0.178,192.168.0.148,25565,53414,7526995,79655,1460,0,0x0010
17442,2026-08-15T10:15:21.380372000-0500,116.513413000,192.168.0.178,192.168.0.148,25565,53414,7528455,79655,1460,0,0x0010
17443,2026-08-15T10:15:21.380432000-0500,116.513473000,192.168.0.148,192.168.0.178,53414,25565,79655,7529915,0,0,0x0010
17444,2026-08-15T10:15:21.380475000-0500,116.513516000,192.168.0.178,192.168.0.148,25565,53414,7529915,79655,1460,0,0x0010
17445,2026-08-15T10:15:21.380699000-0500,116.513740000,192.168.0.178,192.168.0.148,25565,53414,7531375,79655,1460,0,0x0010
17446,2026-08-15T10:15:21.380699000-0500,116.513740000,192.168.0.178,192.168.0.148,25565,53414,7532835,79655,1460,0,0x0010
17447,2026-08-15T10:15:21.380725000-0500,116.513766000,192.168.0.148,192.168.0.178,53414,25565,79655,7534295,0,0,0x0010
17448,2026-08-15T10:15:21.380945000-0500,116.513986000,192.168.0.178,192.168.0.148,25565,53414,7534295,79655,1460,0,0x0010
17449,2026-08-15T10:15:21.380945000-0500,116.513986000,192.168.0.178,192.168.0.148,25565,53414,7535755,79655,1460,0,0x0010
17450,2026-08-15T10:15:21.380974000-0500,116.514015000,192.168.0.148,192.168.0.178,53414,25565,79655,7537215,0,0,0x0010
17451,2026-08-15T10:15:21.381184000-0500,116.514225000,192.168.0.178,192.168.0.148,25565,53414,7537215,79655,1460,0,0x0010
17452,2026-08-15T10:15:21.381208000-0500,116.514249000,192.168.0.148,192.168.0.178,53414,25565,79655,7538675,0,0,0x0010
17453,2026-08-15T10:15:21.381259000-0500,116.514300000,192.168.0.178,192.168.0.148,25565,53414,7538675,79655,1460,0,0x0018
17454,2026-08-15T10:15:21.381464000-0500,116.514505000,192.168.0.178,192.168.0.148,25565,53414,7540135,79655,1460,0,0x0010
17455,2026-08-15T10:15:21.381464000-0500,116.514505000,192.168.0.178,192.168.0.148,25565,53414,7541595,79655,1460,0,0x0010
17456,2026-08-15T10:15:21.381491000-0500,116.514532000,192.168.0.148,192.168.0.178,53414,25565,79655,7543055,0,0,0x0010
17457,2026-08-15T10:15:21.381705000-0500,116.514746000,192.168.0.178,192.168.0.148,25565,53414,7543055,79655,1460,0,0x0010
17458,2026-08-15T10:15:21.381705000-0500,116.514746000,192.168.0.178,192.168.0.148,25565,53414,7544515,79655,1327,0,0x0018
17459,2026-08-15T10:15:21.381735000-0500,116.514776000,192.168.0.148,192.168.0.178,53414,25565,79655,7545842,0,0,0x0010
17460,2026-08-15T10:15:21.393407000-0500,116.526448000,192.168.0.148,192.168.0.178,53414,25565,79655,7545842,3,0,0x0018
17461,2026-08-15T10:15:21.427859000-0500,116.560900000,192.168.0.178,192.168.0.148,25565,53414,7545842,79658,1460,0,0x0010
17462,2026-08-15T10:15:21.427859000-0500,116.560900000,192.168.0.178,192.168.0.148,25565,53414,7547302,79658,1460,0,0x0010
17463,2026-08-15T10:15:21.427923000-0500,116.560964000,192.168.0.148,192.168.0.178,53414,25565,79658,7548762,0,0,0x0010
17464,2026-08-15T10:15:21.427986000-0500,116.561027000,192.168.0.178,192.168.0.148,25565,53414,7548762,79658,1460,0,0x0010
17465,2026-08-15T10:15:21.428208000-0500,116.561249000,192.168.0.178,192.168.0.148,25565,53414,7550222,79658,1460,0,0x0010
17466,2026-08-15T10:15:21.428208000-0500,116.561249000,192.168.0.178,192.168.0.148,25565,53414,7551682,79658,1460,0,0x0010
17467,2026-08-15T10:15:21.428232000-0500,116.561273000,192.168.0.148,192.168.0.178,53414,25565,79658,7553142,0,0,0x0010
17468,2026-08-15T10:15:21.428441000-0500,116.561482000,192.168.0.178,192.168.0.148,25565,53414,7553142,79658,1460,0,0x0010
17469,2026-08-15T10:15:21.428464000-0500,116.561505000,192.168.0.148,192.168.0.178,53414,25565,79658,7554602,0,0,0x0010
17470,2026-08-15T10:15:21.428510000-0500,116.561551000,192.168.0.178,192.168.0.148,25565,53414,7554602,79658,1460,0,0x0010
17471,2026-08-15T10:15:21.428671000-0500,116.561712000,192.168.0.178,192.168.0.148,25565,53414,7556062,79658,1460,0,0x0010
17472,2026-08-15T10:15:21.428689000-0500,116.561730000,192.168.0.148,192.168.0.178,53414,25565,79658,7557522,0,0,0x0010
17473,2026-08-15T10:15:21.428722000-0500,116.561763000,192.168.0.178,192.168.0.148,25565,53414,7557522,79658,1460,0,0x0018
17474,2026-08-15T10:15:21.428865000-0500,116.561906000,192.168.0.178,192.168.0.148,25565,53414,7558982,79658,1460,0,0x0010
17475,2026-08-15T10:15:21.428865000-0500,116.561906000,192.168.0.178,192.168.0.148,25565,53414,7560442,79658,21,0,0x0018
17476,2026-08-15T10:15:21.428884000-0500,116.561925000,192.168.0.148,192.168.0.178,53414,25565,79658,7560463,0,0,0x0010
17477,2026-08-15T10:15:21.443641000-0500,116.576682000,192.168.0.148,192.168.0.178,53414,25565,79658,7560463,3,0,0x0018
17478,2026-08-15T10:15:21.478175000-0500,116.611216000,192.168.0.178,192.168.0.148,25565,53414,7560463,79661,1460,0,0x0010
17479,2026-08-15T10:15:21.478175000-0500,116.611216000,192.168.0.178,192.168.0.148,25565,53414,7561923,79661,1460,0,0x0010
17480,2026-08-15T10:15:21.478249000-0500,116.611290000,192.168.0.148,192.168.0.178,53414,25565,79661,7563383,0,0,0x0010
17481,2026-08-15T10:15:21.478295000-0500,116.611336000,192.168.0.178,192.168.0.148,25565,53414,7563383,79661,1460,0,0x0010
17482,2026-08-15T10:15:21.478510000-0500,116.611551000,192.168.0.178,192.168.0.148,25565,53414,7564843,79661,1460,0,0x0010
17483,2026-08-15T10:15:21.478510000-0500,116.611551000,192.168.0.178,192.168.0.148,25565,53414,7566303,79661,1460,0,0x0010
17484,2026-08-15T10:15:21.478544000-0500,116.611585000,192.168.0.148,192.168.0.178,53414,25565,79661,7567763,0,0,0x0010
17485,2026-08-15T10:15:21.478758000-0500,116.611799000,192.168.0.178,192.168.0.148,25565,53414,7567763,79661,1460,0,0x0010
17486,2026-08-15T10:15:21.478758000-0500,116.611799000,192.168.0.178,192.168.0.148,25565,53414,7569223,79661,1460,0,0x0010
17487,2026-08-15T10:15:21.478797000-0500,116.611838000,192.168.0.148,192.168.0.178,53414,25565,79661,7570683,0,0,0x0010
17488,2026-08-15T10:15:21.479003000-0500,116.612044000,192.168.0.178,192.168.0.148,25565,53414,7570683,79661,1460,0,0x0010
17489,2026-08-15T10:15:21.479003000-0500,116.612044000,192.168.0.178,192.168.0.148,25565,53414,7572143,79661,1460,0,0x0018
17490,2026-08-15T10:15:21.479029000-0500,116.612070000,192.168.0.148,192.168.0.178,53414,25565,79661,7573603,0,0,0x0010
17491,2026-08-15T10:15:21.479205000-0500,116.612246000,192.168.0.178,192.168.0.148,25565,53414,7573603,79661,1460,0,0x0010
17492,2026-08-15T10:15:21.479234000-0500,116.612275000,192.168.0.148,192.168.0.178,53414,25565,79661,7575063,0,0,0x0010
17493,2026-08-15T10:15:21.479272000-0500,116.612313000,192.168.0.178,192.168.0.148,25565,53414,7575063,79661,1460,0,0x0010
17494,2026-08-15T10:15:21.479522000-0500,116.612563000,192.168.0.178,192.168.0.148,25565,53414,7576523,79661,1460,0,0x0010
17495,2026-08-15T10:15:21.479522000-0500,116.612563000,192.168.0.178,192.168.0.148,25565,53414,7577983,79661,201,0,0x0018
17496,2026-08-15T10:15:21.479549000-0500,116.612590000,192.168.0.148,192.168.0.178,53414,25565,79661,7578184,0,0,0x0010
17497,2026-08-15T10:15:21.493808000-0500,116.626849000,192.168.0.148,192.168.0.178,53414,25565,79661,7578184,3,0,0x0018
17498,2026-08-15T10:15:21.527934000-0500,116.660975000,192.168.0.178,192.168.0.148,25565,53414,7578184,79664,1460,0,0x0010
17499,2026-08-15T10:15:21.527934000-0500,116.660975000,192.168.0.178,192.168.0.148,25565,53414,7579644,79664,1460,0,0x0010
17500,2026-08-15T10:15:21.527994000-0500,116.661035000,192.168.0.148,192.168.0.178,53414,25565,79664,7581104,0,0,0x0010
17501,2026-08-15T10:15:21.528053000-0500,116.661094000,192.168.0.178,192.168.0.148,25565,53414,7581104,79664,1460,0,0x0010
17502,2026-08-15T10:15:21.528288000-0500,116.661329000,192.168.0.178,192.168.0.148,25565,53414,7582564,79664,1460,0,0x0010
17503,2026-08-15T10:15:21.528288000-0500,116.661329000,192.168.0.178,192.168.0.148,25565,53414,7584024,79664,1460,0,0x0010
17504,2026-08-15T10:15:21.528316000-0500,116.661357000,192.168.0.148,192.168.0.178,53414,25565,79664,7585484,0,0,0x0010
17505,2026-08-15T10:15:21.528452000-0500,116.661493000,192.168.0.178,192.168.0.148,25565,53414,7585484,79664,1460,0,0x0010
17506,2026-08-15T10:15:21.528461000-0500,116.661502000,192.168.0.148,192.168.0.178,53414,25565,79664,7586944,0,0,0x0010
17507,2026-08-15T10:15:21.528681000-0500,116.661722000,192.168.0.178,192.168.0.148,25565,53414,7586944,79664,1460,0,0x0010
17508,2026-08-15T10:15:21.528681000-0500,116.661722000,192.168.0.178,192.168.0.148,25565,53414,7588404,79664,1460,0,0x0010
17509,2026-08-15T10:15:21.528704000-0500,116.661745000,192.168.0.148,192.168.0.178,53414,25565,79664,7589864,0,0,0x0010
17510,2026-08-15T10:15:21.528906000-0500,116.661947000,192.168.0.178,192.168.0.148,25565,53414,7589864,79664,1460,0,0x0018
17511,2026-08-15T10:15:21.528906000-0500,116.661947000,192.168.0.178,192.168.0.148,25565,53414,7591324,79664,1460,0,0x0010
17512,2026-08-15T10:15:21.528929000-0500,116.661970000,192.168.0.148,192.168.0.178,53414,25565,79664,7592784,0,0,0x0010
17513,2026-08-15T10:15:21.529122000-0500,116.662163000,192.168.0.178,192.168.0.148,25565,53414,7592784,79664,1460,0,0x0010
17514,2026-08-15T10:15:21.529154000-0500,116.662195000,192.168.0.178,192.168.0.148,25565,53414,7594244,79664,1441,0,0x0018
17515,2026-08-15T10:15:21.529162000-0500,116.662203000,192.168.0.148,192.168.0.178,53414,25565,79664,7595685,0,0,0x0010
17516,2026-08-15T10:15:21.544159000-0500,116.677200000,192.168.0.148,192.168.0.178,53414,25565,79664,7595685,3,0,0x0018
17517,2026-08-15T10:15:21.579592000-0500,116.712633000,192.168.0.178,192.168.0.148,25565,53414,7595685,79667,1460,0,0x0010
17518,2026-08-15T10:15:21.579592000-0500,116.712633000,192.168.0.178,192.168.0.148,25565,53414,7597145,79667,1460,0,0x0010
17519,2026-08-15T10:15:21.579649000-0500,116.712690000,192.168.0.148,192.168.0.178,53414,25565,79667,7598605,0,0,0x0010
17520,2026-08-15T10:15:21.579701000-0500,116.712742000,192.168.0.178,192.168.0.148,25565,53414,7598605,79667,1460,0,0x0010
17521,2026-08-15T10:15:21.579928000-0500,116.712969000,192.168.0.178,192.168.0.148,25565,53414,7600065,79667,1460,0,0x0010
17522,2026-08-15T10:15:21.579928000-0500,116.712969000,192.168.0.178,192.168.0.148,25565,53414,7601525,79667,1460,0,0x0010
17523,2026-08-15T10:15:21.579959000-0500,116.713000000,192.168.0.148,192.168.0.178,53414,25565,79667,7602985,0,0,0x0010
17524,2026-08-15T10:15:21.580102000-0500,116.713143000,192.168.0.178,192.168.0.148,25565,53414,7602985,79667,1460,0,0x0010
17525,2026-08-15T10:15:21.580112000-0500,116.713153000,192.168.0.148,192.168.0.178,53414,25565,79667,7604445,0,0,0x0010
17526,2026-08-15T10:15:21.580187000-0500,116.713228000,192.168.0.178,192.168.0.148,25565,53414,7604445,79667,1460,0,0x0010
17527,2026-08-15T10:15:21.580419000-0500,116.713460000,192.168.0.178,192.168.0.148,25565,53414,7605905,79667,1460,0,0x0010
17528,2026-08-15T10:15:21.580419000-0500,116.713460000,192.168.0.178,192.168.0.148,25565,53414,7607365,79667,1460,0,0x0018
17529,2026-08-15T10:15:21.580446000-0500,116.713487000,192.168.0.148,192.168.0.178,53414,25565,79667,7608825,0,0,0x0010
17530,2026-08-15T10:15:21.580667000-0500,116.713708000,192.168.0.178,192.168.0.148,25565,53414,7608825,79667,1460,0,0x0010
17531,2026-08-15T10:15:21.580667000-0500,116.713708000,192.168.0.178,192.168.0.148,25565,53414,7610285,79667,1460,0,0x0010
17532,2026-08-15T10:15:21.580694000-0500,116.713735000,192.168.0.148,192.168.0.178,53414,25565,79667,7611745,0,0,0x0010
17533,2026-08-15T10:15:21.580734000-0500,116.713775000,192.168.0.178,192.168.0.148,25565,53414,7611745,79667,397,0,0x0018
17534,2026-08-15T10:15:21.580741000-0500,116.713782000,192.168.0.148,192.168.0.178,53414,25565,79667,7612142,0,0,0x0010
17535,2026-08-15T10:15:21.595382000-0500,116.728423000,192.168.0.148,192.168.0.178,53414,25565,79667,7612142,3,0,0x0018
17536,2026-08-15T10:15:21.630989000-0500,116.764030000,192.168.0.178,192.168.0.148,25565,53414,7612142,79670,1460,0,0x0010
17537,2026-08-15T10:15:21.630989000-0500,116.764030000,192.168.0.178,192.168.0.148,25565,53414,7613602,79670,1460,0,0x0010
17538,2026-08-15T10:15:21.631048000-0500,116.764089000,192.168.0.148,192.168.0.178,53414,25565,79670,7615062,0,0,0x0010
17539,2026-08-15T10:15:21.631097000-0500,116.764138000,192.168.0.178,192.168.0.148,25565,53414,7615062,79670,1460,0,0x0010
17540,2026-08-15T10:15:21.631319000-0500,116.764360000,192.168.0.178,192.168.0.148,25565,53414,7616522,79670,1460,0,0x0010
17541,2026-08-15T10:15:21.631319000-0500,116.764360000,192.168.0.178,192.168.0.148,25565,53414,7617982,79670,1460,0,0x0010
17542,2026-08-15T10:15:21.631355000-0500,116.764396000,192.168.0.148,192.168.0.178,53414,25565,79670,7619442,0,0,0x0010
17543,2026-08-15T10:15:21.631526000-0500,116.764567000,192.168.0.178,192.168.0.148,25565,53414,7619442,79670,1460,0,0x0010
17544,2026-08-15T10:15:21.631554000-0500,116.764595000,192.168.0.148,192.168.0.178,53414,25565,79670,7620902,0,0,0x0010
17545,2026-08-15T10:15:21.631597000-0500,116.764638000,192.168.0.178,192.168.0.148,25565,53414,7620902,79670,1460,0,0x0010
17546,2026-08-15T10:15:21.631854000-0500,116.764895000,192.168.0.178,192.168.0.148,25565,53414,7622362,79670,1460,0,0x0010
17547,2026-08-15T10:15:21.631854000-0500,116.764895000,192.168.0.178,192.168.0.148,25565,53414,7623822,79670,454,0,0x0018
17548,2026-08-15T10:15:21.631889000-0500,116.764930000,192.168.0.148,192.168.0.178,53414,25565,79670,7624276,0,0,0x0010
17549,2026-08-15T10:15:21.643798000-0500,116.776839000,192.168.0.148,192.168.0.178,53414,25565,79670,7624276,3,0,0x0018
17550,2026-08-15T10:15:21.687988000-0500,116.821029000,192.168.0.178,192.168.0.148,25565,53414,7624276,79673,0,0,0x0010
17551,2026-08-15T10:15:21.693285000-0500,116.826326000,192.168.0.178,192.168.0.148,25565,53414,7624276,79673,1460,0,0x0010
17552,2026-08-15T10:15:21.693285000-0500,116.826326000,192.168.0.178,192.168.0.148,25565,53414,7625736,79673,1460,0,0x0010
17553,2026-08-15T10:15:21.693347000-0500,116.826388000,192.168.0.148,192.168.0.178,53414,25565,79673,7627196,0,0,0x0010
17554,2026-08-15T10:15:21.693404000-0500,116.826445000,192.168.0.178,192.168.0.148,25565,53414,7627196,79673,1460,0,0x0010
17555,2026-08-15T10:15:21.693632000-0500,116.826673000,192.168.0.178,192.168.0.148,25565,53414,7628656,79673,1460,0,0x0010
17556,2026-08-15T10:15:21.693632000-0500,116.826673000,192.168.0.178,192.168.0.148,25565,53414,7630116,79673,1460,0,0x0010
17557,2026-08-15T10:15:21.693664000-0500,116.826705000,192.168.0.148,192.168.0.178,53414,25565,79673,7631576,0,0,0x0010
17558,2026-08-15T10:15:21.693878000-0500,116.826919000,192.168.0.178,192.168.0.148,25565,53414,7631576,79673,1460,0,0x0010
17559,2026-08-15T10:15:21.693878000-0500,116.826919000,192.168.0.178,192.168.0.148,25565,53414,7633036,79673,1460,0,0x0010
17560,2026-08-15T10:15:21.693915000-0500,116.826956000,192.168.0.148,192.168.0.178,53414,25565,79673,7634496,0,0,0x0010
17561,2026-08-15T10:15:21.694122000-0500,116.827163000,192.168.0.148,192.168.0.178,53414,25565,79673,7634496,3,0,0x0018
17562,2026-08-15T10:15:21.694130000-0500,116.827171000,192.168.0.178,192.168.0.148,25565,53414,7634496,79673,1460,0,0x0010
17563,2026-08-15T10:15:21.694130000-0500,116.827171000,192.168.0.178,192.168.0.148,25565,53414,7635956,79673,1460,0,0x0018
17564,2026-08-15T10:15:21.694167000-0500,116.827208000,192.168.0.148,192.168.0.178,53414,25565,79676,7637416,0,0,0x0010
17565,2026-08-15T10:15:21.694366000-0500,116.827407000,192.168.0.178,192.168.0.148,25565,53414,7637416,79673,1460,0,0x0010
17566,2026-08-15T10:15:21.694366000-0500,116.827407000,192.168.0.178,192.168.0.148,25565,53414,7638876,79673,1460,0,0x0010
17567,2026-08-15T10:15:21.694399000-0500,116.827440000,192.168.0.148,192.168.0.178,53414,25565,79676,7640336,0,0,0x0010
17568,2026-08-15T10:15:21.694623000-0500,116.827664000,192.168.0.178,192.168.0.148,25565,53414,7640336,79673,1460,0,0x0010
17569,2026-08-15T10:15:21.694623000-0500,116.827664000,192.168.0.178,192.168.0.148,25565,53414,7641796,79673,1460,0,0x0010
17570,2026-08-15T10:15:21.694657000-0500,116.827698000,192.168.0.148,192.168.0.178,53414,25565,79676,7643256,0,0,0x0010
17571,2026-08-15T10:15:21.694859000-0500,116.827900000,192.168.0.178,192.168.0.148,25565,53414,7643256,79673,1460,0,0x0010
17572,2026-08-15T10:15:21.694859000-0500,116.827900000,192.168.0.178,192.168.0.148,25565,53414,7644716,79673,1460,0,0x0010
17573,2026-08-15T10:15:21.694896000-0500,116.827937000,192.168.0.148,192.168.0.178,53414,25565,79676,7646176,0,0,0x0010
17574,2026-08-15T10:15:21.695151000-0500,116.828192000,192.168.0.178,192.168.0.148,25565,53414,7646176,79673,1434,0,0x0018
17575,2026-08-15T10:15:21.697231000-0500,116.830272000,192.168.0.178,192.168.0.148,25565,53414,7647610,79676,0,0,0x0010
17576,2026-08-15T10:15:21.741680000-0500,116.874721000,192.168.0.178,192.168.0.148,25565,53414,7647610,79676,1460,0,0x0010
17577,2026-08-15T10:15:21.741680000-0500,116.874721000,192.168.0.178,192.168.0.148,25565,53414,7649070,79676,109,0,0x0018
17578,2026-08-15T10:15:21.741748000-0500,116.874789000,192.168.0.148,192.168.0.178,53414,25565,79676,7649179,0,0,0x0010
17579,2026-08-15T10:15:21.743294000-0500,116.876335000,192.168.0.148,192.168.0.178,53414,25565,79676,7649179,3,0,0x0018
17580,2026-08-15T10:15:21.743943000-0500,116.876984000,192.168.0.178,192.168.0.148,25565,53414,7649179,79679,0,0,0x0010
17581,2026-08-15T10:15:21.790375000-0500,116.923416000,192.168.0.178,192.168.0.148,25565,53414,7649179,79679,627,0,0x0018
17582,2026-08-15T10:15:21.793837000-0500,116.926878000,192.168.0.148,192.168.0.178,53414,25565,79679,7649806,3,0,0x0018
17583,2026-08-15T10:15:21.794512000-0500,116.927553000,192.168.0.178,192.168.0.148,25565,53414,7649806,79682,0,0,0x0010
17584,2026-08-15T10:15:21.833814000-0500,116.966855000,192.168.0.178,192.168.0.148,25565,53414,7649806,79682,1039,0,0x0018
17585,2026-08-15T10:15:21.845527000-0500,116.978568000,192.168.0.148,192.168.0.178,53414,25565,79682,7650845,3,0,0x0018
17586,2026-08-15T10:15:21.846207000-0500,116.979248000,192.168.0.178,192.168.0.148,25565,53414,7650845,79685,0,0,0x0010
17587,2026-08-15T10:15:21.878727000-0500,117.011768000,192.168.0.178,192.168.0.148,25565,53414,7650845,79685,1433,0,0x0018
17588,2026-08-15T10:15:21.893399000-0500,117.026440000,192.168.0.148,192.168.0.178,53414,25565,79685,7652278,3,0,0x0018
17589,2026-08-15T10:15:21.929261000-0500,117.062302000,192.168.0.178,192.168.0.148,25565,53414,7652278,79688,809,0,0x0018
17590,2026-08-15T10:15:21.943263000-0500,117.076304000,192.168.0.148,192.168.0.178,53414,25565,79688,7653087,28,0,0x0018
17591,2026-08-15T10:15:21.944513000-0500,117.077554000,192.168.0.148,192.168.0.178,53414,25565,79716,7653087,3,0,0x0018
17592,2026-08-15T10:15:21.945252000-0500,117.078293000,192.168.0.178,192.168.0.148,25565,53414,7653087,79719,0,0,0x0010
17593,2026-08-15T10:15:21.977748000-0500,117.110789000,192.168.0.178,192.168.0.148,25565,53414,7653087,79719,108,0,0x0018
17594,2026-08-15T10:15:21.995653000-0500,117.128694000,192.168.0.148,192.168.0.178,53414,25565,79719,7653195,3,0,0x0018
17595,2026-08-15T10:15:22.029227000-0500,117.162268000,192.168.0.178,192.168.0.148,25565,53414,7653195,79722,671,0,0x0018
17596,2026-08-15T10:15:22.044507000-0500,117.177548000,192.168.0.148,192.168.0.178,53414,25565,79722,7653866,3,0,0x0018
17597,2026-08-15T10:15:22.082578000-0500,117.215619000,192.168.0.178,192.168.0.148,25565,53414,7653866,79725,392,0,0x0018
17598,2026-08-15T10:15:22.095059000-0500,117.228100000,192.168.0.148,192.168.0.178,53414,25565,79725,7654258,3,0,0x0018
17599,2026-08-15T10:15:22.132580000-0500,117.265621000,192.168.0.178,192.168.0.148,25565,53414,7654258,79728,1158,0,0x0018
